/*--------------------------------*- C++ -*----------------------------------*\
| =========                 |                                                 |
| \\      /  F ield         | OpenFOAM: The Open Source CFD Toolbox           |
|  \\    /   O peration     | Version:  2506                                  |
|   \\  /    A nd           | Website:  www.openfoam.com                      |
|    \\/     M anipulation  |                                                 |
\*---------------------------------------------------------------------------*/
FoamFile
{
    version     2.0;
    format      ascii;
    arch        "LSB;label=32;scalar=64";
    class       volScalarField;
    location    "5000";
    object      p;
}
// * * * * * * * * * * * * * * * * * * * * * * * * * * * * * * * * * * * * * //

dimensions      [0 2 -2 0 0 0 0];

internalField   nonuniform List<scalar> 
4096
(
3.502379596611206
3.505243033177356
3.51158977850371
3.519379741994153
3.526428136329332
3.531754621161265
3.535153526178085
3.537003039889226
3.53799133245581
3.538892453681011
3.540349387640616
3.542711626851146
3.545655396780847
3.548463598283518
3.549905497965946
3.546475171187794
3.495024358956897
3.345917642902881
3.116584433295904
2.826160224414014
2.497977544707485
2.161480978931784
1.849017783006449
1.589092097980551
1.400500222576818
1.290164329309091
1.25452579034481
1.282761920186974
1.360356667493243
1.472405145034449
1.606245766227013
1.752951186178288
1.907444782702864
2.067459802904718
2.231902578027555
2.399277771508861
2.566687352814296
2.729569076715733
2.8819441326978
3.016799914098521
3.12648547800879
3.203245956316473
3.239851560312352
3.230142288807849
3.169528627095883
3.055669704254625
2.889308354541376
2.674881965768924
2.420536264943952
2.137474903194006
1.838823816866186
1.53824843715544
1.248541016764527
0.9803884861066599
0.741520425188872
0.5363681563626788
0.366238485998925
0.2298766287020154
0.1242253233269967
0.04520302654347374
-0.01160420248343346
-0.05036843115257555
-0.07456047187505768
-0.0866103817154444
3.500279318402218
3.503418223861338
3.5092285927091
3.51646369420153
3.52324156659104
3.528787279865677
3.53288438400055
3.535778663641967
3.537965489581147
3.540019970141409
3.542416890902547
3.5454463196095
3.548772030293242
3.55240083304681
3.553991484263751
3.558570514134365
3.512129395933846
3.347715036249753
3.093180083383694
2.776623402501514
2.431821945098402
2.095725244949294
1.801248160728469
1.571315664630281
1.4167032294595
1.33715522740082
1.32424759733964
1.364497829674229
1.442547177475449
1.544293244476927
1.659234660778776
1.781416191783225
1.908976026614773
2.042721078811814
2.184260653637308
2.334201818677143
2.490868627259315
2.649881317629682
2.804576764453728
2.946773743795438
3.067334445313826
3.156603897897955
3.205112433699954
3.204425931455512
3.148265990299244
3.033843287865589
2.862859162933483
2.641658764802478
2.380536968135084
2.092526907586013
1.79196175862834
1.492978838194117
1.208123684491707
0.9472575906824973
0.716953422941085
0.5204482466498773
0.3580706466219519
0.2279560241237206
0.1268411828264577
0.05077908468490544
-0.004298737399373132
-0.04216101546992599
-0.06594432015323701
-0.07787868958435054
3.492983505104879
3.498476924439217
3.50560550786725
3.51368320082795
3.520984964696134
3.527003036938945
3.531645832217603
3.535190945181954
3.538101875899952
3.54090555039738
3.544039754755964
3.547851068939751
3.551941621119971
3.557245721822035
3.557177005502241
3.572688199489597
3.540352229070846
3.349760606181447
3.045265091877373
2.677506776942962
2.304180305862157
1.975050909133655
1.720128814023633
1.549199818457274
1.457922967592249
1.433965988486824
1.460982628643432
1.520995766083366
1.597412918097107
1.678080751139194
1.756815522689199
1.8331180826623
1.910735238281658
1.995728420896796
2.094389354872239
2.211178046282149
2.346955571234929
2.498033605203849
2.65656730834955
2.812049292976827
2.952563054235522
3.065009070805891
3.135628437163586
3.151467582964589
3.103055798878149
2.98709007174714
2.807421814500163
2.574073859189211
2.301256002092561
2.005256311980617
1.702500118094946
1.407826747168256
1.133128996517167
0.8865779578559559
0.6725426325252224
0.4921015078835866
0.3438962600182179
0.2250614489738685
0.1320361492859466
0.06115595022496991
0.009005312172980468
-0.02741474696479741
-0.05058415411311396
-0.06230433828155076
3.480077535927685
3.490555590290937
3.50101932812602
3.511329775340502
3.519870320103808
3.526527651032906
3.531497582649372
3.535253416184771
3.53837838876482
3.541491866129505
3.545127380069173
3.549815873353715
3.555122370013202
3.563293990953309
3.560454555467074
3.590001230070266
3.582785116351952
3.350477421394642
2.963900939729727
2.5209911572438
2.117666237439118
1.814413087761323
1.628326418769118
1.546456697361477
1.543892467367722
1.594371547675863
1.672057888107195
1.753321761219371
1.82105140754334
1.867229050830185
1.892364957386337
1.903293872778926
1.910747941731476
1.927149191766871
1.964550068177179
2.032549747715028
2.136106886677019
2.273584384872462
2.43613272967803
2.609578500554853
2.777598577658884
2.922385173374711
3.02368235238465
3.061625028370355
3.022602369706577
2.903581574842357
2.712078210415244
2.463281385343493
2.176618534887888
1.872663932171969
1.570456413335449
1.285364740659212
1.027849293430268
0.803331601899978
0.6130012441090004
0.4551072935750957
0.3262733730921384
0.2225572236422315
0.1401734781621515
0.07590415552079197
0.02723821665884649
-0.007714265488793972
-0.03042318832137164
-0.04203704894012948
3.460415698779451
3.480320829321336
3.496571956868489
3.510333416956362
3.52045815126274
3.527602311992677
3.532481879149229
3.535908548453858
3.538684277322869
3.541608327204261
3.545417937860524
3.550982202145021
3.558077822445098
3.57088842038908
3.565326068471497
3.62284676565581
3.65326339286363
3.341933090040148
2.833183224794414
2.307450283519757
1.895099623822871
1.64962994667777
1.563447358946734
1.595751051477737
1.699430466253726
1.834912116888787
1.964557616711966
2.059192454638281
2.104567526808794
2.100321310101563
2.05559821826074
1.985187720176423
1.906840121700422
1.839208602812727
1.800026104598838
1.804345342582905
1.862514545776003
1.977410393655194
2.141378325440792
2.335846933910102
2.536798098450983
2.720086704247328
2.856316925038886
2.917372790303451
2.886810503048036
2.763766887762932
2.560285604943481
2.297048441359753
1.999244701617483
1.692318075914854
1.397929624922643
1.131175392433782
0.8998164981299606
0.7053699024114898
0.5451885414740856
0.4145784622473888
0.3083840441466203
0.2219259189692276
0.1514523330693363
0.09431638061873192
0.04898814047977401
0.01487718446170465
-0.008088951530934073
-0.02001689380224531
3.431935359345514
3.468450417944931
3.493324649854053
3.51164536775889
3.523421718009154
3.530609098687726
3.534745122472869
3.537112961334211
3.538792486616749
3.540804486139657
3.544173420630855
3.550285646542826
3.559737454761174
3.579295350048359
3.575284808768794
3.701366228551845
3.757741767969124
3.288932655766736
2.639196181475155
2.072807267132854
1.702975639154273
1.547021084042048
1.575688759241258
1.731883539906428
1.949842228982725
2.170919988604439
2.340080461185031
2.428237868468243
2.431458963483203
2.360391105423442
2.232909642627663
2.070690690063922
1.897277438063526
1.736377743294945
1.610262565981491
1.538461198479367
1.536641917869907
1.614603519154755
1.771332711561953
1.987530739658401
2.225650691075282
2.44777703711855
2.613063953832117
2.689412736166239
2.6639163005861
2.53938463525476
2.330317366723885
2.061148641156233
1.762548903665974
1.464826050263693
1.191408014117818
0.9554717839311214
0.7604926653587772
0.6032825106767919
0.4774774909549609
0.3761617627503374
0.2932896206866176
0.2241751314994488
0.1655018173719584
0.1152343475420942
0.07261624206195101
0.03818125438536008
0.01350386443052612
0.000319746263869236
3.379566690318255
3.46402444548668
3.501343837051381
3.521773573248482
3.532420912212723
3.537408215415128
3.53912009627815
3.539113705926622
3.538555260423441
3.538542161976802
3.540326486489917
3.545884915411504
3.557454503941297
3.58429818777534
3.597378456017528
3.842204469169368
3.814833002510998
3.119956799426672
2.417952856408361
1.929809413495915
1.668961722084948
1.606333977053737
1.721932199683347
1.982648311711291
2.319168542122346
2.610042507239243
2.786140853896993
2.837048160817875
2.776511847487459
2.625510194066782
2.408254389797542
2.151112280530557
1.881342780778738
1.625673391480358
1.409053466700315
1.25371634580692
1.178783952609117
1.200374924181745
1.329632166066813
1.560604730423749
1.844119779902395
2.093140912830171
2.261168363359078
2.332329603255937
2.308781275278919
2.193128855365724
1.995590336227673
1.740809150609904
1.463493914972133
1.197184414775373
0.9645968561916136
0.7746488837996003
0.6254933978477374
0.5097420440190311
0.4187791200240941
0.3451376228427762
0.2832604094974749
0.2293642357177229
0.1810047809984102
0.136740072102854
0.09615059033199111
0.06024086229939584
0.03183273418082455
0.01539694611299681
3.180883286296525
3.419706501354976
3.497683880486881
3.529673271176071
3.542140719663491
3.545404733599707
3.544282537691628
3.541147590736722
3.537357265340137
3.533962988421987
3.53215706244938
3.533926598962988
3.54244182325344
3.565341115687457
3.602734737748528
3.885773309274739
3.56745869057572
2.843197647143313
2.356288767532159
2.086891426632359
1.967161272631357
1.955108760459448
2.067805325278731
2.368951015894168
2.828224195634498
3.134490258759609
3.265705017291019
3.248275271193759
3.107908523330234
2.870502109900153
2.564155909383627
2.217881611413902
1.859869541600219
1.516793303297519
1.213832415531748
0.9744480164404679
0.8196133865050077
0.7677629920831689
0.8377434277554471
1.051093875940699
1.394919893050229
1.635086911313631
1.748777543275747
1.785169736545025
1.764807708989621
1.678019102559395
1.523561728337745
1.321905841054087
1.106213709763382
0.9069336268665203
0.7411946308391288
0.6120520921316981
0.5138892332645447
0.4382415974424308
0.3773892460553936
0.3256658383155994
0.2794190829892173
0.2364753391846607
0.1955515926674398
0.1557957951459856
0.1167358835503882
0.07908610791728185
0.04589260723107903
0.02220873180161004
3.924426061111876
3.70023352460878
3.628358049455933
3.594956594849666
3.576548196925309
3.564053877727742
3.553910840203326
3.544643104770352
3.535743868301923
3.527107963789989
3.518873080555147
3.511358960157095
3.505379623382507
3.500359233903533
3.5394846905165
3.361678636333914
2.988227012745702
2.905939943855958
2.848269396377805
2.794659941744325
2.762248441172574
2.733681831424723
2.714908180622463
2.963754038299081
3.445594503749332
3.668004410616856
3.717934836474321
3.617763179212203
3.391034711641069
3.068437169051728
2.682579229960418
2.263193874393946
1.835591420932696
1.422160357236308
1.045055157148603
0.7278396286801039
0.4946003181340538
0.3667617876643567
0.3603292037523746
0.4930463569780998
0.8406275331549911
1.022534201247499
1.006798355969125
0.9873926064713798
0.9686697080320378
0.933526827498995
0.8724763389748655
0.7922996578483064
0.7064366071997259
0.6261308367235426
0.5563247099771943
0.4971663647834858
0.4465121752547128
0.4015947808107277
0.360098885557158
0.3204754543017979
0.2818343330804447
0.2437200626556264
0.2058954410760336
0.1680862515579919
0.1298165012850179
0.09119630761711375
0.05643221781170894
0.02098596400434047
3.738592160792788
3.664677361308432
3.631238498411336
3.607325933664589
3.589233905843908
3.573800025405088
3.559813892247376
3.546441332155164
3.53310930976335
3.519224871690843
3.50399326055938
3.485949984823692
3.462864590365265
3.425637537066434
3.383166371861984
3.209761451660016
3.116184597247427
3.106111553004897
3.096963430717865
3.084220759912964
3.072341378069841
3.075917143038808
2.998146262723012
3.266911986244175
3.85061664251414
4.085885334007131
4.082828927726941
3.901382687738217
3.589327267890724
3.191728529925058
2.746538037392819
2.280941593491582
1.812860895195968
1.355986165995163
0.9256948351836075
0.5436285444597477
0.2388437032705995
0.04479506073366993
-0.003236697846642655
0.1422715292018778
0.5752728113267487
0.7793665162362519
0.717103512288868
0.7154874036031814
0.6998181738744119
0.6799051463576656
0.6529618052860776
0.6194270604213558
0.582911999288536
0.5459360552687512
0.5088244793999191
0.4714775012510253
0.4339980194313214
0.3964164579885954
0.3587773918345731
0.321105607256873
0.2834197837766012
0.2457314046848712
0.2080431076289475
0.1703312249950802
0.1325420049240428
0.09453172349574314
0.05727320912384586
0.01942813079814559
3.708351285781738
3.677184614871549
3.652194861791436
3.626358563172038
3.60412077265025
3.584172901386807
3.565935049809418
3.548599664489179
3.531388175560774
3.513412154528718
3.493584931320826
3.470281686372983
3.441613562205112
3.401368652914942
3.353823460680195
3.252336954793918
3.154715450712957
3.087885659775868
3.038375401243763
3.004314795175516
2.98362017795315
2.997297485434172
2.917522702479153
3.261143881328116
4.024074272465476
4.327854636432406
4.299183190406255
4.04790704730098
3.664397137722766
3.215786691701429
2.743599514211759
2.268068110285416
1.796387273388592
1.331192293867412
0.878327913687284
0.4543656071156718
0.09306688743242528
-0.1521541540779542
-0.2111037728806277
0.001012301205482356
0.5839443447185498
0.8520562153518138
0.7912810883515753
0.8024639765342788
0.7871435696635358
0.761658665098811
0.7240136040913795
0.6750445184684394
0.6228369354320148
0.5730474969508929
0.5263879320880662
0.4822555930801952
0.4402361807908342
0.3997390228933091
0.3602957700837245
0.3215340579920568
0.2831998243930267
0.2451287700999447
0.2072171259790956
0.1693914837192314
0.1316230943037467
0.09387976223694525
0.05659963953192408
0.01927729509526725
3.718042676103083
3.691403178052962
3.667430534903706
3.639659211048504
3.614717363682975
3.591696065793216
3.57042461784402
3.550202138783669
3.530171277798051
3.509276159762065
3.486269232226742
3.45948318893151
3.427114218459344
3.384826398176017
3.333745212599961
3.253876493738056
3.167439671325286
3.09636260971236
3.047831110579005
3.015270062797141
2.995545731707042
3.010956212084283
2.91848150746298
3.231914242561226
4.058998658749686
4.383588705585118
4.317805969831637
4.008745472399078
3.584942533520096
3.12680334042463
2.670646645693872
2.225833051239205
1.789310328889874
1.354589286171797
0.9183103803879143
0.4884472449027084
0.09647212512505624
-0.1899664661922418
-0.2673845149038847
-0.02498314311397745
0.6113350507087913
0.8502824029331117
0.778836481887113
0.7911495910390502
0.7760565229928231
0.7509318210907912
0.7135620236658814
0.6610112424177345
0.6069510174276206
0.559618466497934
0.5169466772457565
0.4761669893077554
0.4365968159539366
0.3976968350438885
0.3592404911544018
0.3210597824008665
0.2830557294209499
0.2451670206800771
0.2073547600763676
0.1695891524175607
0.1318660214925428
0.09416178565536562
0.0566922608425342
0.01926522066983996
3.767574486137514
3.722060635169403
3.689697719523879
3.655701447168201
3.626490675306788
3.599845163123687
3.575506281214562
3.552726956890339
3.530521720503875
3.507718896548815
3.483059706935817
3.455083571526462
3.42245301732403
3.382417244806629
3.334556129227891
3.263830561553478
3.169320357914097
3.079890947793321
3.026923730417278
2.992059519782164
2.973514564492619
2.991993643049633
2.904042276357242
3.207316906164151
4.013390887258659
4.259401209024013
4.108794651179384
3.758393930427165
3.345164030928951
2.932203556475594
2.537595052335375
2.160106569050483
1.791670289495221
1.422431609520782
1.0440400234762
0.6549082266843
0.2718254411094356
-0.04874108671345643
-0.1907550811361448
5.415830588706742e-05
0.6294111156961057
0.8612379539089265
0.7932540816094246
0.8092651520988524
0.7959252956076625
0.7697181572131194
0.7290570506407344
0.6622024017442649
0.5970283876188032
0.5489383946344087
0.5095300281582904
0.4713192004556754
0.4335113388987647
0.3957158032109581
0.3579620689979592
0.320226523098681
0.2825031873059548
0.2447921154277363
0.2070949240086812
0.1694073754317615
0.1317418718083894
0.09408478668194191
0.05666156553661778
0.01926948457239558
3.859402812186223
3.752436832073531
3.695450709177627
3.653255764638391
3.622352091115529
3.595674581233188
3.571908743786124
3.550102165628518
3.529070182037464
3.507431856232599
3.483843644790202
3.457086319117967
3.426589028612837
3.391219185053093
3.350711228498778
3.282396771048767
3.159524918885056
3.034950007286155
2.983641256936977
2.950666513053553
2.93778572029268
2.961937919759824
2.892383473375113
3.209097815071082
3.889454874676489
3.926462358691615
3.660619165421408
3.319300671082866
2.983205100888942
2.666273781874819
2.366735173220899
2.080224373711687
1.800477450415905
1.519812029557656
1.230655011386581
0.9269027396468396
0.6063897770262751
0.2844435550925977
0.03710006341356976
0.05898861308857257
0.6099292705951187
0.8674879971010672
0.8137355005200226
0.8360923794740136
0.8277953597407282
0.8034041389420378
0.7631437354837481
0.6696324377845451
0.5835613073338535
0.5351395592385004
0.5028161641707615
0.468935110956281
0.4333630768234258
0.3964862677551013
0.3590244139130769
0.3212890823623825
0.2834385839671451
0.2455608077609631
0.2077004020268497
0.169865690315581
0.1320709172429336
0.09430016666658612
0.0570034159351407
0.01953450673026643
4.202781583727791
3.895747365881719
3.790729897638401
3.731262178087704
3.683210311107693
3.640344714229209
3.602942600250772
3.569788717357002
3.539317861208587
3.510244262592586
3.481607413613564
3.452673584778556
3.4238489580163
3.398738821866195
3.391497644562055
3.364104475780903
3.220787245935955
2.981277430538371
2.924821239938515
2.891484088050557
2.885568363437696
2.91781155094996
2.896010771325458
3.286952948943719
3.599448598418354
3.322445438201369
3.021446354406961
2.787614636745579
2.582079697155379
2.382509974249681
2.187143964276142
1.997325372064639
1.81132522041274
1.625217385717346
1.435136715532658
1.238173100035421
1.028144971368898
0.7845427740793043
0.4832411208484974
0.2254459072050206
0.5056951539685067
0.8571404180409498
0.8436585136405202
0.8752427808351316
0.8729264641571277
0.8478270717350257
0.7983089028064994
0.6092157210839237
0.5046758450263882
0.4801987746436868
0.4713950646219232
0.4458179514580262
0.4147649583981606
0.3816978804497267
0.3475729322335978
0.3125825780623981
0.2769043998374334
0.2407084095927998
0.2041307970365048
0.1672536825328185
0.1301138296422751
0.09264870384568286
0.05592674870129058
0.01851881790509229
4.676212696535725
3.705900346791567
3.457904743712323
3.490950733484614
3.524470365692224
3.527601878101456
3.524001221084693
3.522978748517798
3.523181833128191
3.521100111293232
3.51308938362951
3.495942421076459
3.474583253687193
3.4818450781309
3.566725086487498
3.561748643739254
2.949210366589619
2.740691350370483
2.785091963929792
2.790005576052544
2.802709510310871
2.840663968676899
2.886150993459599
3.275541104351788
2.890218749234776
2.498056091167727
2.385999530798801
2.326108191898348
2.24039281467045
2.136910951243388
2.029753233619694
1.923978978368195
1.819770459192606
1.715796746447067
1.610710079810982
1.505183723705118
1.404584830201195
1.308114762563404
1.149677261964634
0.763491552856977
0.4895659081454224
0.8608591656066046
0.9036002634824005
0.9408400148695826
0.9533331961237083
0.9587007301044175
0.9806818130179946
0.8381972513772783
0.4067497095659061
0.415483966603156
0.4878194681231595
0.4876351435224769
0.4527730288521531
0.4114365159337121
0.3704772948873054
0.3300764273795734
0.2900318144892946
0.2504057454741789
0.2112379820511598
0.1723354567677023
0.1332260305593247
0.09402597322746056
0.05892421909694327
0.0226406612427457
3.28486969975706
2.957052910449816
2.827495632548812
2.910099937604647
3.044433120230524
3.160774574069123
3.258302086805996
3.344530822460033
3.41823983626898
3.472637417592215
3.499860248252541
3.495188300957299
3.461624504000216
3.397095495857505
3.220703056024181
2.719207145188869
2.228389985286759
2.583891405690032
2.638025425932446
2.674052231202761
2.685512728316478
2.688227963178095
2.719226655273105
2.526681862112128
1.957630949282944
1.97827988738441
2.078955322496494
2.080921692078838
2.036093300347233
1.982306631733155
1.928537907580419
1.874964044362793
1.821366278488164
1.767844255487614
1.714006713764416
1.6588833616799
1.606976310727974
1.586520425837543
1.645178615340907
1.643038378318336
1.171885323510014
1.005934982573446
1.035044544303896
1.040072406993217
1.050198540257562
1.082545602423236
1.112416828137001
1.438884118265362
1.182326457981784
0.875223583031554
0.7762117386899268
0.7208919590447553
0.6510112582325402
0.5725719912622909
0.4961922710855149
0.4258057969665421
0.3618582601920697
0.3037640493043082
0.2506194046181913
0.2013599257701923
0.1550811439304997
0.1120276100555982
0.07475480311909094
0.04802615372625513
2.387917296321124
2.376076670778894
2.397594535537164
2.504546877480383
2.667474246883018
2.838490306849473
2.99263714331343
3.120854874149749
3.215981134293395
3.268217619165694
3.26668570151407
3.201286695141968
3.058657531203178
2.80908714435517
2.418411875979512
2.006867521079462
2.210283107875134
2.575352649061139
2.562366244531547
2.592382070896913
2.585255080788325
2.549624455797701
2.486320872835161
2.244294740271916
2.106008981953635
2.077094889730078
2.066932016503008
2.034271074123605
1.994435297506636
1.952215783578237
1.908936099122014
1.864916183683865
1.820490201294909
1.776017571562311
1.731815577378935
1.68811574554596
1.645815798521301
1.608541566194967
1.589719757098072
1.555531910136062
1.421130636376566
1.20970329876786
1.155369659636778
1.12551372254581
1.118845791025545
1.146475894531392
1.118678068593621
1.461031606827916
1.794085073098349
1.596885817143461
1.351901196518698
1.155906755175698
0.9899905218439905
0.8399686769790382
0.7049143568580002
0.5863081504007429
0.4839134352078367
0.3960311648188598
0.3204211185191149
0.2549703795523709
0.1983086268912937
0.1505420702144153
0.1138877297023945
0.09280823029381595
1.892874254779538
1.971877050217522
2.082617502138693
2.223190650288016
2.393552606570485
2.574211992559488
2.739962490982415
2.870624488123653
2.950316444177333
2.964187020329838
2.897507990244067
2.736574101290403
2.47224171395011
2.118198433572712
1.769270569001221
1.689268398568535
2.281152691037963
2.58127234132144
2.519094553759751
2.541511958896074
2.527999707577143
2.493858810294526
2.440676803057086
2.318786119605029
2.205163720294472
2.143586105116409
2.102767669792952
2.059671794589891
2.014108696082407
1.966671595106095
1.918343083122295
1.86955415715083
1.820544924267528
1.771470120885625
1.722446021980727
1.673612893868932
1.625465613491246
1.578238054860212
1.532294297461562
1.469694151596777
1.362087354902328
1.251554103453204
1.203748629940206
1.173708777344189
1.161320097900796
1.183401208170088
1.115266533709353
1.414218028730505
2.069227081813494
2.138202129079637
1.931432739055468
1.657561364123269
1.395557402687668
1.162617360600717
0.9599545931423962
0.7863758694180345
0.6397663908008312
0.517129573362993
0.4151241202078385
0.3307774550471657
0.2621193775952279
0.2086091877290443
0.1711413765199866
0.1512295213100521
1.658568201552183
1.745252631374911
1.878286941091887
2.032987198316024
2.199226182495856
2.364958987974474
2.510739944148296
2.614516292668124
2.655577474302988
2.615431436465784
2.478833679149767
2.239015042672337
1.912646435219783
1.569640279006375
1.366323929830678
1.533460929251377
2.279731930861124
2.571537345023943
2.488824053027741
2.50616033831358
2.487245341974763
2.451582261341771
2.397969830484714
2.31069988926432
2.225208635095185
2.163329504870405
2.112742115193721
2.063690776533011
2.015086914945205
1.966446248888063
1.917815652516382
1.869162495134193
1.820475701646682
1.771734831281107
1.722887188094865
1.673814221626595
1.624445264796575
1.574246166276355
1.522481387750419
1.460500885201435
1.374392993644057
1.288775415257049
1.238694276259448
1.206299143517943
1.189245614970151
1.207427480146383
1.123253646112311
1.420515287118413
2.192180023737273
2.442780723025547
2.347226600420555
2.086191507046088
1.780476392178016
1.487270043171566
1.226506197030636
1.002428589976492
0.8136954981699264
0.6570283713148011
0.5286472086230483
0.4251005457378444
0.3437994580381837
0.2832029574424311
0.2425787870608608
0.2214485052820084
1.587967731049276
1.65978826837177
1.778512679905102
1.920278700079915
2.066623703472873
2.202514268311609
2.310866564100251
2.37185442118293
2.365590765293765
2.275364074033962
2.092080642376021
1.823127845943934
1.508292182211579
1.238828699247357
1.162565564721891
1.45296860918568
2.251487690541563
2.557926804331602
2.468064824928025
2.482403112473701
2.461784276284391
2.42797011388986
2.378634539309469
2.309834605023879
2.23904923508155
2.177734588277314
2.122607670261639
2.070022690387874
2.019008734542284
1.968841573417492
1.919201618269736
1.869850082260063
1.820627479164216
1.771400308281324
1.722009630644328
1.672207082699971
1.621742378637218
1.570047738313749
1.516802617961706
1.456163892544439
1.375935967636818
1.297967478234483
1.250263643187617
1.218957610898094
1.201084542279688
1.217420480260307
1.129778972377547
1.428186808624465
2.219468771384017
2.556056418110724
2.561524872853263
2.364015000870864
2.073567378780468
1.763128768334424
1.470711570683492
1.211794937191096
0.9903660288298568
0.8053981009991513
0.6540135201005922
0.5329754476027425
0.4393807060759269
0.3708833929069468
0.3256380865399444
0.3022336351235215
1.619826492026962
1.672587540577186
1.762994390307392
1.873598818567445
1.985489537630486
2.081427492215822
2.144995794504532
2.159768537590458
2.110865903563574
1.988738322806151
1.794905366396753
1.549712095792298
1.300535086437847
1.125911705012624
1.132052797270154
1.446873783156722
2.214892112584184
2.560181948578794
2.481649336987397
2.495612086867278
2.474992920265302
2.44099017418612
2.391392266605305
2.327293926086899
2.259114698477955
2.194525876132988
2.134188181162001
2.077263295428781
2.02312586081083
1.97095402303951
1.92008429596048
1.869978115722959
1.820232002146198
1.770514362859234
1.720472510033642
1.669649570592006
1.617744342539653
1.564762148375379
1.512799597476536
1.454862856392799
1.367847734120446
1.284017814535896
1.241911101645222
1.214067963722017
1.198239501681446
1.213561488413248
1.130897279627367
1.407966907165131
2.153155131571453
2.517878139118992
2.596545070926524
2.476887249035716
2.240859925033402
1.954986130778124
1.664169559385881
1.39361017987141
1.154841755631356
0.9515295276580478
0.7834012678958231
0.6484838366103133
0.5442524525693665
0.4681803139205633
0.4180263551756072
0.3920894625909994
1.713416309613922
1.747627259886172
1.806681657492299
1.878665724756558
1.948198049607068
1.999526420498725
2.018313800381043
1.99259220898886
1.914548289967767
1.783919282802302
1.612464563237735
1.427776889906895
1.273592202301318
1.204570977028559
1.279752819616647
1.569586793972136
2.191960785432943
2.473452895619296
2.391203218170107
2.388750899269943
2.36774916471109
2.341107456893436
2.305354240547136
2.261083291994234
2.212971539442752
2.164470459346608
2.115896647053783
2.06710912101568
2.018214409637087
1.96924748863945
1.920271121211406
1.871342533359144
1.822548300822357
1.774021100554033
1.725916091075493
1.678266605248612
1.631207551023276
1.586536863271597
1.554893462437045
1.519698545690309
1.40364113544682
1.263535477103856
1.221798397767061
1.196518711453239
1.183729369362543
1.19791543475583
1.126558970518135
1.360228984460446
2.005903383065319
2.363699201602125
2.492661320109569
2.447695514422795
2.283150353734198
2.049920365755515
1.789679182479323
1.531728940534479
1.293781475791946
1.084891402920045
0.9085742584041369
0.7651820828902185
0.6534450533988908
0.5714216198316693
0.5171236273595775
0.4889765012962143
1.839976112507433
1.857474987134196
1.886929857840336
1.920465923772652
1.947230512312394
1.955543581280166
1.935289760003755
1.880049092369161
1.789278910634552
1.670808911134394
1.543001284557844
1.43500939391699
1.383540102001696
1.425987933627012
1.592885020191845
1.911662685366009
2.471500888891709
2.763632451645116
2.757075188768492
2.73181588383505
2.705224260636698
2.657897264184186
2.57757035860734
2.472934561250693
2.361404329374794
2.257659092768345
2.167975903268074
2.092374111870711
2.027896230777065
1.970794315582412
1.917921212978804
1.867136092188601
1.817172796313871
1.767239000074345
1.71603559447985
1.660004019138525
1.59482960948152
1.531058677939008
1.51253098132642
1.487053211204063
1.258402245174995
1.144462578624759
1.156945955808479
1.156551900948029
1.155731329869691
1.171929523497598
1.116920803938466
1.295400830602234
1.808667832430877
2.135813240720011
2.296036258111065
2.314616083341281
2.222571328528423
2.054324962268669
1.843258341544038
1.617421635102368
1.397376746708502
1.196343329914184
1.021666486761591
0.8765927593833462
0.761810761188349
0.6766248727234871
0.6198141754604919
0.5902446720533369
1.978610535713197
1.981871998040873
1.98577786343926
1.985597703318231
1.974900494409065
1.947064333973836
1.897390057543696
1.825340312934475
1.736522930452623
1.644083857959641
1.568935727714139
1.538166495269483
1.58171944618664
1.729211500641429
2.010121665872579
2.453092978243189
3.034450653543655
3.430955353118138
3.617592194354338
3.677602630542335
3.653721922362612
3.541701539787716
3.342834545986157
3.084448645527182
2.809732053246715
2.558131564624567
2.351516235633151
2.193246804932068
2.075322051357646
1.98602260691253
1.914570818156248
1.852751642672313
1.794661980591992
1.735485967259514
1.669612662092355
1.588813767345257
1.482394851105117
1.336927739818211
1.121013884222515
0.8005930026667131
0.7619698791745088
1.050000144581318
1.082316835417238
1.111239559594229
1.123853468262054
1.142303152233226
1.104582996903168
1.227335751186415
1.60071844433696
1.880811437983163
2.053365385853133
2.11906679794411
2.090094988582112
1.986454742827471
1.831932147922461
1.650023482092453
1.460819971135336
1.279480014862284
1.116156281149098
0.9768049046279669
0.8643146281084942
0.7796086606215277
0.7225667358353416
0.6927199712352735
2.114119154853339
2.106058520803342
2.089705598490966
2.062993727755706
2.023481906548771
1.969481676501331
1.901631832083729
1.824585075170895
1.748299344808916
1.688447960338225
1.665630632211369
1.703452773620666
1.826090172992868
2.055775766127963
2.407432136675271
2.870591684039494
3.37433089046614
3.796292727891417
4.075996936292426
4.202058974514032
4.189580435759264
4.051610104009942
3.806937234553566
3.490052223153307
3.146870584814492
2.820922024129432
2.541116688899063
2.318017011045368
2.147907938959687
2.019676427431286
1.920425434000353
1.83844210463011
1.763865449979794
1.687892838930101
1.601320982588072
1.493142854739798
1.349676495619949
1.156155378413274
0.9156822723098414
0.7223238862176726
0.8391682066758925
1.048132106937922
1.061944084499191
1.089441647703513
1.10195632982218
1.117135167337119
1.092947532504664
1.168090189117685
1.41593647466808
1.639363488388008
1.805555216078771
1.898797696953431
1.917279319737708
1.869292552263545
1.76952530305444
1.635508680038873
1.484531240863023
1.331466718641285
1.187717259631412
1.061119662265524
0.9564663277724464
0.8762922054298499
0.8216773444219078
0.7929216062429726
2.23554584130848
2.21932817174378
2.188576913112307
2.143513906840001
2.085084400361116
2.015761947804741
1.940539983824274
1.867866616149953
1.810139497601009
1.783416891103736
1.806231601575932
1.897650658665959
2.074603727287121
2.347529086191361
2.712273321334517
3.139418337537406
3.574758123176895
3.964660409158828
4.254873200938967
4.407148182889424
4.411812949861077
4.280241424889033
4.037282555231193
3.718313102490181
3.364810124215636
3.016356789293219
2.702600911193422
2.439132841810709
2.228377436623075
2.063672462658042
1.933856959000141
1.826613890487789
1.730093688862413
1.633207667469144
1.525394642356897
1.396978019220245
1.242246001965191
1.069924855503938
0.9241501599794407
0.8901130467871177
1.001285663186541
1.063382856700092
1.06199638885963
1.077910073883918
1.085952540400784
1.096252253888681
1.08177959091315
1.122326452072623
1.272317948858851
1.437366549876783
1.58195839702821
1.683441659834817
1.731401093334095
1.725450103707398
1.67251082653996
1.584006562285675
1.473212949282397
1.353062647067121
1.234658812205289
1.126571088119742
1.034788372626081
0.9630927289999648
0.9136134317138166
0.8873763482858597
2.335000763554934
2.31380222974363
2.274509027882347
2.219197698733227
2.151441220435307
2.076778433581221
2.003162874547213
1.941217463632339
1.904073435337737
1.906614573294085
1.964057602105046
2.089820985148008
2.292440647073948
2.571239439552818
2.911767366927188
3.285266795353054
3.656415025721777
3.991027384467067
4.249557983840765
4.396307155870677
4.413254979538445
4.304180834579946
4.089594783331486
3.799987362325666
3.470005831056087
3.132988221592637
2.815973535970396
2.536362979239192
2.301174645286712
2.108689434826682
1.951337480372371
1.818569640912812
1.699012378043054
1.58193505148656
1.458693218958205
1.325339830954647
1.187756085567822
1.06841356148265
1.004992247914407
1.019930737453655
1.062430753675349
1.061300632578182
1.060026680211112
1.067833601742221
1.072463107671902
1.078710737082633
1.070772987359931
1.089397246833443
1.171525357652008
1.283788737067676
1.397967726732622
1.492232205942607
1.552830631231249
1.574016112581073
1.556820993795026
1.507249773704507
1.434275361884328
1.34794418193924
1.257853793897804
1.172166936463335
1.097176846606217
1.037309393037301
0.9953861089784917
0.9729777229030322
2.406649345188203
2.383418215795214
2.340952043885586
2.282657808626017
2.213875940363307
2.142018179551849
2.076562596911428
2.028794776694599
2.011187237749954
2.036333726708595
2.115379744912868
2.25590247674186
2.459319476279704
2.71846722612424
3.016989698859311
3.332147348036597
3.639326730117209
3.91302744100109
4.125508666093964
4.250690666665044
4.272115497410546
4.188425118131839
4.012532466797111
3.766860166532795
3.47808941907308
3.172777754251202
2.873868548935566
2.598137601656615
2.354921625574319
2.146336512809449
1.968727922622741
1.814773470068655
1.675730826039694
1.543697699503713
1.414130139835011
1.288832941565266
1.178468094524663
1.100755414875977
1.068514468319566
1.069761668516411
1.064380186298085
1.052861254434746
1.054142494679061
1.057587071492136
1.060182441776694
1.063636050504581
1.059821676289544
1.066205508902506
1.105452102232988
1.174923031567621
1.256699852754414
1.33409990930458
1.39414045717191
1.428918553278041
1.435767844600784
1.416509920903426
1.376191543175418
1.32165786057941
1.260246952768398
1.198798266398228
1.143050014878938
1.097391534430139
1.064868699520993
1.047322031006862
2.44589723492738
2.42317127995654
2.382082851552446
2.326796046084977
2.263545512094214
2.200488775274486
2.147361485082782
2.114878122930051
2.113839322020849
2.153927832237635
2.242209059299458
2.381455318709067
2.568671973710847
2.794562330661275
3.044642465299105
3.301637513428703
3.547311306382483
3.76269783698456
3.928654761384983
4.027775852547034
4.048018274821331
3.986204507547111
3.848917471276799
3.650485067889864
3.409617571795572
3.146138274276415
2.878317451663118
2.620843035945802
2.383508972343309
2.170803788997917
1.982476246498781
1.814941147632776
1.663265793806194
1.523479940562468
1.394883232338835
1.281571094938999
1.191521923945677
1.131390378580742
1.098303402085206
1.077060753652828
1.052450102874593
1.042963587394364
1.045586881854728
1.046985405917943
1.048489649889025
1.050235971093013
1.048890191544424
1.049206819139566
1.063231251060964
1.100876932672353
1.153184012385092
1.209739539773259
1.260687028995699
1.298509955786931
1.318981473173145
1.321227262045226
1.307149032846612
1.28053575649473
1.246137052883401
1.208872477810141
1.173253840714488
1.143026244491401
1.120990618071203
1.108952136846605
2.448832768012261
2.428649630363544
2.39253348276344
2.344846448170496
2.291917795477866
2.241689186484524
2.203152992867858
2.185572454438245
2.197497067774144
2.245621060084236
2.333596504865001
2.461030621663404
2.623034261268108
2.810668729499763
3.012233140705845
3.214700402327582
3.404560304621836
3.568263740894575
3.692955901187454
3.76748014617526
3.783825265758299
3.738792554074673
3.634977718689993
3.480375123966736
3.28681800205475
3.067966259449324
2.837390508218728
2.606979603215802
2.385778902899837
2.179399340918056
1.990136646161794
1.817829102706535
1.661302719178686
1.520040614314394
1.395444871754407
1.290789249792481
1.209113183032787
1.149676097094579
1.106150044821987
1.070464896996054
1.04061050438417
1.032876129263145
1.035826267103677
1.036250194359848
1.037156731179582
1.037924627458883
1.037995655706136
1.035595144351938
1.035424347930857
1.050745355657536
1.078781516159642
1.114596219076513
1.152230773894525
1.186138238873278
1.212240686351041
1.228365178193601
1.234171046328421
1.230799313059779
1.220421518404192
1.205779534780346
1.189759817347765
1.175030980635394
1.163766030083089
1.157457655516803
2.411970023984166
2.39587897019281
2.367425571082607
2.330677638244905
2.291392039481498
2.256547484946855
2.233688852864663
2.230112865622163
2.251953126842039
2.303263270566734
2.385252952972878
2.495882887136086
2.630004728846904
2.780056578757395
2.937035952373428
3.091338902442959
3.233313196579509
3.353723602815344
3.444245073228358
3.49791678362174
3.509622903626499
3.476724366293586
3.399678975769276
3.282246764839233
3.131053754687529
2.954642654700052
2.76230944616518
2.56298154121296
2.364308410773107
2.172102988400457
1.990250839436545
1.821119882755438
1.666332124275874
1.527538936235403
1.406679168584953
1.305304812825096
1.223186450144493
1.157456615914606
1.103950000749184
1.06061077052047
1.02965744685232
1.022589908720482
1.025500453950937
1.025448510368667
1.026035587162138
1.026274850660862
1.027165886919523
1.023597692600161
1.015369453327908
1.015319152423374
1.024376689757431
1.041679420833529
1.064978746810912
1.091391269187383
1.11803454669307
1.142426123867003
1.162735825331841
1.177951769418602
1.187932422923765
1.193305857920005
1.195230269560232
1.195082733461336
1.194154705770636
1.193410265270045
2.332298390634884
2.321457989741706
2.30265675864759
2.279269870491355
2.255970352108398
2.238247347693442
2.23177172321047
2.241670692440869
2.271797596209758
2.324110199410091
2.398289050008161
2.491708622355802
2.599786865014532
2.716595896210955
2.83551517561365
2.949761678212906
3.052792835763139
3.138639102236965
3.202146029066197
3.239101670303172
3.246309093719869
3.221746593179263
3.164872348421727
3.07692813698863
2.961015422947959
2.821835200631114
2.665156188179803
2.49716670344069
2.323867676128751
2.150631708765718
1.982006682259305
1.821763208981263
1.673066003490721
1.538540719983727
1.420025114883348
1.318051938405361
1.231555895592414
1.158515493486066
1.097644927920493
1.04997367036011
1.018749120148971
1.012062759754415
1.014860446109456
1.014595721999109
1.015037277204403
1.015012903585123
1.016444472597416
1.012279670894208
0.9989229069509596
0.9878103660229478
0.9820056795151036
0.9835721719772351
0.9935115662411185
1.011667092072921
1.036634132050306
1.065978559721912
1.096810147728158
1.126453770020172
1.15292645260479
1.175091496634897
1.192541158487007
1.205344867097612
1.213784114038153
1.218142869990854
2.207610069218538
2.202941489466596
2.195374689726575
2.187287580245662
2.181901867361112
2.182879466671714
2.193808220219394
2.217654371918831
2.256271480575693
2.310058244408541
2.377840752603326
2.457007113652185
2.54384836130377
2.633994824247427
2.722832614928028
2.80584519663289
2.878879593185055
2.938329026718434
2.981203806933927
3.005092753665312
3.008074545568065
2.988687021231749
2.946040655820702
2.880054481033677
2.791686802080027
2.683025572399838
2.557186545337546
2.418060659461882
2.269997527704495
2.117505788648961
1.965012800770224
1.816671727818839
1.67615459369516
1.54636890696522
1.429131967531484
1.325014863653328
1.233670847865135
1.154754729736107
1.089013406429699
1.03878856428469
1.007629495951153
1.001336583800636
1.004003403531579
1.003688009051483
1.004106848182127
1.003978971790087
1.005890159776293
1.001234594964424
0.9836789962003052
0.963500296433214
0.9452693156900153
0.9335591403478855
0.9323601812232069
0.9438058890106692
0.9674064439068478
1.000448994934762
1.039121147048154
1.079608899916506
1.118750505520065
1.154207852172593
1.184350955527117
1.208062615469431
1.224578009578039
1.233399975321155
2.03705545258177
2.039414481751987
2.04457381378954
2.053679847536027
2.068240181717694
2.089881483158883
2.120032714684755
2.159607309176552
2.208754663373855
2.266733680261598
2.331931696308656
2.402015564103198
2.474168179349625
2.545350533133673
2.612544832435146
2.672959541790862
2.72418293546807
2.764260636948582
2.791676504982272
2.805245662156441
2.803967872341454
2.786918626033331
2.753252047942981
2.702339905887856
2.633997908330632
2.548706490652746
2.447746477726233
2.333218821734138
2.207960596043758
2.075383493406406
1.939250608348874
1.803392454875854
1.671368526386401
1.546124420962447
1.429766853425404
1.323618573524466
1.228631304057237
1.146011912120088
1.077724452829997
1.026617244270178
0.9962532430109963
0.990472965689089
0.9929543848721815
0.9927114890415171
0.9932089573880101
0.9930874342140908
0.9955794587911621
0.9902711446151776
0.9681782128357896
0.9389582472706171
0.9090526345048098
0.886226445085233
0.877358146166872
0.8856419527104799
0.9100535689323269
0.9468525030424361
0.9914469669757955
1.039574874045746
1.08769916966575
1.13292075882645
1.172789951413755
1.205190250418165
1.228336216246768
1.240890428480899
1.82187162027713
1.832200118594426
1.851756617159604
1.880255285136549
1.917277034229554
1.962264241817942
2.014460820292724
2.072848268220397
2.136112383525195
2.202651790514643
2.270624878913002
2.338027363830632
2.402791718136754
2.462899955260396
2.516502523462861
2.562032487106389
2.598292268831211
2.624481213466444
2.640140733874956
2.645020362742953
2.638901379277008
2.621439290393921
2.592090172574675
2.550161808762161
2.49498451585169
2.42615134810541
2.343757206178316
2.24857604016435
2.14213953926434
2.026702271494481
1.905093229689316
1.780471125385587
1.656030354005135
1.534741721631545
1.419229071410945
1.311841550235964
1.214875229437359
1.130796672162402
1.062337444874673
1.012477491582819
0.9844374600410535
0.9795190575555455
0.9816815939746454
0.9816334877935216
0.9823088686966572
0.9822894084264145
0.985593658538875
0.9790835711590491
0.9512592038682662
0.9110440487550275
0.8690812926740416
0.8382255703072081
0.8271086438829336
0.8373077685531796
0.865376151993607
0.9061282808856953
0.9547637930712009
1.007472392557576
1.061094052890194
1.112682012154781
1.159315609158701
1.198093519607706
1.226300330715738
1.241767722805964
1.566238227472099
1.585653911866685
1.621612142717997
1.672192483064682
1.73483448502886
1.806643940196353
1.884643750817043
1.965974500150318
2.048030029821408
2.128510823901323
2.205406320377889
2.27694639272921
2.341565914969207
2.397908926311956
2.444877959234775
2.48171321589518
2.508064507153562
2.524007744439677
2.529970490363366
2.52656515556914
2.51436710958363
2.493700380490755
2.464497056063224
2.42627803657085
2.378268068902336
2.319618386906487
2.249680517632457
2.168264848553837
2.075826933636943
1.973546054722042
1.863288062459958
1.747475215518738
1.628914865515272
1.510653281814872
1.395902512187188
1.28803204975803
1.190553183776434
1.107011486118981
1.040778339263899
0.9948490868293636
0.9717954258373287
0.9685093670187286
0.9701099280391301
0.9704050002346427
0.9713773956317708
0.9715901799639352
0.9760953369393626
0.967620102825948
0.9314814990429408
0.8755846565056238
0.8222495015262579
0.7901512551815875
0.7846543172337372
0.8018202559294423
0.8351289221622895
0.8789136687597268
0.92927060785111
0.9836521629072175
1.039601175180387
1.094341096877915
1.144738685693498
1.187349048467032
1.218731157346577
1.236061484980767
1.278233553395558
1.308012992366481
1.362678517649067
1.438459040858543
1.530406239882159
1.63309890271909
1.741274069326856
1.850296315103416
1.956387628303158
2.056615970885982
2.148733144361658
2.230984257594264
2.301973988691281
2.360623661883007
2.406219768231662
2.438521326915255
2.457857420061766
2.465136663815029
2.461723551694006
2.449193256463541
2.429024152956643
2.40230736232696
2.369545391117097
2.330586903802368
2.284711065852534
2.230840154882764
2.16783098523253
2.094781597718738
2.011293321584223
1.917647658309307
1.814885970535523
1.704808763534455
1.589929934726794
1.473419539134663
1.359042695782464
1.251063520898332
1.1540579757947
1.072593794497487
1.010791974042087
0.971863615045292
0.9578001621966078
0.95746815377617
0.9581229250578354
0.9589290983920497
0.9603326868241999
0.9609923127217253
0.9676481780317622
0.9589496783358009
0.9050611480672364
0.8264764217419683
0.7699668912376436
0.7499445587148598
0.7583370564768822
0.7841756021397115
0.8208688113411102
0.8649730420302761
0.9145497871461949
0.9681944594976309
1.023712057818708
1.07849574073529
1.129382512040551
1.172637988383061
1.204524710910763
1.222110154786816
0.9708800369778032
1.01228596444181
1.087970919539376
1.192119652979999
1.317133651547085
1.45485079015689
1.597663051535104
1.739234413010173
1.874690900956835
2.000413939740715
2.113692077804078
2.212430259390251
2.294992475199454
2.36019443094753
2.40743536486966
2.436893739525049
2.449655407396884
2.447663692656674
2.433466097595504
2.409818024478741
2.379246342609454
2.343673076247112
2.30417131875568
2.260889502187435
2.21314537377273
2.159660972330496
2.098887600931236
2.029359337528498
1.950017972805848
1.860470149842602
1.761162333882835
1.653481018520271
1.539794792511501
1.423447534501626
1.308693066293324
1.200543733167051
1.104500723188511
1.026144359799407
0.9705815680308851
0.9417825466295983
0.9419401486432682
0.9464336204542169
0.9456220653739198
0.9471243178287163
0.9491502950662823
0.9508152998869812
0.9627806358698174
0.9616865652353167
0.8587336106601138
0.7615227817257437
0.7272424862066323
0.7351546174035695
0.7593881037357393
0.7888077532602338
0.822642581548958
0.8629049158146296
0.9102011736706755
0.9615100350151123
1.014183095161284
1.065863778030172
1.113288291745094
1.152681425371835
1.180910217500631
1.196132872872114
0.6632688634147509
0.7171801350729742
0.815573568945608
0.9505185046709105
1.111586264466183
1.287747810342916
1.469097389052797
1.647709450977507
1.817577562250426
1.974121603241813
2.113718036144721
2.233422324573657
2.33088298915773
2.404473750395983
2.45361131180021
2.479070418973112
2.483069928130046
2.469031400241769
2.441073769710794
2.403393379912949
2.359678551210691
2.31266440074064
2.263883691657536
2.213627627976485
2.161098013658139
2.10470778972379
2.042471242619411
1.972420300954809
1.892990774859075
1.80334036693653
1.70358262007856
1.594938744327827
1.479815282424556
1.361809293142615
1.245631591845686
1.136932831289647
1.042020851406348
0.9674643243724632
0.9195783506319398
0.9037894796590359
0.9239297370708055
0.9354048409983236
0.9324418033783456
0.9345639303913952
0.9367686834729144
0.9388161825208809
0.9569307076271258
0.9597395322564607
0.7740431527891314
0.711122257306829
0.7318397182988726
0.7665261191087451
0.7949798728629195
0.8173248201987483
0.8392932903509233
0.8710247151150257
0.9167875187799932
0.9644950734109942
1.012290250923214
1.057587235064336
1.09625353356186
1.125071074479157
1.143326393038569
1.15224488232957
0.3817156482354404
0.4480608936178143
0.5692158527836167
0.7353246920572055
0.9332995866018181
1.149528834471095
1.372116250598698
1.591588292435512
1.800427597314053
1.992421438866375
2.162308126376262
2.305632649007369
2.418815461485779
2.49958612131048
2.547600312303935
2.56479973152774
2.555241687661026
2.524454344974053
2.478558392087568
2.423395768242711
2.363823826109824
2.303252280114974
2.243444512689906
2.184568206370314
2.125454324012437
2.06400527829501
1.997683344785299
1.924010239954891
1.841018711489621
1.747615505484499
1.643837818855023
1.531005338732897
1.411780376587303
1.290147208322196
1.171313704868282
1.061533444523698
0.9678511584410161
0.8977855895922405
0.8589729063164919
0.858797697474707
0.9040465922080045
0.9244101511146282
0.9185199086904573
0.9207388312665609
0.9215479545874036
0.9209862954103393
0.9362215512675341
0.8909914513103064
0.7589849197175479
0.7838021160498108
0.8268934243394964
0.8503430241417449
0.8622303110874199
0.8688874566831493
0.8714104554516384
0.8915796070741506
0.9347293590418808
0.9778850938664329
1.020233250650951
1.055218712028937
1.077224865924633
1.085812039898074
1.085701478745586
1.083389764486985
0.1608197300668641
0.2379139332705427
0.3788576842908611
0.5724204946154811
0.8040385432512801
1.058928990194056
1.323849637071572
1.587291620680132
1.839078604982363
2.070155291916133
2.272643174135542
2.439758637273451
2.566193325980051
2.649166225722391
2.689345961716798
2.690910188245702
2.660728971688152
2.607101816343305
2.53847307687414
2.462370271997681
2.384661629469055
2.30915197377115
2.237498232262005
2.169401075229189
2.103010485692269
2.03547155087
1.963533211963394
1.884146216145554
1.794986430020154
1.694856366153601
1.583941072874331
1.463921143175596
1.337968036712925
1.210656557314229
1.087823278584836
0.976386263620416
0.8841366483506081
0.8195269624970462
0.7915073261408263
0.8094760721927767
0.8833814724877123
0.9137880672190726
0.9044945656206868
0.9066262636783325
0.9053176225887049
0.9007820658402436
0.8977243811197154
0.8659214180700867
0.8497977010790874
0.8593695585929192
0.8708178471689334
0.8782202736668422
0.8833212945648479
0.8884431524396104
0.8833853741743645
0.9017012435171246
0.954503002457129
1.003327149922026
1.041823769174721
1.059341495496378
1.052478209831699
1.028712807631924
1.001551190900297
0.9835876223211587
0.0442315772990947
0.1282081987599926
0.281184933041584
0.4915649402248808
0.7469311637603974
1.034953918354252
1.341691845009602
1.651621961295778
1.949535334550975
2.221900928346462
2.457013860793835
2.644657796274598
2.777507244596724
2.85319527190036
2.87501339697036
2.850892816125182
2.791521013454954
2.708428134847551
2.612433221156489
2.512540842495092
2.41527619962421
2.324423694350884
2.241118054482459
2.16421819265755
2.090881726844401
2.017256565653924
1.939211333686534
1.853033235965541
1.75602840837824
1.646969142916013
1.526350757667134
1.396452114331269
1.261233124454884
1.126134558716222
0.9978517526845514
0.8841303206616082
0.793600592373943
0.7356619268730612
0.7204558422013141
0.7589820695740033
0.8633226059731963
0.9041830594151701
0.8916733957342008
0.8946952913514036
0.89337140534026
0.8899979783515733
0.8861363390228524
0.8704906773093711
0.8558890327637853
0.8568086774745023
0.863400019814472
0.8710199897966339
0.8777327109935085
0.8860302823070092
0.8796977282431482
0.9039986639424517
0.9829890171288996
1.048433147686755
1.080040399430949
1.06534954161656
1.013006795146157
0.945592702702138
0.8863262276540934
0.8512669118965935
0.08508108472881275
0.1693342185147193
0.3193600208841005
0.5257168710898041
0.7862654035265376
1.097195389416344
1.443561613308003
1.801596104970075
2.147404793133006
2.461355522778413
2.725902805818965
2.925822549030257
3.052519101266681
3.106505820044619
3.096168880443388
3.03473722117105
2.937328583844792
2.818710850984147
2.691755115118587
2.566457081922009
2.449455805031699
2.343993311213519
2.250234919094708
2.165849606786367
2.086750543301149
2.0079117381102
1.924194334820963
1.831125896917807
1.725576097700042
1.606268066022325
1.474067970772329
1.332019801736705
1.185143705521455
1.040081390052511
0.9047160039779905
0.7878802933354027
0.6991968622402476
0.649022881173832
0.6484568104438481
0.7093820722290338
0.8444674983242437
0.8955363223117114
0.879869151041904
0.8839919744431975
0.8829407341517367
0.8807208828867883
0.8776096362272242
0.8699161009830343
0.8634325137350609
0.8646241375125814
0.8694625677507227
0.8761960562495464
0.8828615728907436
0.8935023447062426
0.8821357147386794
0.9132553250816711
1.038607388043094
1.125358145102362
1.130744725445761
1.057779506297926
0.9436985885015901
0.82901629509991
0.7408798748496908
0.692286147130193
0.3467782279475378
0.419522336662033
0.5400502152483234
0.7102518866968875
0.9501708368294378
1.268697955558171
1.648503275254841
2.053503668718832
2.44689151841179
2.800609501823978
3.086252662940664
3.282643862633848
3.383757331417995
3.397366685286315
3.3394488400619
3.229277492096601
3.086235492242327
2.927790229859346
2.768172245836418
2.617627389432054
2.482211402253939
2.364047831785841
2.261917564337043
2.172042931133675
2.088959383083303
2.006406194292678
1.918196084427392
1.819034707815567
1.705254417516679
1.575407440223385
1.430643209037287
1.274793211691834
1.11412767905192
0.9568400423685527
0.8124251472406503
0.6911688393232486
0.6038894732617419
0.5618926490090488
0.5769629561391101
0.6612399052438621
0.8269422175896985
0.8879617693665475
0.869243822664151
0.8746631049930848
0.8741860081610455
0.8732112061531464
0.8713122044503305
0.8675599873162602
0.8648641240058075
0.866408002090598
0.8709871401524443
0.8783876911484734
0.8868590630862009
0.9032348616578533
0.8860241313205051
0.9455219027494736
1.153538532349183
1.238656036775696
1.168833482089684
1.007285215114329
0.8287654294594895
0.6785895029225937
0.5746182414019378
0.5203914050765807
0.9064441895257674
0.9387114958110627
0.9847513018920557
1.084155053673918
1.279597914426805
1.582700720831286
1.976684112250687
2.419937469112453
2.860200093926715
3.249011958962701
3.537447917449359
3.703989602552352
3.754033815939691
3.707012386949368
3.587165388060844
3.419136353236062
3.225659581895833
3.025939372457252
2.834564463941361
2.661075987209796
2.510156407573314
2.382260203964257
2.274479220121274
2.181486498105782
2.096471064626536
2.012029319494724
1.921008526743779
1.817306899889053
1.696625456839513
1.55713965050878
1.400016781684365
1.22966330330503
1.053578910445744
0.8817674511332775
0.7258241484797536
0.5980099230429026
0.510664857910467
0.4760744474651234
0.50652310108763
0.6141459773572301
0.8105144709599611
0.8814329235508507
0.8596783455290772
0.8664428841589494
0.8665717136529558
0.8666492171398716
0.8658369360763574
0.8642768430082737
0.8635712421552678
0.8655743466217449
0.8704237842770783
0.8791126728715313
0.8909647615282658
0.9171990831746655
0.8979155783277517
1.0504364922789
1.358487808831779
1.347306233019677
1.135120979786633
0.881313925732513
0.6657846052330969
0.5079975424692608
0.405652650364467
0.353752204335238
1.862902827560973
1.769006578530994
1.678308207553834
1.698870301481913
1.842810981203498
2.092045973450754
2.449558740029358
2.904957404004362
3.399691040710661
3.808031852459744
4.062582442236284
4.163309288475165
4.135902513206298
4.0109694155121
3.818860774302527
3.588067517936586
3.34348090104992
3.104782601987971
2.885629929388616
2.69375228609391
2.531686129279931
2.397804927994767
2.2873998187107
2.193690679510584
2.108733552272279
2.024234650650438
1.932299014384346
1.826145983599226
1.700817781505662
1.553886662313935
1.386120522016347
1.201992110842499
1.009833873699773
0.8214162215218438
0.6508624264381577
0.5131477244561042
0.4227885304092644
0.3933113928425628
0.4374748286645768
0.5675144936289347
0.7948617961322952
0.8759128041570364
0.8510880102287878
0.8592148692673445
0.8598949826089091
0.8607601930251398
0.8606364002989665
0.8600404047564406
0.8599616629890047
0.8617385007577378
0.8662702490739063
0.8757110108894766
0.8916793505697099
0.9305271600811353
0.9291188860972365
1.267561533821953
1.573889579160524
1.315201927206998
0.9590159883215188
0.6768364993784988
0.4798174744827752
0.345219064110362
0.2565279672760055
0.2093042571178384
3.333471176588523
2.898748729589924
2.643309674573396
2.637529398403668
2.736951742252315
2.874742154833778
3.099406399614793
3.508774635549253
4.077822515018108
4.450954080798706
4.616588613343544
4.618287008454537
4.494928089399383
4.28180594278551
4.013168437566391
3.720405712163402
3.429256531536319
3.158202939828991
2.918413516136662
2.714707004606252
2.546901671485533
2.411146725703062
2.30107480568772
2.208756206578887
2.125490201365087
2.042480160435248
1.951437828941696
1.845161253540026
1.718132308033257
1.567177128390434
1.392209826908831
1.197010715140181
0.9898542994026452
0.78362848330812
0.595014530741794
0.4425675611949729
0.3442586786105416
0.3157705710892532
0.3705746208006868
0.5211870946845009
0.7797468870956978
0.8713308490022861
0.8434064814602411
0.8529290161790819
0.8541026818929945
0.8555212367584493
0.8556761964307105
0.8551471829003129
0.854527504396845
0.8547874790363076
0.8570014007805792
0.8636608460364925
0.8779164586029634
0.9157651250561238
0.9421836855970931
1.371997242491567
1.417666114481338
0.9652208621878583
0.6495315496004279
0.4513523845566662
0.3177451631497705
0.2209410432688606
0.1485227731601775
0.09969485274555286
5.338999313686969
4.296305624215236
3.998436643325323
4.013424502169092
4.037960511855526
4.022025359785588
4.00653423907645
4.298600089705214
4.848328892147715
5.082936639774164
5.127444248804787
5.019958041126151
4.794727057101
4.491350223452053
4.149441065295302
3.802671210030064
3.47554672826105
3.183136809269106
2.932556550733465
2.724946597464615
2.557254688306103
2.423624026605271
2.316431076999019
2.227070687446152
2.14657177116469
2.06610276758771
1.977411295415972
1.873238802272053
1.747757606426592
1.597092553759349
1.420003419164706
1.218788779941387
1.000369936143853
0.7772591267338776
0.5677373561569957
0.3943641861435882
0.2805230338389896
0.2463851502089335
0.3072252591031763
0.4756914508242377
0.76511537116416
0.8675900243164943
0.8366115581200229
0.8476253823863995
0.8492957681289183
0.8511166275494266
0.8512116907218464
0.8500438098624905
0.8477592101544217
0.844666017450704
0.8409240613228002
0.8369272685510003
0.8323249733880209
0.8304200979208766
0.8443728472133372
0.7093653749744222
0.4577804679104492
0.4163492434833158
0.3761427948365833
0.2963544349757244
0.220297034168512
0.1538194099353264
0.09747506847005485
0.03863168699329585
5.029966788609545
4.694231286315616
4.579280809800024
4.524489534341448
4.485508426096282
4.471099516965646
4.374688375804288
4.677665058818672
5.320706024602727
5.553398810152825
5.526718767122788
5.321321556617695
4.997844513463797
4.611756613883104
4.209854669528525
3.825655462376822
3.479229591322095
3.180009044550495
2.930104884207655
2.726926928366474
2.564955592468994
2.436899450590642
2.334477904119206
2.248981682750534
2.171696270195367
2.094237713835107
2.008834518991578
1.908584563613341
1.787720885722365
1.641939019445772
1.46887657999988
1.268887450825029
1.046273577415583
0.8110034222918169
0.5804652352339978
0.3799359886069886
0.2398472614513986
0.1892427065693515
0.2490347999220879
0.4320527603282633
0.7513145702636337
0.8645853356330441
0.8307087672438841
0.8434339700543302
0.8457361260275765
0.8479852755218887
0.8479430301466242
0.8459391991246545
0.8417526863398906
0.8351014875674564
0.8252107027922442
0.8105819649254992
0.7879390326133111
0.7500402270365674
0.693274889029309
0.5088623083477237
0.389038478362552
0.3496758770732573
0.3111974427922529
0.2579768044657889
0.2019135807442167
0.1445005809634957
0.08760662740897734
0.02906191030759881
4.607133425666778
4.471217013813589
4.397077151926299
4.353386042207793
4.330047711148919
4.344973577081857
4.258577058197227
4.646590487079898
5.48350969708215
5.798380373967205
5.748988912044404
5.468615705939764
5.064887634331448
4.618774893757331
4.183099547568563
3.786767229132152
3.442292746026413
3.152488742401003
2.914807810293866
2.723766020524215
2.572268038681409
2.452387648818834
2.355872915756489
2.274494225033161
2.200293546866698
2.125770709540711
2.044031447233071
1.948915125087362
1.835118022620813
1.698336722535445
1.5354883274883
1.345140314130829
1.128416554894741
0.8907849605715088
0.6450248542228483
0.4147684429292258
0.235901168921534
0.1512003994238304
0.1967398618088302
0.3902653888184857
0.7393305170268041
0.8622323429187708
0.8256477159230406
0.8405334813668132
0.843775888481246
0.8466583235731597
0.8466436934092425
0.8440341440824817
0.8384591957990062
0.8294289094317581
0.8159665663405928
0.7964327982709056
0.7683537119501958
0.7265491914979172
0.6723246519511996
0.5688560538795576
0.4737279144597431
0.4049489340331154
0.3412029335069604
0.2765723414118662
0.2136693550012014
0.1521260005164766
0.09210192264193159
0.03200416321000609
4.508737808651782
4.437596439871201
4.392979670038228
4.360767700994094
4.340700101122161
4.357087036498728
4.257367241476006
4.591394240322205
5.476866838166251
5.824306902856747
5.748295392702668
5.412117525255937
4.963498741786704
4.499382805363942
4.068959660727222
3.691529413336583
3.37148143038133
3.106472711952034
2.891076375419976
2.71838936660702
2.58085841820687
2.470773464825787
2.38057382798141
2.303033051451474
2.23136787578678
2.159304679708415
2.081125086121226
1.99170209152125
1.886529827017248
1.761745685025148
1.614150764798009
1.44127640941393
1.241672658150667
1.015888606558407
0.7690861232861799
0.5164379737017935
0.290872980750652
0.1472740476452101
0.1506828603170806
0.3442010284718063
0.7287310971393929
0.8603225447430363
0.8211200133110981
0.8391088343963021
0.8438250122210337
0.8476524151248341
0.847902454690846
0.84498929075676
0.8385451142676941
0.8280089302287134
0.8122691449706976
0.7894809623245702
0.7571267600841237
0.7104369872015929
0.650175044645902
0.5582918393882553
0.4706654386855058
0.4003190160898499
0.3360657600769182
0.2730671003027963
0.2115468739199453
0.1508796135372199
0.0910616280191914
0.03138412430551644
4.427165651322926
4.37625408776742
4.341560223295128
4.317418309984562
4.30397533957767
4.326505803935535
4.235218895294931
4.549801946457049
5.395116681226916
5.662415617350943
5.504055721141052
5.127947007634079
4.68818432200975
4.26280773820508
3.881663495947923
3.553055050715701
3.276739929182017
3.048696323901439
2.862998709954146
2.712866652928402
2.591343890277669
2.491698946431413
2.407622266386839
2.333298087318216
2.263412040262568
2.193133279178493
2.118091811522816
2.034358916219555
1.938428977729012
1.827191414648003
1.69786958198344
1.547895738283577
1.374718606317825
1.175701339500485
0.9488134689473072
0.6961360222358487
0.4339049422659207
0.2108064489373233
0.1211740681819133
0.2746203001139352
0.7064858486468085
0.8572686058132412
0.8162518583389577
0.8393272745395675
0.8464333887685327
0.8515658937073446
0.852307467280356
0.8494325520616748
0.8427891846991253
0.8319434105782544
0.8158442807960866
0.7926466664831053
0.7597864886797785
0.7123049233748645
0.6511044806822502
0.5566730623744626
0.467464215869088
0.3971156764582569
0.3338368713700444
0.271639524451495
0.2106914455132632
0.1504199287592166
0.09099445769820255
0.03149108102940857
4.371483539592358
4.319846508680982
4.28726309271052
4.26768572248923
4.260563274534153
4.289261708698233
4.218258682752147
4.548272736214932
5.255923196915122
5.295678065281445
5.01120633580876
4.642513820696909
4.280314103124783
3.946949797567219
3.64889162551301
3.389582522816581
3.169435820045039
2.985747219358213
2.83380638158014
2.708101420441366
2.603103665461784
2.51365114423383
2.435080190114477
2.363228314493933
2.294384455313982
2.2252271380174
2.15276842598435
2.074308832852551
1.987401730112037
1.889819861937704
1.779503389738308
1.654439831342102
1.512378859497687
1.350236240831223
1.16309377899079
0.9433964297346391
0.6840848104669418
0.3969980430102022
0.1604783713481762
0.1662088777716643
0.6270445340817452
0.8472978919744445
0.8107284072757736
0.8419353413936903
0.8526209082233475
0.8591665121406711
0.8603555716498376
0.8576603480290599
0.8513727121305232
0.8413744523537702
0.8268683974385992
0.8062350439609005
0.7768843747385712
0.7331002555674409
0.6765498172537179
0.5641796091496255
0.4634481856509831
0.3944006400235167
0.3341199763510972
0.2724391429772137
0.2115187404652992
0.1512258172755876
0.09241671712550582
0.032547894017989
4.338614270392385
4.250610756547845
4.213749394149341
4.198645605298115
4.200043362539315
4.23794120808385
4.218164916752219
4.639818586124731
4.961134975142359
4.652011414276497
4.318649994029998
4.058098926399725
3.828965876529268
3.610515214492427
3.40594538248864
3.222083957103772
3.061743047200861
2.9239834533441
2.805892032303356
2.703873994956971
2.614347720029437
2.534049639977432
2.460118795110746
2.390073989018509
2.321752124133682
2.25324240409746
2.182829280973338
2.108946377069939
2.030140892594314
1.945049122289126
1.85238156913549
1.75089545381015
1.639272034406202
1.515708703953708
1.376864441823302
1.215386011138599
1.014810269895394
0.7456074270972124
0.3948688870113869
0.1124662982595828
0.4436066372398746
0.8171134723971463
0.8082826307359239
0.8497110178585277
0.86441653323656
0.8715373384726974
0.872430630207468
0.8695473952855214
0.8637478249923408
0.8552740759250269
0.8435873930292113
0.8271879348585736
0.8024700860445189
0.7610734092899194
0.6994465603384384
0.4909665813025409
0.3695684262291321
0.3330153530943973
0.3008168793187223
0.2511487366722481
0.1971300009014158
0.1412904309730293
0.08685964298311974
0.02885040283118788
4.445829972242676
4.217014565195847
4.146430972378907
4.12218253095609
4.122713340225355
4.157358516883332
4.205408984764025
4.632481983887098
4.209204739577231
3.763498880695162
3.624885164076062
3.545446509102516
3.43898894800682
3.314974894632075
3.190767462219398
3.074176608032586
2.967325259263197
2.870041539214683
2.781166957798355
2.699149937398025
2.622407676626711
2.549511673037578
2.479239879212282
2.41055958911516
2.34258798713554
2.274552129306071
2.205754604249424
2.135544439657238
2.06329299542728
1.988378302411995
1.910190731911144
1.828178060700462
1.741906597065252
1.650975867744712
1.554512209885354
1.450253662693705
1.332793470807228
1.182815935311449
0.9291712821288942
0.4710909056248159
0.3578827033077815
0.7984658656004077
0.8330808639142587
0.8726604844789052
0.8858842422270247
0.8900854819781061
0.8887194885165053
0.8847322660110177
0.8793732755424469
0.8734292127855527
0.8673769730619472
0.8618133255987146
0.8563910327127195
0.8547647256014276
0.874937313497189
0.7254397885699562
0.3887798312164927
0.3612894707464039
0.3524307375467567
0.2900807768678775
0.2192978206053059
0.1544475385774307
0.1030496754099721
0.04252552048602359
3.616081702593553
3.860190987138485
3.941342387284787
3.974082699237238
3.984131672510748
3.982919746985042
4.013656388023965
3.794992761850752
3.165471203878377
3.171871069952578
3.267265371811761
3.254965546581965
3.19153550353106
3.118335000347199
3.045422081027859
2.973291274541165
2.901851229398502
2.831249865330143
2.761525628745139
2.692563294092968
2.624190733175184
2.55624391703675
2.488585270861215
2.421101470808275
2.353696878290706
2.286287492647596
2.218796302673149
2.15114862186526
2.083268113427809
2.015073624028584
1.94648409774567
1.877455638723283
1.808077733593781
1.738637105284502
1.669248169899851
1.598917436780806
1.527820309614129
1.471721738696161
1.472599790907419
1.441933302536655
1.06200621852398
0.9082966156417885
0.9328252201030052
0.9304708274349576
0.9237583911535691
0.916525259234237
0.9089065612467333
0.9018050020802748
0.8958294142351694
0.8918116456753858
0.8909207052229924
0.895907841446144
0.9099720628934254
0.9509966211858264
0.981930603960693
1.444727135476268
1.402295019047583
0.9299121280422203
0.6422493035466551
0.4696973716270108
0.3464980535026738
0.2505909965513174
0.1761213282582689
0.1234873546994201
3.73498366061647
3.833161720346342
3.874298549781294
3.886341839583241
3.873428149320077
3.827590973622811
3.751536361457758
3.475151650258567
3.311265749455435
3.267017004331511
3.243305053514972
3.194396529106115
3.137186478858695
3.07691371060436
3.014986612490204
2.951705897407591
2.887343753538736
2.822155371748998
2.756347781476857
2.690079290170936
2.62347285542962
2.556625836446103
2.489616155756013
2.422506966447347
2.35535068561827
2.288192793651251
2.221075076475917
2.154038731249997
2.087128294629453
2.020396215648142
1.953909867151217
1.887764659217289
1.822109994169556
1.757185575749212
1.693337476066944
1.630949000450451
1.570820845094057
1.51574727181518
1.478195856214728
1.43406483087137
1.309463564079173
1.096104447462764
1.033921823712901
0.990365003440977
0.9628104854810069
0.9432594194175006
0.9285513834358645
0.9175210901042928
0.9098401873171722
0.9057941226136148
0.9061504043009353
0.9132030307125268
0.9282132446481336
0.970373211203632
0.9617814398804622
1.345472382067278
1.699176856938895
1.416193121827768
1.047765696525377
0.7661379017961153
0.5704693462244528
0.4340069247824401
0.3414909799360057
0.2911673215944059
3.719989847140592
3.778085294282831
3.809928589903844
3.818892770051004
3.804779600906428
3.762830214454265
3.698905836345267
3.556738303868212
3.422068685089356
3.342836685550876
3.285583516527056
3.225225962439449
3.161782796967815
3.096040934479764
3.029187712391283
2.961785942403045
2.894160383491776
2.826489523429659
2.758864439308381
2.691318711411492
2.62385428231726
2.556458731224934
2.489114714530011
2.421804248070165
2.354510320690664
2.287217547516952
2.219912129418739
2.152582292421664
2.085219103269817
2.017818424202283
1.950385068182401
1.882940232249914
1.815531150209408
1.748232433775363
1.681127890969326
1.614266385586107
1.547824302948971
1.481832974730624
1.41770733971188
1.34389586599944
1.239857000111442
1.126359729134674
1.068493369516677
1.021747984673838
0.9880455095188403
0.9625633084061881
0.9433484131443296
0.9292705941069891
0.9197830910438751
0.9147949191124932
0.9144869687538835
0.9200795117608395
0.9303173483168603
0.9603965457820848
0.9272177860412112
1.137182361221502
1.573355573137594
1.574702323670863
1.340497098730079
1.066975803387055
0.840285423170134
0.6765937436682437
0.5707567829661987
0.5170874590480339
3.699927036036866
3.745846008336164
3.770973313721399
3.774840314608203
3.757002132033035
3.714192151344934
3.650046389151843
3.546294468927597
3.442722944133374
3.363494208253468
3.295743029773951
3.228992071898524
3.16226599454607
3.095199140395101
3.027961872503008
2.96062239851565
2.893238077498805
2.825848054313056
2.758475029416036
2.691127247147834
2.623804538994306
2.556502862477753
2.489216936319848
2.421941438782665
2.35467144084867
2.28740252199605
2.220130730178833
2.152852773900579
2.085566160949928
2.018269739233523
1.950964806028622
1.883656883147136
1.816357447497832
1.749080491538527
1.681829636603295
1.614560366064275
1.547233276212096
1.479534652207784
1.411407199411477
1.337663298962843
1.250347818737716
1.160450407547637
1.09738930381277
1.045627281789083
1.006177425430233
0.975807373588173
0.9528942013824693
0.9362198404981482
0.9249953808307262
0.9187731973369513
0.9172210048552872
0.9207173117590588
0.9268610623365955
0.9471218863363934
0.9130218154515943
1.036927257902879
1.404249537089554
1.53900469815682
1.465058063985115
1.28571196055412
1.093537038467581
0.9367504891913891
0.8306976569055834
0.7761698998383568
3.693716425108231
3.731033172344027
3.75119515539255
3.752229409919797
3.733472008335886
3.692916755714822
3.633160664907514
3.549250371456918
3.461187890339493
3.381960700026168
3.308572911926873
3.237366255977109
3.167543728378174
3.098490144783752
3.029976769758591
2.961833417967993
2.89395469736833
2.8262650359511
2.758711089489656
2.691253977185017
2.623865031753235
2.556523040070042
2.489212220740008
2.421920611274966
2.354638781997139
2.287358761803477
2.22007317432891
2.152774440214499
2.085453634815247
2.018099229998902
1.950695289080711
1.883218789166969
1.815635435400768
1.747891435096797
1.679903391644178
1.61152778730833
1.542595088429175
1.472748776556946
1.401772811439995
1.327867527137259
1.249002774320449
1.171262563027513
1.108587443967183
1.055810739142915
1.013775603844117
0.9807649251344628
0.9556402917310587
0.9373199229476387
0.9249340174135605
0.9178080976392587
0.9152725300945077
0.9171519150595684
0.9208051798018362
0.9347947332006595
0.906095275021115
0.9982890613587435
1.283760465950622
1.445712603754326
1.476160756840846
1.405832740043492
1.289127752085319
1.173414161256217
1.086295607604057
1.03898072735664
3.702553935518275
3.732351381376739
3.748714824587623
3.748120252533106
3.728834758606269
3.689250885801031
3.63141894015781
3.555736326439641
3.47380329693683
3.394020877816204
3.317357161203293
3.243148072063433
3.171042410620743
3.100468700283531
3.031011092455747
2.962325531537393
2.894156493208087
2.826324354261888
2.758708731980267
2.691230745663503
2.623839555808807
2.556502579659218
2.489198782291896
2.421914199084322
2.354638986952915
2.28736532849369
2.220085830744768
2.152792073722794
2.085472459412479
2.018109410995575
1.950675186139118
1.883125786924345
1.815392629536029
1.747371283070345
1.678911321735962
1.609801021858257
1.539799246659646
1.468592404207588
1.396047229743815
1.321801302610534
1.246125948064655
1.173047626219627
1.110046393341595
1.056233156994445
1.012471435236737
0.9778686855714247
0.9515229048076407
0.9324094915790473
0.9195765330212536
0.9121804433108925
0.9093364989587691
0.9104939011426689
0.9131269670402479
0.9234375933106798
0.9006805251397316
0.9731801397235273
1.194301841875792
1.352012903505817
1.43925525084087
1.455175679026396
1.418823176728687
1.360058893157488
1.305788502222362
1.273293820991082
3.723395743723362
3.747413463680366
3.762938650743745
3.763257182321665
3.744404500681157
3.704502737695685
3.645345579622324
3.569823510921639
3.486923485049633
3.40401690643441
3.32384929420024
3.246933086664451
3.172991363969159
3.101323130050011
3.031277992334239
2.962312875834546
2.894035140662401
2.826179957752005
2.758578320128729
2.691126264879354
2.623761535889054
2.556447391831966
2.489162142788929
2.421892673228233
2.354630541071365
2.287369480530622
2.22010355802307
2.152825438917946
2.085523849208958
2.018179673603387
1.95075982481846
1.883207852113661
1.815430639331322
1.747281055012589
1.678541041345991
1.608907671897809
1.53802144330266
1.465497293305012
1.39117593102526
1.315232852315879
1.238901100257665
1.165786510892971
1.10114896780649
1.045936347860236
1.001002302399749
0.9657509866845804
0.9392520117447281
0.9203911599028063
0.9080952994318547
0.9013906726965303
0.8992716147227597
0.900902996384629
0.9039297389195292
0.9120986853146331
0.8940901905214953
0.9469749872823225
1.121872384998094
1.276389491841176
1.396120599870595
1.468599018692925
1.494133759183796
1.48652663974536
1.465843533953491
1.449904897334203
3.746717293863858
3.770636418587659
3.790907601628878
3.79577206005114
3.778654267677661
3.737143022305757
3.673181607275102
3.591460104326986
3.501815547046368
3.412749594223021
3.328050057032528
3.248357300061805
3.172953271218025
3.100676579221441
3.030485035033013
2.961587967186063
2.893452438180848
2.825744795534307
2.758268395759548
2.690912800486375
2.623618513527719
2.556354564487024
2.489105231904862
2.421862602692791
2.354622588170185
2.28738278404403
2.220141065048415
2.152894107408079
2.08563511654952
2.018349477292625
1.951007181332059
1.883550120848077
1.815872438005901
1.747792753078629
1.679021629073651
1.609130837177582
1.537561489361675
1.463680835977159
1.387063271578937
1.307884287485058
1.227857948070266
1.151177194950772
1.083226989999127
1.02591407106544
0.9800354857951983
0.9448623897208541
0.9191590654918866
0.9015452766682199
0.8907655767871113
0.8857464813905124
0.885445147439984
0.8888604544740293
0.8937035497348614
0.9020154494931847
0.8869845620751712
0.9245133562240478
1.073850190725427
1.231126874571445
1.368627709483994
1.470131388806807
1.529497874650299
1.552248797839339
1.552925254350058
1.547854756023111
)
;

boundaryField
{
    inletLower
    {
        type            zeroGradient;
    }
    inletUpper
    {
        type            zeroGradient;
    }
    outletLower
    {
        type            fixedValue;
        value           uniform 0;
    }
    outletUpper
    {
        type            fixedValue;
        value           uniform 0;
    }
    sideWalls
    {
        type            zeroGradient;
    }
    topBottomWalls
    {
        type            zeroGradient;
    }
    frontAndBack
    {
        type            symmetry;
    }
}


// ************************************************************************* //
