/*--------------------------------*- C++ -*----------------------------------*\
| =========                 |                                                 |
| \\      /  F ield         | OpenFOAM: The Open Source CFD Toolbox           |
|  \\    /   O peration     | Version:  2506                                  |
|   \\  /    A nd           | Website:  www.openfoam.com                      |
|    \\/     M anipulation  |                                                 |
\*---------------------------------------------------------------------------*/
FoamFile
{
    version     2.0;
    format      ascii;
    arch        "LSB;label=32;scalar=64";
    class       volScalarField;
    location    "5000";
    object      p;
}
// * * * * * * * * * * * * * * * * * * * * * * * * * * * * * * * * * * * * * //

dimensions      [0 2 -2 0 0 0 0];

internalField   nonuniform List<scalar> 
4096
(
-1.070432378368072
-1.016066238681578
-0.894031522771583
-0.6727894973367898
-0.3179544823067773
0.1943530252690258
0.8633248506271956
1.647165612513086
2.436006118227132
2.639014017608529
2.545447273035138
2.544044197320805
2.5115080392906
2.462100248138742
2.393727980992506
2.310298530685193
2.220234611068987
2.130997267130264
2.045589584652137
1.964063909468832
1.885170248725358
1.807244042529901
1.728972362627452
1.649835868312814
1.570940570580581
1.495792349868234
1.429194321704195
1.37258326378442
1.326381161399522
1.289536544015816
1.260511444001824
1.237625069048144
1.219355861475452
1.204457106958766
1.191992251134619
1.181322122381625
1.172074090101374
1.16410570215839
1.157466063957849
1.152351312542613
1.149038675175484
1.147800584819134
1.148725900528121
1.151707475666558
1.155416343437156
1.161550591223979
1.150342398511971
1.177593987802408
1.27948008657919
1.373756012920951
1.436227001310289
1.449021355498018
1.40276567955308
1.299909276677002
1.153613915928209
0.9825224812295603
0.80501977078287
0.6356463829653909
0.4840617111571085
0.3556423164561054
0.2526886678108852
0.175628499818784
0.1239935178513858
0.09713374098315883
-0.8645512057322342
-0.816242692650761
-0.7120017416425194
-0.5274235465211562
-0.23114581150249
0.2056678632689346
0.7949171009031006
1.520296418065469
2.344248398541283
2.602717339987109
2.508113411123321
2.509801231585346
2.47784942568035
2.431320528534061
2.367855459416124
2.290284058189599
2.206412736951418
2.122799681537058
2.041572985598516
1.962797475720641
1.885820616892844
1.809627534985585
1.733488649138281
1.657093946097061
1.581218993790779
1.508846533346702
1.444733767157664
1.389414796513038
1.343404955509522
1.305816403737122
1.275456940575649
1.250967378948229
1.231086363375768
1.214745653794747
1.201113556000014
1.189596379632327
1.179821119141356
1.171608343973581
1.164938926709038
1.159914423138944
1.156697030017328
1.155444079117463
1.156143375907695
1.158744235824131
1.161833708641548
1.168492108335084
1.155591635321785
1.194221369909264
1.31626799928823
1.413169667170273
1.466485363759569
1.46084068348804
1.392980552025743
1.272828798076253
1.117856477467103
0.9465282347940701
0.7743061867847093
0.6123931245283849
0.4680587313427247
0.3455163162163585
0.2468146778214297
0.17258484213108
0.1226563401799539
0.09656748533182398
-0.4898095238885429
-0.4485326615386733
-0.3687113981254099
-0.2417692290274359
-0.04397755355125212
0.2640785346353988
0.7262358708448845
1.380974319326592
2.277349736375289
2.585259257591836
2.483588996564794
2.491136810881154
2.460350659657321
2.415593575841295
2.354107428049612
2.276789661028387
2.194045826146592
2.113585657382285
2.035931803872319
1.960159187614308
1.885662563752445
1.811612811186419
1.737531550952408
1.66280666328346
1.587444341997065
1.514805726523792
1.451919921302834
1.39754545491522
1.352261838645976
1.314922516896135
1.284399810168098
1.259451892723772
1.238961024964138
1.221982552580498
1.207774824376396
1.19579824095619
1.185701699630488
1.177300491200959
1.170549485961909
1.165512498689679
1.162311261489333
1.161082460941803
1.161812748929679
1.164609444652972
1.167859123561164
1.176614604471265
1.159718554353289
1.214021969503668
1.376615154723507
1.482317863120557
1.516267018537701
1.472588052887895
1.364669739211612
1.216351929529825
1.050042126596047
0.8814745880886753
0.7202050867899672
0.5719193027641514
0.4402722208450875
0.3278183421599449
0.2363297140158023
0.1668562937831614
0.1197877971681014
0.09507582642174102
0.02183815781520705
0.0634574354005636
0.1265682771405281
0.1963666719684768
0.2828555340511875
0.4347494238380376
0.7397791498540992
1.307055915873004
2.250209041017355
2.582400921739079
2.477268569684122
2.489361576302838
2.460615048747403
2.416477325814349
2.354249873256945
2.269911526083872
2.181913476569593
2.102517685690335
2.028512529307033
1.956256846283084
1.884830465206688
1.813330500255641
1.741408460247627
1.667367786423443
1.589217677318354
1.512107659590258
1.449545029139137
1.396088788869313
1.352382315241663
1.316498564768585
1.2871037815607
1.262904005612834
1.242834603235655
1.2260367420363
1.211853178887751
1.199811186985323
1.189605135843883
1.181075886127374
1.174192514492253
1.169034574377859
1.165753342853806
1.164554679995054
1.165532640298134
1.169045741332918
1.173320722451979
1.185465278509337
1.163249293334346
1.23572978168626
1.457673537459233
1.572417129767003
1.565734846693029
1.460328988532267
1.300480940369463
1.124339814603199
0.9531505790944601
0.7947927060931043
0.6507340162061922
0.5208194527960053
0.4053241814686005
0.305359281617036
0.2225815582785429
0.1586840366634811
0.1149026829606633
0.09179302580264571
0.6369858927554191
0.6890989789860675
0.7495357012338821
0.7835872790686866
0.7842953147334798
0.78821869766426
0.9074456682163824
1.332320880330083
2.252242437753422
2.586263524747487
2.486573345331935
2.503193774616741
2.477579345008087
2.433142796094622
2.368178938464
2.266094227363538
2.164198741637475
2.085697928452038
2.01795166212657
1.951023144252198
1.884006133858322
1.816273579448308
1.74802128660538
1.674816499887724
1.589314196048112
1.500786573147923
1.438196584993313
1.385905876976595
1.344869493308444
1.311700984525394
1.284628487278432
1.262210403839755
1.243404283075205
1.227436444462261
1.213745407181992
1.201941901927923
1.191784983197685
1.18316144353049
1.176078810499002
1.170664854955128
1.167145571736309
1.165865288022885
1.16714014656935
1.171733259893363
1.178007639109387
1.19567869179333
1.168207820053515
1.271434645329413
1.570971635885024
1.665705725281147
1.575777577660961
1.389643978726858
1.184436713205271
0.9972471915549341
0.8362414717614265
0.6976707391664605
0.5758189267505377
0.4666630065395483
0.3684961947948817
0.2815577832929179
0.207477938174841
0.1486662840637825
0.1075431725843452
0.08567773436325367
1.340071791609513
1.396741839135438
1.451179048951118
1.477852951331286
1.45630098285409
1.373638225620424
1.296574679322611
1.464526285331676
2.246552346600787
2.591660833275811
2.512117774951152
2.535489192151185
2.516836614516167
2.475406855966158
2.412316490879311
2.274924076212191
2.144068479995052
2.066060909063924
2.00833802205873
1.947417533172794
1.883711844923319
1.818003052271757
1.752963965441389
1.679386967965098
1.578515561000737
1.467391402261837
1.410377087296455
1.363279375492039
1.328180977080076
1.300121027208936
1.277065376996735
1.257640980923173
1.240962558254827
1.226433724795567
1.213648002073706
1.202334579001961
1.192339068577032
1.183608499733306
1.176199200570604
1.170299781393731
1.16623114410652
1.164522255157435
1.165833857194817
1.171551007792611
1.180931316985447
1.206985033260847
1.179455727789808
1.360169944946355
1.726489189508154
1.707516577520968
1.485711961224734
1.23223483327688
1.017433987206319
0.8488470956340142
0.7147238941390915
0.6028461310424638
0.504874942757895
0.416100535311358
0.3344434341488806
0.2597220628116383
0.1933194890939535
0.1380305518729001
0.09765992062717456
0.07579357830285857
2.158490859086323
2.150981423273407
2.15479615716885
2.193640071472654
2.219306299932978
2.161879097250087
1.975398066738379
1.776522095991346
2.165270371246614
2.580679015111363
2.552179965276197
2.584562271670468
2.573840679629042
2.532224969287835
2.459831811436529
2.195970150244
2.037929347695959
1.996977883540207
1.976150813802373
1.932381814750568
1.88279722622182
1.834778230786843
1.801369238751349
1.761747783372093
1.64455866509923
1.437546291589192
1.377532944317377
1.334102052805386
1.305547136424463
1.283828670265376
1.265851818225105
1.250240783203481
1.236288790498593
1.223622784752624
1.212019682197462
1.201349136089011
1.191553289599063
1.182638811585227
1.174696777916662
1.167955719319645
1.162802490115726
1.159930118970613
1.160408768724159
1.166409341385666
1.179233326021868
1.215266170758717
1.207845492520358
1.538305769243195
1.837193290895724
1.574897959425042
1.246203268819464
0.9998558237924398
0.8292959144203597
0.7048173989434119
0.6059547745455489
0.5213369413649963
0.4449705563403555
0.3738050621823563
0.306400330322359
0.2423547450150877
0.1823750680849199
0.1288400341325231
0.0863557536511492
0.06164910591759868
3.178857312154917
2.888786161883084
2.778635843163815
2.837843142806767
2.914124179621562
2.951063640625953
2.882453857027357
2.512677658562211
2.170685448769488
2.582074468019611
2.626490424404551
2.666854697283148
2.677513595159096
2.678452556462338
2.708254405609716
2.500622917781269
1.90227524347572
1.904501121256664
1.98726569151184
1.965003042852578
1.89319065573218
1.823612256778669
1.804963076287078
1.763378843700157
1.407460966147248
1.256254814258736
1.28124371926789
1.278133136787302
1.270400361746675
1.261373741999893
1.251242469881709
1.240713248912445
1.230110016681507
1.219638981547605
1.209397297891032
1.199445697019416
1.189828833925276
1.180606125147773
1.171871049245152
1.163831697143358
1.156831869215102
1.151564210541949
1.149287285318889
1.152364649361022
1.16365500613996
1.198286796566965
1.224862215522251
1.622929172976002
1.574144667796353
1.156232882676658
0.908762513646018
0.7671062452839565
0.6691641892080799
0.5913307904496405
0.523435544905227
0.4605542179381419
0.4005653488815395
0.3425734888492654
0.2860594019061536
0.2305702872352479
0.1759272134159029
0.1233979982179444
0.07717460209783122
0.04404948891207035
4.467723084124373
3.541494505110399
3.312836676886282
3.339025917613481
3.357561054639825
3.376636294209786
3.472865607309036
3.484839391727745
2.926452852215988
2.745788920654416
2.779999437994696
2.787206029365504
2.800543641987206
2.840753592559108
2.889526898899714
3.311800694541994
2.915148047218605
2.452053955607052
2.262559500098762
2.117964905205636
1.933096996745324
1.695954370590026
1.354144810484765
0.834001178452742
0.7206067887441968
1.152334731142112
1.18744528541817
1.224884943216201
1.237094757082851
1.239944564001687
1.237073484630879
1.231281096196959
1.223823330510713
1.215425385456414
1.2064796718808
1.197197184548236
1.187679615754738
1.177998184592507
1.168204440484885
1.158371737682501
1.148574492824439
1.139110917656617
1.130673932612097
1.123581512008259
1.117654752320207
1.115886081086474
1.135648880151146
1.003947467701122
0.7090021997633874
0.6859673569890974
0.6802531125703256
0.6317841447878687
0.5769950981261598
0.5255242802468695
0.4753519568216951
0.4250314354571741
0.3745763640980513
0.3242339312537391
0.2740749693881706
0.2238796877753983
0.173094875098315
0.1219417038839101
0.07598533145606196
0.02875672537622603
3.951817959304912
3.66324412915402
3.565911859591282
3.506270154450416
3.456030324775146
3.41374952771545
3.395114790610489
3.358740957994105
3.219578396061734
2.98169730499394
2.922195849267082
2.89083148478201
2.886194722523133
2.920942897253254
2.902048403177972
3.315725583921587
3.615958759855192
3.248238161972154
2.809610085537596
2.402992635432231
1.982851596126886
1.507075522896882
0.975574772256856
0.5591632354295485
0.8147476538222643
1.168978939870146
1.166896242680874
1.205726934171066
1.220012278218684
1.226467468638397
1.226971505373748
1.223999076569127
1.218716791441294
1.211893292289643
1.203974306572368
1.195210160380284
1.185713184981038
1.175503197029746
1.164543855869976
1.152753754319605
1.139818410364434
1.125646539662988
1.110656649459882
1.093021637352039
1.069701396278634
1.033067759910536
0.9805629881159438
0.7991493026066121
0.7001469205237362
0.6708195434447517
0.6447169481189305
0.6039931051081303
0.5594994077899059
0.5133534573529902
0.4660853837200211
0.4180160913720696
0.3694540126286299
0.3206004488675773
0.2715659517886648
0.2223817037979108
0.1730206094400084
0.1233303475888327
0.074630681180512
0.02510853357281028
3.636921593589997
3.543227817585333
3.491732950362602
3.444839483635227
3.403739737510296
3.362673981750484
3.321852704743935
3.259753317199605
3.148578021492931
3.031026744927093
2.981840680280021
2.951387010015705
2.940061638426606
2.965628157607383
2.898886528863263
3.218466375254337
3.863370178736377
3.782809649351384
3.322477555034988
2.724229040142804
2.084058107777839
1.449885560731604
0.9204842434079495
0.7016111359620461
1.010728802944587
1.197437948762621
1.173933427637427
1.201643538782931
1.212412510584687
1.218861625270934
1.220574095566109
1.219091936196112
1.21518309908679
1.209460105622233
1.202308953072753
1.193947633396625
1.184448117148222
1.173773475952421
1.161792420258185
1.148303846685322
1.132477642341411
1.114225995546207
1.095263661673867
1.072966599188498
1.045311895690153
1.0068634306601
0.9590656318524862
0.8631036260657873
0.7792167801271257
0.721717922640182
0.6718009315808796
0.6209706768777212
0.5707500831755731
0.5209004676293503
0.4712504804132376
0.4216326834645512
0.3720059782482155
0.3223727243624282
0.272739568322959
0.2230969998442831
0.1734606015399612
0.1238200643889317
0.07476934591158782
0.02559360803115791
3.56259588233215
3.522764495473095
3.490818535150661
3.447128964784083
3.402973784743115
3.355905063575618
3.306148731603733
3.245009205964994
3.162015207071379
3.078212997769065
3.027801417740262
2.994971135757582
2.977689894972759
2.996510426312064
2.912652296816022
3.208974274806764
3.95067595222397
4.039619135944251
3.643609448471787
2.982297931774224
2.23618112206463
1.546267385642621
1.053902136654942
0.8923788389203455
1.105795438890448
1.206642594215026
1.184171667890425
1.202691067769995
1.210323310350961
1.215815592459206
1.217746082601893
1.216936652754049
1.213801579642626
1.208771835796663
1.202142051817515
1.194068321222093
1.184556047939393
1.173492906580772
1.160696365679766
1.145881554326523
1.127062794703564
1.104348708859828
1.082659276146538
1.0572901416191
1.026529144745379
0.9853776739468922
0.9342617210205695
0.8559723525779964
0.7829106494608827
0.7251486866681789
0.6728221825961901
0.6212961394747353
0.5707265734541095
0.5206752457795958
0.4709186650577999
0.4212809430637128
0.3716900681209885
0.3221191510451544
0.272558184536296
0.2229959819993295
0.1734467231212757
0.1238937023201922
0.07462906877964294
0.02541982870669297
3.559973879212742
3.520292078482292
3.487874148488101
3.443162447942579
3.397186443709795
3.347327341754218
3.294010377130975
3.234429862743159
3.166217049831774
3.10042029366629
3.053788319443044
3.022232966971897
3.002923516237399
3.017578910963571
2.929972972552038
3.234442381499593
3.975692738477738
4.106312083356165
3.76122367390664
3.125767454350608
2.387682725118011
1.710958522919165
1.228983522961307
1.028895401518577
1.137684193965714
1.208007263660907
1.191921526901436
1.204325098509044
1.209909899923323
1.214393550470974
1.216178377956554
1.215630129068162
1.212941024053094
1.208414172291735
1.202285221573033
1.194665790055025
1.185493685120907
1.174582410134509
1.161823755988297
1.146861378362362
1.124836225357881
1.096311932589271
1.073945678998385
1.048270426002382
1.018267688827352
0.9786820175201048
0.9295388988442893
0.8562738222990667
0.7861943148134354
0.7291059580970216
0.6758181332406187
0.6233022201585019
0.5719938048883461
0.521468158963553
0.4714119593276425
0.4215844158493109
0.3718739815518745
0.3222282825873817
0.2726208408007032
0.2230301708400142
0.1734642028474163
0.1239008040842146
0.07463195728826476
0.02540616322687447
3.633318820597172
3.540085090396866
3.487319976887834
3.436597999663461
3.388162004198941
3.33520314474921
3.277692655767883
3.215645096600073
3.150289761565363
3.089046042150123
3.041867718407933
3.009690540269986
2.99003075678059
3.003272458815974
2.929781596768844
3.267751382589545
3.931338494501219
4.018640886588893
3.702574233252404
3.142535994154485
2.48650537403166
1.866547460131191
1.387865101177526
1.127156755651136
1.149042410787506
1.211333008531886
1.203720336913141
1.213220985604907
1.218422273084655
1.222705746795455
1.224536235502877
1.224013843724314
1.221280560830918
1.216640834731971
1.210339513507763
1.202408138509564
1.192557226249432
1.180390442252993
1.166432740221014
1.151244260423163
1.123888641958198
1.085361246506466
1.06623752609975
1.043909534647965
1.018758903203727
0.9846425068786205
0.9419093864558377
0.8633923522792285
0.7898460228791864
0.7351568496267489
0.6816586316662427
0.6271166191751015
0.5742076728747508
0.5227374390575005
0.4721659734853133
0.4220470360763032
0.372166566153699
0.3224244445636392
0.2727637670051903
0.2231353977913728
0.1735299168253891
0.1239162782024357
0.07488155190242184
0.025622467248283
3.928612950178788
3.640953975546138
3.542346540998059
3.479904684960283
3.424389786732896
3.370080878177977
3.318415638967007
3.269088651724302
3.221716520117929
3.178926979994383
3.144778617686628
3.11952377908296
3.099436454361056
3.096678108421608
3.021622613222301
3.273115587870254
3.744304898257907
3.76186122252214
3.492374863580633
3.044072036254667
2.51098655694869
1.981643935831653
1.532576154118024
1.232718364289264
1.168575528662623
1.190545289801122
1.184317795716959
1.187878910762653
1.189999133240328
1.19229833773992
1.193438057220083
1.193312579316004
1.191858431261728
1.189179907775512
1.185516467015793
1.181180331925757
1.176398593919189
1.171816567852797
1.171941564748469
1.179078560765386
1.153048235924242
1.077956943979339
1.061973754502482
1.043926132305933
1.024806168428182
0.9959346557353238
0.9538890252557309
0.8194044152242796
0.7240724620478567
0.6927577525309837
0.6584720595134804
0.6129799535222167
0.5657624028133742
0.517891437185916
0.4693632511480563
0.4203294567124054
0.3710223499307607
0.3215897743271743
0.2721017356289903
0.2225635665142467
0.1729366048136134
0.1230651854753055
0.07428298760258072
0.02469205519331856
4.492467855040973
3.56268801630093
3.32961426044573
3.349447758010593
3.347857554552561
3.293010621638365
3.209290253666069
3.110065083034606
3.00346654592778
2.903155390016378
2.82589460981896
2.780453697002718
2.755121358671263
2.729116674130366
2.708424662653644
2.924843083628674
3.299885749058687
3.334633774693658
3.166605403096843
2.857574220465731
2.46611207345988
2.053113501797013
1.676932842266102
1.395816933836069
1.293405625884642
1.272512888684268
1.26374742993238
1.269859901760828
1.280991975316184
1.290256264941935
1.293934185317216
1.292257382535604
1.286630162438601
1.278674800737926
1.269817341695334
1.259980246448202
1.245470594656064
1.22284925621785
1.20710867141566
1.20557581960673
1.088244348908926
1.014660525890218
1.039165685187868
1.043749025181071
1.044992102128088
1.046677718929757
1.058241141196219
0.9573389083034348
0.8012069513893516
0.76780647740493
0.7203041598492866
0.6451879244554795
0.579592798442672
0.5246757505055918
0.4735142446177146
0.4230398815882552
0.3728143922322611
0.322894646300147
0.2732267962437927
0.2235118070934963
0.1731520070364646
0.1223351054769938
0.0766001687135143
0.02923458025655328
3.427712227245436
3.129652914324313
3.008240027080041
3.04330023794017
3.060895293368416
2.988176318909261
2.828536757853449
2.605072711225484
2.349210205886842
2.103130055121468
1.910802848709135
1.800122694666106
1.771466388767044
1.813407866290653
1.948875087547937
2.229830833456298
2.613747915839239
2.793861918302366
2.775306418275066
2.615589531811861
2.368658556668598
2.085162703191098
1.816861978166133
1.617234128747777
1.524746736225286
1.493812143471256
1.500138030110458
1.526396220993856
1.557458547995846
1.580149058547499
1.588197925630668
1.581728913942863
1.564042746466247
1.538985435557674
1.508813847243653
1.471199026053914
1.414805236769197
1.314572952074329
1.129958430451271
0.8481490934394091
0.8190505195553792
1.005777377919903
1.024250304822802
1.048177106826175
1.068783916112563
1.103125932021687
1.125382916366029
1.461442148433132
1.550349508434592
1.198982631228386
0.9319777414175415
0.7588658033873598
0.6442336346413731
0.5625608663310868
0.4971592695969526
0.4391843796732567
0.3848619342750474
0.3326323683305894
0.2816321500962025
0.2311561037288526
0.1807989984446909
0.1315979610146938
0.08749018767186693
0.05510286187107543
2.768125517253072
2.751285701844654
2.737730459494207
2.747091701799737
2.728906034343536
2.630127157329674
2.436077950249123
2.165205564163334
1.856400402188578
1.559426191761103
1.323061818287754
1.182047609643197
1.151710486112457
1.235684317455191
1.434061504588165
1.722285293354533
2.038327075752452
2.272115351432153
2.371655022656193
2.348239831793538
2.237774006515156
2.081857989114797
1.92257328480112
1.796145106197357
1.720076857330635
1.690118038597408
1.696607295231649
1.723806982644149
1.755880467317376
1.779615130141039
1.787310453372501
1.776944432270934
1.750073126437796
1.708843024381774
1.652712624074919
1.574783511448712
1.458547731642062
1.28014029850094
1.033161580053243
0.8066573917149005
0.8809675392281864
1.020056008192468
1.028499325825992
1.053182534812838
1.074202628072473
1.108536588119025
1.114527209411331
1.363397084340352
1.584930448857812
1.397177341491687
1.123922428532544
0.9003702194026867
0.7408634316051373
0.6274360322919135
0.541851985564457
0.4718718788154053
0.4105306608421522
0.3541552559258149
0.300813093480739
0.2495853707766317
0.200623171961675
0.1557678554368801
0.1192066534879905
0.09752588280514368
2.402208069891471
2.445327674607056
2.475605724762827
2.471268053966914
2.416872548161015
2.291132859633649
2.084581759639892
1.811170154742412
1.50536510104008
1.212349641406164
0.9769896533934064
0.8347635487631558
0.8068855912354793
0.8979646288490419
1.091441086672207
1.346781217599726
1.614158874438691
1.849656876624673
2.012449765473419
2.088935744624693
2.091381680076872
2.045318211566133
1.978952228561719
1.915373759153914
1.86874421298446
1.847340799504811
1.850532105852063
1.869675048797356
1.892912004759004
1.909232882876025
1.910834730651915
1.893691160646411
1.856426415097137
1.797995211556051
1.71501595961448
1.600105995052426
1.444144155964199
1.247981866749482
1.047268010337608
0.9307775699410228
0.9869720505627454
1.03958410270346
1.041614428099716
1.058186739279839
1.07239869348591
1.094005680374656
1.088040551939573
1.176194468194859
1.351759998036208
1.344660884736564
1.19507789236775
1.007363268899083
0.8398864110469131
0.706709801850675
0.6028596687536396
0.5194973445447592
0.4493384177160851
0.3875929419978554
0.3315466345990955
0.2801080584248548
0.2336803064072056
0.1941864901702135
0.1648041667191738
0.1487881774568185
2.197703114576318
2.228035759710575
2.249188541039798
2.228573392956127
2.151146279751273
2.010109296957674
1.806081723480807
1.552648779276727
1.27730562102075
1.016169165018365
0.8062735811822882
0.6784827329878489
0.6515808630802997
0.7269800449351463
0.8860833319269557
1.096178063568235
1.324010097724759
1.543767830187242
1.730118313508995
1.865507650523681
1.946881901479146
1.983310295947842
1.989247194376851
1.979023753668055
1.96496608485406
1.956906119398234
1.958845582593628
1.968445884890122
1.979213820441034
1.983453891512434
1.974342553203421
1.946790692520428
1.897161324719143
1.822255789895656
1.718590952060843
1.583698813050374
1.421426170648047
1.250982332661631
1.111484282309616
1.043693079261683
1.045484401173334
1.049939799531494
1.052589639922927
1.061895525205129
1.070438917092731
1.081980035996531
1.078070044435643
1.088291608758348
1.166211215910935
1.2122777257019
1.165258781985973
1.049835409951282
0.9119996488670219
0.7818194171486276
0.670201947547578
0.577190761391102
0.4990887402320432
0.4320857068147808
0.3735617059801997
0.3223609279522739
0.2786953011770276
0.2438078139571635
0.2193140651439424
0.206315620182181
2.079407937839869
2.085513721647854
2.079207189482644
2.037409393114416
1.946172697558102
1.802582660346963
1.612246066658711
1.388879547510586
1.154124538163738
0.9350227163127656
0.7594261636746099
0.6506452469783788
0.6222223460010188
0.6741402753062103
0.7930809694568776
0.9581629338783303
1.148254381713782
1.345112181284913
1.53167771481405
1.692785842236123
1.819040447732004
1.908532981655509
1.965240863117345
1.996514262277881
2.0111708787211
2.017475068616128
2.020884376811861
2.022903083162072
2.021444277488359
2.012194726175514
1.990047885582497
1.950090288997684
1.888102084530374
1.800949034803717
1.687637173491894
1.551801654286362
1.405192808954784
1.268746415932421
1.165251734615272
1.102970458319893
1.066987997228922
1.055665483432423
1.059987813414633
1.064542536784887
1.069489070089705
1.075083491432122
1.075081692314157
1.066315684390402
1.078205357365735
1.106708343711157
1.100280182598286
1.042108918167134
0.9469671176641241
0.8381017581636154
0.7323816139162169
0.6376263084081844
0.5555479653869302
0.4851879221023189
0.4251269415205232
0.3744912680391962
0.3331647324956888
0.3015297573301147
0.2800014404787984
0.268700327952364
2.012268430522633
1.999683979972768
1.968634365687271
1.907861762930888
1.809085508657454
1.671415137083313
1.501339694315683
1.311185493110522
1.117697799853617
0.9402675253278699
0.7982146160273128
0.707328894723376
0.6765639711681863
0.7063047632513239
0.7893761051034437
0.9142138484119966
1.06789092863564
1.237495444253675
1.410333479082155
1.573896648422783
1.717368018354293
1.83364923559459
1.920292726319106
1.979097226155439
2.014770356256691
2.033070729566995
2.039082848187718
2.035943222851768
2.024306761397239
2.002592832181767
1.967732572970301
1.916104798547299
1.844565414599576
1.751705398386542
1.63948026689724
1.514853600864943
1.390015134053903
1.279024613576009
1.190785976167746
1.124111108182407
1.073440185093167
1.059484924810582
1.064552690590738
1.066474619305511
1.069372255415807
1.071919215918326
1.074043849760963
1.064128772999359
1.047580120338397
1.048732671895681
1.044668347049786
1.014460720738248
0.9537510304658303
0.871800547237753
0.7816891143222795
0.6936404147277239
0.613341925572207
0.5430384849092474
0.4831894221821714
0.4336577283265412
0.3942501218328866
0.3647960415829181
0.3450636009281723
0.3347706535509573
1.980732935151282
1.957356688352505
1.911168794365461
1.839037581658719
1.738790175068377
1.611916414536003
1.464533725149668
1.30658692375505
1.150432725227858
1.009353340713309
0.895888702066755
0.8199970025424268
0.7875403394022963
0.7997686092826178
0.8539614120682932
0.9445824795779105
1.064194845605427
1.20403134293006
1.354419889477446
1.505042297134346
1.645705235554582
1.76782283642215
1.865849175509761
1.937852044192981
1.985027765067436
2.010542772541138
2.018228206932173
2.011395568577529
1.991999281139257
1.960331916973192
1.915297902894376
1.855178628702915
1.778766287132711
1.686702359514053
1.582652002730897
1.473575800932941
1.368219541446327
1.273834748744248
1.193334615487542
1.126472630305622
1.075338233827639
1.06250643411308
1.067405951533792
1.067975416243792
1.069688463087012
1.070705442109377
1.073433972341188
1.064772084296423
1.040147116837028
1.024414649932152
1.011390639524967
0.9887280614338153
0.9477343541898453
0.8882575485165658
0.8165760058157785
0.7407969256806262
0.6676150086968184
0.6012885441622376
0.5439946045572861
0.4965730976237863
0.459128398377421
0.4313869765513175
0.4129166297731945
0.4033118832796997
1.976825408984644
1.949218665269777
1.897474871402278
1.822830827676674
1.727270022710903
1.614325494331347
1.489666249843535
1.360855056845478
1.236488241604975
1.125182579468403
1.034643770993815
0.9709127416097535
0.9379266809163802
0.9374689052630573
0.9693396309646188
1.031470675418238
1.119937695393582
1.229053817065256
1.351633916452162
1.479383077845217
1.603533045898692
1.715886632651518
1.810013946733529
1.882065580453337
1.930884140835905
1.957498158262177
1.964267334368829
1.953933223944986
1.9288030091279
1.890278820496511
1.838875779504273
1.774738141608233
1.698505341842855
1.612208307121554
1.519713449066431
1.426231741957593
1.336851314914192
1.254988542444667
1.182340807451048
1.120994010389807
1.075811021744262
1.06503414732334
1.069290061584729
1.069222609285015
1.070239057822647
1.070496639085536
1.073135709180613
1.065649537990748
1.040794700067422
1.017845642537192
0.996874943077436
0.9731649112902234
0.9405259266552107
0.8957214940788144
0.8400858582796422
0.7781617662735513
0.7153588312526767
0.656248249727637
0.6039064490701643
0.5599877732717452
0.5250946017056153
0.4991844633027789
0.4819208645090845
0.4729427806437992
1.994275649459446
1.967156538733451
1.917302805722858
1.847764078541375
1.762466020541834
1.665962947389392
1.563406596052976
1.460403592974229
1.362630129610936
1.275355276246876
1.203078724951019
1.149379412001196
1.116937798847795
1.107585959926811
1.122216532672333
1.160509480992576
1.220622603545944
1.299041452336917
1.390678493155019
1.489212974425729
1.587639870300863
1.679026480964974
1.757376968625797
1.818359449281149
1.859663463893612
1.880913406681786
1.883218624157057
1.868531214260861
1.839009630477816
1.796577851678593
1.742815206170446
1.679194164382805
1.607522483302761
1.530302977063446
1.450697677498547
1.37198619889245
1.296843991838217
1.227138029191554
1.164706647500965
1.112623580856785
1.075716459844323
1.06719451722961
1.070637790178639
1.070321206782448
1.07092704199154
1.070829425805062
1.073154745404327
1.066859926277892
1.044249997386081
1.019301718988148
0.9939239873613279
0.9675209554848818
0.9373467969092998
0.9006602490158461
0.8567273477259398
0.8072938299322361
0.7557060790729202
0.7056273331954763
0.6600884979399032
0.6210944599128601
0.5896654437265799
0.5661029451574833
0.5503114526842342
0.5420752175142762
2.025913075699924
2.002497225629158
1.959819177072005
1.90120467885258
1.830852854115114
1.753228713789218
1.672677092900923
1.593217013063376
1.518404169183045
1.451239224456837
1.394175327854281
1.349240328990853
1.318188085444932
1.302535327941689
1.303392500948647
1.32112954543707
1.355023570187441
1.403041021758599
1.461839883256306
1.526999005570442
1.593424161464949
1.655872996692047
1.709537857936304
1.750587612375224
1.776542240973997
1.786386693511003
1.780414617459692
1.759880817009084
1.72659140514932
1.682564564591758
1.629853687428487
1.570540895945369
1.506807463571706
1.440928565092758
1.375093352228493
1.311132070175604
1.250422972141765
1.19422510018402
1.144327390104402
1.103512271229356
1.075431427163155
1.069084017183262
1.071696187420784
1.071333703479619
1.071698556495086
1.071458080778842
1.073435859880152
1.068316568608785
1.048507358855409
1.02387354561021
0.9968414149606526
0.9686257214912652
0.9388837603532268
0.9063730386035667
0.8701856936555823
0.8306377748329885
0.7893359420162042
0.7486139920534683
0.7108171085253713
0.6777951753874574
0.6507180113307218
0.63014691059773
0.6162347413950809
0.608943065096517
2.062807968043597
2.04532924862349
2.013613757381118
1.970377936241019
1.919018260614116
1.863025658991081
1.805544272809941
1.749149575284521
1.695814532836514
1.647001497760127
1.603832668823357
1.567287583268885
1.538348292446282
1.518011328008005
1.507139647213694
1.506206665475748
1.515032764388952
1.532610272779312
1.55707293963497
1.58581474202912
1.615722837106243
1.643479315466951
1.665898240602435
1.680264337000329
1.684620076024173
1.67793920926587
1.660150643100523
1.632024100359444
1.594968322384955
1.550804816015188
1.501563760477009
1.449313688740791
1.396004712403516
1.343306616160743
1.292473296674515
1.244329771408797
1.199473593046743
1.158651455155629
1.123094629502683
1.094576299666632
1.075172326179677
1.070781836336239
1.072605971050715
1.072296925307149
1.072519363580555
1.072239853794079
1.073908394596252
1.069793624249492
1.052602611341102
1.029183333810498
1.002107974096755
0.9733307953340017
0.9438423970983578
0.9137057032703128
0.8825734799935273
0.8503530008511809
0.8175970930971569
0.7854667882759032
0.755405739846458
0.7287710056495369
0.7065930896227657
0.6895111012233645
0.6778383765634964
0.6716837090339036
2.094385157654876
2.084578107318473
2.066857222020353
2.042815134211058
2.014383904565748
1.983454095117126
1.951573714646328
1.919805981341919
1.888752921365209
1.858693919050384
1.82976879988567
1.802140196509786
1.776085137335209
1.751991964950214
1.730274775456026
1.711247355453614
1.695005328546126
1.681349871991752
1.669763174712492
1.659427864914832
1.649276882617819
1.638066821163872
1.624479992742424
1.607263057329491
1.58539447585285
1.558251121822347
1.525734723258703
1.48832660275434
1.447055657244236
1.403379248507226
1.358987542809337
1.315554365593421
1.274478022550326
1.236681248071001
1.202551112851092
1.172066558436013
1.145071817073172
1.121554250079505
1.101765981945884
1.086132848570589
1.075035359996121
1.072346440873885
1.073444462054902
1.073232083150825
1.073368350099903
1.073093534507858
1.074518626508549
1.071151349124691
1.056077260173142
1.034093905138618
1.007785570734439
0.9794048540607354
0.9506050645158148
0.9222876192091293
0.8947192530776846
0.8678812487944588
0.8418430988910331
0.8169660589730607
0.7938868790938789
0.7733637091795179
0.756103998139071
0.7426543431299183
0.7333707451571881
0.728445014628114
2.109094266827551
2.108546372587401
2.107669123672177
2.106609022763386
2.105409138169423
2.103914648717293
2.101708605859676
2.098119073570952
2.092305962772686
2.083393630635592
2.070596627505834
2.053298595938606
2.031075242924897
2.003682981812521
1.971050142890388
1.933297487697477
1.890783297406283
1.844138005858461
1.794247314407688
1.74216423305318
1.688963751209092
1.635580466244082
1.582680554849909
1.530613208704362
1.479464152854699
1.429201149258219
1.379869697980814
1.331777326476686
1.285602284082515
1.242377551463066
1.203332841150001
1.169623335559506
1.142025040606242
1.120710985441254
1.105209674753611
1.094569906299554
1.087641237844301
1.083304179478216
1.080521143001137
1.078209256672952
1.075041419421915
1.073817876617198
1.074251348742887
1.07415096163259
1.074233543670683
1.073976644434605
1.075231522136588
1.072348724039619
1.058779453113768
1.038117079802782
1.012918522522948
0.9855494331281137
0.9579570428830038
0.9314773238073267
0.9067855965514886
0.8840375907471544
0.8631345759439488
0.8439820305635194
0.8266404500515523
0.8113467091467921
0.7984487053552942
0.7883140056319894
0.7812552767718203
0.7774869604429793
2.095407906831924
2.105734393097384
2.124652297825557
2.150639443565791
2.18155253437659
2.214853673132376
2.247816700277463
2.277712814282959
2.301979850752988
2.318355847627666
2.324947857040958
2.320230212671387
2.303006497106048
2.27240002178854
2.227932132568416
2.169693153395837
2.098536119052556
2.016185545969947
1.925180665702002
1.828640607095512
1.729903867371192
1.632130396358273
1.537960479661376
1.44930789736079
1.367330731805259
1.292576556072268
1.225249825607933
1.165512754858739
1.113719069202956
1.070497665230264
1.036647643366333
1.012868441481177
0.9994131893081842
0.9957965023485792
1.000682809707792
1.012011477923372
1.027295944854286
1.043927237152217
1.059302872142938
1.070725268999723
1.075180404110078
1.075221319627221
1.075044519988478
1.075059706431923
1.075109025822809
1.074870149924767
1.076025253344673
1.073390666184865
1.060718804829796
1.041129096420552
1.01716282740578
0.9912085479267334
0.9652889719367665
0.940874475724398
0.9187947605005766
0.8992939853032624
0.8822148610598354
0.8672391702033705
0.854096020165271
0.8426795929532458
0.8330672243977281
0.8254655789053548
0.8201250767269669
0.8172561067939971
2.043023848903833
2.065836258491726
2.10754649170831
2.164831293129695
2.233161641746201
2.307357961916019
2.382070697341392
2.452141177347129
2.512861522496866
2.560143647783416
2.590583147141934
2.601430918274891
2.590539653487097
2.556395139586757
2.498309510944385
2.416732789886678
2.31352547433225
2.192028611916409
2.056859093285042
1.913464064975705
1.767533195311445
1.62439037321672
1.488484972807469
1.363081961115458
1.250205755797883
1.15082907998439
1.065233111756472
0.9934211206051793
0.9354586574981737
0.8916400107263609
0.8624330977052337
0.8482184205147159
0.84889784227842
0.8634948219662656
0.8898896318070378
0.9248141251443666
0.9641450211237486
1.003377699699806
1.038011139281558
1.063592144344446
1.075433225845032
1.07656898365137
1.075828652741212
1.075960878719626
1.075993033101831
1.075769554812415
1.076887295082544
1.074293437135673
1.061977164076052
1.043231420961615
1.020597729590687
0.9964114617540942
0.9725980197889842
0.9505227255009377
0.9309359931600765
0.914030193897049
0.8995953791894116
0.8872302074359264
0.8765462667300945
0.8673103589680069
0.8594968692675015
0.8532557003114306
0.8488252983309942
0.8464288239422666
1.944196743877234
1.980849265681774
2.047969214017668
2.1404689039426
2.251387983301304
2.372747355743449
2.496308506272449
2.614100918927968
2.718754143008014
2.803730082002236
2.863467823443742
2.893442604867325
2.890216051583299
2.851625171030399
2.777156416493995
2.668338115313278
2.528902315737873
2.364587254610843
2.182620226345009
1.991002528912779
1.79772126315426
1.610003797309678
1.433733010067478
1.273128561980226
1.130746467288596
1.007766520281664
0.904460397424854
0.8206940474699976
0.7563262273401024
0.7114099912465801
0.6861639053899645
0.6807327118510689
0.6947912579398375
0.7270681964303212
0.7748997593130172
0.8339771369267336
0.898475082443982
0.9616355136341483
1.016571470306845
1.056752391125058
1.075774406326754
1.077860398302228
1.076598485652855
1.076854433533002
1.076887344062529
1.076681756191679
1.077812459193369
1.075075660734609
1.062684644582161
1.044712983282427
1.023664633106372
1.001695777030628
0.980441326977764
0.9609423264142105
0.9436749484197473
0.9286600012963376
0.9156260412496359
0.9041944650333237
0.8940483599547383
0.8850472057237692
0.8772636186188135
0.870942391025351
0.8664051027457573
0.8639362984933209
1.795121084711271
1.846245871427883
1.940228732348187
2.070586566045726
2.228186655576887
2.402267568798368
2.581497945419249
2.754726376317338
2.91135390546874
3.0415976151312
3.136807510807294
3.189797316132689
3.195266563569843
3.150430127898557
3.055670259850744
2.914793964051896
2.734678249226016
2.524446457986557
2.294460422407536
2.055325553227747
1.8169928074917
1.588017066818537
1.375057963887731
1.18270500766806
1.013643881064053
0.8690875217194152
0.7493266668498646
0.6542412421380603
0.5836541099091778
0.5374781872291758
0.5156736614485951
0.5180631323028354
0.5440367687173301
0.5921413790090658
0.6595453430973399
0.7414659643908198
0.8308337978429077
0.9185982431111874
0.9948485137367195
1.050190741630113
1.076190065490049
1.079084149941902
1.07733835338278
1.077738208160353
1.077798063903926
1.077627058932362
1.078801931095178
1.075767962242568
1.063059557791326
1.046103875494069
1.027202160235455
1.008096557981727
0.9898829985008497
0.9730686385171711
0.9577163537258948
0.9436221977982846
0.9304918542727638
0.9180943381890853
0.9063727228349919
0.8954935411256234
0.885827149191171
0.8778685756435978
0.8721236884368282
0.8689922141622286
1.597225453319461
1.662133702010743
1.78221465904963
1.950484653520653
2.156457077793444
2.386954482553224
2.627413831914899
2.863091184417598
3.07956911095746
3.262884798415334
3.400027223396529
3.479798795223163
3.494197356217726
3.440047110096137
3.319927155594598
3.141720491081482
2.917073732711313
2.659547609723655
2.383006657966046
2.100395746467259
1.822876442996851
1.55931425782154
1.316137171914697
1.097545747169337
0.9059797068581381
0.7426904909798613
0.6082607386314215
0.5029526423606338
0.4268439339424266
0.3797968146301218
0.3613631190171571
0.3707181004119607
0.4066280851319375
0.4673380478573406
0.5501899283952223
0.6508389548469203
0.762206967867347
0.8737896946114451
0.9722793180454542
1.043878555814596
1.076783070008005
1.080229994021282
1.078016498246792
1.078608002147876
1.078737913861547
1.0786463283634
1.079863214940493
1.076444141527726
1.063520859916357
1.048316803031848
1.03254825235317
1.017161745398554
1.00241744163873
0.9881163921548501
0.9738569237937914
0.9592581951516882
0.9441277441868442
0.928562030666753
0.9129717922340248
0.8980333934978192
0.8845829765075909
0.8734823125392168
0.8654869449461632
0.8611396458000214
1.358131517492093
1.434264272348946
1.576381900342166
1.778492696630852
2.030435493742837
2.317722782606833
2.62260154689334
2.926059378884416
3.209127345478988
3.452663514333021
3.63763523245346
3.746921952573568
3.768904685629503
3.700868850944
3.549678532393698
3.329527086478186
3.058500534873569
2.755492580940773
2.437973819143571
2.120565234846983
1.814356771362803
1.526963476949943
1.263185492052504
1.025961285466197
0.8172664059262356
0.638722576645871
0.4918313231699714
0.3778657834605604
0.2975500768957625
0.2507266072833728
0.2362203842697812
0.2520095161800085
0.2956354949557541
0.3646168164130169
0.4565186443097594
0.5683062703791235
0.6947525198852922
0.8261959103136873
0.9470332582284788
1.037275886786307
1.077917468766108
1.081313455778832
1.078557445574974
1.079452867972899
1.079729265045318
1.079812971654228
1.081011375691396
1.077285453459502
1.064888568848517
1.052857856175244
1.041656311547995
1.030929913507309
1.019824157519585
1.007360742766659
0.992749572459086
0.9756067222489371
0.9560730876938529
0.9348234629133423
0.912966250619253
0.8918629804986488
0.8729200730419074
0.8574049111614812
0.8463171615563049
0.8403197197250892
1.091941922329095
1.174642555510675
1.330780962760937
1.557177324446088
1.846613150445071
2.18578015975696
2.554607102146032
2.928606668830838
3.282680908965864
3.591488909174133
3.82779976239835
3.966384971319855
3.991975051965654
3.904461700601989
3.717566036679817
3.45366388591305
3.13842427617055
2.796640379876108
2.44922934625773
2.111410935379447
1.792349026416804
1.496301703997482
1.224733708472315
0.9784681876608301
0.7591011048982261
0.5693898034397349
0.4127690109353014
0.292361525980618
0.2099249681224458
0.1651634055578654
0.1556876587604739
0.1776265352145776
0.2266346569566385
0.2989221134792199
0.3919133897358604
0.5041183504232618
0.6337032374373857
0.7752468254352236
0.9149683912563726
1.027410296918143
1.079629982277218
1.08234979137237
1.078756871710012
1.080238040637758
1.080809295785853
1.081249250678954
1.082272338567389
1.078680970320663
1.06865763249315
1.062036346147654
1.057127535649662
1.051785716520085
1.043905010774759
1.031823627740799
1.014595823653972
0.992148771954915
0.9653036428453876
0.9356318712605342
0.9051700198346335
0.8760768629282332
0.8503315403487581
0.8295373605158294
0.8148424882380219
0.8069473232929167
0.8185653467848674
0.9013845644211083
1.059858067076012
1.295100853385535
1.605722628658588
1.983795290919119
2.410337264749986
2.85452046115122
3.280726291884019
3.655390961436139
3.940152487970147
4.101202130535228
4.12301072405402
4.011700915056878
3.789154315870203
3.485879616149224
3.135221063105062
2.768135353251577
2.40860021551868
2.070928512819373
1.760044779234891
1.47449014076691
1.210706102941391
0.9667879068226251
0.744413032201038
0.5486300787422157
0.3860722571622501
0.2625561637864263
0.1810451688799783
0.1407294630983442
0.1374204713785111
0.1648873695549753
0.2165327799064106
0.286904756769608
0.3727550446807378
0.4734552890177842
0.5904244826903395
0.7246685119879539
0.870631232040927
1.005196135962163
1.078217849043643
1.08300305083861
1.07812185467582
1.08086800080635
1.082039617431205
1.083142601162687
1.083687430782722
1.081327633927811
1.077233624048625
1.079011188326017
1.08201877326734
1.082112974245832
1.076076980353854
1.061868544273848
1.038787461554598
1.007540412297758
0.9700914229006347
0.9292624535580478
0.8881914036479915
0.849823678783832
0.8165721523415173
0.7901850344025484
0.7717799272069352
0.7619658084344766
0.5620427760868935
0.6375179642980398
0.7844027963421389
1.008668799599295
1.316324795119783
1.709155263250196
2.176836059652451
2.68662597877251
3.1838048928727
3.616039024534363
3.931640997037563
4.096285198472662
4.104771015509561
3.971851158573448
3.723927593186835
3.396271360308899
3.028946439848378
2.659005473330176
2.312571773171519
2.001054163382623
1.722895549897116
1.469214674977482
1.230524981804998
1.002098739027704
0.786369568620422
0.5918483547867432
0.4294361431231571
0.3080608234909578
0.2315641982309949
0.1979893062910568
0.2009234987062665
0.2317890822991304
0.2820698849267663
0.3449548640402502
0.4163477094864596
0.4954107641600502
0.5847201141376347
0.6897167016597845
0.8157137604424605
0.9559159112625182
1.060305767090084
1.081816874935763
1.076051049576066
1.081295936300038
1.08358414875176
1.085774941884008
1.085327021387184
1.086240148243344
1.093868526697964
1.107429021125988
1.119298340131477
1.123719423605673
1.116834120307594
1.096721539934552
1.063524013741136
1.019383107719449
0.9679609756716346
0.913633135467006
0.8606502109122877
0.8125386525001844
0.7718446289346228
0.7401703301978406
0.7183793600969908
0.7068495851328779
0.3481710343714917
0.4087942171000212
0.5300295131168385
0.7226086636124456
0.9991504253279888
1.371478571461704
1.845595122993903
2.404685582361195
2.975691270026472
3.438564761819966
3.738674521677188
3.872495379621682
3.861834318262225
3.723201300796761
3.476335815805778
3.155335724394031
2.804903851831998
2.466502444204605
2.165887133885751
1.909296137452507
1.68795772982894
1.48631637734407
1.290120790084474
1.092549439500066
0.897109322528832
0.7159940578019799
0.5642628620316206
0.4531916020053861
0.3864753897656839
0.360492610930144
0.3669483692219337
0.395961590558831
0.4384253197152189
0.4873252571534168
0.5382545360686788
0.5896162956623389
0.6429044236622617
0.7029955664861812
0.7785904453120438
0.8824863641549968
1.01135950681242
1.07556629850667
1.072804756129427
1.081921120381673
1.085876122266262
1.089560473412076
1.087323652692861
1.094581964279257
1.121958069902771
1.150469707904111
1.170957599009148
1.177103901736655
1.165118515172233
1.133933788769254
1.085445901187993
1.024112888516626
0.9558361033172351
0.8866177777164369
0.8215302850422874
0.7642332008344156
0.7169768660036595
0.680895962806608
0.6564003119204237
0.643533760396781
0.2017768510062048
0.2411201303911203
0.324581883459082
0.4676245867328654
0.6881508077648391
1.003221418597869
1.429838824314396
1.985251589256396
2.638246112045671
3.069184553913073
3.2668409429042
3.329007996749771
3.305434767299839
3.1935628170044
2.994549303993769
2.735241676070447
2.458154030451346
2.201600733541833
1.985451285667347
1.809871895324674
1.662462880434514
1.526622723495143
1.388168942680152
1.240260534324529
1.086550617480618
0.9402560277708232
0.8173769487168721
0.7284422229612382
0.6756216687803377
0.6543362882942723
0.6565307264556824
0.6736163031182931
0.698272793615255
0.7251276077060745
0.7506421324817925
0.7727527438032165
0.791234391749803
0.8089439661424765
0.8305110322071105
0.8631794677980882
0.9773085286420538
1.071509434468581
1.07368941592414
1.084828625403985
1.089851027542627
1.094995026257342
1.089878839230906
1.107295368214181
1.163593217917854
1.209478344896296
1.237040247771563
1.240696866356946
1.217603864314004
1.168795336005676
1.099378298327635
1.017152626578638
0.9304885708221683
0.8465854641643877
0.770634187949877
0.7057801514490756
0.653534483062536
0.6143250698272932
0.5880092561136313
0.5742716009058396
0.1437051922600346
0.1582191891115136
0.1961631300137187
0.2768708340460851
0.4241424350663064
0.660046238377249
0.9988137885917494
1.451151009407224
2.086885656706651
2.401865974560229
2.395288688076288
2.369280419333356
2.342661127573155
2.29556560172454
2.2153945031445
2.11073711771465
1.998874311172165
1.894269341319329
1.802718674943311
1.723379712674609
1.651987652124598
1.583227528447092
1.512753282132179
1.438437547312989
1.361545937582197
1.287427742790813
1.223019817359218
1.171467433463653
1.133365136115531
1.107044681708111
1.089762941371949
1.078687203550268
1.071473783750975
1.066435392818211
1.062332778285356
1.057838910818194
1.051839627262766
1.047581008462072
1.058510407937099
1.076582274239618
1.09101963343382
1.093607512369243
1.090422117426378
1.094800013519484
1.097374051543335
1.10280534080786
1.093360564151907
1.124437006433322
1.218017299340365
1.282990826589462
1.315018308790929
1.310084185128366
1.267807651572764
1.193788302929391
1.09842624184135
0.9935431610310044
0.8893612717844364
0.7931057253500527
0.7090261777125401
0.6390961559292401
0.5838141146125494
0.5428645860839878
0.5156106352854318
0.5014454521270153
0.1876577676294794
0.1793472510932942
0.1724007545085302
0.1858404510963613
0.2489143151850282
0.3976587221780446
0.6699372947398524
1.112898913154364
1.817886428022164
2.11356878096996
2.025395635661212
2.023554215474991
2.002416374534631
1.975750700677593
1.939906924202889
1.895493482461797
1.847178203017877
1.798442525583532
1.749596245853086
1.700507641434179
1.651303341957964
1.60205011103057
1.552945708955138
1.504036866052922
1.455463627246216
1.40859732833598
1.366325679327624
1.328183796095958
1.29453805152314
1.265097662695772
1.239566056659806
1.217564531088473
1.198720461270428
1.182690836821296
1.169164876755697
1.157815403885401
1.148345211476008
1.140850999904691
1.138058731979852
1.134549544428133
1.120067604575937
1.105320476069442
1.101033807811654
1.102563857507853
1.104401733373714
1.111130973745318
1.096943774497166
1.144260252403403
1.281666102087879
1.367248378420917
1.399590144105971
1.37686570621081
1.305002510935197
1.19848098593517
1.074875574307916
0.9492440165573987
0.8316746384049297
0.7276060762695051
0.6392776514146451
0.5671241604683903
0.5106979568827129
0.4691749057344812
0.4416503741074898
0.4273738635545333
0.3381007949288212
0.3168132979577054
0.2781842893335977
0.2330461688351103
0.2128295750472231
0.2754286530471446
0.5010635489022844
0.9868108106742702
1.844195786661635
2.201422415937777
2.116532828357952
2.131634125659965
2.110857205311969
2.076880909194649
2.027205091635268
1.96289571954975
1.894313539235309
1.829097893603182
1.767732298201746
1.70915012636226
1.652442514487942
1.596454051498912
1.540386834388566
1.483431311196243
1.425347415472305
1.368868402721078
1.320105201673963
1.278022012065585
1.243197759199571
1.214709045385804
1.19161886127503
1.172896780202907
1.15763215615295
1.145083126843569
1.134689634602794
1.126062755887044
1.119067225439518
1.11387881435562
1.11170540837886
1.110887418764256
1.108256434786578
1.10548570184899
1.105181682388036
1.107671848230249
1.110405982836832
1.119568156545288
1.100459119550074
1.164681979345382
1.351270444329216
1.458204591235153
1.481794290046161
1.426572793330304
1.313515890769622
1.170832356285046
1.022399662641188
0.8829973501871582
0.7594297226232785
0.653634464145093
0.5653335000930652
0.4935821151465695
0.4374146289494042
0.3959689707042268
0.3684454578995473
0.3541588836654473
0.5916738632685796
0.574461773953574
0.5296275064947499
0.45125359038188
0.3649567620059411
0.3434102493492464
0.5052443339213948
0.9847179617323935
1.880981908088054
2.199524218862086
2.102528867046435
2.118185649734763
2.097397680299097
2.063656872089322
2.014296502608092
1.945333365684714
1.874239208158633
1.812573015016982
1.756906136169562
1.703448873972539
1.651045023059106
1.598653681912519
1.545792665102925
1.490845300011689
1.431773465998819
1.372647568747451
1.325105925862618
1.284441210344785
1.251250007069894
1.223968326949651
1.20156168947647
1.183050409677367
1.167652764714
1.154759725943939
1.143919809369473
1.134816623136741
1.127290259580186
1.12129609544337
1.117164384830061
1.114095463953819
1.110922399432955
1.108694836487923
1.108825691277655
1.111930586200289
1.115814890522129
1.128351108280941
1.104044322427343
1.18553603969465
1.429779572210535
1.55226082990092
1.544904231027175
1.436119175882073
1.274469128490425
1.10116993436291
0.9394730407623766
0.7980252006923774
0.6776742342444747
0.5764245026364135
0.4919485926195725
0.4225454188638658
0.3673082897760802
0.325888947258586
0.2980916697260457
0.2836044653021975
0.9446861846700296
0.9485084603140134
0.9233893423076892
0.8475388316362973
0.732361044929835
0.6346272348244231
0.6804047590845355
1.05432005787641
1.909152642679872
2.21348270944672
2.122885986950807
2.141862700258777
2.12289635911665
2.087424807938315
2.033921369955303
1.946557585215373
1.860835190207302
1.798928603479466
1.748309682049872
1.699110932081735
1.650118961163251
1.600547238337604
1.550446937954355
1.495939512745535
1.430228283985334
1.360734680935852
1.312626037362484
1.272539267463249
1.241359672402023
1.216281221384087
1.195869707236334
1.178986173177831
1.164828974419739
1.152827746802827
1.142584042019172
1.133834191953122
1.126443822704076
1.120358076566744
1.115700788736526
1.112189614558367
1.109472395602233
1.108249078044532
1.109414393556767
1.113913544765185
1.119977678961345
1.137826250274191
1.108868121372011
1.217873037900236
1.532450991424268
1.637637335897977
1.555753610542693
1.375146935838993
1.173238723313496
0.9888145587911978
0.8324252576391139
0.7022952036109487
0.5935648303175411
0.5017971812444619
0.423857038545808
0.3579870932865665
0.3037050437665793
0.2615447475819334
0.2324986863678856
0.2172201228643051
1.408285473799375
1.430009713895887
1.425416808297796
1.38242123273142
1.296271621395124
1.166189840712971
1.058896271185962
1.194632744201402
1.907596136745301
2.223033209273491
2.152319220796215
2.176935163263151
2.1636133089044
2.129788514684225
2.076831540952223
1.954674827839704
1.840470544830824
1.778833825997534
1.738051213829124
1.694960393700445
1.649347236038739
1.601768899182864
1.554642734428858
1.500295421172289
1.42177222564971
1.332591304099803
1.288857662018704
1.252867546936997
1.226476827001308
1.205552913108493
1.188424191567242
1.174002112186601
1.161609072040924
1.150807634629221
1.141310627198463
1.132939848571016
1.125609738683974
1.119292493546853
1.114071044442487
1.109936107653916
1.106957048965857
1.105804693999989
1.107367324862925
1.113138739470475
1.122316985858502
1.148064780365825
1.119699822016328
1.29981857893354
1.671320496322211
1.666114882656397
1.461039909651539
1.220633786827024
1.01312635260702
0.8476320754147849
0.7153139325310958
0.6065473552559051
0.514529734751454
0.4349077039106581
0.3649871431759688
0.3033421342174307
0.2498303884299813
0.205741583311183
0.1736436341460356
0.1563194981283523
2.030621996962567
2.000162981938471
1.968965008868073
1.971285283228434
1.96855709802713
1.896284126324513
1.704270042776142
1.490569192584834
1.823616851212396
2.215198157302531
2.194256109222595
2.227470362976876
2.221020776627336
2.185964610183849
2.123460015245314
1.881717276273124
1.743870806405661
1.717155089466383
1.710178833758374
1.681896351353215
1.648118661337309
1.615616408021726
1.595940527180882
1.571912006481237
1.480348266085254
1.308146983612881
1.261178292095765
1.22784381133377
1.206643532673737
1.190829870987207
1.177805074815557
1.166473423535683
1.156303142480694
1.147028883687395
1.138498010554585
1.130628183979054
1.123402702936056
1.11683835020964
1.11102736943508
1.106094277086308
1.102305902107447
1.100379678684074
1.101400056798502
1.107586641517931
1.120152558311695
1.155285744200824
1.147004387987228
1.4673195980679
1.764289833991492
1.523496537539152
1.218418330650693
0.9882065332734058
0.8256650882041751
0.7037984840074559
0.6052573348377113
0.5210758433450133
0.4466796309901948
0.3795313733432531
0.3180086647077552
0.2610664876076936
0.208508311232314
0.1616974517416439
0.1242680393470098
0.1022811245439251
2.911507747936168
2.606805658897018
2.480155883502241
2.525529527651593
2.593362848853432
2.629151990355206
2.565538642874073
2.196848900010807
1.824743782352443
2.219536523790514
2.268462678506325
2.308780187592075
2.321474977847533
2.324769290160687
2.357067514910587
2.162398699299972
1.587794091867631
1.607728102076464
1.707853753677436
1.70733111285035
1.657196733123204
1.606070323583869
1.598982389110128
1.576697986219474
1.282015515768006
1.155735220752607
1.180124558641586
1.1806732744061
1.176733987415376
1.171360191857123
1.164727608694198
1.157505821073498
1.150025130363674
1.142504784047551
1.135050618164747
1.127715842595001
1.120559207644426
1.113640049070786
1.107048253333597
1.100931096091247
1.09557465899806
1.091622636545661
1.090166335838248
1.09363523848484
1.104798621426891
1.138547332231961
1.164021944822848
1.547579384525229
1.498622103810074
1.107931968450471
0.8818950418905677
0.7526437896507604
0.6603685114172217
0.5843000827618352
0.5165711940114828
0.453745301937681
0.3944895975922494
0.3382060836960442
0.2843478595145384
0.2322343625716924
0.1813440055987243
0.1324814168077032
0.08915877986984078
0.05745296202717442
4.121503888888201
3.190289651696327
2.957869793287831
2.982259164581284
3.000180592005496
3.020326240363271
3.120809418455373
3.137281478938643
2.569727267474668
2.383903715484056
2.420379936443396
2.427041152701888
2.440149099357873
2.478017931261699
2.525479360384696
2.908090122739631
2.501954452368675
2.088670260012505
1.947637491162332
1.846778719256492
1.702704889181054
1.506277571370773
1.215404273427809
0.7708006939301084
0.6883295904919441
1.070277777047604
1.101322089295214
1.136113587605346
1.14871537475558
1.153059546360964
1.152261900360372
1.148794768030486
1.143792688049001
1.137909088965958
1.131456060188434
1.124599819227857
1.117437414797274
1.110032873507214
1.102445307262663
1.094714038190314
1.086919660031956
1.079252256391705
1.071979179016221
1.065682818898033
1.060288363532922
1.059089625929642
1.078755175794142
0.9536219410875271
0.6685149819733948
0.6519358021812154
0.6518772144670189
0.608579856407359
0.5571595055797168
0.5077945615257643
0.459234576189804
0.4104383396416313
0.3615756370138629
0.3129493793741827
0.2646407793705462
0.2164192020609677
0.1677307065226837
0.1187925520848138
0.07488572615403682
0.02905026078819869
3.588109642316801
3.300322756871257
3.203139686830645
3.143978613283463
3.094173713376722
3.052311254595347
3.034390900955644
2.999085239050857
2.857338192049102
2.620144695431169
2.561575001864409
2.5297091368485
2.524360859973432
2.556392003236992
2.537582282336606
2.921109664970059
3.19821685514333
2.864043918338801
2.481294012251929
2.135585016259367
1.777455401394946
1.366709726046948
0.904978686008609
0.5454592709899579
0.7765631075869497
1.087497139931961
1.085997011689722
1.121180232104077
1.134922643125702
1.141827169524956
1.14347074053164
1.142058801686858
1.138673674234081
1.133999634338966
1.128333818145215
1.12182221362202
1.114579628579205
1.106639533449208
1.097982438143874
1.088515611287515
1.078071601866773
1.066358878232832
1.05278369631469
1.036181214317619
1.013771692861225
0.9788507722609205
0.9290783500143892
0.7561120816168486
0.6645737448008182
0.6383510525577192
0.6150260720037564
0.577232803436227
0.5354378423074811
0.4917841221012689
0.4468537328984191
0.4010009045484188
0.354551010801961
0.3077233969678602
0.2606500561858735
0.2133867973507828
0.1659376140148704
0.1181916280241549
0.07145748396198422
0.0239437194055542
3.278850591717258
3.18503487761634
3.133182604855458
3.086051887765219
3.044879388034273
3.003964814316804
2.963463528949338
2.901600150106587
2.788740698207685
2.670559507336646
2.621217173329776
2.590179636291428
2.578231617998722
2.602116990111085
2.53640063088668
2.845408469145425
3.475329617288998
3.413595825904685
3.002855045004986
2.472055350941346
1.907264562324907
1.348200218126967
0.8800262996206121
0.6837014464033838
0.9514663062300803
1.114337018780377
1.09455564928726
1.119357090427855
1.129472128527329
1.135818932895394
1.137981475438266
1.137412276156557
1.134925062259462
1.131083876334086
1.12601017735486
1.119733396807435
1.112369340926034
1.103917956857096
1.094300966806921
1.083333792943708
1.070716187194979
1.055989091306213
1.038436091534841
1.016923375560673
0.9897040449172647
0.9526929836707497
0.9076067387262745
0.8186016835019641
0.7415955427118264
0.688647876245663
0.6426291232292788
0.5952408018829665
0.5479007092533
0.5005132526014839
0.4530620607503253
0.4054988564745079
0.3578589473296483
0.3101877120473195
0.2625136367152483
0.2148361947216392
0.1671726468038135
0.1195044137337961
0.07239042789487843
0.02509421893712021
3.203359909769704
3.163517131408717
3.131411127778474
3.087653109133796
3.043487243076341
2.996474165199797
2.946787368472655
2.885648839245718
2.801850738677197
2.717646458496425
2.666997457764375
2.633733908028948
2.616031611359853
2.634046718654951
2.55053646764968
2.846002215014844
3.587244061309014
3.693985508020671
3.341210698489564
2.744979066304274
2.075873432864064
1.459798160399961
1.017494541770003
0.8628527203636974
1.037826048457127
1.123920451337678
1.105596232805918
1.121751047422926
1.128610318916587
1.133598128227034
1.135372931095205
1.13488925810299
1.132837638856018
1.1296644087388
1.125141301586315
1.119067509054361
1.111616904349062
1.102768045607548
1.09239909386902
1.080250306026194
1.065918301221084
1.048817342841692
1.028122317916428
1.002666924817519
0.9709903578312968
0.9303173298880067
0.8815520499663657
0.812097514887015
0.747088158151435
0.6934955383412537
0.6444370493827272
0.5959328719242186
0.5479750039635107
0.5002394093001752
0.4526111196015662
0.405001458318354
0.3573915921676082
0.3097796934127294
0.2621683209201991
0.2145530593304947
0.1669563699223741
0.119365264608837
0.07208002218903341
0.02485925497866386
3.200705791076523
3.161079647088054
3.128626351836783
3.083887649582781
3.037883296286849
2.988003630888099
2.934632044163115
2.874925134404639
2.806215601659037
2.740057871697051
2.693123836791932
2.661201828939532
2.641565367471673
2.655855182963995
2.567770456821532
2.87424511244141
3.62447490533806
3.775327001812891
3.46781464856423
2.889145675618784
2.221236858782559
1.614463525629334
1.182818616257886
0.9949136334071187
1.072566580381852
1.127424354697333
1.115355003148833
1.125682414865397
1.130268085190234
1.133823039583129
1.134584918465871
1.133394223805661
1.131201013323592
1.128486599555071
1.124410625303686
1.118356134503681
1.110717715245448
1.101480904335835
1.090496154551693
1.077454323334607
1.061906185797505
1.043239734592382
1.020663057252361
0.9931855156417553
0.9597688089828471
0.9188776264276421
0.8711920911267192
0.8123556832545713
0.7540757542662125
0.7003561148559782
0.6492369310842634
0.5992392723860928
0.5501538555745411
0.501635379417809
0.4534813335641957
0.4055422934888021
0.3577332538683545
0.3100022364607238
0.2623174369710076
0.2146522725073356
0.1670228190846918
0.1194201977702019
0.07220387593999208
0.02492438364555483
3.273355041203528
3.180205325506089
3.127379245952154
3.076637024257083
3.02815870486623
2.975135882124995
2.917511587053037
2.855282320718727
2.789558933856471
2.727986670814277
2.680507117831459
2.648028287131406
2.628116763815477
2.641193602360068
2.567063340458088
2.908384846536385
3.582049213911374
3.686327415559616
3.399172695631805
2.883570863752882
2.286041727718313
1.731633338763237
1.313077462254968
1.087701934048557
1.094298896735769
1.129996642536078
1.123896236072421
1.130558371872618
1.133900886248741
1.136822114645724
1.137128309036348
1.136034324369153
1.13508273473843
1.134654727991193
1.132365372659534
1.126984495570041
1.119801076123706
1.11100221601542
1.100446111690536
1.087746165584308
1.072346437497335
1.053507548895398
1.030318766958867
1.001749254813515
0.9668678755367094
0.9247828681617639
0.8761537813734759
0.8201462977916139
0.7630216477704485
0.7077114575408803
0.6543151479229959
0.6024950267740214
0.5520608651399068
0.5026424031397267
0.4539255863255998
0.4056583197340729
0.3576679051527114
0.309839498936311
0.2620951878640054
0.2143719604257409
0.1666836631372143
0.1190645615414215
0.07233558562421843
0.02505386273058941
3.571427452715871
3.284176735091894
3.185624473065917
3.123204986058044
3.067678577343335
3.013329916502856
2.961580594610743
2.912112702255665
2.86448154283963
2.821418456594854
2.78697998822574
2.761421833024584
2.741061669144527
2.738076594067993
2.662278792808485
2.912476210797462
3.384782726039669
3.409038470460217
3.156547658600542
2.738266436107025
2.248849267412766
1.775686643469309
1.391793350395789
1.154251344589572
1.113908776396863
1.132970743176237
1.131586646515088
1.135758604463532
1.13810731369045
1.140086890359243
1.136278278472219
1.124611423351103
1.111993375216117
1.10811592359534
1.104637454341725
1.096743516816859
1.086970253883708
1.075343894266177
1.061558545535003
1.045301726126296
1.02627568994892
1.004146030341028
0.9785465073460435
0.9491034362881372
0.9155327334424708
0.8775689151422768
0.8356216094765849
0.7892909792988576
0.7414720117967656
0.6935241946192057
0.6455566480400139
0.5975552254434735
0.5496169192511621
0.5017445724049595
0.4539352585923754
0.4061774900019243
0.3584654353851979
0.3107945625294537
0.2631550307770374
0.2154942877418652
0.1677445185933873
0.1198414342887912
0.07373567628717294
0.02549428289784727
4.127721370449941
3.198991791293789
2.966500943469911
2.986488564431453
2.984876376473861
2.929935721531531
2.846032251439691
2.746490038159342
2.639428304775858
2.538643283675032
2.461000075424189
2.41537657969195
2.390091675337301
2.363582894475467
2.339234581719141
2.545792214366943
2.909825059074715
2.939868708374705
2.777039428187175
2.484107395364926
2.119979480972118
1.745920988468439
1.420624740928635
1.198452480717738
1.131160219266403
1.136474639847273
1.138668741069782
1.141639902638291
1.144451060328912
1.148863175500309
1.144450373524965
1.151030500086653
1.177182622274159
1.193676828238058
1.20126945179105
1.195443006131944
1.188859100694542
1.18399423809626
1.179524514115143
1.174135653038424
1.166627405919865
1.155337327529216
1.137931353982254
1.111568289131431
1.073477525044746
1.021956111914747
0.9576011468995261
0.8836642401402715
0.8073877978008492
0.7348258253399835
0.6685432968248405
0.6085336540194095
0.553537441608116
0.5019286320485871
0.4523402426128265
0.4038489037330937
0.3559218327688079
0.3082819220210973
0.2607041267412651
0.2126998042514094
0.1636463135614012
0.1149471411558951
0.0746321575518518
0.02874917379954219
3.020096793392785
2.722552347475661
2.601475878982058
2.636363439240026
2.653408258035971
2.579948895994704
2.419430267395713
2.194953567033352
1.938052493541299
1.691145978069779
1.498410510824184
1.387743583678979
1.35902007968691
1.399232451881946
1.528644845192991
1.79724639017206
2.165400163858021
2.334839889286805
2.313374313176619
2.158611021856555
1.923561794954211
1.657061317373193
1.407025753486296
1.220872820884798
1.144367249952528
1.140295926670951
1.144927898365551
1.147928114442258
1.152988748725753
1.163894320527545
1.164353543352731
1.258356951684235
1.389325729823777
1.429141019548757
1.451705128664666
1.470102494963566
1.490261788077786
1.514522007917228
1.542123475735842
1.570739117729409
1.596713808911123
1.614613041384606
1.617074738187877
1.595473114944874
1.541722941326273
1.451278485020771
1.326565098556427
1.178886505645913
1.025988839943901
0.8843746305451864
0.7631167665135069
0.6634418104520778
0.5818572433002346
0.513387424801504
0.4535196974242309
0.3989088209537149
0.3473550815550416
0.2974781339804149
0.2482999889293857
0.1989655865447222
0.1491868368398759
0.1008240334122731
0.05855297365587142
0.02746084950373733
2.280535744514854
2.263087198534196
2.248295094102669
2.255754957008662
2.235198271026284
2.133890972760611
1.937426108758581
1.66445352065981
1.354047288581319
1.05612673754476
0.8194880712693935
0.6785539118029535
0.647768868979457
0.729258646556163
0.9215284834612474
1.199636644627314
1.503636143961908
1.727562676012388
1.82150587462507
1.796367911337169
1.6857714652693
1.527668835770003
1.360594140120604
1.223079748814173
1.152413565853847
1.143489909149424
1.14866824158741
1.150722641607181
1.15469340192997
1.163665127788971
1.159535857871271
1.224249403618972
1.365319661825626
1.484055879719354
1.572133937647814
1.643405473126929
1.707777735874655
1.770099910757883
1.831227487464257
1.888875758984847
1.938089031135468
1.971472738249408
1.979715818823773
1.952930212317921
1.883064089538039
1.767112979142587
1.610008366080042
1.425282190898897
1.231812627573059
1.047771730151593
0.8852764199966806
0.7487437104770396
0.6366478701028931
0.5444538763353363
0.4669965663197558
0.3997802143925456
0.3393901827094662
0.283405822852328
0.230177316393973
0.1788007781916646
0.1295327122593422
0.08447803519783736
0.04798526514305112
0.02661624142193572
1.809610104206763
1.850599836854188
1.87707744715366
1.867696130591761
1.807594277594461
1.676139344495398
1.464456417941082
1.186925847119104
0.8782446498863292
0.583614558609479
0.3476780484231871
0.2053895816409783
0.1771409093762283
0.2666353141192012
0.4567943952204661
0.7074058048858561
0.9697647295085876
1.201244301232643
1.361498684258373
1.435706875124941
1.433267140782945
1.376352289139665
1.292112758195914
1.209155169355917
1.155902434547831
1.146250698388109
1.150703544799801
1.151862001878209
1.15420098051457
1.159491313179435
1.15258035097072
1.17581987453144
1.291983483385209
1.453280033658917
1.604466532123704
1.735820276910325
1.851460213015408
1.955910407348978
2.050582966737353
2.133360126269618
2.199002394900025
2.23987806718283
2.247092309736972
2.212221200433542
2.12963938764146
1.998968325469979
1.826675080547148
1.625724961866543
1.412891977122401
1.204733179090021
1.013887665988437
0.8472086851678061
0.7061075968639495
0.5882832635504792
0.4896832154280615
0.4059727959011755
0.3333400661197389
0.2688076177444975
0.2103393050131109
0.1569818025961784
0.1090971547417572
0.06852419743557507
0.03839932341746343
0.02204815027133818
1.487073564554939
1.513287533161263
1.527113882029847
1.496888793526719
1.408736787260795
1.257066299126806
1.043529303691608
0.7824110064095607
0.5015135151050603
0.2369002129019896
0.02527816743022723
-0.1029713172485111
-0.1295339750381783
-0.05323489760663414
0.1074852729640873
0.320371846510497
0.5525334582893175
0.7779911233553417
0.9704695032443601
1.11039087435168
1.191832389711761
1.221349157114549
1.213156921835954
1.185044559127566
1.15612385736149
1.148603846169807
1.151591011413381
1.152264094528945
1.153524885563318
1.156488444610589
1.150339085725908
1.157407393542155
1.24563372549089
1.409743073477244
1.594835108431792
1.773178605382507
1.935688087544293
2.080633537148737
2.206989054625529
2.311850192277391
2.390044882864947
2.4348104410303
2.439062228665522
2.397046045457165
2.306121031801215
2.168221089565386
1.990424273748054
1.784242936000213
1.563745032070291
1.343082072013469
1.134138497250768
0.9449644069645249
0.7793804933445229
0.6376420648898524
0.5176559196954343
0.4162120370107774
0.3299227351137199
0.2558246428353786
0.1917450065976667
0.1365288816377779
0.09012292465446402
0.05342409960481333
0.0277866172389425
0.01420357204907638
1.249361460283977
1.248845479154276
1.230699651993584
1.173282182304958
1.06449042916254
0.9032886740124993
0.6968621929781434
0.4600009347865524
0.2148701276046769
-0.01141739974273197
-0.1911979618540191
-0.3013707699349257
-0.3284022498913411
-0.2720013706416491
-0.1449517327085387
0.03229897066450492
0.2385199893906745
0.454530713354026
0.6614322404517858
0.8414344054200763
0.9821648893355287
1.079178099047097
1.135074837298738
1.15701900661074
1.154426919328585
1.150520328022052
1.15178784255957
1.152368759958255
1.153090737744919
1.154975629182163
1.149850980867486
1.155370947622462
1.228133689761972
1.381083274116351
1.575752545194461
1.781115712132602
1.978142569282916
2.156649349278077
2.310516963673733
2.434529017102969
2.523189608112759
2.570889859675725
2.572789633064086
2.525962057156429
2.430443301368541
2.289864074193698
2.11142970939383
1.905214702400232
1.682951530373782
1.456580070474859
1.236818639598102
1.032015346854627
0.8475275441826199
0.6857424498625461
0.5466263944803157
0.4285387838417327
0.3290542834274962
0.245642503428544
0.1761527958971063
0.1190879774414196
0.07364706070686503
0.03953373007661501
0.01661194042530213
0.004652762648158441
1.072460391551761
1.050319602846822
1.002060413281114
0.9183469915087389
0.7933822027407742
0.6288049090940204
0.4332818253505134
0.220760765426457
0.009022181016253092
-0.1819886495284185
-0.3326667740301293
-0.4269410401069961
-0.4553657209977918
-0.4168194739994417
-0.3177134349616541
-0.1692249692275299
0.01531096573570473
0.2215307898691659
0.4342529406841884
0.6376995075454825
0.8174097175381957
0.9626619108247237
1.06755182040781
1.130367072954084
1.15182126026242
1.15192438382591
1.151597501014038
1.152337965559477
1.152880602512562
1.154391535229547
1.149762581452274
1.156904502163396
1.224698576110505
1.367962517746693
1.561232981195702
1.778000590843567
1.995825045188451
2.198173676975808
2.373398089859154
2.513004535833263
2.610517118917849
2.661154403866507
2.662049941123264
2.612666270542139
2.515113830200092
2.374188387670628
2.19706754673363
1.992726813673466
1.771188964154658
1.54269609290309
1.316862943844387
1.101888209483962
0.9039526736708458
0.7269404542641197
0.5725378480569426
0.4406440126519443
0.3299492117469754
0.2385271565492219
0.1643221945746128
0.1054586407663795
0.06035215909614699
0.02767083955649649
0.006270550976034858
-0.00474770326886886
0.9510488884809944
0.9150346208120794
0.8458575797976395
0.7426427472266068
0.6060625639485222
0.4405446147884635
0.254963168662972
0.06170873241731324
-0.124812175022183
-0.289700753281986
-0.41916348681212
-0.5021716463140241
-0.5317951994823206
-0.5057015406415704
-0.4257507992969848
-0.2972614849090754
-0.1285023253328439
0.06966724678557906
0.2842754171990327
0.5007528702253675
0.7040053848470216
0.8801028164704483
1.017786475000078
1.109053366269504
1.148560797639182
1.152662070213955
1.151256561167813
1.152235664431595
1.152832782019062
1.154222104305165
1.149861798421447
1.158913676221386
1.226052433928328
1.36374006090459
1.553351478147511
1.77331473467312
2.001524980357911
2.218264265315246
2.407784172397618
2.558544711536446
2.662807186533491
2.71613596160504
2.717022207875922
2.666608969166714
2.568415791223545
2.427988323647184
2.252467972652791
2.050124445019362
1.829887168466828
1.600871681091357
1.371874112762829
1.150831078143906
0.9443024645349776
0.757085225766678
0.5920609593867259
0.4503141346266216
0.3314711056751262
0.2341494682836356
0.1563963383429359
0.09603000316556025
0.05086350400565524
0.01885319181699505
-0.001755945979140534
-0.01225573993679767
0.8863991598909376
0.8434261106633144
0.7634524796009887
0.6497872470634644
0.5069046065411704
0.3411594899019169
0.1614946635938789
-0.02082958122493173
-0.1934002905569071
-0.3440615793226359
-0.462117494141652
-0.5391541821102872
-0.5694091485099585
-0.5497791583776703
-0.4798040473621246
-0.3619107250326378
-0.2017579314048121
-0.00827139882721307
0.2067576292206887
0.4293319760296013
0.6441416003676359
0.8358390953269217
0.9904634322177504
1.096452035485692
1.14500925202417
1.152135774879686
1.15072780509027
1.152093556490649
1.152930145338633
1.154507994509506
1.15078177962931
1.161519013766993
1.228017965315423
1.362888100395881
1.550071064631962
1.770462492408384
2.002842555361761
2.226382338452489
2.423236282898722
2.580031836590925
2.688133147658908
2.743168265862318
2.744316171438817
2.693608332611883
2.595305168701956
2.455341645873167
2.280844608217509
2.079732433986686
1.860385198889035
1.631339108069617
1.400945436282295
1.176960096739027
0.9660881784835854
0.7735688508336008
0.6029110691407924
0.4558572893494111
0.3325761919337213
0.2320104023549042
0.1522731308339123
0.0910111781255535
0.04570869432935541
0.01395367868393736
-0.006307963363980508
-0.01654399083308877
)
;

boundaryField
{
    inletLower
    {
        type            zeroGradient;
    }
    inletUpper
    {
        type            zeroGradient;
    }
    outletLower
    {
        type            fixedValue;
        value           uniform 0;
    }
    outletUpper
    {
        type            fixedValue;
        value           uniform 0;
    }
    sideWalls
    {
        type            zeroGradient;
    }
    topBottomWalls
    {
        type            zeroGradient;
    }
    frontAndBack
    {
        type            symmetry;
    }
}


// ************************************************************************* //
