/*--------------------------------*- C++ -*----------------------------------*\
| =========                 |                                                 |
| \\      /  F ield         | OpenFOAM: The Open Source CFD Toolbox           |
|  \\    /   O peration     | Version:  2506                                  |
|   \\  /    A nd           | Website:  www.openfoam.com                      |
|    \\/     M anipulation  |                                                 |
\*---------------------------------------------------------------------------*/
FoamFile
{
    version     2.0;
    format      ascii;
    arch        "LSB;label=32;scalar=64";
    class       volScalarField;
    location    "5000";
    object      p;
}
// * * * * * * * * * * * * * * * * * * * * * * * * * * * * * * * * * * * * * //

dimensions      [0 2 -2 0 0 0 0];

internalField   nonuniform List<scalar> 
4096
(
1.890125873848758
1.935364710439859
2.017921200186719
2.12953855783146
2.257863504357643
2.38822089302664
2.505941391103748
2.598102611910152
2.654516403076614
2.668343595973149
2.636509270293454
2.55979909689701
2.442514487990182
2.291729281961707
2.116321362325046
1.925982148411427
1.730360578364553
1.538417617648074
1.357987349712178
1.195487979686937
1.055715506534391
0.9416842362147927
0.8545322623079534
0.793551943578728
0.7564034824455266
0.7395204474888561
0.7386482787838393
0.7494097085385558
0.7677891149242837
0.7904707404877708
0.815033276501527
0.8400661495295534
0.8653024565106148
0.8918415629981298
0.9224610997430748
0.9619156767864695
1.017028078916776
1.096347497038275
1.209222622878964
1.364315966316862
1.567789000797204
1.821510933120529
2.121687307245192
2.458329062525686
2.815914414443045
3.175225550504355
3.515728881719948
3.817639029995069
4.063317895631465
4.238233616727928
4.331577232144693
4.336457902605378
4.249904785597365
4.073164438390608
3.812413016013116
3.479408323463174
3.09150936494426
2.670848960431142
2.242785062665681
1.833886615746562
1.46974324720754
1.17291512642238
0.9613156619118147
0.8472020719257497
1.907707526215572
1.957287139678495
2.046305539877406
2.164042284625223
2.29615440329151
2.427545828304635
2.544267114426771
2.634317564480762
2.688205361672147
2.699577038084397
2.665665054304865
2.587331719397836
2.468720567606272
2.316633338716821
2.13974411049641
1.947746845262767
1.750533790281432
1.557486018278605
1.376909672474427
1.215601650572935
1.078513873572634
0.9685159089529498
0.8863041264458078
0.8305237931743468
0.7981333749855618
0.7849688534159345
0.7864032261570727
0.7979730671976389
0.8158649744100984
0.8372065695584299
0.8601703517510573
0.8839561842735049
0.9087530521668118
0.9357777744167503
0.9674394304040952
1.007591926633151
1.061740441731248
1.136995111271236
1.241557107254533
1.383627846447537
1.569849760649224
1.803573946399576
2.083293979654582
2.401594387487407
2.745147564246744
3.096063751022357
3.434231755333855
3.739644763839183
3.993810195999421
4.180430580625647
4.286069304057728
4.300780174175689
4.219038881566308
4.041073224934078
3.773943287260956
3.431653693318581
3.034221109873165
2.606051382894949
2.173938402571234
1.764862826856147
1.40380243027161
1.111875542894144
0.9051105543036947
0.7938724733337482
1.945169158513774
2.003184200172861
2.104226208797987
2.232052773832385
2.369307567424606
2.501125036198533
2.615078148059135
2.700578292086182
2.749304743770261
2.755937741721711
2.718406821169836
2.637684030158437
2.517458909581951
2.363834873040996
2.184958157803621
1.990458464131844
1.790692261433351
1.595887485902963
1.415304918147957
1.256490276735909
1.124672607239711
1.022389949098032
0.9494449735777307
0.903243720515142
0.879462828289131
0.8728967659389217
0.8783063971734859
0.8911212064357927
0.9079074158960211
0.9265734613510576
0.9463313679444481
0.9674715622993412
0.9910459412596391
1.01858394815672
1.05196745080625
1.093541863910938
1.14644782324127
1.215041440438844
1.305142415624385
1.423765044864269
1.578115847636241
1.773989821166672
2.013917350110482
2.295395498287513
2.6098406172336
2.94266812220532
3.27489274506367
3.585894893533841
3.855479782777752
4.064074000254809
4.193048274750661
4.226213458547196
4.153084500060253
3.972374691546212
3.693328886034013
3.334402050204508
2.920535359297771
2.480211745738175
2.04268280939531
1.635418411704153
1.281964652842849
1.000540691546704
0.8036073996719371
0.6983592959549648
2.012261621521587
2.083103144204114
2.199609950463202
2.337147537878138
2.476984010171028
2.606298106295173
2.714291694155557
2.791633263922731
2.83175207512483
2.831247180792747
2.789240703491977
2.706696506908098
2.586290415763616
2.432724625911677
2.25305541839995
2.056630199522159
1.85445742753563
1.658101547927579
1.478346718883702
1.323884475495569
1.200272108144737
1.109403632195099
1.049649707269215
1.016615043289486
1.004268581627697
1.006139600621124
1.016338280375451
1.030276581163867
1.045063294774742
1.059595810254445
1.074379623434738
1.09110582115995
1.112040488098089
1.139343737384639
1.174514687960432
1.218188391871275
1.270445572752132
1.331662680136654
1.403736933935366
1.491168780435393
1.601131663283297
1.742117738610719
1.921612031290584
2.144095179402764
2.409228332518672
2.709509429477685
3.029018313851198
3.345761576916856
3.636208473540868
3.876101775553509
4.038515037198992
4.09728915090291
4.035103776412078
3.849793047293999
3.554661769970472
3.174638398170444
2.741410734556884
2.288914811995715
1.849390355480574
1.450250049857275
1.112217623897104
0.8489583716910426
0.6679703864847979
0.5723075934632083
2.129006164578212
2.214357409132759
2.341725099894354
2.480677567905202
2.616690977385308
2.738858984074361
2.835849017896389
2.899516058652099
2.926514586040921
2.916558780462088
2.870231178825785
2.788081625926601
2.671039684404644
2.521548717308368
2.344783963252393
2.149341736247561
1.946920207363014
1.750896634452944
1.574175315329397
1.426933794213356
1.314933363479447
1.238930353711495
1.195291430457666
1.177434915103818
1.177527973889449
1.187978129970041
1.2024945457605
1.216699501370861
1.228373239336483
1.237421845082594
1.245609367902686
1.256039765119583
1.272359029673086
1.297716559577337
1.33368660155135
1.379524603148867
1.432164164196686
1.487208800817013
1.54100261659886
1.593477879488758
1.650154793645053
1.721446437474875
1.81925789573912
1.956466974079863
2.145053651309837
2.390543456898976
2.685139496476148
3.005505530954845
3.320369021906828
3.598435170373426
3.800236984951488
3.886910365614237
3.835342749943419
3.644743094012477
3.333667811438169
2.934174339290804
2.485676222525083
2.028451466606042
1.597572335150724
1.218884124084533
0.9080847864868238
0.6724752537964385
0.5138579773725198
0.4311893153128483
2.33555783898618
2.420958219179388
2.534074117197248
2.65823592630402
2.78407070598194
2.893290200698182
2.971076978675133
3.013224685661194
3.022158021554539
3.00119548396954
2.951836629773774
2.873633078160361
2.765295230513149
2.6264001100041
2.459398365689672
2.27132286336741
2.074204073223691
1.8834380957817
1.714425331054428
1.578868738813874
1.482275686324164
1.423639749599434
1.396961371400059
1.393570472116008
1.404311128557723
1.421103600954005
1.437819988757375
1.450636378158577
1.458067916425406
1.460829732479046
1.461565319624567
1.464385923696467
1.474097999650056
1.495008793171469
1.529372062855167
1.575892381770656
1.629035208713454
1.679781989144137
1.718071017201513
1.736898598453948
1.737045755650324
1.727756209284553
1.723534070706728
1.747142195089544
1.825928454690775
1.984062303399218
2.231463749596202
2.550193776635962
2.893083995467236
3.210359840946952
3.445363363176212
3.551162201534667
3.507049876879778
3.315644262837413
2.998115233814691
2.591566543466616
2.143057877493119
1.699358767357645
1.297070373151442
0.9577647225700827
0.6893214016653765
0.4911324206647038
0.3596888551556703
0.291867606278786
2.710734777745191
2.72263790416823
2.764282209897765
2.861823039172175
2.975206950161863
3.06088917480803
3.106490093975747
3.118668039571634
3.106333929134645
3.074452395786281
3.02406381029828
2.953552171258189
2.859834177432028
2.739876544902849
2.59298891806681
2.423579496091659
2.242883355669019
2.067622512675717
1.915181294414551
1.797988933160632
1.720402905241014
1.679274668371868
1.666655638711073
1.672829769501805
1.688594227928936
1.706527523854413
1.721460347981112
1.730492593996631
1.732831530636358
1.729596806071537
1.723617351409018
1.719148264487009
1.721349069977314
1.735285129738091
1.764229479307303
1.807400307500867
1.858145695542852
1.904210921037709
1.930669481893332
1.922745023732713
1.871948450851469
1.77538148813874
1.651297277559589
1.53626712090428
1.472680062092227
1.50269173193957
1.66290543901017
1.963731700236351
2.346562628070163
2.689601876107709
2.924467761407592
3.023105656236432
2.983532871837763
2.806924905090809
2.508030552312118
2.124233140932521
1.708333412037841
1.311373135699094
0.9679739498465519
0.6919573119694293
0.4815186085356465
0.3282503028205837
0.2249482625444833
0.1700356478778141
3.387925765027495
3.10666318218886
3.012599555059159
3.092250649799484
3.18258610299036
3.222195055286479
3.221804984575061
3.200675308245156
3.168308360483398
3.127350429732855
3.077522201973529
3.016920558531657
2.942294685110665
2.849718388161345
2.73636583418241
2.603464468112008
2.459237670523903
2.318752099285793
2.198431271108892
2.108816326145748
2.052121698285599
2.023960034681521
2.01657062963012
2.021663624727649
2.032127494381531
2.042693647404666
2.049973429720855
2.052245265543565
2.049218984597452
2.0418667330078
2.032317573532792
2.023759385584179
2.020247078130953
2.026216282643773
2.045283968509807
2.077836238878907
2.117873892027172
2.152535268128542
2.166978154499196
2.14400682790714
2.059729559548926
1.870195971769655
1.614433628558219
1.346630721613885
1.119761315867089
0.9862869876980619
1.003063737562035
1.232251771568384
1.6797344092495
2.004219703297575
2.162126160822597
2.212814246494401
2.179945566347939
2.047511782985313
1.813939219937277
1.510357702256189
1.186946034280674
0.8897806680665535
0.6446084257469911
0.4555776530644497
0.3137426241662812
0.2073363316491487
0.1291816063290169
0.07902881068937218
4.479309551383127
3.553062172466325
3.325308915989558
3.353604128453119
3.36727936787669
3.338433460538333
3.294188349789655
3.247704782781716
3.200935242031557
3.153211109705489
3.103912715885461
3.052372810952474
2.99755243836377
2.938124094256223
2.873043972858432
2.80234883522927
2.728362105571289
2.656533813058016
2.593656268810983
2.542771867013089
2.504404502629832
2.476928598473959
2.457707575964202
2.44404152109625
2.4336965739023
2.425058885525021
2.417095533809839
2.409258851294148
2.401401451188435
2.393721967426064
2.386733102167407
2.381236431420261
2.378298175864975
2.37921393706128
2.385242546674019
2.396544431236206
2.409372904349035
2.416884587558275
2.40921644161536
2.388391345400556
2.284316011038192
1.999834315209573
1.618962798506371
1.201118124421066
0.80702038160656
0.50081260243768
0.3446535640461695
0.4054567657214782
0.8388506442551471
1.083018851636105
1.058102126234846
1.028527877775609
0.9991867711933036
0.9449734090539933
0.8521662433222693
0.7310315239482034
0.6018347107120332
0.4816668168996886
0.3778457778906438
0.2901836966871417
0.2146099336728559
0.1469314208030309
0.08991838105642334
0.03376751969327817
3.925953200748635
3.6364120894618
3.537334755254174
3.474135146517803
3.417664890496288
3.362089556073057
3.308666213596655
3.257131496593809
3.206757637592395
3.157002027904268
3.107588900767884
3.058391015436153
3.009361539555294
2.960496145920882
2.911917395282636
2.863650777532497
2.815871989482089
2.769698145646012
2.727954602302959
2.690212032379599
2.656800131670793
2.627453997577585
2.601892114878409
2.579765997771923
2.560735329859734
2.544490928587052
2.53076721792675
2.519347475491986
2.510062149376612
2.502782642260471
2.497409213713764
2.493852403725256
2.49201059011566
2.491763444651205
2.49290190319621
2.495225032877572
2.497327548051831
2.500789706660865
2.494644817746655
2.515775018461051
2.447102242179247
2.137113583076832
1.672376033940567
1.123343914828677
0.5701569576516451
0.1072955230081017
-0.1627265703440391
-0.1187982540416589
0.428607430713444
0.7151817941978316
0.6282387471512497
0.6239817951763942
0.5995605674646017
0.5685953220808574
0.5272654916617381
0.4762117593684473
0.4208254272455926
0.3650904856092989
0.3093251270014489
0.2532897302895868
0.1969933051246828
0.1402214129856628
0.08454150411793984
0.02762168268212258
3.62807993507205
3.534838023063602
3.483547784001281
3.435685387499107
3.392032828738964
3.346452482271677
3.29937187282796
3.251469874339613
3.203100135147726
3.154301265820896
3.104979550095118
3.05495571148843
3.003995850511354
2.95181325940382
2.898316927597713
2.843267272001083
2.786914273221389
2.7316873651486
2.683679280001842
2.641977566658114
2.607104455351503
2.578200149142288
2.554359643842056
2.534608612535227
2.518091392289104
2.504122133148946
2.492197393750316
2.481988184839049
2.473321400134116
2.466162980959135
2.460598506468382
2.456806187524173
2.455016728400674
2.4554680796861
2.45822934071184
2.463345130524219
2.469226498047432
2.479229168375478
2.472139540414256
2.534318370411623
2.552173626990561
2.280007807237258
1.781363115504236
1.133995323979318
0.4474043696011264
-0.1373136317653697
-0.4572850705371966
-0.3320536892079352
0.4360827207439314
0.8231226538545843
0.7388715755889672
0.7530992233397448
0.7290909841023746
0.6895730593469974
0.632101369825192
0.5578874474113373
0.478981445566151
0.4043034827142633
0.3345835144022326
0.2688152142362385
0.2062635632804933
0.1459184193583647
0.08765448962063599
0.02973622498629868
3.553567293276581
3.513768516613046
3.481882183127286
3.438308894393102
3.394345253033285
3.348004537413457
3.300476740667169
3.252326956050662
3.203854883270799
3.155134597258962
3.106139634933199
3.056760526200359
3.006838148565473
2.956079506927657
2.904397472676989
2.850554551171378
2.793112968275943
2.735153557255504
2.688214794279042
2.64789912402117
2.614650327879847
2.587014020777806
2.563974034292218
2.544607801860607
2.528186524899691
2.514157044398185
2.502119709368913
2.491811877381873
2.483088561340949
2.475913502767495
2.470346485373907
2.466527147687345
2.46465121755414
2.4649557473664
2.467559574047307
2.47277131177552
2.478915121282652
2.491713034592506
2.47584082601865
2.545914078474515
2.652245127271973
2.443287657920109
1.943588153814944
1.240097292555332
0.4696972522894301
-0.1938326785381831
-0.5446820908085238
-0.373631841606865
0.4752296227049
0.8205809704096418
0.7208055423187961
0.7362287437462756
0.7123621357826495
0.6731491459551073
0.6160337854600236
0.5364492588083054
0.4545985670694727
0.3838388765549687
0.3202866312982923
0.2596883824280595
0.200919720961145
0.1430965972356658
0.08614108822324966
0.02941884418594329
3.553647702680227
3.513855000749182
3.48190570071976
3.438333274795752
3.394394563379991
3.348102384716501
3.30065074115053
3.252620308485535
3.20433850009325
3.15592013112348
3.107391266796791
3.05868202997856
3.009675541743084
2.96004284174305
2.909892846649617
2.855761632220414
2.792112749707329
2.723914719457024
2.676176200398678
2.636385630023149
2.605023733924935
2.579488884884238
2.558338476393067
2.540501332363546
2.525235283782958
2.512033531706794
2.500549514995773
2.490567824156762
2.481980314317539
2.474783154226308
2.469070313594716
2.465028964671972
2.462935927502823
2.463175889683588
2.466098969797561
2.472472135641749
2.48077415332863
2.499831611954534
2.477374115156134
2.578813204707222
2.793148748479047
2.628200843082087
2.125690318943514
1.417837549352235
0.6469966215828409
-0.03982201773220884
-0.4469733058144857
-0.3298763897624288
0.5060151373191329
0.8378257639113456
0.7435942468469677
0.7632897494617383
0.7414875436867935
0.7002420438218317
0.6382158019630056
0.5373034123812661
0.4384348294792299
0.3671153437435313
0.3088962230382364
0.2524512528140521
0.1965495071999045
0.1406196293502861
0.08505559442296177
0.02956363562968485
3.628707425287144
3.535435380361238
3.483847381947108
3.435846576325821
3.392104523090409
3.346471046511668
3.29937465492932
3.251534319654712
3.203386266095191
3.155097102361422
3.106727080141304
3.058207800034114
3.009430766423544
2.960167643363175
2.911935477155811
2.85767340812982
2.78333000408368
2.696462283361737
2.652906927412264
2.617321267377922
2.590629304803455
2.56914554770849
2.551154733911476
2.535659200349635
2.522055561258265
2.509984832690767
2.499216336537434
2.48961821093048
2.481135497549905
2.473800719549381
2.46773856076916
2.463181257760304
2.460494271473586
2.46024593503438
2.463136317377601
2.470643356952813
2.482220326726475
2.510650114231841
2.486839452646143
2.675304939832152
2.989899455757086
2.774218628501111
2.24507494190948
1.607255199012143
0.958008245818025
0.3445080391258483
-0.1322313789992749
-0.2091492938454146
0.5015084220444631
0.8501925554437183
0.7765859083032934
0.8032144739745866
0.7878486158465645
0.7484974867617138
0.6869795747216733
0.5460910273355212
0.4146895604566476
0.3439409580743367
0.2972474831237805
0.2478900520416283
0.195724711856792
0.1414818950477339
0.0870336535916189
0.0313715764184801
3.924198377380441
3.63569513459348
3.536597266751855
3.473790101153257
3.417828246343181
3.362898895559396
3.310311213646338
3.259886759263019
3.211023108465621
3.16338441803971
3.117002442262661
3.072080575590763
3.029052615076377
2.98964544639587
2.963572410540459
2.934741376572721
2.846470146310819
2.675378838376615
2.626658189351539
2.593578905729219
2.571734323626735
2.555143160855101
2.541038161027731
2.528423769696805
2.516855969369388
2.506167884326485
2.496263061418857
2.487101682749327
2.478686079921197
2.471074461509867
2.464406233804164
2.458933410971147
2.455077816634801
2.453562215682499
2.455481977216452
2.46323186463515
2.478517852127219
2.518279757393977
2.515531769577803
2.873074761584685
3.138186683144853
2.73084457040082
2.209632253996031
1.744403488327643
1.333484202383092
0.9306463923524262
0.4820150893939374
0.09068040203312971
0.4034246272423679
0.8428187610413188
0.8240218810473064
0.8609467426366705
0.8533671876502562
0.8125013452446789
0.7394281493925616
0.4601147514149924
0.2999842914493839
0.2669804594436674
0.2554830894576426
0.2177149907954208
0.171456305020256
0.1222469516374845
0.07340955020871245
0.02253167093965323
4.486488757125687
3.556562059293197
3.326299866304294
3.353629797065475
3.366723754505269
3.337106573555882
3.291793789029925
3.244016980125719
3.195961156781261
3.147517092709382
3.098765148585176
3.048753841783682
2.995409123167521
2.945863133369516
2.932494111080813
2.905846867087871
2.643252121322047
2.52721951956262
2.546522895069402
2.547811821601402
2.542986595914361
2.536646477800164
2.528674537818524
2.519876038474354
2.510723056024305
2.501586904963402
2.492614381676343
2.48388645354819
2.47546105693813
2.467405145792884
2.459833799460703
2.452951468072706
2.447121830463645
2.443022453728229
2.441830232251376
2.446239671721511
2.459686539878435
2.498224281206296
2.532349435121648
2.969101396588393
2.865817256212996
2.360031422327724
2.035294116408237
1.815962474941074
1.650889666713636
1.528532773125
1.353936216715947
0.8672944068298374
0.4039595689985972
0.8492375758898559
0.9086164292658012
0.9542048681686071
0.9686956284482161
0.9722059493725486
1.00789812899543
0.7843084959668465
0.125985482392352
0.1515327153594593
0.2695916427295719
0.2726255809782687
0.2207624982387902
0.1591131308151701
0.104880190881485
0.04547318883410156
3.421900447045422
3.131386484739416
3.028999578064195
3.101793774482365
3.185241079898972
3.216729944320294
3.206420916356616
3.17343198243216
3.12749032204559
3.071838708841139
3.006677175006335
2.928891445378793
2.829129881378321
2.683487719797415
2.432885374585995
2.02913595870753
2.035630511762807
2.446659257344783
2.468246043156157
2.504820499014889
2.51641604030379
2.519612834504655
2.517151997964205
2.511694732227006
2.504626274429758
2.496854646693076
2.488711416180367
2.480336700272745
2.471801405593541
2.463142810399335
2.454389630302364
2.445585561181931
2.436813947605676
2.428241436688825
2.4201181935041
2.413027038278487
2.407019488227441
2.40517106415417
2.430378369242176
2.279632102535947
1.934133335811478
1.912767915129009
1.909906357989143
1.8535891857586
1.79575314883209
1.791509374918868
1.898299918328285
1.912231432426179
1.253463002234457
1.037633009408234
1.082064001797867
1.08986151787549
1.105149165499628
1.149078845695911
1.201913986101724
1.646404072811449
1.196373133608692
0.7489424002190129
0.6270784700442394
0.5666293234784424
0.4794358686262175
0.3787862795904519
0.287608079220342
0.2218720781733105
2.780311680238624
2.783143219719995
2.811689608814912
2.89416173719426
2.990414584299705
3.056096441919466
3.078131932863523
3.062775761347801
3.01870512324908
2.950387844384625
2.856953001051656
2.730945372620149
2.555488358184321
2.305698742937771
1.983933474264944
1.752834362789934
2.11922575335065
2.469118048524187
2.454283967824366
2.492089852596875
2.504601852209837
2.510072691575378
2.509604907255501
2.505582189337165
2.499547982228832
2.492647641562467
2.485112849995609
2.476988347157715
2.468298711872479
2.458992703709424
2.448984296287573
2.438134821829213
2.426215922518607
2.412837815243214
2.397259468254649
2.3780516788993
2.352042540005325
2.311001017817929
2.253602234143507
2.050784074839851
1.944722099082225
1.918195067598005
1.896432306197743
1.859009138917546
1.819540685628145
1.785542582090613
1.774455853984932
1.739997706442802
1.580237032833235
1.309401941958476
1.243955355266008
1.207923892161009
1.20207199805761
1.239663461332276
1.215214992804017
1.662177357384794
2.016298473345623
1.703653029026462
1.372828150230569
1.128907127839587
0.9307766692122349
0.7600470357134215
0.626371457874395
0.5484124015836247
2.452039989698146
2.527216440836642
2.622231270055875
2.722055184455693
2.818152554441127
2.892290927224656
2.929363786029767
2.924753531028309
2.880176942797409
2.797353296801956
2.674386162663423
2.505340928104749
2.285491070947045
2.03126987281798
1.82404992254194
1.846484688018351
2.2917705912946
2.501044842857416
2.465000552241048
2.493138414822194
2.501777328323054
2.506296843950253
2.505756505347842
2.501613429190565
2.495585870494792
2.489132834631107
2.482075212645042
2.474173416076585
2.465356871517203
2.455487921347457
2.444393045994224
2.431805565060138
2.417332092208945
2.400390987632194
2.380101622420068
2.355078789039138
2.323291618388251
2.279731817327029
2.226879979047002
2.12165534783994
2.030198789524614
1.967996734625307
1.914362278749936
1.85979016762589
1.806972745057412
1.756414067868291
1.707847494265283
1.635707671518389
1.505296724326496
1.36938961555847
1.313292016337794
1.277950920961922
1.264313910658715
1.29275780314135
1.212882244773746
1.57579231663115
2.359021026946746
2.415252520917802
2.139269766212299
1.796587591738231
1.486620340685663
1.235682189939661
1.055837878020634
0.9581544534911552
2.301752415635173
2.373895281359038
2.476677622422351
2.580756116824521
2.672780606646316
2.742719657394503
2.779753842973268
2.775884827619957
2.727411295298368
2.633100885183959
2.49278751426842
2.310114472087548
2.102521674857389
1.918328775293645
1.847141767603619
1.990004586354177
2.379852585639134
2.516762368749143
2.479612307355572
2.499435683370728
2.504483108071359
2.507090546745951
2.5054070894338
2.499770766231869
2.492708476063447
2.486546658037044
2.480124734957467
2.472597589919322
2.463830968961448
2.453623273320413
2.44174600426153
2.427841904022216
2.411398069144034
2.391690849816527
2.367719615871481
2.338076240561665
2.301047246299123
2.253275288323294
2.196024977455989
2.114140219606112
2.037346879107469
1.974358429838607
1.916739767646937
1.859703069302308
1.80325587156323
1.746470344668354
1.688039713016236
1.617258672352047
1.520761424355196
1.424117516029493
1.366319656225796
1.328410784098951
1.308085684026404
1.330074172175655
1.228155823969353
1.577911750600921
2.516098205612823
2.827076836878484
2.705206503870223
2.384170283915689
2.030771682801427
1.729397022181822
1.514777996692172
1.399856325310533
2.247449148619498
2.300811631034683
2.384583163592908
2.475167478847049
2.555364648451661
2.614117889422363
2.642381401036236
2.632426085178278
2.579235489155082
2.481710770272166
2.344409937002624
2.181771701720865
2.024639875933791
1.923333550141669
1.936189909498945
2.101035774063896
2.41886063975292
2.526689146698834
2.494250454388285
2.508356288213058
2.510832516464036
2.511346258649092
2.507850006371695
2.49884549579844
2.489117802406981
2.483261553406086
2.477866191583635
2.470827653664219
2.462156960432863
2.451697716258158
2.439234153682832
2.424371724370253
2.406555137607902
2.385038847347709
2.358866929460934
2.326844754919875
2.287738853195006
2.239683827177011
2.183541805732117
2.114030824342932
2.044955099397348
1.98117200447692
1.920124361324555
1.859822309751484
1.799689768700367
1.738574852997936
1.675261142841562
1.605719839821543
1.526358254615754
1.450290949204925
1.396548580273039
1.360120451577521
1.337525296691911
1.355605719951273
1.246936725469928
1.611451107390988
2.589586307116353
3.01197649412268
3.015650749859019
2.779218000988766
2.46111490511937
2.165607232872652
1.946952574418399
1.82807613853735
2.245539426868052
2.280929953304375
2.339676858746816
2.406984608125482
2.467816285757381
2.510404703650558
2.525979638021035
2.508059509905519
2.453247093166295
2.363231313430477
2.247429810414215
2.125605800492647
2.028241458365517
1.990892009256708
2.041851368599041
2.192797999855784
2.447740291804037
2.535801857419111
2.509146513605693
2.519577520725614
2.520787183038367
2.520187607771685
2.515919199153491
2.501966472068483
2.488432519284097
2.485014440638377
2.483137110648901
2.478068310073103
2.470676881461087
2.461178439358361
2.44951002650825
2.435258793701665
2.417778421199263
2.396193094028765
2.36941859496338
2.336220228352448
2.295480771814216
2.246101172923177
2.188845413371141
2.122609681242047
2.05467442152269
1.988382745975946
1.923470103293491
1.859017772108898
1.794137789814469
1.727571555600661
1.658334095750262
1.585304790876277
1.509032379050854
1.438002546511691
1.383445371752156
1.346298083032039
1.323441049061357
1.340630712492965
1.246369853949215
1.653610281874667
2.579061980297832
3.003720583577628
3.082508253812038
2.951515042045861
2.724808442335974
2.489988940722631
2.304772122490214
2.200666611291854
2.272433883730867
2.293605827862719
2.329632489940306
2.372060576235149
2.410289803401057
2.434380419675629
2.43670184445997
2.412607895040758
2.361362451010158
2.287717959261649
2.203416988255769
2.127147489638518
2.081339302908063
2.085693026387655
2.151145095174938
2.280669606188621
2.477920861917116
2.545297746622603
2.524567131768966
2.532324665055654
2.532683744934535
2.530537914873118
2.522256522433084
2.485639553492859
2.457940489229822
2.455630734082483
2.455550451616987
2.447881298402669
2.437101612136202
2.423947654262967
2.408233176368218
2.38957589606707
2.36759346553943
2.341868273785636
2.311950561512105
2.277384438064533
2.23782874185765
2.192963712737228
2.143298132940022
2.088359742225586
2.031607859987222
1.974749357633875
1.917975638631013
1.861361681949166
1.805155174010325
1.749506246814706
1.694617429531482
1.640399831926921
1.587157324297416
1.538647501898826
1.49981244437448
1.471096579199054
1.448065159645057
1.446322252416089
1.348981640427096
1.678032739611148
2.419094780529312
2.794689496079823
2.937752801257642
2.924641794356567
2.818413315169223
2.678766701993351
2.555543983188664
2.482380491113319
2.31452533314087
2.325033388082148
2.342870654991725
2.363460035038917
2.380383472950602
2.386940219377954
2.377925688192294
2.351025436060708
2.30788164197586
2.254878020345443
2.203100298587715
2.166614617100223
2.158858658921793
2.18859823115209
2.258244706546942
2.365955118815898
2.50885169181927
2.555425808169591
2.540899139821743
2.547715950116564
2.550320754730455
2.553994775691211
2.557748384190812
2.535300977357346
2.47501708608935
2.506152676896248
2.540699473958908
2.546335145258124
2.54293589962393
2.539342310065851
2.535920273645855
2.531318301212266
2.524072626496744
2.512231404382368
2.493069692215927
2.463242233322027
2.419457910999004
2.35965516370679
2.284460200188415
2.197548412665304
2.107190365733536
2.019967484289542
1.937687507262803
1.858144715263683
1.776498909938408
1.686777099406339
1.584093117129707
1.46729097260989
1.342528184407333
1.225670274478326
1.135889695144049
1.0828274112482
1.05226618645853
1.02163243046185
1.009698791695078
1.344925265995427
2.000863495723967
2.396188665098614
2.635135519941212
2.748085911431597
2.767544657922651
2.733334867205755
2.684411326696222
2.650588274703633
2.363525041695209
2.366312822525954
2.370611424152464
2.3742297668076
2.373995109544371
2.366545115219702
2.349586239339384
2.323139768826954
2.290351786770651
2.257571416979128
2.233417784717275
2.226758634646027
2.244155106349996
2.287976224528949
2.356090489991695
2.442511138086625
2.537302033044353
2.565642659033925
2.556887239834323
2.563679625729907
2.570011103794502
2.583060883078776
2.595131421047768
2.701191813333657
2.723992410676672
2.729876823340899
2.768697312594154
2.807229732604748
2.840205107164307
2.87294994836761
2.907842276545751
2.943653379264845
2.976671432549495
3.000796964444597
3.007514008908121
2.986655714273262
2.92850083865467
2.827278764322115
2.685154771781215
2.514335668274121
2.333889342352988
2.160062416617352
1.998085797830086
1.840854243104254
1.672525050240135
1.474193551842878
1.231364801513901
0.9433668938029729
0.631532211164318
0.3381570590115907
0.1108661634385418
-0.01971769959648515
-0.05194782173116533
0.0100125272619312
0.2171033985878821
0.6693375423510837
1.344181339135712
1.876049442741883
2.241308534617044
2.473954193008249
2.606632870137021
2.670017359426914
2.693001001410522
2.698593346888436
2.414256873610369
2.411745388581471
2.406692442142236
2.39847725556362
2.386275407277293
2.369455594319969
2.348262247598606
2.324520094047591
2.301959871016213
2.285860102724881
2.281948389441691
2.294843718702953
2.326615976406315
2.375981277269501
2.438068971127861
2.504082545942707
2.560486495134008
2.574838023973432
2.570029454206872
2.575085063994068
2.580259369810225
2.591021930954368
2.594136401552799
2.665035144659243
2.753085318157933
2.81954617709024
2.888532925543242
2.960243906212788
3.029675594356574
3.096655373476497
3.162190097338439
3.224927059198216
3.280146764084605
3.319830020375312
3.333300286359846
3.308784522618373
3.23620114422975
3.110861760157301
2.936734081640606
2.726961909536276
2.499564935096434
2.269627065071491
2.042288329044102
1.810581115756589
1.558616362344619
1.268536142379367
0.9297026828378286
0.548083445613593
0.1515699653611947
-0.2139715906906792
-0.4985041796962439
-0.6635981600562167
-0.6874624637676587
-0.5536303634784315
-0.24195289432888
0.238325533695169
0.822622559528565
1.375725132727433
1.820259041463072
2.146141093661081
2.369748396936596
2.512784405425789
2.595784960808817
2.634894327650719
2.463484238013771
2.457658537115864
2.446807857755874
2.431383054245183
2.412163628654247
2.390413873342904
2.36810948621883
2.348107929443012
2.334044228590823
2.329803509506547
2.338635518169551
2.362192571850066
2.399811507041483
2.448139352253496
2.500894264169246
2.548540494968685
2.578094413997186
2.583414986423084
2.581127707470094
2.584297034855441
2.587379031332234
2.593446951030075
2.590338550153805
2.609984798382777
2.699018584862441
2.81496086297879
2.926200269229525
3.031345527268445
3.130832980269898
3.224370649226499
3.311352433180999
3.389504105816718
3.453696441153094
3.49583267316443
3.505771918710658
3.473197381366989
3.390244930020595
3.254262794820446
3.069508812905048
2.846449509495227
2.59819161446357
2.335344667461043
2.061569893296805
1.772105506438983
1.45634474225294
1.103878255672338
0.7121610323653663
0.2930422013275328
-0.1250357827195588
-0.5010942363042572
-0.7904967995092562
-0.9539964912457117
-0.9628348094477965
-0.8022539405910408
-0.4804803432823859
-0.03780646233017562
0.4676643500700163
0.9787240397359787
1.436695258477588
1.809508551586305
2.091363464022565
2.289808563864819
2.416012888280061
2.479635828303384
2.50918139314866
2.501615472258218
2.487802193676635
2.468892878346152
2.446655780431704
2.423451330385109
2.402147761841662
2.385933544488632
2.377967344995866
2.380856278822799
2.396056894036138
2.423361020571548
2.460578998490083
2.503401727578705
2.545366868442404
2.577976837823644
2.591151399589553
2.591596371219931
2.590766967123525
2.592540693153958
2.594203877926151
2.59734435963563
2.594080085461657
2.595530339670002
2.65934662428488
2.780068723958604
2.913107632162673
3.041855058006329
3.162128841689029
3.272467399977333
3.371133441835279
3.455041620953956
3.519108504096554
3.556273735795355
3.558386362865667
3.517809485756747
3.429336061619003
3.29177392312216
3.108461743859821
2.886247669926371
2.633128149448793
2.355404083512328
2.05549193313417
1.731519907569728
1.379395761115368
0.9970251065649454
0.5892237143234592
0.1712539331593254
-0.2307060391802464
-0.5824980499079876
-0.8471935980729229
-0.9911292836905324
-0.9905574839678188
-0.8395509231979459
-0.5561564381278662
-0.1780630660096021
0.2529187966662315
0.7009919648209385
1.128228463476428
1.502529212040112
1.805634529819382
2.03181991366846
2.182295868630368
2.260305977106621
2.550033230618017
2.541888259840962
2.527185483558204
2.507472101507625
2.485012776686239
2.462627533253137
2.443425559759971
2.430444583267009
2.426224992773435
2.432374486920899
2.449200127564966
2.475474233671966
2.508355579450324
2.543454107925679
2.575054544918376
2.596557693667527
2.601102733092664
2.599517016535394
2.599429820545778
2.600328128066192
2.601187088430396
2.602839344467204
2.600369023940044
2.600655549903752
2.645472469154614
2.748812704241244
2.878973258907417
3.013861196935049
3.142256385864456
3.258791436712567
3.359873662074709
3.441723222641154
3.499658961274533
3.528138336477859
3.52140079958622
3.474506583346627
3.384403426010222
3.250587973516896
3.075044087471466
2.861435681482274
2.613863779430407
2.335672775374907
2.028812400185263
1.694186694375401
1.333189997674262
0.9501310862886602
0.5546754428519103
0.163239459625023
-0.2013259228466187
-0.5117502473930282
-0.7397365179951279
-0.8606615989764018
-0.8595170321448513
-0.7364964507916123
-0.5082270050965288
-0.2018453821972012
0.1537210097767605
0.5317574358018053
0.9056372075239908
1.249264974730611
1.541553290034863
1.769107577370744
1.925309987174411
2.007769890247344
2.585095823144156
2.577131729338585
2.562871641745857
2.544020143027132
2.522981038715483
2.502604200532967
2.485835568351556
2.475311879561584
2.472961774396633
2.479679522132433
2.495121429802498
2.517644950880074
2.544386820136696
2.571477720864578
2.594402427076155
2.608477165988987
2.609278869844856
2.607255262227355
2.60747439361327
2.607885914639755
2.608318685057228
2.609276541908716
2.607286245636542
2.609022836704006
2.643830109440093
2.72734637188244
2.84114093847599
2.966614050593061
3.089876349937414
3.202028050202639
3.2972028901046
3.370810516667154
3.418644722937448
3.43668451105058
3.421320342106503
3.369767732150152
3.280427141586036
3.152990139420227
2.988227193725062
2.78756969215016
2.552710486841123
2.28544210594746
1.987877642577938
1.66309858085391
1.316145752201942
0.9551011229821678
0.5918700223949728
0.2422991141214427
-0.07454201748273813
-0.3379320193538158
-0.5279681267272051
-0.6289528410384463
-0.6331132706888793
-0.542971449244221
-0.3705261333788524
-0.1335524194736832
0.1481609210400958
0.4545527852480685
0.7654335403677166
1.060231923264661
1.319611999619638
1.527894853966004
1.674296334707897
1.752660503478345
2.613594855889226
2.606217131907584
2.59308866080649
2.575910377933909
2.557007447066706
2.53902747534788
2.524568264924286
2.515793387652876
2.514101909145798
2.519907738241443
2.532556915433053
2.550382144000797
2.570878127522621
2.590977461682185
2.607391288295444
2.616927228700833
2.616624581642037
2.61485848929924
2.61514726335395
2.615308594417315
2.615507929092776
2.616113059191699
2.614372520956895
2.616689268204902
2.645477935860538
2.712377458401054
2.80604624001717
2.913237059407676
3.021336838017926
3.120236855879188
3.202568504053731
3.263090207685251
3.298023462875276
3.304614494661841
3.28090258354384
3.225598291526711
3.137975827666062
3.017729750694768
2.864826283042908
2.679446504479555
2.46212375363566
2.214117645952113
1.937977511123802
1.638167015055404
1.321577674637159
0.9977673787049446
0.6788183743802951
0.3787898607949162
0.112786176913635
-0.1043643909124849
-0.2598392338847747
-0.344790390435857
-0.3559623036422797
-0.2961404943922513
-0.1731634027778636
0.001736271692373455
0.2152544417044958
0.4527839702878733
0.6988640622857984
0.9373257181623619
1.151972438268927
1.328093226223974
1.454042573603923
1.522164464154706
2.634840117209269
2.628184357129787
2.616396908796861
2.601090151014272
2.584414970509724
2.568741482509356
2.556293542327718
2.548803723576016
2.547253357797793
2.551742077988583
2.561499458841388
2.575021118420628
2.590292066496663
2.605046957781534
2.616999090000923
2.62394918862012
2.623688172545198
2.622358785861953
2.622616067078956
2.622657782449475
2.622728072660487
2.623131714691315
2.621591028620607
2.62386751866159
2.647717691142013
2.700920292537274
2.775300172126991
2.861451883109547
2.949212749734344
3.029123450661378
3.093625146506383
3.137450998619728
3.157367554045784
3.151628462156305
3.119410008206444
3.060348294566695
2.974205962983369
2.860680715390041
2.719386569826712
2.550044092421899
2.352885147022572
2.12921527962498
1.88200635660667
1.61634846022758
1.339604344795806
1.06118762226262
0.7919918551321111
0.5435709039567811
0.3271740270050215
0.1527051139946434
0.02769356752154694
-0.04352399928435292
-0.06012946424999643
-0.02453537157826393
0.05825573872949158
0.1811996610167644
0.3355107906054731
0.5108970463072863
0.6958489464790054
0.8779489318803155
1.044375435706918
1.182873064151867
1.283058903819361
1.337625832566582
2.648224257888158
2.642268571743185
2.631758425924656
2.618188737393182
2.603523964428309
2.589881384688431
2.579179720293398
2.572824430301548
2.571496531198647
2.575087053987629
2.582780250289121
2.593249233605638
2.604899954673017
2.616086282079653
2.625219032538256
2.630710362406364
2.630743660763049
2.629775948617796
2.629984835426297
2.629971187212934
2.629970445889418
2.630247636246108
2.628901825685024
2.630944063704512
2.65025298352337
2.692009588856714
2.74970337148473
2.815956602279065
2.88244440040465
2.940986027574608
2.984909729661951
3.009761170760123
3.013172803368195
2.994254592131544
2.952908267129799
2.889276904933899
2.80339613299488
2.695064183476975
2.56393380260763
2.409814269772058
2.233140887575606
2.035518619265951
1.820196926706124
1.592319903500716
1.358841467992642
1.128088178880724
0.9090499695659253
0.7105362285968206
0.540338792543079
0.4045253019666858
0.3069800079441079
0.2492935285841518
0.2310094699676212
0.2500595912858843
0.303108808771419
0.3856477975947293
0.491922063757368
0.6148977280412026
0.7463745355048729
0.8772579235505187
0.9979988635255066
1.099289580804187
1.173023687069095
1.213328988552702
2.653270048353932
2.647960881356436
2.638615102247267
2.626603397073125
2.613722496768392
2.601896596025371
2.592840612215458
2.587757404804803
2.587142619208504
2.590747526940762
2.597704148614585
2.606763586556935
2.61655932112891
2.625797264582305
2.633295658970789
2.637844543367827
2.637919301062244
2.637121360173428
2.637314185559848
2.637272527943007
2.637231792685611
2.637424435961453
2.636234822466861
2.637931605378089
2.653256100908806
2.686009224357316
2.730598888416729
2.780161721745622
2.827083810688745
2.864429044533026
2.887124546864216
2.892239830157673
2.878550557330423
2.845880241641105
2.794532542413652
2.724888973190567
2.637188306859424
2.531489527025013
2.407805343647934
2.266391406773728
2.108153101969255
1.935077139770526
1.750550551764427
1.55943760147109
1.3678495326983
1.182632587881593
1.010677082863301
0.8581902046249983
0.730077376933058
0.6295543774191531
0.5580675493271037
0.5155184812531191
0.5006754195090045
0.5115668189529037
0.5456787416081497
0.5999209945420824
0.6704719354362646
0.7526530771922697
0.8409365033985361
0.9291207122072461
1.010666136529156
1.079191141845533
1.12912299584092
1.156417522659926
2.649697592188682
2.645074454518584
2.636950644556894
2.626550275320153
2.615494699660485
2.605541200557467
2.598271125092206
2.594791803969358
2.595527896037016
2.600165408654448
2.60777058487258
2.617044407035464
2.62661638448271
2.635260341629212
2.641944326536611
2.645689244033538
2.645277939149204
2.64439949128112
2.644635562117319
2.644578092693281
2.644515508613993
2.644660447239402
2.643507092366036
2.644716019575279
2.657157255629838
2.684242557507732
2.720051866587971
2.756733562061018
2.786663456581479
2.804407914915851
2.807048197637734
2.793428263373223
2.763322868175616
2.716943966730044
2.654712258714328
2.577123927548704
2.484700286216214
2.377996921159748
2.257676031738228
2.124688797298283
1.980566533655511
1.827724724519551
1.669639294555364
1.510790228003893
1.356349734137947
1.211673224520635
1.081703617695906
0.9704181166410849
0.8804373091833684
0.8128821005468094
0.7675021682568418
0.7430159615936774
0.7375269733680455
0.7488609698445233
0.7747259920629725
0.8126956551518941
0.8600925643181878
0.9138709882350156
0.9705777697986125
1.026429948293204
1.077509177371706
1.120056325746674
1.150845198066503
1.167587961649504
2.637499003973797
2.633805016078093
2.627328194387371
2.61907695270728
2.610411241445213
2.602845373763334
2.597796729544593
2.596321209163684
2.59888769111484
2.605252684704624
2.614492069663692
2.625206138396305
2.635835880114284
2.644960012341589
2.651443608998672
2.65438027295565
2.652847567401142
2.651608330868627
2.651958474086835
2.651902861116064
2.651842998125258
2.652015411895431
2.65065292669515
2.651532199467316
2.663355859233152
2.689400944023943
2.720673597059173
2.74709713244146
2.761893184438483
2.762368439197509
2.747993086926744
2.718709358431313
2.67443869323581
2.615221711626329
2.541351484780524
2.453470477434333
2.3526306364632
2.240210567383183
2.1178113624071
1.987300298152454
1.850998521029473
1.711868325458967
1.573555649517738
1.440226857729914
1.316223550285246
1.205610067846502
1.111708890883153
1.036720841916661
0.9815134328452142
0.9456272977198156
0.9274953273294897
0.9248056929261399
0.9348982579882038
0.9550886557278768
0.9828615151605562
1.015932391183274
1.052217102157316
1.089760938633288
1.126675901418662
1.161118848458227
1.191324521409715
1.215692155975396
1.232915612853686
1.242135084259425
2.617026355105405
2.614793797156734
2.610913094494886
2.606042755456441
2.601078607204667
2.597053720283091
2.595019894191129
2.595905206302266
2.600322998345312
2.60834359619681
2.619320718213607
2.631905907290288
2.644309405690827
2.654705130030317
2.661571141977379
2.663808470311768
2.66061018772714
2.658737416044233
2.65926593450249
2.659257553956746
2.659257204006766
2.659628534346426
2.65766950322574
2.659611581296549
2.675540105353829
2.706220358182434
2.734695062038707
2.750011216953469
2.750131117395751
2.73678046395893
2.710762391306368
2.671124562148461
2.616474856628766
2.546082039282851
2.459938365744284
2.359056038352596
2.245437012613926
2.121651858370905
1.990522271193457
1.855103707193527
1.718798082045174
1.585382412937717
1.458877480782951
1.343293274041521
1.242313201575651
1.158962370023539
1.095297953501429
1.052170508905658
1.02911364314664
1.024405965753124
1.035309301616693
1.058435065260578
1.090154487143605
1.126969058918653
1.165790194711892
1.204112493213513
1.240082306205059
1.272470258156366
1.300567692429867
1.324041267569732
1.342786412539614
1.3568139780832
1.366190058726196
1.371029572880334
2.589112691387264
2.589217977176034
2.589509466245838
2.590087614542061
2.591042662193889
2.592490293666834
2.594697608397179
2.598213406793584
2.603831052598328
2.612276886886968
2.623713202905136
2.637335227720269
2.651358594123511
2.663459953313216
2.671399723616311
2.673447011860965
2.668444581051871
2.665762869402955
2.666499834394509
2.666637030094853
2.666810610993543
2.667667562505635
2.664524103096967
2.670319629015419
2.701031717296881
2.740660429225168
2.760975447862017
2.759807632151972
2.745921017300186
2.724660632158421
2.694871954174844
2.651993256960042
2.591920060669779
2.512563787815138
2.413535320990385
2.29675188082524
2.1656403234628
2.024202326922601
1.876746412512242
1.727965210852693
1.582879142398463
1.446530256590045
1.323588563179825
1.218046066678408
1.133039549159983
1.070734649995688
1.032199443954606
1.017263538408611
1.024424326004036
1.050880454799321
1.09274209264943
1.145407242933116
1.204035318635656
1.26402863926987
1.321452672055968
1.37334918455915
1.417900465770471
1.454410095396125
1.483103885280416
1.504808975252708
1.520603609937026
1.531527914251989
1.538413738123694
1.541842613371845
2.555251911694312
2.558945282216929
2.565658068528813
2.57463047209856
2.584650987758527
2.594295375837726
2.602440805430707
2.608826409141402
2.614312355629293
2.620596781327897
2.629393264960416
2.641383280753336
2.655517271228935
2.669161453064421
2.679012642612162
2.682067876709123
2.676014387981975
2.672630820396621
2.673522361674054
2.673963032756909
2.674440926256516
2.675930348895096
2.6701848617096
2.680495310484588
2.750326876297396
2.792854537210051
2.789486321898898
2.766882881829104
2.744314867923822
2.724093376733893
2.699305793013596
2.660737634219484
2.601093199698548
2.515114302287894
2.402626325124964
2.267377513755381
2.114259612113369
1.948612069769604
1.776635862158529
1.605478664718899
1.442612768812906
1.294911186568518
1.167944061676886
1.065729305926326
0.9908416235513945
0.9446214055005153
0.9272673938218559
0.9377619730969703
0.9737294280369072
1.031379230689491
1.105649981556079
1.190591352448423
1.279933919888932
1.36774811223913
1.449077350707699
1.520424964393364
1.579988250521859
1.62757670715157
1.664231958611819
1.691663426606806
1.711671436144996
1.725726334213284
1.734799357436195
1.739426091668608
2.517865012924698
2.526796306394098
2.542855495883436
2.563951092267212
2.5868882697947
2.60798648905722
2.624120772398122
2.633726312987311
2.637387472711887
2.637792476363221
2.638872327360336
2.644131837912953
2.654755700279295
2.668649818160695
2.6812502816743
2.687422859682629
2.682648838515562
2.679260203987679
2.680119306344519
2.681149017869845
2.68217982761843
2.684345059637409
2.675089755412836
2.689519638559502
2.821794996787598
2.837095928686829
2.799407542056248
2.765073075881527
2.746719971238948
2.73621744232016
2.721995466808524
2.6939227437214
2.641573534687986
2.550720326338756
2.42502862517915
2.27014179018188
2.091216438633446
1.894814849918801
1.690035511070975
1.487759437216564
1.298848852486146
1.132483502834641
0.9952893640667285
0.8912980384678497
0.8224255767277704
0.7890582673241197
0.7904110354395633
0.8245468414074509
0.8881916615160572
0.9765779513237012
1.083489857313805
1.201597396744421
1.323097292683565
1.440613287906822
1.548151000277669
1.641793409763618
1.71992493310024
1.782963554461706
1.832702542866906
1.871455016957501
1.901258171033277
1.923401629256345
1.938402085396858
1.946309395293055
2.4806918108156
2.496968059569308
2.525950712800623
2.563381771925245
2.603179125785319
2.638831371436413
2.664947798977357
2.678350528840137
2.678782075825341
2.669335616424548
2.656183349907868
2.646894635278407
2.647240717327632
2.65789701514262
2.673626056608732
2.686077121735701
2.687310630334786
2.68555941747101
2.686034107284244
2.688258192775903
2.690655758243867
2.694703747373902
2.688577124282549
2.716437823146468
2.809239437001207
2.80269018650257
2.777565602563072
2.765392388785401
2.763906831966899
2.764475912851416
2.758748601260259
2.745614317124188
2.705185808706918
2.611664863619583
2.476646984814028
2.303174152090318
2.095193975379068
1.861777691484908
1.61688290200124
1.376431330310504
1.155167043101998
0.9646983508251178
0.8128341420061369
0.7037829445707169
0.6388173863692714
0.617110700365096
0.6364325934199223
0.6934503428881335
0.7836627496312953
0.901227685988953
1.038890634755629
1.188128914826876
1.339746439876631
1.485064988048429
1.61732554731091
1.732597155626764
1.829819349774893
1.91015505955305
1.975983661024843
2.0297875679033
2.07324601961403
2.106872754003319
2.130284124906851
2.142813700316089
2.449398979939593
2.475702164299558
2.521731306397904
2.579513075566902
2.639067107320807
2.691085591323092
2.728383787054732
2.746273759031379
2.743056741598198
2.7210427059043
2.687451025162542
2.653906932746855
2.633145488224552
2.632900698705066
2.65043728083392
2.673578121912082
2.68879980884645
2.691374278554254
2.690823520294969
2.69505193886258
2.699798824462791
2.70752564922356
2.714626117858771
2.739828870255879
2.75516409860519
2.760545163954035
2.762810075220159
2.766780129984038
2.770836757175238
2.775095169440839
2.773390060838091
2.779421129117003
2.765457502495866
2.687752441197951
2.553410141104002
2.362893001924144
2.122295482177404
1.8469891177948
1.557850230768096
1.275967227422247
1.019329768930814
0.8016765251378953
0.6323822601739415
0.516559425166393
0.4552785176392201
0.4462073830014186
0.4847186920014562
0.5649682430128019
0.6804255646429068
0.8238889083216759
0.9872762647887776
1.161342841033909
1.336112416692669
1.502344721122871
1.65331180887114
1.785804213105719
1.899796757399795
1.997189118970741
2.080434330132725
2.151337363131652
2.210398153730951
2.256893608780113
2.289482600591002
2.30694701672514
2.432644397218624
2.472343016001799
2.539556159077038
2.620046765002116
2.69956036870672
2.767255748330761
2.8152951297685
2.837896270336963
2.83171896458291
2.797214861984216
2.740348781810421
2.674137850804473
2.618103842911825
2.592253311477128
2.605008900377383
2.644261041913067
2.686248730069968
2.696249698729516
2.693271864996832
2.699619511612307
2.705485166282434
2.713489842595895
2.721614391997051
2.737260175738104
2.7526987242733
2.760135726064076
2.763469137100026
2.76669263661005
2.769933601839659
2.77515834196176
2.770438110386082
2.791826078621801
2.821749511212819
2.776995196187392
2.650081017339422
2.440515193212914
2.1639241038471
1.846489668226912
1.515679570641119
1.195267812305618
0.9045903578227152
0.6592052561919222
0.4710660246153286
0.3477524296425952
0.2912960322871872
0.2977758218891282
0.3586913717703378
0.4636708052775216
0.60267750587008
0.7665742182009473
0.9465390431235426
1.133232516814145
1.317390096114794
1.491268713125613
1.649884255939594
1.791654970061437
1.917868999056388
2.030767989075788
2.131712813395976
2.220238550871497
2.294531837947227
2.352589227380387
2.392841073381524
2.414242507538023
2.444205445851073
2.500953812457636
2.591427260006593
2.692579538591822
2.788017389401706
2.8677111186721
2.923791228905047
2.949708019796283
2.941332186127492
2.897587094753222
2.821167829266593
2.721191199109989
2.617779750141534
2.543499372994708
2.531492975485424
2.588054696193374
2.678046188189271
2.700180071024953
2.693165043249054
2.702804413742621
2.710066934815656
2.718636665404555
2.727003274449558
2.738081317319265
2.748686992755494
2.755671343153337
2.760871707990341
2.766213749627334
2.771280896939206
2.779838282389902
2.770565823591394
2.80339452436746
2.890984857469954
2.883730677963755
2.755629133700698
2.518025930689769
2.206282288445044
1.85671336825983
1.497147068503605
1.148760053306962
0.83017182081637
0.5592408482146154
0.3522189498655688
0.2212360739005816
0.1711072480929604
0.1969360836056887
0.2848629641577247
0.4170406767903086
0.5774895833782304
0.7541313207023
0.9365966464962213
1.11593255921599
1.286704676014834
1.447145603244213
1.597234442406215
1.737696026615716
1.870407789460064
1.996898441120288
2.115246776046322
2.220184434693694
2.306350331148233
2.371216956623953
2.414861529144491
2.437799945697198
2.507606670400443
2.582202360734638
2.68986801665978
2.80172644052471
2.905134354105751
2.991002655791195
3.049664335813203
3.074416881737984
3.06284430153468
3.014636067579612
2.929398322280913
2.807816166591209
2.658997081956082
2.514257088956557
2.435218142608273
2.484787677887824
2.651564360452141
2.701738366962868
2.689573691787539
2.704611578810094
2.713781531777836
2.722931569429561
2.730953964416334
2.73947642571709
2.747371964807385
2.753651348682627
2.759359953199789
2.765920319860295
2.772826099274283
2.786274315476188
2.771674255340393
2.830812563482319
2.997454629093692
3.004966363632594
2.842765563344509
2.566930045604829
2.234601272380589
1.878363214505704
1.514315210681444
1.155769536123338
0.8202796947721263
0.5297186130285866
0.3065111782423839
0.168752274474885
0.1255046485518255
0.1726428473989819
0.2912847491304099
0.4533706253962937
0.6330915097625969
0.8131033717459025
0.978127244972435
1.120520375447148
1.24450609319218
1.361594803583702
1.482054688151992
1.609592222298596
1.743493340315368
1.882057735568055
2.016335348535144
2.133516458150334
2.224565330314767
2.287977270288103
2.327927451203037
2.34875604859533
2.666145251628997
2.742913315946007
2.841104429886306
2.946018137124109
3.049640969469372
3.134463573950235
3.186293937177362
3.201592359230562
3.183257594363875
3.134163705136194
3.05320504692822
2.933947470066329
2.767596382627071
2.558568803333352
2.36251730155287
2.319369345684906
2.566743116080385
2.696013520377938
2.682533561704285
2.706089957913365
2.718105215543356
2.727799890050723
2.734998874704108
2.741338692439363
2.746913697374647
2.751893972994105
2.757289841491561
2.764702244660294
2.77415485197313
2.795030153495846
2.778463095605628
2.907921477076756
3.155165015665813
3.099987653274006
2.860015851762245
2.557808538667623
2.242832930655232
1.919234347698186
1.582451673106304
1.237229998565194
0.9017551917401935
0.6038797662836142
0.3732311043152871
0.2331338303498363
0.1956504847044832
0.2592188001951085
0.405438741251279
0.5982109276189042
0.7969668542417793
0.9693342130644278
1.088722451791813
1.154530212686231
1.189307820410526
1.224999275061678
1.289123360074077
1.392369268288409
1.52549528176409
1.674794847129636
1.819034931577216
1.938393356384847
2.023956436820852
2.076351807936699
2.10364691914374
2.117076853296085
3.001340994501543
3.005050173070503
3.035326134125048
3.120548953608826
3.220883676169586
3.292424024420758
3.322660109952253
3.318516211427952
3.289413080923224
3.240595285250682
3.17199079748884
3.076942382126501
2.938727485281001
2.728803114993561
2.433653426871154
2.174946033612978
2.387130001417087
2.67194328890249
2.675897107569837
2.710080002224215
2.725297054381606
2.734716434599218
2.740152777663931
2.743852411445104
2.746701553049229
2.749499267737525
2.75346060514588
2.760704096908178
2.772753771938319
2.802345287887896
2.799335521339739
3.060923147388396
3.290985778245239
3.061023427393122
2.754616964261531
2.485734177761264
2.24149936837612
1.990138112911654
1.712946798454956
1.410242520005105
1.101481000639373
0.819974765963421
0.6014394998603672
0.4711757476432092
0.4382429441374039
0.5009199347482041
0.6532579939654503
0.8692595667513255
1.095014970949354
1.241337223234383
1.274201999556668
1.218068256310372
1.120483359876119
1.033693186164024
1.006830423717527
1.071074185764433
1.210962693149005
1.366395533011237
1.502499092852347
1.604341136442357
1.672568047868594
1.708656446580818
1.7166329401586
1.712168125985563
3.647929840625386
3.357793305650733
3.256074672211012
3.329866445976635
3.414777888564322
3.44838644996592
3.441076004541311
3.412221774712417
3.371822352601963
3.323348474047245
3.267165164662738
3.200584975457732
3.115945123002543
2.992706596378372
2.770873342507759
2.376877339476787
2.29519340352739
2.659087343205448
2.692452052472726
2.726217387230068
2.739666094598268
2.745610186372478
2.747283734346808
2.747120131285829
2.746228188002097
2.745512385801949
2.746139502207091
2.75030198677259
2.760601654433196
2.789141793441943
2.810345864022442
3.135166809242244
3.123229273394575
2.774970005107295
2.546612527498666
2.390918460434126
2.249732639380545
2.09255576242802
1.903786009432331
1.682324581324942
1.444682329480003
1.22269536934402
1.051605856338191
0.9534415940883195
0.92695157950435
0.9598236326754385
1.065257435981942
1.276116697623902
1.547405398053458
1.62159846504458
1.517063611484714
1.301515529772351
1.041328960471012
0.800177503914461
0.6427018205266825
0.6343321628690209
0.8010397979447904
0.9458074325430554
1.034088638222354
1.090520515409444
1.13024227611759
1.153329402874957
1.150271500753408
1.104683903273469
4.71497116305289
3.785171503055063
3.554997257303232
3.582398862873206
3.595589954854927
3.566121027270928
3.521028165562154
3.473567677803553
3.425951653943339
3.378061734744345
3.329843751729931
3.280132281625216
3.227446629003232
3.182536369858449
3.183378104518395
3.169897626266585
2.876923284983927
2.745462718081702
2.770679618514214
2.77068273375398
2.767181004018632
2.762559444401398
2.757041668410941
2.751175557699173
2.745168478348685
2.739198118713663
2.733499706786291
2.728558223372575
2.724397718042072
2.723649745398958
2.740038563500669
2.63465721236948
2.418376730044096
2.397951623429454
2.382563246542894
2.332179749747193
2.273318072574368
2.208672248672596
2.133527504277791
2.046824447588284
1.953836683988793
1.866766489734879
1.80001919958022
1.760817138601155
1.739189229476996
1.717571186278564
1.69942177050513
1.863308138133611
2.118851435952309
2.043823477429954
1.776360954383084
1.390102559662818
0.95769096580236
0.5542397298560036
0.2501585879883189
0.1146190427366188
0.2708604647605634
0.3813067369794855
0.3649482804597669
0.3547154168673605
0.3537968367799104
0.3667368281674403
0.3867465610935385
0.2830764310972929
4.153067641371475
3.864594580542077
3.765458629837887
3.702587194753773
3.646529321776648
3.591467770146292
3.538703096328143
3.488048853789295
3.438895826651256
3.390902173329787
3.344089123431897
3.298646425742727
3.255078802552572
3.215562199692039
3.190876634522213
3.164305471066989
3.066923505019432
2.89671570653636
2.85058647142725
2.817153646078299
2.796037833136352
2.780201212731624
2.767014626839349
2.755167363018322
2.74382765233982
2.732327921904031
2.71990997483011
2.705426767189997
2.686503486651393
2.657456674813134
2.616503501728912
2.473494860436144
2.396790082831568
2.373817106592837
2.351586098382924
2.317957397238894
2.281577303721799
2.244038821904921
2.205893807032812
2.167357154916958
2.128986763796981
2.093669379302149
2.065220651915337
2.04400193781924
2.027080816287674
2.024201402627183
1.964941844140536
2.165626199157836
2.497650654274283
2.391915360449345
2.012028293273701
1.471251686294466
0.8738724616120946
0.324237191668423
-0.07860449972347802
-0.2333034276863569
0.001045841496317292
0.1559111176829991
0.1096265046581512
0.1100023544255723
0.1003483741598823
0.09222437787169102
0.08236986231138366
0.08486396198258202
3.857478699376698
3.764237004508142
3.712642476275314
3.664651286877711
3.620926128587388
3.5753245859043
3.528278743266602
3.480513847988922
3.432473447458794
3.384331448782909
3.336159411537148
3.287922533052098
3.239618205671186
3.191215077919479
3.144174269589091
3.090504187460713
3.010720466344638
2.921788719956703
2.878009605476665
2.841673113094533
2.81485850793097
2.793164121703262
2.7747704055144
2.758283411630545
2.742618862124737
2.726796456896012
2.709787820184385
2.690332792323245
2.666763586870367
2.635469429780405
2.597825794454141
2.523894536633141
2.460003560728396
2.413916233335133
2.371492621244057
2.32693331676578
2.281189933122197
2.233470914177922
2.183214924519189
2.129708939742769
2.073616008010741
2.02115108670739
1.980765200935055
1.953172220183853
1.936398747446923
1.946671956236726
1.888596323300309
2.165631996219098
2.662766899016283
2.613775911208125
2.184509573037051
1.529402239223516
0.7983279847788507
0.1391715216099254
-0.3060889392065034
-0.4009958106871971
-0.008383208220137703
0.2198317534340874
0.1743337944194782
0.1881042599742444
0.1819636357610568
0.1711061780888816
0.1473852558956761
0.143103285349022
3.782480538481067
3.742721478344805
3.710733781341914
3.667151099474466
3.623206443183937
3.576918466072693
3.529478846672762
3.481469950193337
3.433221474683757
3.38485081522535
3.336388188411908
3.287770711424709
3.238906581432065
3.189514617337623
3.13959557309784
3.085372193873703
3.019139573338379
2.949720474249624
2.901503690588322
2.861019886689143
2.829139947683091
2.802822047548517
2.780394032053119
2.760343739425244
2.741374426986978
2.722258467245187
2.701740113958918
2.678420859289936
2.650760343496949
2.616177353660757
2.575228165802051
2.51718729923521
2.462793735244535
2.41683672340412
2.373664709232564
2.330381480731573
2.286885593762282
2.242359828860511
2.195989358622847
2.144826921237994
2.086511257802509
2.030334225099217
1.990531010040036
1.963538460102252
1.947156367484692
1.958761633433296
1.888520030264888
2.138800527465997
2.709094283743809
2.707221628176182
2.26277680379275
1.548461403976772
0.7443086063512917
0.0252128615179763
-0.4349252265259559
-0.4782349741378168
0.001396212159766643
0.2157770646881936
0.1575137138314431
0.1721366649657668
0.1643222870050351
0.1513441141538737
0.1249757145893947
0.1320802106096015
3.782423027077399
3.742688480287459
3.71071286140835
3.667128685851282
3.623167085170768
3.576843685712996
3.529341244246126
3.481225786387911
3.432798008962854
3.384132052567205
3.335199762866478
3.285885780832567
3.236022603289768
3.185298495906355
3.133508879108694
3.07928046922839
3.020310615776203
2.961307883026801
2.913601982018031
2.872418803201247
2.838264780855535
2.809348979462706
2.784347015810946
2.761866119614255
2.740587502840832
2.719213709037559
2.696455058648042
2.670998785268067
2.641593159229832
2.606643642837679
2.566465775363798
2.51718846131686
2.468354735113032
2.422818902442607
2.378964754201475
2.335783722402327
2.293215111415666
2.250609271552007
2.206982912512871
2.154355550944849
2.083387139629866
2.011843098071841
1.96880069693349
1.940689465786822
1.926014474488732
1.941244244530069
1.873569820946295
2.117924661817495
2.69868424638221
2.681165070233387
2.219990969278414
1.513919227016807
0.7305409881608174
0.01359653856357655
-0.4689366147646199
-0.5212137447360928
1.665872573781716e-05
0.2227866974028247
0.1636636951503716
0.1817553420950266
0.1739972263934138
0.1584537419504798
0.1270016318913705
0.125945724877003
3.857129058558701
3.763980605266099
3.71244285039402
3.664517914212442
3.620848170069091
3.575282038923585
3.52822876940866
3.480367475346315
3.432053989614407
3.38332647076644
3.334087191719866
3.284144622407534
3.233242784088667
3.18106218718676
3.127434769770141
3.07208031269924
3.014941084335212
2.959203361532788
2.91094256179626
2.869112104531586
2.83418962756873
2.805027449116584
2.780352370318381
2.758649298594768
2.738367341818133
2.717949513998447
2.695870420723026
2.670677817517844
2.641132245091705
2.606126210093612
2.56593462691347
2.519629428676989
2.472261643121038
2.426078222240516
2.381285088324449
2.338018769643039
2.29692664032584
2.258163428323325
2.221376491782676
2.167561513157186
2.072429123152273
1.972083341214225
1.930074295766025
1.903951798713176
1.894334957416518
1.915447250237019
1.861560972819815
2.127003012587432
2.637640983804887
2.501195052619454
2.021693973726413
1.416072683888507
0.7763885464020196
0.1512093404043766
-0.3605870711851334
-0.5288617454463305
-0.03714188104265966
0.2244216455829849
0.1741501180095237
0.1967374914512123
0.1897520017248225
0.1709044520293224
0.1327895379336053
0.1114017593032741
4.15343890324424
3.865125852318384
3.765909207676954
3.702842123716064
3.64647621145068
3.590973428994363
3.537592087911092
3.486076194992786
3.435694898381511
3.385894108496494
3.336380592429555
3.287003866562253
3.237680713471603
3.18835994205772
3.139083599436998
3.089789707055278
3.040410368934743
2.992297992067022
2.948134770023008
2.90728985480327
2.869938102609386
2.835556223202852
2.803577662635274
2.773300369813682
2.743988607502785
2.714885795756596
2.685247215483669
2.654373264105248
2.621690788722915
2.586688135270521
2.549482114481135
2.509571020865002
2.469280925658425
2.429693715137628
2.39099797841271
2.353388509327941
2.317952580086603
2.288379900918473
2.276949534601493
2.248794530825352
2.131731801214764
1.929878815471664
1.879541963082289
1.852745749694576
1.848886774278625
1.878023885560278
1.863955213839276
2.210965516024396
2.442462890454412
2.088625458436355
1.664375387512249
1.268806886945617
0.8766892675233114
0.4567655139046062
-0.01007154099490415
-0.4009744543307835
-0.1512695359180375
0.2104660283184249
0.1960934722731256
0.2261214328225001
0.2228508652682127
0.2033186178190117
0.1576459370048595
0.09007717936629546
4.712958010002176
3.78385578269976
3.55426375827678
3.582161534854932
3.595919867647711
3.567171457586496
3.522989030298151
3.47659961231641
3.430003654495161
3.382559621322311
3.333658865214569
3.282620673436623
3.228349079677115
3.169426851324054
3.104738414174522
3.034370994892611
2.960947204788758
2.890743952240435
2.831188531434936
2.78568238052591
2.754884874649987
2.736974170514374
2.72879606612861
2.726764827228359
2.727333185844755
2.727073949719709
2.722614756046714
2.710632504864651
2.688205284208089
2.653503827535465
2.606724760187571
2.55034319780144
2.490239537981437
2.431319785750685
2.375443920579904
2.322800163775447
2.279706785360185
2.275695325781204
2.352182620769912
2.360546436400201
1.88453572600937
1.729866010778746
1.759261012960849
1.76509446831863
1.776527121787327
1.810556166643222
1.853240600097828
2.209573931672346
1.86270784866775
1.451753865892925
1.269236026168798
1.129289232110288
0.9757411007405888
0.8174745552823744
0.5958363020194508
0.1414457707715168
-0.179423744247767
0.2047320806715154
0.2447371939442808
0.2725020650655726
0.2662209201447835
0.2344356542878958
0.143353729961025
-0.01268959408011279
3.631029775792113
3.342546028571368
3.243563453059663
3.320953816779479
3.410385223245979
3.449583241607232
3.449032215349913
3.428053546382132
3.396297200969345
3.356567534293004
3.308724458858505
3.250952018313878
3.18000729776076
3.091938050136689
2.984060576879231
2.858294930145555
2.724472980302963
2.600063256947767
2.503869076912896
2.448113765060626
2.435736266059162
2.462003353965238
2.517646298188073
2.591568239585991
2.672373085123917
2.748880093460465
2.810195183601717
2.845992416603385
2.847595359174021
2.810026203650612
2.73446318913767
2.629541474477632
2.509215851681265
2.386523571603341
2.269278348408853
2.162369056253286
2.073933460060004
2.006211907863572
1.892289786104194
1.548390104270063
1.243874275354107
1.590256717773589
1.629173794074179
1.663073401702424
1.672342522414058
1.673356132328631
1.699601629873428
1.523718864345608
1.015081360799308
1.014615150307565
1.081670451231499
1.060548408107698
1.005504826957057
0.9783949896929729
1.028349346585548
1.010335416875387
0.5142408389583294
0.3478784689459397
0.3760633885468325
0.3728547651493603
0.3693856581081283
0.3724935160715803
0.3801837857335683
0.4983968205734179
2.95430266943438
2.961240131596501
2.997414430905768
3.090907335033448
3.201687653474292
3.285732231651941
3.330389399288951
3.342340800984506
3.330707787763113
3.300751350130032
3.253831390483667
3.188640577432705
3.102405018489002
2.992507411911708
2.859017707275136
2.707758582272561
2.552192265728634
2.411811302403715
2.306665008811965
2.251026219366827
2.2497788520966
2.298698044039087
2.386960370461403
2.500014621794945
2.621753079652327
2.735832228637874
2.826556240274562
2.879920045306741
2.885249032220191
2.837371182834003
2.738487882567778
2.598245229087692
2.430718789270466
2.249448985714292
2.063561981529766
1.876534168840546
1.683468268513122
1.462235176282261
1.184182816600654
0.9426476361039028
1.239540006721799
1.587708971042149
1.566136919093582
1.593167077972812
1.58437975288098
1.549382270773964
1.488699158384396
1.265600955880024
1.13232460631815
1.098428025191951
1.081854872367312
1.046103330103674
1.006070206504534
0.9695218733059587
0.9501440305516314
0.9130039114476065
0.7864380157718021
0.5631395950032744
0.5031559544046393
0.4650143076058535
0.449422800543014
0.4515498399711289
0.4752482092533786
0.5465137565908924
2.577027154200523
2.659315215619753
2.767728157968366
2.887111587369465
3.008909038291473
3.11503505972513
3.190705702282917
3.231858365906087
3.241239557419385
3.222635672099215
3.178115122334923
3.10788272361196
3.011424193265817
2.889322505935101
2.7454254983544
2.588680735904377
2.433505220518528
2.297845059053598
2.199292018764725
2.150766388212144
2.157470630596626
2.216173614673
2.316476610155702
2.443017009000748
2.577714493814471
2.701686507168358
2.796920716337107
2.847976081862744
2.843839057483497
2.779661015596814
2.657646506143492
2.486238152823904
2.27734014962084
2.042467096518237
1.789078628816237
1.51825836571453
1.226446458032258
0.9220870665605467
0.6773446328122297
0.7019148249198482
1.310050701264952
1.595698573805842
1.532306528188754
1.551408190504667
1.535854495244044
1.50088992296734
1.44773568076688
1.331425033387643
1.220438630579944
1.154114756927831
1.105148249855106
1.054072325041465
1.001919337834065
0.9496915187208297
0.8984337215437
0.8301223698424963
0.7224941267782129
0.6083131348072651
0.5575343468285459
0.5225721324197423
0.5077213124275275
0.5102232474982702
0.5333131885048261
0.57851549331365
2.367827259472284
2.450925771204694
2.574330520302158
2.708408554462473
2.839492080515857
2.957289309677427
3.050889745555194
3.112560789121187
3.139492662402194
3.13210785693044
3.091876007102114
3.020421080958762
2.919968156665751
2.794533558867426
2.651182856196948
2.500680344365047
2.356993538642441
2.23554402565528
2.150608373159522
2.112550791339754
2.125636460601938
2.187048662691548
2.287272526993461
2.411514342837244
2.541648813087007
2.658314420287728
2.742995884130633
2.78004301236759
2.758499216709013
2.673418308499591
2.526213365868118
2.323706365494658
2.07596433589064
1.793487749309776
1.484884846392878
1.157644975026775
0.8274435768555527
0.5420260276093528
0.4126230429324154
0.6141459206503819
1.31707704674493
1.589971422941223
1.510934162390898
1.523967838579334
1.502461262326036
1.464849859256473
1.40995407328893
1.323535144430495
1.237186143657798
1.170562846190549
1.113060436770574
1.056377046242047
0.9998993093972951
0.9429900393763
0.8851606430458826
0.8187927185093717
0.7354873174507236
0.6518752520888168
0.6001517450681494
0.5647298050907911
0.5485640520055486
0.5498436962874655
0.5710164048106062
0.6111797815418738
2.248544574213688
2.317443391038962
2.43036305042446
2.563063008303937
2.697458094335247
2.821441964088778
2.924905294005079
2.999222333651249
3.038641404637337
3.040772517079075
3.005985534137279
2.936752351912152
2.837526979386114
2.715043896444814
2.578574203273695
2.439705150918363
2.311454704793146
2.206824691226089
2.137060138250793
2.109904306950598
2.128148585445492
2.188790774321333
2.283034174454091
2.397144765020011
2.51398074416242
2.614926490111532
2.681978960079745
2.699762952869231
2.657241482537774
2.548865216531806
2.374944096357641
2.141172386628384
1.857479818139552
1.536746482026976
1.194629321670875
0.8527396937299573
0.547258764710851
0.3407214586893749
0.3262532785937994
0.6141278920808044
1.317417265543106
1.585748101284979
1.503379381510642
1.512255100702563
1.488034562390926
1.450572539460747
1.397852758817612
1.326336845978574
1.251626721143812
1.184075263002014
1.120974594169633
1.059247567443768
0.9981037702696868
0.9366082412593143
0.8741131993490657
0.8078919119258866
0.7361752419123048
0.6680257921692686
0.6193852016721639
0.5858613964074841
0.569683769348082
0.5698575122551116
0.5877862189628924
0.6216842020687381
2.179325175399548
2.235476045358717
2.333039294067695
2.456006203046538
2.587493186248369
2.713309783239171
2.821840415899246
2.903429460597843
2.950852962267855
2.960114223794692
2.930741991889722
2.865603509198104
2.77055714940014
2.654068855723033
2.526687723002691
2.400253287466801
2.286834345247525
2.197518771855303
2.141195997208868
2.123438869742153
2.145584853938109
2.204156836912995
2.2907933594719
2.392801108022518
2.494311941067817
2.577896289962902
2.626406498808824
2.624804720005673
2.561758598136685
2.430856216072941
2.231389332887419
1.968761313617237
1.654696210170603
1.307616503972641
0.9537806653708778
0.6295097108553429
0.383182607894886
0.2731254008242885
0.3588460539643812
0.6942871326307872
1.342420929782292
1.587506611402375
1.509082423459726
1.513857621948444
1.487838437451001
1.449773979647922
1.397590145155602
1.331929321120992
1.261560827115888
1.192944779230301
1.126462808119649
1.061255464898362
0.9967164562019662
0.9320147933402275
0.8666466010950317
0.7999344171017023
0.7326626435814436
0.670754052322411
0.6233240536070609
0.590507647599896
0.5741479752727661
0.5734409178219454
0.5881777315795761
0.6153830051307608
2.140329278598741
2.188044694628872
2.273574201086674
2.38637852513832
2.512496087077232
2.637448949347738
2.748138174344562
2.833635938232
2.885758688309016
2.899731032112082
2.874666355256331
2.813614143639104
2.723159959589816
2.612678202199314
2.49334195084263
2.376992155168412
2.274981730211663
2.197101903583635
2.150655451045663
2.139697064385816
2.16445396547633
2.22097777759296
2.301127711148312
2.392990133408087
2.48177408177738
2.551114709867273
2.5846240237711
2.56749744720718
2.48803073790575
2.339004117940967
2.118999359028173
1.833771359430968
1.497753837529097
1.135604158165791
0.7833017142617201
0.4876069395611496
0.3019276574600735
0.2770276482945535
0.4481767144147242
0.8258018065052499
1.401803135636501
1.601952247187834
1.530016338042703
1.529804782603832
1.50271914565799
1.46312354672065
1.409225693312459
1.343311730539949
1.271929494975545
1.200532637142522
1.13080356162932
1.062639524698801
0.9953007759459537
0.9277436065971858
0.8593045923141666
0.7899930453912802
0.7216890341629475
0.6596568322942598
0.6108660994925512
0.5775701935742723
0.5614685891751244
0.561525221699661
0.5752756433322822
0.5970413368221855
2.121915757742691
2.165278625624965
2.244316391003529
2.350940201077951
2.473141536808144
2.596830704818578
2.708197400537991
2.795458507947988
2.84984995421435
2.866257688632244
2.843649797728109
2.785161849037869
2.697682883574673
2.590964946868133
2.47642553409352
2.365856880509426
2.270220737289188
2.198633753264565
2.157573960685681
2.15029142262065
2.176400613014547
2.231665636562081
2.30803766413085
2.394027537048525
2.475464343329961
2.536610017299367
2.561517662847989
2.53549313671278
2.4465722710687
2.287039084109979
2.055119582807892
1.757000152608118
1.409131938058757
1.040300493713253
0.6922130701834421
0.4168182947318386
0.2690713609397326
0.2957968518672661
0.5229747367067573
0.9413622364329205
1.483120107775496
1.633657766992657
1.562019699985312
1.558990602446878
1.531318093601043
1.489281796493436
1.431240224654834
1.360391332509203
1.283783765978399
1.207605350629892
1.134221702622997
1.063421779517181
0.9938145477738272
0.9236180399126628
0.8515145527050463
0.7773858705941261
0.7037179455081296
0.6366289813058972
0.5837099518914134
0.5487388189389822
0.5336776789718352
0.5372198034021051
0.5546782648747949
0.5760386147497307
)
;

boundaryField
{
    inletLower
    {
        type            zeroGradient;
    }
    inletUpper
    {
        type            zeroGradient;
    }
    outletLower
    {
        type            fixedValue;
        value           uniform 0;
    }
    outletUpper
    {
        type            fixedValue;
        value           uniform 0;
    }
    sideWalls
    {
        type            zeroGradient;
    }
    topBottomWalls
    {
        type            zeroGradient;
    }
    frontAndBack
    {
        type            symmetry;
    }
}


// ************************************************************************* //
