/*--------------------------------*- C++ -*----------------------------------*\
| =========                 |                                                 |
| \\      /  F ield         | OpenFOAM: The Open Source CFD Toolbox           |
|  \\    /   O peration     | Version:  2506                                  |
|   \\  /    A nd           | Website:  www.openfoam.com                      |
|    \\/     M anipulation  |                                                 |
\*---------------------------------------------------------------------------*/
FoamFile
{
    version     2.0;
    format      ascii;
    arch        "LSB;label=32;scalar=64";
    class       volScalarField;
    location    "5000";
    object      p;
}
// * * * * * * * * * * * * * * * * * * * * * * * * * * * * * * * * * * * * * //

dimensions      [0 2 -2 0 0 0 0];

internalField   nonuniform List<scalar> 
4096
(
2.668048326495911
2.711744058321842
2.791532178801262
2.899552381633736
3.024112608689937
3.151504187602206
3.26836338945259
3.363434318828184
3.428558023934713
3.459260450937694
3.455104021060439
3.419676435325188
3.360089173804741
3.286025210639173
3.208508973314856
3.13860561725254
3.086217777674486
3.059078097320759
3.061968980480358
3.096161030188052
3.159059222533688
3.244076094165329
3.340790600990983
3.435464411561907
3.51194802827754
3.552927364888504
3.541385396803417
3.462139141802386
3.303384885474876
3.058318458253833
2.727018796425294
2.318786450011664
1.854888230449594
1.371065893654417
0.9182825414847227
0.5595312628517295
0.3611403195260998
0.3793629303643032
0.6450638999225857
1.146379185004103
1.800435175733014
1.982506767899282
1.895839979719681
1.892104135551825
1.858497731489142
1.807409777955725
1.736864169824285
1.650749354247833
1.557647160605337
1.465094029383292
1.375981872800581
1.290066457853986
1.205664621557891
1.120617045959238
1.033320603241978
0.9436193028026243
0.8545013183753843
0.7733487023802568
0.7093304377937284
0.6670138401749159
0.6487773126418547
0.6530604645604762
0.674215659593574
0.7001232242426332
2.687558212509361
2.735683398295137
2.822094089891006
2.93644255521165
3.065009457566593
3.193609825512759
3.309526497753531
3.402336046328259
3.464474699180256
3.49184678406932
3.484215892402812
3.445149738586669
3.381524614940827
3.30270490861915
3.219509520544355
3.143065593583754
3.083656959423726
3.049667121807358
3.046680041184992
3.076763996048067
3.137958464912767
3.22401773731434
3.324507101550782
3.42534767406949
3.509839589791391
3.560086972025188
3.558657454176166
3.490282081000743
3.343455754821169
3.111913621509543
2.796079321247563
2.404637713224869
1.956324605582547
1.481807727805704
1.02505662191603
0.6427427616465048
0.3992947987607356
0.3557111406604924
0.5540706000810024
1.006292715582889
1.701870636812844
1.9440658173296
1.857042238509129
1.8567103006388
1.823805389839676
1.775664039422028
1.710138316211366
1.630010254753663
1.543256805749773
1.456519293611417
1.371854323725216
1.289143458675236
1.207492240160499
1.125635881797569
1.042766258314948
0.9588873348884761
0.8762597655510914
0.8012357867056312
0.7422294667656172
0.7019568171424087
0.6824714163153396
0.6825377970288908
0.6992023912841826
0.7256062148081679
2.728546548900623
2.785264900755656
2.883986814035989
3.008802052454907
3.142908537027603
3.272250710205142
3.38550026500172
3.473482633102879
3.529618858128702
3.550648027484115
3.536832786070827
3.491669472518046
3.42143410528373
3.334701658452708
3.241751229637978
3.153740958587889
3.081651956911406
3.035113029673072
3.02124164848199
3.043604863503753
3.101395368084548
3.188952544491689
3.295786756128134
3.40721645772718
3.505608530106347
3.572086652976771
3.588488407368481
3.53931965703888
3.413471161579182
3.20552813717838
2.916611005306492
2.554811084363593
2.135428604328702
1.681450001635418
1.224970069157834
0.8099455770723804
0.4946697101354723
0.3492673970907081
0.4451327840820957
0.8468381969876499
1.629937224857507
1.926548588252772
1.83165907148133
1.837361620218051
1.805740244148975
1.759433853471336
1.695964594614709
1.616124480312493
1.53060085754722
1.447252417102339
1.366544763069253
1.287430912072303
1.209175483315949
1.130770777025039
1.051606194809373
0.9708625596905978
0.8894829485867767
0.8146227112821568
0.7572858626297106
0.7176144081236855
0.6978277263671374
0.6969709675199246
0.7148301011350463
0.7478320275539219
2.800460082808386
2.870220035005564
2.984795755675466
3.119831860237935
3.257057506567575
3.38432448336526
3.491751539365872
3.571196949747498
3.617572687254611
3.629256385744609
3.607420928138162
3.555293140586568
3.47792033078401
3.382334451228385
3.277685478493911
3.174946685312734
3.086024124982976
3.022371642820041
2.993364662516918
3.004701286417374
3.057099357307959
3.145567293869969
3.259460881371872
3.383354370916396
3.498577115583203
3.585191258520439
3.624186543019512
3.599665052802719
3.500741001150841
3.322831244996919
3.068052356732477
2.744623901931342
2.365478637771606
1.946728471091115
1.5074961717427
1.073821472649269
0.6891598813699131
0.4287098898673942
0.4045771868093463
0.7495214848794735
1.599658022102159
1.924362377093641
1.824687165075682
1.835357653706974
1.805901358473244
1.760292170440354
1.696130934617514
1.609149263064547
1.518362612503061
1.43634147309473
1.35977290027613
1.284901551806209
1.210764454948666
1.136228714480884
1.06051406197829
0.9803331840564925
0.8935547779279563
0.8111530505661544
0.7523840251772063
0.7118878418850463
0.692339246528044
0.6925539354075798
0.7142776736288807
0.7553910302682805
2.922876192812847
3.007398398843894
3.133290077085928
3.270336426750915
3.404366665060043
3.524988797018144
3.621574801774115
3.686903839440807
3.718800561614942
3.718412591226661
3.688018121528676
3.630093930553122
3.547655987418621
3.445274639623582
3.33012868675796
3.212495474106865
3.105211162643037
3.022017299897102
2.975170201387129
2.972933743329123
3.017618758766084
3.104718387290273
3.223285713535366
3.357264901555506
3.487340822274019
3.593000942143281
3.654699699865318
3.6560846600227
3.586110871900064
3.440613174020593
3.22274131056386
2.941825601920462
2.610765270190134
2.242631276810028
1.847872007057866
1.435300308172149
1.023444275028017
0.6695640358225026
0.5077477117579903
0.749102223838424
1.599165101385573
1.929354902119912
1.833704283133437
1.849419090285774
1.823232431303701
1.777396281246432
1.710531602452486
1.605410888542445
1.500524448350141
1.419705347625193
1.349999389117764
1.281282510285197
1.212806163883698
1.143801606293684
1.073683575899137
0.9932590307085888
0.8923993947965158
0.7912806429238973
0.7288309954585261
0.6860793801601198
0.6665654657809202
0.6681248333932187
0.6937701109043403
0.7424621414626895
3.135384542800568
3.22022178951499
3.332339289384116
3.455217187892568
3.579723283872339
3.687920398458703
3.765475139837203
3.808824146887756
3.821223145265917
3.807038403292317
3.769054805384118
3.708347590074068
3.625354219002177
3.521498389302574
3.401061744202234
3.272719181579141
3.149767421455602
3.048313749435087
2.983749136527397
2.966863435109028
3.001112816601979
3.081994863149301
3.198212460603944
3.333673921549246
3.46953348500194
3.585985146877398
3.663964416741627
3.687064095710447
3.643769474055961
3.529622885562294
3.348379237025485
3.111072314073453
2.832656491697264
2.527313090800149
2.203990586977451
1.863623480656388
1.501328446334768
1.126709899291534
0.8266178961880696
0.8545239586720798
1.590282461239896
1.936060259584526
1.859364269699738
1.882450347082656
1.863454567001729
1.820764680734607
1.755911629088534
1.614455913689028
1.479790439276339
1.399477433463548
1.340241350157007
1.27837926055651
1.215147180475242
1.151768862798554
1.089515761923147
1.006606858425073
0.8761551897094497
0.7380079842639496
0.6768005164779147
0.6346763083747806
0.616780906006077
0.619818986244787
0.6477603269333114
0.7025138051026594
3.516138194650396
3.527730513575845
3.568825776707316
3.665661767075378
3.778322182751225
3.863464723012585
3.908989616868082
3.921931683156752
3.911701742541577
3.88392047569746
3.840475382302302
3.780816276375564
3.703146689792061
3.605895619646394
3.489904074755752
3.361026937441608
3.231701269952375
3.119473469973202
3.042091155843229
3.011807028203774
3.032113630197526
3.098026036060608
3.198385345157289
3.318444640585282
3.441771709828595
3.551382900140488
3.630587676509842
3.664203440543747
3.640600981442632
3.554453717276142
3.409135135380512
3.216892328062818
2.995189141225898
2.760607462550207
2.524065029502016
2.289323579990187
2.049799246441521
1.778003657899803
1.438704195170308
1.144729654075052
1.503952336734184
1.925931525453345
1.899993407561878
1.932757669173811
1.92196266257514
1.879163811357859
1.80503053364813
1.533839776066624
1.372349236677257
1.331577849528299
1.31174577305488
1.268500228265623
1.219968306118451
1.175577912126692
1.151876663484936
1.10657244675774
0.9529885570842559
0.6827049024956195
0.6104726175777918
0.5645699384916774
0.545792276553146
0.5483388789754533
0.5769376849602434
0.6631588402755233
4.197784282706913
3.916419225663022
3.822166990733904
3.901567489898727
3.991648465202549
4.031085829171973
4.030722871893071
4.009976449689618
3.978566940703003
3.939444711383161
3.892753591679541
3.837169539146537
3.770202857421834
3.688860841432441
3.5913532040736
3.479919288937753
3.363641409347331
3.258216206197909
3.180428168221486
3.140951145573018
3.141862816691693
3.178154996681096
3.240627386606882
3.318331976941799
3.39986998044782
3.473724389523976
3.528242250044922
3.552014099000741
3.535255153022499
3.472407168114185
3.365251652323185
3.224586073943176
3.067634059120088
2.910362169358157
2.762122861323551
2.628436100075155
2.518581918826177
2.434658282446715
2.295118482769564
1.877233533053307
1.508090785876788
1.928440623131169
1.97599102063435
2.017250359415253
2.028430622629033
2.029321305624847
2.060539198101906
1.84656259704834
1.229580293380101
1.229800635528455
1.311820805527916
1.286494933918506
1.219745669973715
1.186615621219628
1.246610627212581
1.22411353902322
0.6225244751976644
0.4213437274962528
0.456122164850788
0.4525776003952204
0.4484856970270406
0.4521291326996026
0.461122173026536
0.603851951453042
5.291707801036894
4.365483615881988
4.137733838945276
4.166016849479668
4.179678655471613
4.150833959172521
4.106619725620586
4.060216580115239
4.013607168388519
3.96616979227222
3.917357851956647
3.866615281253077
3.813060850671271
3.755573083438094
3.693340823370104
3.626621477026514
3.557866250764389
3.492623332380692
3.437633385108808
3.395853903459188
3.367681189161623
3.351227686893376
3.343369874311111
3.340572049388134
3.339285018773892
3.335971944596101
3.326991616514441
3.308652401669485
3.277632287075456
3.231864561516943
3.171710626489329
3.100293987711378
3.024885897595232
2.95154168398822
2.882498411897843
2.817862616532716
2.76510752663697
2.759786617142835
2.851900485840412
2.861415336728389
2.284314124372962
2.097348658184089
2.133537467459631
2.140902888827943
2.154813219634373
2.195926339064766
2.247292144046733
2.678975978862419
2.257911460261484
1.760460598783654
1.540037912842588
1.370762019820212
1.184517967861858
0.9921287358937982
0.7225417365128803
0.1707942960983037
-0.2181150270146507
0.24815581544049
0.2970695397544572
0.3309586183400056
0.3233930652093314
0.2846821234025033
0.1739049269264376
-0.01576505779656982
4.738822396256477
4.449299109638685
4.350231884478386
4.287048343073327
4.230595757090827
4.175036872598576
4.121623847737243
4.070086305992477
4.019687172785483
3.969870731294852
3.920343456813926
3.870955543063997
3.821627510361412
3.772316217884831
3.723086306485899
3.673908693357867
3.624794404818402
3.576774276351416
3.532423519658991
3.491089837634461
3.452860848700953
3.417173606854467
3.383401508617124
3.350796008113273
3.318559757920493
3.285869322470087
3.251928758818185
3.215984428529481
3.177421959504936
3.135702272042395
3.091042740265619
3.042897599455568
2.994168118595422
2.946248571665682
2.899382104537537
2.853800677487604
2.810815097713009
2.774873325558659
2.760813032654986
2.726415855357978
2.584402898359961
2.340140560338803
2.279577381369011
2.247402685217133
2.242820390635342
2.278135550303755
2.260850246216977
2.681701658866179
2.962555818998635
2.533885904036088
2.019922118187185
1.540496155603122
1.064890039724363
0.5552845688991116
-0.01126277970032563
-0.4855297947678301
-0.1829535724002394
0.2556781551778462
0.2384605965087882
0.2749508630246439
0.2709591915250895
0.2471224522876871
0.1914374795675813
0.1091503602191922
4.440760616585706
4.347514959390489
4.296218523352858
4.248357554811323
4.204711214795936
4.159144748248036
4.112089604323771
4.064230328416684
4.015928797512084
3.967235206845794
3.918072051883262
3.868282471257718
3.817661104423413
3.765961670906985
3.71312121437247
3.658966695546281
3.603608278527844
3.549525580300427
3.502535557185003
3.461536824952586
3.426842330821347
3.397271924163697
3.371500172916091
3.347978363796202
3.325096127685746
3.301212516398393
3.274703836263492
3.24397062448719
3.207643500280479
3.164486997187494
3.114930942536981
3.057923927861424
2.999708305195742
2.943130304797378
2.888422896654196
2.83569383895986
2.785678561598615
2.738524584624817
2.693771920864513
2.62842561836154
2.513139304433842
2.391777585678686
2.341196012789135
2.3097886748205
2.298237400992329
2.323893632143048
2.258388846085845
2.580658933860335
3.200632029688702
3.035696276890371
2.454704154553311
1.720508236393784
0.9445682689609272
0.1859131140324819
-0.4352047160601414
-0.6395534781378365
-0.04384396392140195
0.2730335058587152
0.2121789969560943
0.2395687099634748
0.231040915571888
0.2080326372422624
0.1615152720531475
0.1352994094227294
4.366275048711849
4.326475478487088
4.294591017725117
4.251023322410371
4.207068443187981
4.160741225141398
4.113233247602697
4.065111711152736
4.016678961160283
3.968012401292272
3.91908975430928
3.86980679674393
3.82001284397703
3.769443357816435
3.718026430521113
3.66465712157558
3.607602646856247
3.550168897425765
3.503422593667064
3.462780351570025
3.428549939290807
3.398977273193731
3.372697593208375
3.348298139874713
3.324409762551912
3.299673814283149
3.272708360565719
3.242044378698005
3.206268426898651
3.163526121474468
3.114283979022422
3.053888967304064
2.994077678196211
2.938521126543132
2.885192345976903
2.832759606194646
2.781106979121669
2.729429101877658
2.676528477032392
2.612764578738265
2.526870669499716
2.440395501963831
2.388485667591513
2.354621476120242
2.336928323625771
2.355475086850331
2.273249530227716
2.570020151528188
3.275627435601396
3.25595832481932
2.69817005432843
1.842668594087493
0.8922977344752351
0.02156013655967337
-0.5651655813090228
-0.6297577190424526
0.001455652353186043
0.2712949759397508
0.1996754112026722
0.2215735401201011
0.2120877697231859
0.1930711227921734
0.1546121781186205
0.1530897857491815
4.366338703290388
4.326545998340584
4.29459742867119
4.251027782605227
4.207093421716785
4.160808322177261
4.113367717620922
4.065353855711704
4.017095857029559
3.968710055247916
3.920223793663089
3.871565807534378
3.822618517774581
3.773091345598552
3.723132106478879
3.66961619279744
3.606387224595249
3.53911212069734
3.491894457347648
3.452047303355246
3.420077601835733
3.393097337282776
3.369404155039123
3.347495707845845
3.326047123254688
3.303777856983977
3.279330718686631
3.251121669153652
3.217365324682178
3.174983010690151
3.124711314420478
3.053510319043274
2.986798443227034
2.930806964726566
2.878481201130668
2.826062292080963
2.773391602756532
2.719475623164406
2.66334084798882
2.601437876885553
2.530924347007162
2.463056748598287
2.415027209219158
2.382485508256929
2.362715173734536
2.376890906845897
2.291543170770803
2.595412654921331
3.289266718176014
3.290810462771798
2.755505928165419
1.891226413846937
0.9155000229355391
0.04064333016501311
-0.5212775558795782
-0.5771218841508595
0.003055295400529106
0.2629074435162185
0.1923057778959133
0.2099611700391112
0.2004009137478246
0.1845024036199211
0.1522231131113048
0.1606219246758905
4.441375932270294
4.348112430736887
4.296533499100399
4.248546392811597
4.204822865879549
4.159215016237685
4.112153611664807
4.064359816746918
4.016270678081129
3.968050073487384
3.919747283633467
3.871268614180373
3.822468533489487
3.773151330195406
3.724933786562109
3.671547222149367
3.597387529730709
3.511968550136079
3.469157795714345
3.433610332594723
3.406634758789529
3.38423474575431
3.36456198710651
3.346273397160195
3.328299921794662
3.309649089983818
3.289207668571212
3.265534458698285
3.236649403969076
3.198193359944856
3.151865819266034
3.061063018607102
2.982504972769006
2.926508312400067
2.875486211967088
2.821810520571834
2.766602543562585
2.708936978894675
2.648182335554143
2.583501026523594
2.515705939088369
2.452318201715893
2.403542365072153
2.370230788735177
2.349966612930195
2.362547174654908
2.291866045276422
2.628091831259267
3.235277037772929
3.183254890516141
2.669484273248331
1.87873349606393
0.991624627592823
0.1876742779194456
-0.3594751254006909
-0.4816015747395105
-0.008896840003994846
0.2681029385622645
0.2131115377909865
0.2297216218016271
0.2222063011157294
0.208888578719041
0.1798179055031008
0.1742341543321481
4.736885627909257
4.44838792819616
4.349268305694308
4.286419899866457
4.230395186518946
4.175376545042099
4.122666714841291
4.072080182994197
4.023007910622468
3.975110601980436
3.928420654238476
3.883138620281511
3.839666558339938
3.799724154192824
3.773123199177531
3.74543916624356
3.655832305059041
3.489899031161838
3.443500220319565
3.410897782941286
3.389407844427234
3.372760773480612
3.358240683096762
3.344630282620794
3.331164750217687
3.317218870290292
3.301976709183632
3.284098165980971
3.260696234516948
3.224819082297517
3.174252446516621
2.998645001415063
2.904655029008118
2.87691351804819
2.850618831699146
2.810123915504621
2.766142161081881
2.720733759277367
2.674620418388105
2.628076571575904
2.581778138042504
2.539207622097942
2.504957591568578
2.479445730748699
2.459082047913999
2.455764231324566
2.383639348630621
2.629427192040135
3.040550551517336
2.924020128483796
2.473290925576533
1.822961905654253
1.09831669338526
0.4259451187731425
-0.07275938171301417
-0.2720829847482809
0.003707493002441511
0.18900820484271
0.1330280303224343
0.133314141889876
0.1214928774728417
0.1115235036757545
0.09946513277028142
0.1024096919440328
5.299038496531589
4.369173963598048
4.13897260470689
4.16636715321004
4.179547288916994
4.150050820367303
4.104905245199928
4.057355195192018
4.009601681809098
3.961550856592153
3.913256726295463
3.86355594441662
3.809771326977235
3.758406614484767
3.743074765049689
3.719036491217158
3.465338754519764
3.34540188389951
3.366224932331286
3.366980123467878
3.362736879396315
3.357104800246294
3.350128019128032
3.342480916493418
3.334529829555573
3.326628883592448
3.319117071780835
3.31260288685432
3.307087687179056
3.305810224003595
3.325667757715067
3.196863606833826
2.924801874513873
2.902146358034826
2.887836159163982
2.828905967711747
2.758189777571033
2.680067052839836
2.589224102788322
2.484398258861957
2.371926116977607
2.26654720661671
2.185683574494736
2.138067457397649
2.111612980401177
2.085373134260704
2.064872911973791
2.270260156915205
2.592929634809908
2.516707101203865
2.204404497658575
1.742892071385674
1.219131177165651
0.7240947018579049
0.344053854629594
0.1650536693857185
0.3410370253281079
0.4674067913029835
0.4457164754676599
0.4332942046301098
0.4324043853773549
0.4481648917671265
0.472327556701519
0.3455135658985451
4.233576088596186
3.943313983797335
3.841395626567717
3.914903201154145
3.999386188794305
4.032345748461653
4.024083089270762
3.993879623950832
3.951629940651618
3.900688060863322
3.841161474598533
3.769395714068353
3.674946289003498
3.532971273396814
3.285360378494566
2.885523772580639
2.878706592496883
3.265458335567649
3.290564948384802
3.325353003911631
3.337788315711521
3.3425181741558
3.342531478344452
3.340430047842787
3.337620661943851
3.335360579632518
3.335065663677484
3.339370441635848
3.351364891661996
3.385929363849559
3.411891075336444
3.807694539254516
3.78283668444073
3.363294022757165
3.093456857493253
2.910054711752255
2.741997638979315
2.553320677567177
2.325731971666372
2.058023447636044
1.770161759625947
1.500713666295214
1.292466654242994
1.172328079490476
1.139263165678639
1.179458381593607
1.310911678745134
1.575680010907752
1.918970642283135
2.024044702307263
1.909899313190656
1.656449961314417
1.342997432862857
1.046494408872074
0.8460030096292481
0.8226281756383587
1.011042979885848
1.177749862093279
1.281497621335488
1.349805219832136
1.398810350085364
1.427359847746734
1.423345514320873
1.366808325250073
3.590237492655692
3.59367302602368
3.623410448873908
3.707768192722859
3.806790069602572
3.876397007562687
3.903863287942774
3.895851089750842
3.861450750739795
3.805433266246733
3.726925327975098
3.617938635258018
3.460398913448159
3.227348651428781
2.916316316196156
2.67471474702152
2.967897393395574
3.281920063150398
3.276524201280147
3.312240573529244
3.326325006335085
3.334310980842406
3.337770463258735
3.339110158706343
3.3397283442577
3.340972999859323
3.344261526882562
3.352045703319266
3.366004528299618
3.401882739711506
3.397096692923295
3.718514062225829
4.003652003818192
3.729070402991897
3.364055577583144
3.045172330575517
2.755214410229031
2.455099442213193
2.122059833677969
1.756498783687172
1.382102559929873
1.039490727401728
0.7723766694895976
0.6120911106525257
0.5706287140930816
0.647329422075647
0.8365330608149453
1.107503195537927
1.393954688205542
1.585127544076792
1.637236285776285
1.578003462094568
1.463912660047905
1.357972099271517
1.320297537541625
1.390197426027027
1.551401324175962
1.733998464258433
1.896813392901323
2.020923345981625
2.105467165340408
2.15082830820048
2.161188045855533
2.155726543043769
3.259645021959573
3.335908198214244
3.433079814085356
3.5363302912045
3.637440689299474
3.718616644152828
3.765301272601836
3.773502940592882
3.745559907178915
3.683655996954966
3.585952959865041
3.445768755182654
3.25605483899592
3.027569828846649
2.828915537211633
2.817559779524204
3.147226370124188
3.30924238589829
3.286390595987658
3.311837583513456
3.322599519267003
3.330525715179852
3.335263493623927
3.338421588308574
3.341012020490601
3.344112751421705
3.348751265126171
3.356566382424385
3.367294150971938
3.392772454424413
3.370514114562829
3.534713734451568
3.853935457796059
3.797976002565716
3.516658316458577
3.160496780051379
2.788367061227834
2.403797588525347
2.000421525428779
1.583847268407193
1.176447589478636
0.8126215372480174
0.5291620982335601
0.3554546807069975
0.3074361405742194
0.384559200763765
0.5654998357298541
0.8066399918126397
1.057986609343254
1.278832786075077
1.435237686120014
1.524967841175013
1.574347264607011
1.621733994494138
1.700830657764541
1.825605002924318
1.986290279548424
2.167614888717093
2.344578595379135
2.492951690809391
2.600974235357557
2.668310916154831
2.70404799086467
2.72167321229782
3.106749684233589
3.180549244148325
3.286611068131568
3.395868957144777
3.495393609579147
3.57571187727484
3.626676770403394
3.641020696951498
3.615719885546776
3.549960590777786
3.443359172642748
3.29798802553409
3.127003871648589
2.969455341808293
2.897905671196811
2.987225574762232
3.237500459481511
3.319809975052242
3.298117652652532
3.314943391030332
3.322600709794786
3.329454620029608
3.334337733476981
3.338212543894343
3.341699840533058
3.345538920346965
3.350362501889022
3.357146902466326
3.364813951748543
3.38147427291958
3.361030365569907
3.442247608330891
3.672015680936885
3.701033667181664
3.521912014348843
3.204030018277832
2.815593555474429
2.394605420048245
1.95975872804113
1.527216167954208
1.11890848052145
0.7623899915990215
0.4861212517921353
0.313449134860035
0.2567709406529071
0.3122728292939125
0.4577672945267188
0.6593200902299672
0.8852021485981872
1.113614577824615
1.325039029104735
1.509209074437487
1.670471438439702
1.822392667042106
1.977460907594963
2.14054173810535
2.311251661273253
2.487884034133102
2.65972600197032
2.811010020356826
2.930130686829437
3.014424733547833
3.068243256301108
3.096422060970737
3.049767906719833
3.105394718982848
3.193625583924345
3.291186317791513
3.381348139039418
3.453649218015041
3.499715279187511
3.512478033964133
3.487413679842602
3.423465199123412
3.324274207472746
3.201526993247354
3.080124198619774
2.999597261895096
3.001431060067109
3.100760738679063
3.271761686988694
3.323847313012101
3.307585793508016
3.318743542578229
3.324234714649975
3.329858745103369
3.334370967066306
3.338315041351204
3.342021103002213
3.345941957313157
3.35041800704874
3.355990770618776
3.361522241825547
3.372325360867157
3.358097447405103
3.406977198664942
3.546300098996417
3.568371910938598
3.441975320323855
3.179083280723009
2.820990180099002
2.410913343829316
1.982545966589917
1.562152042704526
1.173360011719933
0.8391760767710457
0.5808187987441715
0.4145349842999514
0.3475719915653989
0.3751036407391042
0.4810204577295183
0.6439623356121394
0.8445118132315854
1.067751205692063
1.300655200374039
1.53182010894932
1.754132036045557
1.965040341713451
2.164244928972678
2.352412009537765
2.531559310782151
2.703175302082919
2.864463491551857
3.008441328225258
3.127858579108771
3.218804769516729
3.280576502592786
3.313201868494244
3.045220201082155
3.083465256985571
3.147798724016337
3.223748615442166
3.296728420059965
3.355498498695112
3.391814175034522
3.399589386842177
3.375483596836809
3.320565384713263
3.242428984312927
3.157070474918845
3.088398196039513
3.061882885687668
3.092022467566184
3.173292828678816
3.289404244847935
3.326227014353508
3.314807770030787
3.322410762019699
3.32646092655213
3.330979775232196
3.33492862377588
3.338600573740317
3.342140546741982
3.34579643725168
3.34972297016856
3.35419723512972
3.358310379654664
3.36539740892399
3.356711092908648
3.388627682472927
3.463538572020599
3.453144764150641
3.340089962189627
3.119217993740612
2.808172863574579
2.439036288670704
2.046084932697886
1.659385467774253
1.303795024568755
0.9997116399976206
0.7632120587204927
0.605018032825543
0.5289585243664925
0.5313857224709623
0.6028026250949743
0.7311714853369792
0.9046394267906258
1.112256945296927
1.343285861191402
1.586205627172707
1.829460815486771
2.063239816364481
2.280972800015337
2.480085227021598
2.661334304232765
2.826504654258296
2.976227628988579
3.108873695434736
3.221154066532232
3.309563680647507
3.371226010384144
3.404137640040222
3.069501670309016
3.094042690600839
3.136617369216546
3.189049878863455
3.241094877055187
3.283169058119676
3.3078879038022
3.310576948294116
3.289960870827462
3.249416211354368
3.198068106052369
3.150335142578261
3.122465304358713
3.126123326126318
3.162724064485003
3.224558686744061
3.303232932597584
3.328327601413701
3.320560021304216
3.325784973500225
3.328816125703562
3.332397887164147
3.335739193676714
3.338982353502742
3.342163082640945
3.345394105340836
3.348720882322283
3.352259047546829
3.355368755302107
3.359951996343264
3.35545767524223
3.374310970062102
3.404827562272732
3.36511264872666
3.25012209739675
3.056202753777567
2.790629789704843
2.47331595709711
2.131184494850402
1.791431108595084
1.477451983170785
1.207448971376043
0.9942802947985349
0.8455453637160814
0.7638050403806239
0.7473251912153135
0.7914150863940717
0.8897477613047482
1.035012380549451
1.218925807751431
1.431959156783
1.662967423002282
1.899686291885586
2.130491239511966
2.346538833985085
2.542988715744541
2.718625608115386
2.87438560925569
3.011761445563754
3.131417941354413
3.232462726005457
3.312615909754133
3.369038397220737
3.399356048033319
3.108861448603091
3.123121118713792
3.148196036378009
3.179697030983246
3.211401446553529
3.236713442744485
3.250308402399224
3.249349782375615
3.234336441082632
3.209647070645474
3.183297443824524
3.165157376200079
3.163543825891835
3.181699895648872
3.216855221278093
3.263029248166551
3.314605816092614
3.330251282849636
3.325225518091042
3.328777855958451
3.331061095505597
3.333872252079603
3.336636042639393
3.339403977568961
3.342152284850574
3.344910562810949
3.347664281243115
3.350431261057681
3.352804080657524
3.355630949100489
3.354238460901961
3.362752539785421
3.361989822357
3.301639155642271
3.183117539525707
3.007568012505488
2.780116288587368
2.513068044812851
2.224960901925848
1.936715386281641
1.667705682920363
1.433364743539311
1.244394401619681
1.107026403795693
1.023846518985296
0.9948271268041085
1.01818490130817
1.090745447644905
1.207841181954029
1.363059738143302
1.548100635969184
1.7528867921909
1.966225698849567
2.177209045490013
2.376892489604883
2.559409812119215
2.722067858852196
2.864629810882583
2.988178026233796
3.093857216828193
3.181873500501182
3.2511581997828
3.29980789640744
3.325957735774938
3.154760445894402
3.161502578799664
3.173370823140846
3.188241756487945
3.202939095936938
3.213916785132719
3.218379948298282
3.215372484313945
3.206428803449942
3.195537917794072
3.188210745716245
3.189658720546397
3.202705013329786
3.226642054178443
3.257888898046009
3.291737912433043
3.323347206790766
3.331972920140343
3.328997142636365
3.331356996917593
3.333083924588913
3.335273855032733
3.337523772065193
3.339831524237725
3.342144261269386
3.34444400406066
3.346686748478531
3.348832676805385
3.35065738565625
3.352249549689928
3.353092550778259
3.354136116769161
3.331787310198075
3.258511061417629
3.139200926758426
2.978455519737753
2.781917277579747
2.558213055397681
2.319582339737303
2.080511948367863
1.855337050571349
1.656156353560985
1.491793544229569
1.367809037207868
1.287155578482681
1.250955531973254
1.258976020722594
1.309654277932256
1.399834181679967
1.524503980375827
1.676758517729647
1.848106831731245
2.029161978178156
2.210670539316169
2.384644314439107
2.545217357532017
2.688967073028476
2.814665382027628
2.922573707377264
3.013508963252788
3.087987746679608
3.145768389978549
3.185940604379484
3.207424550839042
3.201708264883807
3.203141745184882
3.205579976882952
3.208338896902115
3.210387097148403
3.21063761696215
3.208512101830094
3.204532741534163
3.20057416358487
3.199518058964289
3.204310621640125
3.216754135544434
3.23663368672847
3.261691823188154
3.288362969706009
3.31253767788852
3.329765221523662
3.333502283390835
3.332015697949005
3.333530973110457
3.334842625265233
3.336539946697264
3.338351872856453
3.340245831326893
3.342157887923428
3.344045001344651
3.345852046677555
3.347507049044646
3.348922494384472
3.349662917520137
3.352032079868988
3.348096565781237
3.311807136832731
3.231618047322682
3.114539751557468
2.967100649420382
2.79566091302266
2.607216020639609
2.410085441704065
2.21378135546411
2.028038093858237
1.861594219086945
1.721352919401923
1.612170477764102
1.537116955569975
1.497856331176141
1.49484995647367
1.527298270992973
1.592935013242753
1.687867068598887
1.806621311284451
1.942470778059576
2.088005585716518
2.23584921743371
2.379392423361331
2.513400035774661
2.634353354494255
2.740437797501809
2.831181814541286
2.906873078951852
2.967953948934369
3.014601497481742
3.04661499231982
3.063597412505085
3.246148412708935
3.244034597079437
3.240175015603543
3.234839369922477
3.228429833087072
3.221550505076055
3.21515097004265
3.210642801907693
3.209804952797128
3.21436789594549
3.225375417710046
3.24262268780953
3.264484230559236
3.28819944532643
3.310342796595699
3.327117157172411
3.334381494164355
3.33485832960253
3.334407433868067
3.335332895757407
3.336334222380149
3.337646930776203
3.339097484920261
3.340637339629161
3.342201316037868
3.343735319369442
3.34518298658953
3.346456331738907
3.34756533598632
3.347734221159236
3.351065098506678
3.344034686991017
3.299645102477712
3.216992420752059
3.104291997665852
2.969026637647519
2.817927883172357
2.657205747657213
2.492960828933412
2.331445797250229
2.178936344906425
2.041296975132289
1.923527779361798
1.829514441523348
1.762001823582792
1.722662237460445
1.712120426224485
1.729887526565175
1.774254315759437
1.842241847482489
1.929696174484685
2.0315575713258
2.142266698920667
2.256234319724388
2.368307720101033
2.474176953084042
2.570653815340846
2.655755782680469
2.728571042488647
2.788952507698699
2.837143389039832
2.873450024858677
2.898052033099296
2.910987632539058
3.285793710535462
3.281494043250366
3.273782080102897
3.263545303294512
3.252068867837481
3.240951586038949
3.231980074570238
3.226943013196758
3.227354236197752
3.234099326536654
3.247111387044472
3.265228621648292
3.286310054142036
3.307520912495255
3.325595293981792
3.336948168303842
3.337647472724354
3.336052040215734
3.33628171768188
3.336804384948604
3.33757473480449
3.338592555190302
3.339753602183174
3.341002216887593
3.342276848115381
3.343520437840892
3.344680218050121
3.3456622164074
3.346541897772024
3.346341741293791
3.350208349654908
3.341426082469237
3.293122855227915
3.211019052986972
3.103818054655219
2.979367708519512
2.844486982208908
2.704949506421815
2.565673809882325
2.431019298744743
2.305004717133194
2.191345386121919
2.093345095895718
2.013744855407749
1.954600387715515
1.917198935697731
1.901995099014683
1.908554865779541
1.935522851140346
1.980645202502958
2.040876548502241
2.112574981616627
2.19176094985781
2.274403306808415
2.356702355719594
2.435346671878128
2.507713671970409
2.571976528250716
2.62709185657332
2.672672504709239
2.708781435319612
2.735702467595511
2.753748591100956
2.763158379310485
3.319184027810188
3.313678850294764
3.303866253591733
3.290997307483003
3.276830641817725
3.263440513829155
3.252946400841643
3.247194492768612
3.24743850525928
3.254084767355416
3.266571464378687
3.28341883372831
3.302413879055189
3.320827456405018
3.335562178905011
3.343190702370329
3.339892685918378
3.337089326049451
3.337728419300559
3.337986869940073
3.338587760661224
3.339385244434361
3.340321770782698
3.341339930752651
3.34238368479834
3.34339733986206
3.344333576738158
3.345098525675929
3.345808065381929
3.345384386890158
3.349480156527838
3.339883099317854
3.290487866707218
3.210712860436803
3.109256300612571
2.993978708596836
2.871638056155758
2.74775823592305
2.626683070662115
2.511799128494064
2.405825686414279
2.311048023148772
2.229424332086931
2.162572509977801
2.11168805046711
2.077447915269148
2.059936777106613
2.058612316539806
2.07231470635974
2.099320655535184
2.137438702084189
2.184137229655069
2.236692650878402
2.292345589057498
2.348456766981931
2.402656070301005
2.452973777543812
2.497935676449504
2.536601367609872
2.568532135345927
2.59369028772617
2.612290917264898
2.624643943616873
2.631033361010254
3.345386870143308
3.339301930330568
3.32849157429914
3.314387192582031
3.298948210093018
3.28440407816792
3.272925580507765
3.266280341206242
3.265542212151002
3.270917991686271
3.28172255000041
3.296482951991627
3.313106800788601
3.329036777674523
3.341337758772862
3.346698802422766
3.341351226525184
3.337976006166317
3.338818710549547
3.33891761044458
3.33939817629194
3.340037802695804
3.340807644041505
3.341651722477339
3.342519682798498
3.343359258445251
3.344128760801448
3.344738052487345
3.34532414846972
3.344782310816939
3.348892527821639
3.339131970587592
3.29046134562688
3.213872858441835
3.117788126458275
3.009895422670378
2.896838009072901
2.784018682870129
2.675564904179934
2.574459322113413
2.482783719458517
2.401984318129229
2.333073291159578
2.276728222827526
2.233304256736691
2.202803621893938
2.184847406522749
2.178676238459445
2.18318554258017
2.196986995214878
2.218482845434894
2.245941888470257
2.277571655202742
2.311587253791206
2.346280555248648
2.380092885669024
2.411689963186876
2.440030496818288
2.46441278935567
2.48448172116213
2.500185206187659
2.511684095432785
2.519237898296571
2.523104034542478
3.363809260130905
3.357469987071013
3.346222249759976
3.331565601256659
3.315513036446744
3.300301042169991
3.288049481275653
3.28043489584346
3.278442892236877
3.282244750164659
3.291203772749764
3.303975033092606
3.31863860580689
3.332810130616974
3.343694072960953
3.348066496051871
3.342187290874789
3.338719809923996
3.339607118411388
3.339628078326542
3.340028897979895
3.34056389070113
3.341218409283163
3.341939712744606
3.342682428912804
3.343398453302842
3.344051067153822
3.344556061245836
3.345056623727707
3.344475259344004
3.348447518677399
3.338987823043376
3.292209822930066
3.21909915888185
3.127696156946739
3.025449080140511
2.918886294845706
2.813382706170841
2.713060089563575
2.620831682543348
2.538565248361348
2.467307008936434
2.407499741445642
2.359148326854056
2.321921720548315
2.295210079556688
2.278166265307857
2.269753244274374
2.26880326353752
2.274081672436002
2.284343498159297
2.298374234682067
2.315013859128003
2.333170101328315
2.351830373871354
2.370080844030262
2.387136502344349
2.402378788780637
2.415389585467346
2.425965980161145
2.434102779546322
2.439940202527805
2.443689588600142
2.445564775025773
3.374095708193114
3.367612060133687
3.356104244049444
3.341088137935964
3.324579255271654
3.308793168888417
3.295809889009654
3.287266940407083
3.284139069405491
3.286636319170146
3.294214692965729
3.305661233674013
3.319201944400231
3.332587678036191
3.343129760012972
3.347673366565104
3.342509202451456
3.339330377159675
3.340133404374878
3.340143379622532
3.340499306576929
3.340976182231526
3.34156138036751
3.342206474290836
3.342869926163651
3.343507790034382
3.344087351757537
3.344531873637291
3.344978542450433
3.344420393560592
3.348136583198652
3.339339390729537
3.295293596759929
3.225726512579977
3.138290397835595
3.040193095955563
2.937870267119693
2.836730221438252
2.741006523773976
2.653731397153365
2.576819065038895
2.511226623418843
2.457148608977017
2.414205834526248
2.381606298321544
2.35827553415146
2.342965446226763
2.334351083910283
2.33111782271559
2.332033938482251
2.336000807739254
2.342076072411758
2.34947165535062
2.357534840861229
2.365724021471086
2.3735901808238
2.380771051080409
2.386998263081256
2.392110707143764
2.39606262039977
2.398915373392667
2.400808601998953
2.401917596322645
2.402415638172959
3.376083241156937
3.369457270525599
3.357677492684824
3.342258585350846
3.325218618969058
3.308783535752452
3.295055411683687
3.285708277578546
3.281768698790847
3.283512586923063
3.290472703479557
3.30151925748486
3.314962688976561
3.328634406462072
3.339917908702509
3.345719099938433
3.342377219133243
3.339818724115315
3.340424057034602
3.340482242195678
3.340824694001383
3.341285631381056
3.341843531134206
3.342454960708709
3.343080917473349
3.343681462773092
3.344226857210112
3.344649295646819
3.345069176255387
3.344590019224061
3.347941048409516
3.340138778414755
3.299612133530022
3.233722909105497
3.149767277458685
3.054735409130195
2.95499073327155
2.856004998428365
2.762179014193276
2.676763202177066
2.601875914883845
2.538603050025244
2.487152626521398
2.447035593810725
2.41724953684479
2.396451524656244
2.383114710218661
2.375666814599604
2.3726075470745
2.372599516291356
2.374526758153567
2.377518104132106
2.380938168263544
2.384354334979164
2.387491646104314
2.390187863024149
2.392358186193165
2.393973906215744
2.39505317925663
2.395657344243825
2.395884889355675
2.39585846661128
2.395707556315496
2.395557829639154
3.369785993205566
3.363030314375248
3.350986386753942
3.335149120568752
3.31753714198694
3.300414841474694
3.285964094512496
3.275966374640681
3.271558561323554
3.273106504617631
3.28020236747796
3.291751109153734
3.306088342854049
3.321075453977915
3.334139307296176
3.342245590575411
3.341808331487464
3.340196876682859
3.340493390159419
3.340657324269182
3.341016315666364
3.341501393342823
3.342071427352615
3.342688613619234
3.343315255391096
3.34391536564755
3.344461382751009
3.344896328028605
3.345313149525925
3.344969252853781
3.347832655165399
3.341393455842195
3.305353840458623
3.243582326176521
3.163047014910867
3.070533634116237
2.972335027569486
2.873985915000333
2.780067010070279
2.694091742333379
2.618477769602261
2.554595550312715
2.502878573141825
2.462975636060484
2.43392561170236
2.414338693349176
2.402572845949702
2.396897506246142
2.395637390562828
2.397288648368624
2.400599838087476
2.404613005604753
2.408665358950357
2.412357867074077
2.415501557747706
2.418054279219743
2.420060069787373
2.421600280368448
2.422760871201966
2.423615273031463
2.424218788057188
2.424610239608775
2.424819699978876
2.424886251082652
3.355392762920928
3.348647661319711
3.336573660802593
3.320591506509255
3.302663983128642
3.285057156931445
3.270031765887488
3.259515130218578
3.254818907309692
3.256463411175786
3.264139545712646
3.276791554259124
3.292759809095235
3.309909541060228
3.325695215371326
3.33714616397844
3.340778719686798
3.340477892792007
3.340344279061159
3.340675736596018
3.341081919955937
3.341631343974168
3.342251744908158
3.342911823369407
3.343574174976414
3.344207138345036
3.344784974670121
3.34526434414151
3.345699145439596
3.345553572732646
3.34777368896409
3.343159899415673
3.312953425088945
3.256225432259027
3.179613683606478
3.089683794291292
2.992631810055377
2.894027052335
2.798613389709602
2.71017942758046
2.631500363460837
2.564347306083555
2.50955429968552
2.467129720974836
2.436397704221895
2.416156797864762
2.404846027347547
2.400710938072083
2.401962358887256
2.406918595350074
2.414119610820269
2.422402308191882
2.430930612554129
2.439181264440339
2.446893144561813
2.453992640552718
2.460509905993701
2.466501017657386
2.471988585434651
2.476928452463324
2.481204325424538
2.484647746006089
2.487079099693622
2.488365982388784
3.333278168647447
3.326915284366217
3.315458765241687
3.300140426389511
3.282713458787266
3.265285344032164
3.250075451709447
3.239122289848394
3.233981367238202
3.235473058750227
3.243548124831441
3.257310137244679
3.275164494068492
3.294998804480031
3.31429851341007
3.330161389872311
3.339223766246742
3.340676243671041
3.339968442265912
3.340539747609228
3.341026736469927
3.341683183328035
3.342392300343492
3.343130703675729
3.343860685765349
3.344556054011528
3.345193247582084
3.345746788235741
3.346218136090924
3.346346102118543
3.347716427781497
3.345538592761693
3.323057118415957
3.272911794151604
3.201365913929909
3.114713863125516
3.019000753713717
2.919780868783537
2.8219272426793
2.72949894774729
2.645666997115197
2.572694828424964
2.51196560045236
2.464046480601434
2.428780172298542
2.405396190399445
2.392637940625072
2.388904404878542
2.392404676698994
2.401318556048873
2.413948752844732
2.428844744563358
2.444879697654042
2.461270629690953
2.477543641421878
2.493455413752437
2.508888123142494
2.523738942404154
2.537826819488379
2.550836190565786
2.562309765373834
2.571693213463348
2.578426298804041
2.582067865007702
3.304044848105247
3.298746287559783
3.289117535625021
3.276017306376418
3.260711685194525
3.244817607901691
3.230211008386931
3.218876829547417
3.21266193274967
3.212936424201454
3.220262111018474
3.234220152779756
3.253481455453813
3.276042849363118
3.299446577965274
3.320860678082386
3.337034736903028
3.340808354726466
3.339346184975413
3.34024775318955
3.340855057172453
3.341666290032236
3.342503777026548
3.343354354942919
3.344180150784954
3.344962805301443
3.345682358283426
3.346337355659168
3.346861014064899
3.347354339992899
3.347601819945944
3.348669693790015
3.336493141435324
3.295160152648418
3.230475205818092
3.148380379584747
3.054697315984208
2.954907178067365
2.853975621386031
2.75622540548155
2.665254964976083
2.583897570125169
2.514213203798132
2.457504578356815
2.414350362102584
2.384652809949584
2.367702727998362
2.36226973198981
2.366726584078106
2.37920981219315
2.397804771384683
2.420727366540863
2.446466685008714
2.473859841864692
2.502088947089562
2.530608489867579
2.559022387111456
2.586937080168993
2.613824137379554
2.63892857271506
2.661252989497334
2.679633430402583
2.692904786805017
2.700132148247247
3.26862434300004
3.265430439972479
3.259496814255479
3.2510568378452
3.240479430390125
3.228364678469227
3.215723202627283
3.204136098740601
3.195705037503807
3.192670863981953
3.196785791386521
3.208729019153985
3.227883047219599
3.252554584116146
3.280386315142573
3.308609142302059
3.334048513321574
3.340892525082932
3.338445404802088
3.339795585894405
3.340572707724928
3.341594671480429
3.342602414843029
3.343596799515258
3.344541173764735
3.345429214875928
3.346247579404095
3.347027534662977
3.347615454498486
3.348586021146276
3.347357371903252
3.352727978328117
3.35424212444373
3.324668449426919
3.2692420889751
3.193458939802396
3.102845826776528
3.002764836920149
2.898254874132064
2.793910599110059
2.693795633579041
2.601383724058406
2.519519288063348
2.450388460317876
2.39549436407588
2.355636104001489
2.33089904084315
2.320672138513833
2.323713017445397
2.338277914823477
2.362317738703395
2.393714238479395
2.43050428597103
2.471034490232084
2.514011375611668
2.558447918412882
2.603529836428212
2.648432601834355
2.69213048496045
2.733253031216937
2.770047765233088
2.800492264245269
2.822564189303082
2.834627704496782
3.228464883501573
3.228794790149826
3.229113926050967
3.22869895716054
3.226475783019646
3.22133234568696
3.212714467106429
3.201262337481073
3.189118661997732
3.179642140334757
3.176507383851842
3.182500082130216
3.198597662795144
3.22386245919023
3.256092412499164
3.292527177589455
3.330024206784873
3.340946695268288
3.337219808456866
3.339178577466513
3.340191073601073
3.34149163732854
3.34271417947074
3.34387989623454
3.344956890430458
3.345957823849182
3.346881315141069
3.347803240404452
3.348461658434322
3.350043494561682
3.346894213627651
3.357915324006863
3.377399926082871
3.363221792575856
3.319936530217244
3.252515999976196
3.166151812613857
3.066081912139958
2.957441953698299
2.845142432275443
2.733770160594055
2.627509150305825
2.530072493098106
2.444635465613243
2.37376244504047
2.319326468260969
2.282429099486143
2.263338127447054
2.261469903739461
2.275448344379968
2.3032657354522
2.342542072475567
2.390831971916957
2.445888437679137
2.505799992724867
2.568976120454321
2.634012823078658
2.699481600217759
2.763684840696758
2.824447690647133
2.879043992007671
2.924351379590474
2.957264252238528
2.975280460318015
3.185830108918459
3.191496464891595
3.201300558385297
3.213082378867543
3.223622079283602
3.229337094161711
3.227425244640424
3.216988192247249
3.199739396757354
3.180045888131833
3.164080167664412
3.158055773397642
3.166128307963439
3.189165371975764
3.225279751969876
3.271478656475165
3.324614748464331
3.34098297617341
3.33560758758062
3.338395582341853
3.339733923292703
3.341397251894915
3.342881115299643
3.344237595000649
3.345446757025972
3.346551246568424
3.347570318014509
3.348640206429193
3.349366611453087
3.351716074949024
3.346103503419199
3.364448246300263
3.407122974014654
3.412573966406685
3.384607209901682
3.327649131070386
3.246585898435246
3.146603059189201
3.033030144414032
2.911197064423963
2.786307653135409
2.663330764653409
2.546903082775026
2.441233860509123
2.350002479828461
2.276244422823335
2.222227749552136
2.189329562890694
2.177932045379805
2.187372750264358
2.215998830781396
2.261370054670493
2.320605084375798
2.390774713908318
2.469183927681255
2.5534364399522
2.641308664869161
2.730521752219415
2.818462470601533
2.901919856418358
2.976975043662717
3.039223322063251
3.084377406054867
3.109066029156764
3.144239354405815
3.15749404398095
3.180643026476313
3.209267509795036
3.237109087873667
3.257538514543901
3.265211305379352
3.257303455726246
3.234397266254026
3.201100275804282
3.165919702335086
3.139612770267004
3.131859901785367
3.147697433412604
3.186409248561174
3.244146541884025
3.317409030808109
3.341003585388405
3.333532630769382
3.337457184999857
3.339249022048103
3.341380091248722
3.34317080536207
3.344721902557132
3.346038803122997
3.347211010864493
3.348291711894384
3.349497751406917
3.350276446075289
3.353569557794319
3.344852322378626
3.372537428359542
3.444544177640484
3.47428649267666
3.46484439934801
3.420185220178454
3.345036220242591
3.244719340815527
3.124961565844766
2.99170025766142
2.8509018669307
2.708404805960611
2.56978738856068
2.440254721413138
2.324535563770879
2.22677928101918
2.150442228621824
2.098153235659316
2.071553676326081
2.071126634218552
2.096067940798798
2.14429709880685
2.212707802183711
2.29764968318536
2.39543783516942
2.502601069432781
2.615782996539286
2.731482633820113
2.845777693098367
2.954066885232261
3.051003751726795
3.130873145414374
3.188410499415942
3.219712361355431
3.109129075739657
3.132770537199268
3.173623479194085
3.223490747143984
3.272103801200019
3.309861236143932
3.32937030832339
3.325960077735692
3.298377723372605
3.250078631265765
3.190428876578373
3.134444341550156
3.099553849240897
3.099294000813769
3.137492506207011
3.209063185613704
3.308202150063534
3.341016164875197
3.330904955475982
3.336400787346033
3.338827880982616
3.341555746454929
3.343690255062734
3.345410924560437
3.34677211242313
3.34793535536675
3.34900730041762
3.350310229605431
3.351106205855428
3.355532125992255
3.342979415038051
3.382355781363351
3.490646244645352
3.549509372374831
3.561483727996066
3.530331262669309
3.46093371387621
3.359094990357962
3.231279567563275
3.08432641365992
2.925175635800355
2.760633821419522
2.59719289526923
2.440909206857033
2.297339511019397
2.171514995844892
2.067917985675709
1.99041669884113
1.942116127807751
1.92510037268829
1.940084722027855
1.986082637223137
2.060303664093593
2.158506506271451
2.275760022769751
2.407114127923847
2.547654037588722
2.692113822764711
2.834601166845404
2.968485713474622
3.086707778436858
3.182565143263324
3.25060712520815
3.287250363444118
3.088964322468239
3.126441970357571
3.189307908831809
3.263075617018072
3.333146928757484
3.388282859523596
3.420258174531506
3.423021000664042
3.393260524156888
3.332048597910768
3.246981799013484
3.154219508065113
3.078347081329072
3.046437868455296
3.075623889929498
3.163600634072672
3.297278260388702
3.341059590081738
3.327582142695134
3.33530608600449
3.338635936288179
3.342114096809941
3.344604896268673
3.346418605774181
3.347698582089647
3.348714939150073
3.349654932614346
3.350975304251758
3.351726733638306
3.357476295625783
3.340291116415636
3.393991300800093
3.546079760179669
3.638690853481196
3.674244275351111
3.656780859809261
3.591864682770195
3.486316635436811
3.347836094022611
3.184577308541205
3.004737596881927
2.816202470390997
2.626290402752598
2.441634676205298
2.268213185253065
2.11149032219696
1.976590255953503
1.868401822958231
1.791527122525894
1.750012931855015
1.746833151583978
1.783153282527292
1.857582891489512
1.965895312382386
2.101714793480345
2.257911654127673
2.427357124012281
2.602294424147187
2.77378171070929
2.932003011383595
3.067862753816693
3.174708156475658
3.24866090698271
3.287871000643678
3.097399798287145
3.152410123407063
3.239462295207677
3.335271521119259
3.423103931000936
3.492511156531076
3.535164263833691
3.544076924631767
3.51482477599246
3.446407486010307
3.342390116943987
3.214228962279402
3.086707848762678
3.000060125054677
2.998084442964712
3.099771491565561
3.283474579957323
3.341050213373989
3.323231512493677
3.334309313589044
3.338968765854381
3.343364452572007
3.34616591040485
3.347906171657559
3.348882667016113
3.349524582280965
3.350135746093966
3.351338574189306
3.351948134846516
3.359196479791266
3.336557982026788
3.407381781359434
3.610917411570182
3.741211765942495
3.801305440772357
3.796291923843242
3.733197392843041
3.620601869842213
3.468100300667412
3.28569561372831
3.083191565682692
2.869658890406143
2.653074070700066
2.44022379454189
2.236903501768515
2.048340238334751
1.879687567357803
1.7364119570652
1.624423986181433
1.549874756098268
1.518579955823111
1.53501863031315
1.600889255903598
1.713580650309853
1.86568560215864
2.046750815741957
2.246025191129432
2.452326389724153
2.651930718666461
2.830121871807886
2.975791511549498
3.084478747020521
3.156783147644926
3.194414700252707
3.157922247138027
3.231266204558089
3.336455840165935
3.444415164705291
3.542211414029932
3.62038878523144
3.668855468606576
3.680454697230745
3.652337584845807
3.583894684589061
3.474839818576628
3.326979482450164
3.152666763467346
2.990083620580641
2.912449645233038
2.998470691448557
3.254268744442724
3.339631202190973
3.317112941174666
3.33361210405593
3.340343384992638
3.345798380980714
3.348740915947156
3.350089572154462
3.350394410768378
3.350307892605043
3.350295263641007
3.351172866194355
3.351499609002672
3.360382911739554
3.331512872723438
3.422230924038248
3.684345993598873
3.854954756544486
3.938843680836959
3.943267787947365
3.877763374977229
3.753614120798633
3.583123808948604
3.378779932105747
3.152372762244803
2.914210863613054
2.672638410893194
2.434015219759401
2.203182003251919
1.984279409395927
1.781682995913238
1.600782985846666
1.448383078386894
1.332606903609518
1.262325839150761
1.246125272333348
1.290605272734334
1.397653723280723
1.561237825633256
1.766770972956989
1.996295513746632
2.233292059351439
2.456476276715746
2.645129371146614
2.788025686412839
2.885833553023204
2.946554384708552
2.977656684734597
3.313873337073221
3.38984196017208
3.486445001791751
3.58884034795518
3.688805966184098
3.768564819032957
3.813609064247498
3.820048232586154
3.790408396118118
3.727183782365727
3.628937128344979
3.489206858029855
3.300310005693894
3.070817224882851
2.866484174257803
2.845470355535549
3.169943148172115
3.33188051475669
3.309214532911469
3.334073976426692
3.343849130516871
3.35024443456505
3.352864976518905
3.353242566291131
3.352291652029605
3.350950373224871
3.349895458447079
3.350151613527285
3.350005836581029
3.360593886005916
3.324851717292995
3.437912143701447
3.764315795499559
3.975839300813668
4.0805725450876
4.089394703712895
4.015647292723051
3.874438081116501
3.681726843752037
3.453179726217577
3.202892833252282
2.94230487346858
2.679654594438923
2.420159859290014
2.166860055812601
1.921900470939331
1.6879629974066
1.469524254477262
1.273636879127019
1.11002101812188
0.9904595551408679
0.9277215855327201
0.9341426837009258
1.019117947483627
1.183665765215516
1.412510840113139
1.673859595833027
1.937360294345574
2.170968906346842
2.352097347764536
2.476236378074745
2.550645704677132
2.589338218375038
2.60799073718725
3.646883600460814
3.650175328613332
3.679618658153871
3.76351377438205
3.861906358431702
3.930736906948775
3.957316258794023
3.948373045849194
3.913125670382394
3.856602809776188
3.778439275817066
3.671473985631742
3.51831066289009
3.290687494427018
2.980134482567485
2.72526423530996
2.995284897019156
3.307060737151864
3.303495059131685
3.338493031410335
3.351604125932755
3.357998546114791
3.359248440051043
3.357667581523267
3.354579995613511
3.351235841569213
3.348575813519486
3.347816429300183
3.346962211173292
3.359230459642548
3.316239753345082
3.453378797044106
3.847187166452708
4.097375989892774
4.21735887646931
4.223410047906567
4.134145416463872
3.969776911592668
3.750987569971485
3.497263548735512
3.225067444826337
2.946524306897058
2.669053936255223
2.395962562480249
2.12774318128033
1.863781578285993
1.604203475132274
1.351606464742899
1.112362995227079
0.8971274741427565
0.7202906717482698
0.5985434867751125
0.5492976642328523
0.5895753197869155
0.7332029338048931
0.9781526908711318
1.279799594592823
1.556361950223365
1.769366217697879
1.913846968227798
2.004206985370251
2.050609710253587
2.06147326762472
2.056568233679472
4.291842161436447
4.001562747498646
3.899559015363411
3.972896230122955
4.05713867728735
4.0898086195762
4.08122927865482
4.050714605504842
4.008213768489973
3.957180600622257
3.897979667063694
3.827730058868528
3.737790005642521
3.60535335184346
3.3689879565715
2.963703703141861
2.911231776168574
3.293562292696184
3.32216832234186
3.35617858570906
3.367670220348146
3.370810012153037
3.368597789177716
3.363546806640461
3.357104230995609
3.350760896963398
3.345792218173302
3.343533645043224
3.341708064182721
3.355517738725966
3.305326675413169
3.467104251313937
3.927415284380241
4.210322238886127
4.33702741732846
4.331080115605535
4.217944011617867
4.024456897113247
3.777163200982447
3.499668101297178
3.210254100992523
2.92076001279962
2.636854518708975
2.359276028309328
2.085558776731252
1.811959477273629
1.535475479669504
1.25588630868091
0.9776322462360006
0.7111029376128827
0.4727002965851984
0.2831962284536688
0.1648045650880578
0.1390098266837443
0.2281722537322604
0.457507276580061
0.8175243833569422
1.072963185041809
1.207586413262949
1.281288239407852
1.32868406669193
1.355341503759957
1.351151644066743
1.297363321852632
5.357979039086453
4.428162021906433
4.19796570713066
4.225336508525729
4.238481693084383
4.208946049446842
4.16376147403517
4.116180296008522
4.068413224564351
4.020361812779369
3.972050938375077
3.922423726926636
3.869725891875104
3.823061396973671
3.817746315065958
3.797270114424922
3.511000278495303
3.381041337314663
3.403884271556346
3.403322529028616
3.397928877715628
3.390680784623433
3.381495608246521
3.370896038577307
3.359513718513634
3.348880499457238
3.340772187337789
3.336461397678219
3.333410721964165
3.348503359482384
3.291773673705368
3.477019794818597
3.997286435552379
4.302596826958857
4.424492522218465
4.395407916375647
4.249564194666316
4.022419835816796
3.747255797273859
3.451111194697303
3.152507761647191
2.861467570801644
2.58097122112892
2.308895935313214
2.039937109307265
1.767433868107087
1.485219128309497
1.189649202485077
0.8818689754980917
0.5700787924871435
0.2710488177362248
0.009617208397702007
-0.1848861491950059
-0.2847479992174394
-0.2690750993260925
-0.1175412239029023
0.247652993223006
0.4365996750211967
0.4223332888973351
0.4096519437947058
0.408167303903457
0.4230073110631614
0.4459021722094113
0.3262581437046242
4.795911451905855
4.507443047602347
4.40832272895342
4.345472528240608
4.289443709662513
4.234419708525846
4.181701489759287
4.131101998901539
4.082009287000115
4.03407763682471
3.987325071792269
3.941938999413024
3.898381812885375
3.858622611028433
3.832951937745262
3.804873744611152
3.709452009712686
3.535634617700615
3.487561638134517
3.453099598901332
3.430333537706758
3.412128611615179
3.395403303631431
3.378447178989458
3.360813914284897
3.34445496990731
3.332378960369388
3.325474931929679
3.321035911744366
3.337068397087305
3.275265737001471
3.480249875508314
4.046823513093722
4.359791035181293
4.462224760590751
4.396936894026638
4.210247670575674
3.94861992477057
3.651490649118447
3.346692041032716
3.050244498547523
2.768677452718733
2.501785914582133
2.244888896115462
1.990540945553781
1.72995608780913
1.454422758079326
1.156971470419746
0.8345682858260834
0.4910270011761955
0.1403716112868132
-0.1907090780386387
-0.463849542192556
-0.6349512868212811
-0.660320528745503
-0.4887217345028197
-0.02660335202097577
0.1865999217681852
0.1216152673648306
0.1237446725528902
0.1128484195920015
0.1039077148000037
0.09295765370703665
0.09612226060570585
4.500373069214121
4.407132702578939
4.355535691682237
4.307533678363435
4.26379042829686
4.218161359245382
4.171076202687021
4.123257312523333
4.075144070593687
4.026905940702065
3.978605062629909
3.930181181108008
3.881560266256161
3.832576319681849
3.784621001622528
3.730029784660574
3.65132432506537
3.561799819976616
3.517631448538512
3.480968864525365
3.45331289497361
3.429873962788206
3.408156484269535
3.385375050865374
3.360167144352701
3.336088696954304
3.319203826680314
3.309209457923552
3.303396883926406
3.320038028903834
3.2555071126788
3.472552192349945
4.06478715498294
4.3666332706805
4.430446739419181
4.314013879754182
4.082018848059962
3.792544905799748
3.48675520320811
3.188200103623769
2.907356723169375
2.646386449282574
2.40230371253036
2.168799335740224
1.937383304608147
1.698298964163121
1.441447583463718
1.157512507707708
0.8395890724800582
0.4858724601814278
0.1041064140931848
-0.2821146569852559
-0.6272682011140966
-0.8628242494349875
-0.9040153203588602
-0.6574922738804641
-0.0241600029443148
0.2612534738922055
0.1975107496942078
0.2157678885739842
0.2087137698610525
0.1964732264535525
0.1693182311060869
0.1642468277703406
4.425366595136197
4.385610937641937
4.353623190394914
4.310034466085142
4.266079187162175
4.219774188026363
4.172309306493099
4.124264697941077
4.075967460252147
4.027532228932047
3.978984692619151
3.930255752218767
3.881235172803438
3.831607297880704
3.781392160876649
3.726938604082896
3.661380203789666
3.592077842323711
3.544223350031428
3.504247894026967
3.472686220001129
3.445825973631742
3.420899335059473
3.39258709173263
3.357073703978025
3.321652756453034
3.299165085241989
3.285798093047524
3.279064719966795
3.296364747028442
3.232254337063904
3.449406038230901
4.043376651438404
4.308165626780653
4.305507341586305
4.124050598071645
3.852762347080855
3.553854887285285
3.260195311136841
2.985410323617491
2.733187764767345
2.502166994844671
2.287908425378537
2.083728958846853
1.881256953117078
1.670962180346757
1.442723958110794
1.186495441760267
0.8932306372163467
0.55657365760101
0.176562614080893
-0.2324524089383401
-0.6282016791703293
-0.9260237038380804
-1.000489363881875
-0.7217072562815903
-0.009704934520345071
0.2559711619626749
0.1783468885305075
0.197245914807545
0.188121331914247
0.1734075249791175
0.1432081776415083
0.1513502374190433
4.425308150569227
4.385570856268041
4.353590802627181
4.309998577470118
4.266026958125885
4.219689172864221
4.172166500955159
4.124023625605638
4.075560422213182
4.026851375107707
3.977870179565779
3.928507533134169
3.878604304504959
3.827866747090402
3.776155783646647
3.722198951727915
3.664097301779447
3.606015144030404
3.559668287916214
3.520290144937366
3.488400957754536
3.461639313374437
3.437342502631316
3.404672171545485
3.353517428461017
3.299503487805302
3.270541872195363
3.253592627063933
3.246968814506237
3.265976787211645
3.206648481530685
3.416981400015223
3.986753310864693
4.164089394878212
4.056610543313881
3.810467031898261
3.526387495793689
3.248711717157311
2.99082319963882
2.755250195107104
2.541252635259726
2.346261228406813
2.165940712932996
1.994323915326416
1.824103324884315
1.646976896421374
1.454020893747941
1.236118675562602
0.9844974476189721
0.6915043922594903
0.3522278011248077
-0.030797737512873
-0.4346205247695275
-0.7900167176083591
-0.9556426951657735
-0.7408512972390444
-0.009576221399005382
0.2627489883799326
0.1857913459774617
0.2083640818772107
0.1992878718291739
0.1815870558987598
0.1455172351997195
0.1442665229903983
4.500121562930608
4.406963293269833
4.355428082681097
4.307490941758522
4.263801988672235
4.218204199804001
4.171101226730032
4.123166384205113
4.074750583217654
4.025890527600145
3.976491758581481
3.926376458310863
3.875317468311853
3.82304558585099
3.769486393169328
3.714480100476169
3.65823756499654
3.603842694127169
3.557727885799745
3.519224778068117
3.489649705917919
3.468078421948163
3.452075498415905
3.417673177119851
3.341194135112824
3.255898050921499
3.224628209474067
3.207278816063999
3.204259088711311
3.228443317045429
3.184102275602533
3.418962497023908
3.900428130566909
3.887327189146484
3.652530053782783
3.383066988284875
3.135550735055527
2.91175655451908
2.706756568954995
2.51889647176348
2.347490627655251
2.19074693374511
2.04535165836847
1.90669489349891
1.769163476250992
1.626393508581591
1.471526240440143
1.297545535223738
1.097772547705385
0.8664825591839176
0.5992715380206654
0.2927010501384211
-0.05433181770102307
-0.4242587050680081
-0.7254520709976597
-0.7145725377716592
-0.05028685075342931
0.2628914191708009
0.1981163876876507
0.2254737774312553
0.2173045874459017
0.1957878992246182
0.1520773769713896
0.1275125154744146
4.795957179026681
4.50758222878016
4.408362657505936
4.345306267920888
4.288972923570683
4.233533565407401
4.180260414663749
4.128914317870284
4.078783180318697
4.029335244021321
3.980301975284147
3.931559614219095
3.883061950607114
3.834805016774342
3.786904993932862
3.739407633611156
3.692450735991962
3.647432484902831
3.607260231426674
3.571492820344722
3.541488023015206
3.52072325239789
3.520531305594218
3.501183499971733
3.403303897420319
3.214408856431886
3.17040073299954
3.14991024316527
3.151297333000517
3.183865239396983
3.182281693631935
3.522561591296966
3.699089816217082
3.392462991331115
3.107489976898767
2.907903684460031
2.743572895409788
2.588082773982029
2.438927451165681
2.29892181356885
2.169269124550878
2.049160774586219
1.936480660978344
1.828252409819123
1.720874474855381
1.610283345402099
1.492123568480119
1.362004159186964
1.215942662723095
1.051087920760446
0.8665192110562873
0.6624714368214435
0.4332912215062533
0.1527144574362174
-0.2114236953914237
-0.5326540230736073
-0.1799345604119567
0.2448220769571441
0.2234505611637468
0.258993366317769
0.255126224559111
0.2327827851435861
0.1803913066258791
0.102925377700436
5.356788296511515
4.427514772479096
4.197816540326165
4.225660496223075
4.239358353239756
4.210495857665011
4.16610979586374
4.119390581109668
4.072298167307785
4.024150711207019
3.974310232942087
3.92209176624034
3.866443827821411
3.806060285066764
3.740018005933655
3.668682052807093
3.594978954240881
3.525213734628162
3.466522044020799
3.422856106572542
3.404529626854793
3.444209638957313
3.576502216822213
3.628076495512505
3.155381266907078
3.019445785477571
3.048381940394133
3.057206252127332
3.071566827816876
3.108171002941817
3.165040507064567
3.534403286802613
3.08974084444045
2.680157350758583
2.566302054716517
2.505952985110818
2.420481593645484
2.319451054286799
2.217207712328142
2.118918911436438
2.025435501996066
1.936375866094493
1.850822482376847
1.767440549390496
1.68458685922515
1.600419219419351
1.51300301471178
1.420472475043921
1.321287117252098
1.214600188428271
1.101020980877499
0.9846741205365122
0.87502926658858
0.7706630667063018
0.5867674949160452
0.1210162903835348
-0.2112039873718712
0.2362642061109925
0.2793355470784445
0.3119928048970501
0.3047534020180652
0.2683369740849463
0.1639631963684229
-0.01479342671970234
4.282189922620582
3.993612585129463
3.894506033244421
3.971696442663846
4.06067023182723
4.098893073784557
4.096547754470707
4.072621224181046
4.036410395180505
3.990380708559596
3.934120611404018
3.865677818934891
3.781876596143146
3.679068925103352
3.555061211063046
3.412271807543794
3.260772285894468
3.117962591478729
3.003334348082827
2.934249714331447
2.928230982079569
2.991271198458467
3.045630215459578
2.857953648553719
2.556249061030559
2.880833024165558
2.916313933905913
2.949340049162551
2.9573381304576
2.955612259644246
2.988908332592004
2.775140800325871
2.174697301515497
2.192437880794082
2.287943944326457
2.274761907941965
2.212664001358852
2.142549753998865
2.073312426353804
2.004713471467961
1.936363087629381
1.868348955182027
1.800731324941761
1.73341374263473
1.66620505714284
1.598880068282165
1.531215934318638
1.46305220400312
1.394377918845207
1.325315345916705
1.255817147834824
1.186097272308459
1.123486717142673
1.100543862590657
1.164637869770775
1.148916991224378
0.5874768714717339
0.3995693603769581
0.4303291330438757
0.4270216890313442
0.4229210371450406
0.426321655446917
0.4348016304315897
0.5693513179615721
3.61883365727912
3.625838166520598
3.662035878387889
3.755266584869806
3.865075978950996
3.946846746179625
3.987197259142495
3.991984097992143
3.969464710521606
3.924082234092241
3.856539484682939
3.765159972246817
3.647186618387428
3.500407566485098
3.325523022966024
3.128868610972682
2.923941121583943
2.729820490335956
2.566477133187596
2.448919653172483
2.378727828926401
2.328892191974679
2.245414789277539
2.167767380331723
2.534997108291703
2.879533877470567
2.848071008435211
2.872656860366658
2.859400536271413
2.816772308917883
2.747858003452081
2.493110320275339
2.331406675230335
2.291605631803137
2.268687717923454
2.220453348420021
2.163992957095616
2.104630432466315
2.04378183066838
1.981787612737908
1.918949307035888
1.855538464172765
1.791769614194976
1.727810793076358
1.663807946214246
1.599903620589842
1.536248819084153
1.473016402110762
1.410419720249845
1.348720913585229
1.288215360352218
1.229230485860506
1.172994113828953
1.123695020299318
1.095846201106485
1.048998774470871
0.9015416377713499
0.645693334961987
0.5762784971766063
0.5327240576329928
0.5147576455368651
0.517081621885163
0.5440331752580012
0.6253421610981951
3.258643919133604
3.341179763416246
3.449828617270399
3.568951391203378
3.68924262170564
3.791603039862983
3.859999645174669
3.888945932312536
3.879684620025819
3.834554790342609
3.754408919913221
3.638655582620656
3.48655041568967
3.299036717378661
3.080737782246973
2.841398619713126
2.595727735694183
2.360892147908664
2.151843339302201
1.975507685147924
1.827268222613896
1.702302259350192
1.645372279921938
1.833560415341212
2.569253791798092
2.883187001865151
2.806581476011328
2.824836828601316
2.804478670528786
2.762190586818719
2.700070413072312
2.565169301619053
2.434075916455655
2.359453006305168
2.304809498006639
2.246673037629511
2.185398294842169
2.121939296247884
2.05742731707141
1.992363789010447
1.927019978780882
1.861550188071459
1.796039053154368
1.730520907974351
1.665000298653372
1.599469145469798
1.533924174641249
1.468383346741917
1.402908488223255
1.337625584622463
1.272757390847374
1.208679187537154
1.146194444281313
1.085616303941745
1.027036791555349
0.9492168214801562
0.8265878091987384
0.6965228849370703
0.6384346823097529
0.598618395196279
0.5816177070009976
0.584436878567185
0.610775329184265
0.6624182894211789
3.067970254177254
3.1514952391184
3.275361557929457
3.409214090971494
3.538289312588819
3.65083347213077
3.734140508012496
3.778419471333496
3.778656857662779
3.733095808550696
3.641270298983268
3.503359796099986
3.320863587987815
3.097924142792597
2.842535628224051
2.566878110198885
2.286174790697677
2.015953275046016
1.768482603110873
1.550991240555485
1.371853362384097
1.263044543954379
1.315254657670129
1.688453241418404
2.554435016811729
2.874602125788383
2.779486813898481
2.792970454846324
2.766541562548415
2.721841944876876
2.657806646300832
2.557602731983435
2.456652440566033
2.380595047446354
2.315203978316681
2.250659225079795
2.186069523226342
2.121170567014506
2.056114641207127
1.990954628035926
1.925734644666243
1.860485204003289
1.795226065240973
1.72996523597655
1.664703030253626
1.59943661432401
1.534164826307573
1.468892396714587
1.403635047131878
1.338419872765606
1.273283698596377
1.20825529365684
1.143430205533724
1.078391977578426
1.01242809237944
0.9367358867157243
0.8417443976685361
0.7464355501003134
0.6873667814350797
0.6469889885751793
0.6285151625845372
0.6299559749885035
0.654129702329156
0.7000444240963624
2.966541825853591
3.036028360023196
3.1496188780435
3.282140489478698
3.414092666154001
3.531487055176559
3.621904598749858
3.674057053895092
3.679300628421949
3.632303904500593
3.530687295129696
3.374661201245451
3.167233205350769
2.914815226225035
2.627686860951784
2.319768493304607
2.007439380404012
1.707694276084976
1.436864359246428
1.212414537086746
1.060745282193155
1.030177428073533
1.199340186389688
1.668998642261721
2.549094275417674
2.869214187483435
2.769187546524693
2.779101236114168
2.750014855841739
2.705880103752956
2.644488358704604
2.561733499376412
2.47529447245048
2.398440520701432
2.327328258713491
2.258431370287425
2.190910990125374
2.124151800842293
2.057920811890081
1.992034298639977
1.926374715935801
1.860860269522162
1.79543389865998
1.730052946650606
1.6646821855458
1.599289276554038
1.533840722551379
1.468297704955662
1.402611741856387
1.336716972916933
1.270522135552285
1.20387789764802
1.136604708613687
1.068192602925512
0.9981065240306034
0.9233717361370345
0.8420918664059808
0.7646959372741811
0.7093555292706963
0.6712096228895458
0.6527712525295563
0.6529700385325343
0.6734487243669416
0.7122040567911948
2.9126523299755
2.969521932493887
3.067929732706274
3.19076405152698
3.319463258667581
3.437606165808758
3.530836270369826
3.586320699443636
3.593339453086676
3.544254375524925
3.435049627326965
3.265469748677892
3.039091083570677
2.763449362868398
2.450092207823073
2.114383340566616
1.775066002531364
1.453937406049861
1.176358174686744
0.9732160692616983
0.8834369485320529
0.9533786041538046
1.229938596746173
1.754542199776213
2.576801637444742
2.871019713870092
2.774878559159283
2.780630741502772
2.749730773767532
2.705143493591823
2.644510724939014
2.568702275937982
2.487819950100373
2.410016070498452
2.335597651184332
2.263781584219441
2.194089697389396
2.125906747884869
2.058804043849394
1.992424291470069
1.926508028289099
1.860875140547119
1.79540433570007
1.730012955549025
1.664639949580153
1.599232378972558
1.533733461330231
1.468070057123755
1.402139675230706
1.335795316868388
1.268832855532976
1.200974082258077
1.131905193639786
1.061204179393268
0.9886863726636571
0.9138927817521426
0.8379578649194603
0.7678092397638069
0.7139311651323582
0.6766053787225558
0.6579660751125838
0.6571575139587693
0.6739854191929182
0.7050821233075345
2.884960771989812
2.933488583978638
3.019989509494515
3.132697346466871
3.255785870842361
3.372297589830643
3.466081315853997
3.522654580352153
3.52988480577471
3.47881248236127
3.364362886247446
3.185727930500649
2.946450525423606
2.654373029910915
2.321624934790906
1.964819706221622
1.605613540941353
1.271659576535016
0.9976126192711631
0.8250478158458023
0.799164133505928
0.9601609152053779
1.330084255864713
1.901806369130316
2.643378196600082
2.887376199926558
2.798554363541843
2.79871221877201
2.766688715472624
2.720388987088554
2.657788960626148
2.58171679505058
2.499869155312964
2.419043220403768
2.341349261376545
2.267047791229784
2.195703581405205
2.12656416426066
2.058965919794758
1.992367387849558
1.926383336407429
1.860756670955625
1.79532317724592
1.729978568179886
1.664651467258468
1.59928196897509
1.533803011901254
1.468121121943659
1.402094016297916
1.335504436615599
1.26803484885844
1.199249091010141
1.128630441311267
1.055644870619869
0.9801455529278152
0.9026339292500251
0.8256100758715716
0.7553217874323969
0.6998680566166874
0.6619506272747774
0.6435710169257336
0.6436088470130553
0.6592933865475037
0.684163382043647
2.872759888034531
2.916998185464689
2.997081063821011
3.103629125586346
3.22267201701819
3.337507033027499
3.431102469857317
3.487913426997104
3.494974796945533
3.442680722407327
3.325437074486016
3.142081165263087
2.89598636034902
2.594983971074527
2.251421360821926
1.882719028578518
1.512612686430487
1.172765600654067
0.9035995114021108
0.7523886390614147
0.7667754193341131
0.9835598604675514
1.414583099554437
2.030041551412314
2.733155205031247
2.923736052539366
2.835207892834622
2.832157079913948
2.799398421599067
2.750156481245254
2.682617153865411
2.600675849912854
2.512687053870152
2.426297555934402
2.344593476073574
2.267898715749542
2.195356105976719
2.125775308347766
2.058131639491372
1.991661581724087
1.925857935499862
1.860407430324119
1.795127530347774
1.729914892617745
1.664707533622999
1.599456713556373
1.534102656733255
1.468549862438922
1.402634016499545
1.336078876165825
1.268445032507353
1.199081348165045
1.127134405829243
1.051652807414382
0.972082441243168
0.8889949629346179
0.8057005452803263
0.7294782499136945
0.6691687249019228
0.6292188179391591
0.6119402331304924
0.615900843285387
0.6357880017782023
0.6601811073593762
)
;

boundaryField
{
    inletLower
    {
        type            zeroGradient;
    }
    inletUpper
    {
        type            zeroGradient;
    }
    outletLower
    {
        type            fixedValue;
        value           uniform 0;
    }
    outletUpper
    {
        type            fixedValue;
        value           uniform 0;
    }
    sideWalls
    {
        type            zeroGradient;
    }
    topBottomWalls
    {
        type            zeroGradient;
    }
    frontAndBack
    {
        type            symmetry;
    }
}


// ************************************************************************* //
