/*--------------------------------*- C++ -*----------------------------------*\
| =========                 |                                                 |
| \\      /  F ield         | OpenFOAM: The Open Source CFD Toolbox           |
|  \\    /   O peration     | Version:  2506                                  |
|   \\  /    A nd           | Website:  www.openfoam.com                      |
|    \\/     M anipulation  |                                                 |
\*---------------------------------------------------------------------------*/
FoamFile
{
    version     2.0;
    format      ascii;
    arch        "LSB;label=32;scalar=64";
    class       volScalarField;
    location    "5000";
    object      p;
}
// * * * * * * * * * * * * * * * * * * * * * * * * * * * * * * * * * * * * * //

dimensions      [0 2 -2 0 0 0 0];

internalField   nonuniform List<scalar> 
4096
(
-0.1616133877719734
-0.1072568357626735
0.01479185450012894
0.2361316531615665
0.5912203838497379
1.103994116765541
1.773653403173433
2.558339203593656
3.348035128152917
3.551276402799179
3.457578719367871
3.45613403921703
3.423514954135205
3.374027741526621
3.305617271465311
3.222272847897031
3.132529669670579
3.044020924256948
2.960004740196817
2.880891399074517
2.805888092310387
2.733817831273426
2.663625632524136
2.594462391746269
2.525658467855089
2.456620644079337
2.386714177549725
2.315161219848698
2.241001506524761
2.163156797860097
2.080894238061857
1.994582336063178
1.907270736979891
1.826207972696209
1.759561085822727
1.711159674640054
1.679100794263841
1.676303866939322
1.589722590065818
1.776259218409471
2.447224130722409
2.990914223257696
3.328313463422631
3.447755226414011
3.378458239592336
3.172528064799149
2.888535139921031
2.577844349473774
2.276858752561381
2.00566258429206
1.770948833883307
1.570554243889513
1.397747391470793
1.244475136475838
1.10348200141801
0.9695138118156498
0.8398494087289519
0.7143346506182874
0.5950292460311795
0.4855655711929736
0.3903517661364773
0.3137828408269365
0.2596028877087386
0.2304860716179408
0.04450796129934606
0.09279949851241114
0.1970305445215151
0.3816533417037975
0.6780968614367878
1.115266894865326
1.705105757909607
2.431291966352205
3.256184689548443
3.514963976378787
3.420238056427548
3.421917402092469
3.389926417788192
3.343381467623569
3.279956648712878
3.202560940760679
3.119094464266163
3.036252092393142
2.956347940923502
2.879697268801896
2.805926237884611
2.734285503335313
2.664083466674096
2.594703437484526
2.525625745224772
2.456374400891222
2.386458758342172
2.315317317807435
2.242326854565538
2.166829579098307
2.088509008379928
2.007674636261454
1.926509787112644
1.851379128072407
1.789807653314186
1.744531085774109
1.71335739923239
1.713934036596249
1.627656950384236
1.869351788782377
2.573693079087627
3.058475873548917
3.316596456538182
3.364357196301425
3.245692843073778
3.018741660700542
2.739434845453039
2.450820338135641
2.179815838717639
1.938983747811671
1.730424260326043
1.54990718669092
1.390355045957914
1.244386579602689
1.105944364919933
0.9711727229764131
0.8387315175850836
0.7096820417225576
0.5870319386108852
0.4750245808465907
0.3783067158087521
0.3011594268274869
0.2469600468314056
0.2179202440509477
0.4196777017836127
0.4609291908644687
0.5407100296343555
0.6676205048343435
0.8654395647324752
1.173664659040695
1.636234801538192
2.291716908799159
3.189204894894536
3.497518975773744
3.395716417583817
3.403276369273109
3.372466367822438
3.327711750030018
3.266272031650801
3.189123678381327
3.106737579533734
3.02692113691975
2.950327043976989
2.876193380298832
2.804106075051055
2.733448601847662
2.663769540427851
2.594658071668761
2.525763085453079
2.456757538495254
2.387312762461252
2.317053219130944
2.245583859247875
2.172380744512718
2.097100086231845
2.019080245097304
1.938983627295065
1.864291541066071
1.804942391192337
1.761681976418194
1.731862237338512
1.738231048487315
1.645001390872241
1.938335314843316
2.715181133577697
3.126111147435112
3.257353483717986
3.185046264833997
2.987274615986137
2.732584459860676
2.469055947104133
2.223509270762698
2.006752223336443
1.819471240081742
1.656712510025755
1.511035012922247
1.37477973405727
1.241649255665921
1.1076392559659
0.9713897931977273
0.8340801834999521
0.6989868179344844
0.5707947549372956
0.454757005368409
0.3558419549791682
0.2780516120468315
0.2240793279443172
0.1953752403564139
0.9318889361543848
0.9734815133090041
1.036535713396483
1.106244054635188
1.19262891934472
1.344479401529686
1.649682627216653
2.217573535199256
3.162006690136024
3.494696147827016
3.389416226462216
3.401526053108448
3.372746140767041
3.328592361975789
3.266353738879068
3.182104265754905
3.094321660784621
3.015323121051442
2.941978146716126
2.870738007586451
2.800828676354091
2.731628065246181
2.662890533440865
2.594407494062894
2.526025234543419
2.457600099653038
2.388986653290611
2.319993295617883
2.25040886437827
2.17967360286486
2.10711443198559
2.029476772839224
1.943963121272032
1.862571171739471
1.802854579214282
1.760548514589224
1.732948000210433
1.743918974356148
1.647163060080552
1.967273735813061
2.79123737065026
3.109700585921027
3.085826036619482
2.874448973400454
2.598772226229345
2.332367004215115
2.105723654653207
1.923506283444151
1.77860265247132
1.659762157680792
1.555073946241583
1.453748017611007
1.347358851353971
1.230743589266013
1.102394306381197
0.96424298145915
0.8209315690391972
0.6787676209827784
0.5445817373375199
0.4246952988925985
0.3241788865319636
0.246480126204111
0.193407455274901
0.1654864445530746
1.547677716823018
1.599770840432648
1.660159504863609
1.694115797047894
1.694664986062228
1.698393864472399
1.817541784949511
2.242794293392814
3.164035682506247
3.498607502391634
3.398760910832935
3.415386933405353
3.389704231472051
3.345195769169369
3.280077162762983
3.177904956234338
3.075950596012474
2.997413888241845
2.929677303527244
2.862793282403173
2.795915560908434
2.728724363037548
2.661368687012059
2.593914065786522
2.526426589720698
2.458968436940728
2.391599588452686
2.324371065538147
2.257420022500991
2.190392203870268
2.122518849631287
2.04447390586471
1.944649129863965
1.845947408143443
1.784010704285564
1.741814899919125
1.717459595191359
1.732862575265563
1.641610971355898
1.96566064127471
2.76376909489632
2.93526206193066
2.735255040525522
2.406563373120369
2.095934067359287
1.857259416384659
1.693270971555639
1.587935781073525
1.521283814180326
1.474280379011603
1.430269791879772
1.375786240713133
1.301460052104489
1.202881726639869
1.080943784657217
0.9412416629582805
0.7925325396857116
0.6446891541036903
0.506749713271295
0.3856362926289795
0.2858279609108034
0.2097619368093799
0.1584105656650981
0.1316799823421272
2.251433702585806
2.308090573790907
2.362503071722953
2.389132341620445
2.367485525269064
2.284638602481948
2.207344503015004
2.375341110285058
3.158453916938473
3.504073031141871
3.424389012477858
3.447755945703081
3.429013108790595
3.387505806944643
3.32416848567531
3.186725901317718
3.0559144921849
2.977991713977288
2.920368457013489
2.859393972816861
2.795411817837809
2.729246220670177
2.662009147420102
2.594242509362654
2.526304117237802
2.458487769812324
2.391118219730888
2.324664553582138
2.26011580256397
2.198089825724951
2.138848154619576
2.059821654517312
1.930389070615634
1.797320535582729
1.738220506647605
1.699635801676024
1.682258058173633
1.703895830087396
1.632786931925887
1.965279578503049
2.618000123351349
2.537249607767374
2.170542241460055
1.804956795408705
1.537432947307208
1.372008637114845
1.286973424407825
1.257656019094898
1.260914905814602
1.275837795853453
1.284193068552796
1.271131162194043
1.226326907925545
1.145409964610644
1.030942593666895
0.8919265986534626
0.741376374172718
0.5927697115223818
0.4568245623862078
0.3399877691745327
0.244989789119673
0.1726020194946117
0.1232718147771901
0.09753798338044617
3.070517200013343
3.062990974517388
3.06679709147167
3.105663873120676
3.13138099291728
3.073974484029675
2.887370673023749
2.688249464398338
3.07738186251478
3.493161093347426
3.464566458062362
3.496913495369918
3.486027366167871
3.444231789079129
3.371043211536163
3.106237099154263
2.946457756184723
2.902882035952303
2.878441777040192
2.829486833645635
2.772678212968348
2.71314045126796
2.65232773320823
2.590701227755788
2.528744594330569
2.466970071429437
2.405849834253403
2.345808453712931
2.288211198596412
2.237749214856524
2.210253487826333
2.163113760153835
2.003035554164281
1.745103799929939
1.677584982827913
1.639309296331301
1.629392329169748
1.658556634137382
1.636782471494975
2.025211903597251
2.277073995043085
1.86257187439435
1.452761912464174
1.186100484990489
1.03309086423267
0.960054165922788
0.9459164696226482
0.9724170151094645
1.02102925406554
1.073828863102772
1.11440607898821
1.128575790547576
1.105691016596687
1.04079036000661
0.9367393158171282
0.8046208585516608
0.6607344622144218
0.5211338628450561
0.3968104937123225
0.2922764151014589
0.2074434435065732
0.1409149694870109
0.09282736652466542
0.0661936670096557
4.091509202150458
3.801405472204842
3.691246291941513
3.750508283778375
3.826939275862103
3.864134467468721
3.795761625622287
3.42581097811154
3.083057754328738
3.494623544067294
3.539052422402757
3.579409827388351
3.589945589059769
3.590945342540829
3.619724931502299
3.41298944766953
2.817040258549414
2.821891526513158
2.907907228534209
2.889590866547397
2.823290093966937
2.74824850137923
2.673316715473461
2.598533326177529
2.523712219275425
2.449043287008066
2.374312098572512
2.299387824233206
2.23231261895171
2.210158069118026
2.287218412615623
2.282976765468841
1.692350541901884
1.494239778236496
1.529212364235724
1.533413242294077
1.543827634310611
1.578471360945384
1.624957699947895
1.991822108150415
1.522717117421083
1.018751460227526
0.8332991100090933
0.7595210625435744
0.7186099311067972
0.7079045621309162
0.7277435203562168
0.7698107922828487
0.8225392636422149
0.8743196829625863
0.9139997265082849
0.9310155482683272
0.9164169388111666
0.8651224979918388
0.7787606443425682
0.667289539299073
0.5467583130191557
0.4323116792463665
0.33257502954958
0.2491450923923094
0.1794562093965632
0.1206911712800548
0.07307143210655952
0.04045160130313834
5.380903369102606
4.45463780502766
4.225971952150014
4.252187182446175
4.270796107348347
4.290038051239259
4.386511751753976
4.398509987958111
3.839392433317414
3.658573992084715
3.692810324360472
3.70004099470095
3.713335468644868
3.754029715404934
3.801270568426566
4.228655290456569
3.850216024011249
3.416215828196112
3.266284484372524
3.171921871947624
3.052528166414196
2.915549594177116
2.774805646516405
2.635111728919939
2.496497451478023
2.357752033769301
2.218498362394004
2.082496411659153
1.961459990120777
1.859990734014619
1.696971693391847
1.251976334356476
0.8837476596652729
1.318743080251392
1.369695084043314
1.412165185393397
1.425062633494037
1.427587336047141
1.464411168225016
1.254900454730712
0.6496404928427192
0.6461103614524339
0.7317163042757483
0.7391666568429696
0.7173413675393239
0.6995245270257641
0.6906468922540667
0.6871227962939185
0.6851492631040605
0.6814666594084794
0.6728472525354839
0.6559828468042566
0.627863208122012
0.5866038098620252
0.5325228213830359
0.4684368475140704
0.4009395908209273
0.3355727538916147
0.2748267699150745
0.2187655058411372
0.1659615228110417
0.1152212924202778
0.07066609792439421
0.02603638778858213
4.865121190191584
4.5765302094643
4.479194824735651
4.419561905821078
4.36933831357314
4.327084482371118
4.308489706820196
4.272103195445945
4.132883299936803
3.894776222305408
3.835226987919449
3.803877622775896
3.799164352130477
3.834596886861497
3.812853057759542
4.233094154489819
4.570739323147514
4.273605035295906
3.935230818121539
3.659544755633705
3.410386586398797
3.165829144488021
2.924281628383041
2.687129965623115
2.452642999466806
2.217236678183723
1.978359921647086
1.735719139554428
1.485484642396646
1.20424900632471
0.8575274141554142
0.5549894827816091
0.8937044019439229
1.314977200714527
1.295207869532623
1.330685629691392
1.324599667751559
1.2886356766927
1.226553373482455
0.9812803373057929
0.8424028366529356
0.8179261675174759
0.8136420536951221
0.7906888344962053
0.7635095145109068
0.7360519862487472
0.708995148211031
0.6819213997678519
0.6543283207592983
0.6256522003883621
0.5952834592996333
0.5625963874753867
0.5270519226119029
0.4881520065482415
0.4460672483214019
0.4002289610840364
0.3532168077778722
0.3061148453947966
0.258982023325509
0.2117885488728836
0.1645627664395418
0.1171180899899236
0.07068255365352225
0.02342023477231136
4.550161727275627
4.456454855765925
4.404959543535506
4.358081762992192
4.317008075887351
4.275975436409474
4.235183942885085
4.173070726785224
4.061834966767679
3.944204325234044
3.89500432623742
3.864593436778061
3.853161563069393
3.879616833560564
3.808601035015442
4.136386014637716
4.840116185320236
4.877320613167316
4.586395295519753
4.203936660383827
3.817991455305623
3.446388268409321
3.089184372682067
2.742805124652508
2.401340833754831
2.057510172646858
1.704483672966902
1.337017336497683
0.9533046326913108
0.5701244763872957
0.2760101245447153
0.3083137159008707
1.002497226601295
1.325740122116691
1.256283600227809
1.281774846462211
1.268439680573841
1.233390016547883
1.178627622976791
1.051325588819012
0.9297300244945613
0.8625352576960351
0.8233697215082147
0.788914178722501
0.759071127549993
0.7328280780529457
0.7096457537414186
0.6883010871493523
0.6674085666497815
0.645515718661862
0.6211680441075843
0.5929218966039023
0.5595279110621806
0.5198476962947155
0.4742579064655416
0.4217489465443276
0.368054370579767
0.3156359986349198
0.2645970207892357
0.2147203323051828
0.1659138123275372
0.1178565103013063
0.07084704466662758
0.0238534773314261
4.475810536475183
4.435970672344949
4.404027887325793
4.360356872864506
4.316226058242994
4.26918461783787
4.219452423366118
4.158317712758327
4.075308253285378
3.991487072163362
3.941083981651632
3.908325138010973
3.890929356265803
3.910873211369343
3.821464246754213
4.128351249247225
4.950007740054541
5.200376591227105
5.031665091506862
4.642489258760894
4.176280544700984
3.701702155897383
3.240226363750682
2.792369261270853
2.350918544371847
1.906501711774439
1.451168677493212
0.9841047056151373
0.5250836836815287
0.1408097671227054
-0.02770828034467703
0.2150876022245651
1.018478410562041
1.317631264313909
1.230208488308165
1.248926078122416
1.229798936030453
1.193149057185013
1.137557070666656
1.045655336162328
0.9505815005820843
0.8801753638505707
0.8332099067903107
0.7939722544286829
0.7620167422381617
0.7346396882303571
0.7105064733861226
0.6881606752504064
0.6662880887178527
0.6436090774077046
0.6188465413155257
0.5906469204772969
0.5577031885646312
0.5183063195389722
0.4728701939906818
0.4170871480520087
0.3618606570371207
0.3104076482828577
0.2609753293957644
0.2124109349980998
0.1646249655094365
0.1173032983480907
0.07053126931573948
0.0238364078869323
4.47315876632026
4.43348957512004
4.401089888402611
4.356404960060838
4.310453603178984
4.260618189439464
4.207321650530012
4.147753221398351
4.079546683333907
4.013763124540689
3.967161295354422
3.935704899987949
3.916296327875399
3.932285245775917
3.838143618684016
4.155255273638761
4.994200748779161
5.317726988790795
5.231603937992324
4.882917520055041
4.404053227827524
3.879961707181499
3.35054121981128
2.827522125661283
2.309363132857506
1.790683670832393
1.269421578741906
0.7562673622568663
0.2893962925517105
-0.04915659035876908
-0.1316995784972952
0.1830282928465694
0.9975684970103178
1.304985688534595
1.21364625756574
1.228749646337435
1.208386627305264
1.174271156810351
1.1235628033501
1.050225919983907
0.9624378790600182
0.8823403418723245
0.8318193268382073
0.7902179225289013
0.7584236225923648
0.7321464646583825
0.7095375126040907
0.6889015517063639
0.6688850409941062
0.6482220557713215
0.6256218193192133
0.5996002854408519
0.5684900918165594
0.529456983775299
0.4831511613275341
0.4175489676357744
0.3563319324631586
0.3048923603671501
0.257065052924567
0.2096732948669599
0.1628503154246436
0.1162803719175485
0.07010232447397348
0.02396686211599279
4.546164775226622
4.452985439275134
4.400247214299037
4.349593163142988
4.301226792954415
4.248337255455896
4.190892732368177
4.128905248923031
4.063606484498276
4.002425946993409
3.95532067569303
3.923287172327429
3.903622529191349
3.918394252914451
3.837884183553947
4.190523647832093
4.964152871084721
5.258064562087855
5.202053405314717
4.907754602649979
4.467317518780061
3.950315092898166
3.400991527675495
2.842138167141798
2.283278549761093
1.729463576826857
1.189763388197337
0.6859936318988349
0.2606678585385227
-0.01961427289535846
-0.06758658649222953
0.2212530295130565
0.9690539754457776
1.306947573342557
1.228470177664998
1.241731464289507
1.220500113217271
1.185161137656854
1.133751740461445
1.064607715712508
0.9645973330453534
0.8626187732054913
0.8159003823982662
0.7764370802756633
0.7484037829378702
0.7256713988808055
0.7062963601224299
0.6886622902590354
0.6716190094966002
0.6541398555311214
0.6351375334495498
0.6132496705262007
0.5866170288866145
0.5512466928808152
0.5086361058386056
0.4250551716170077
0.3534000994064774
0.3023417610832647
0.2564894773241569
0.2094935121050792
0.1629168427568214
0.1165608300484374
0.07083670884381288
0.02478000985685188
4.842750880184011
4.555256143026859
4.456596349758897
4.394055590958545
4.338407774124152
4.283951474293782
4.232139264195734
4.182678730074027
4.13520078438814
4.092351095779497
4.058195942441047
4.033046717622988
4.013010786690083
4.01132606701824
3.92921291510194
4.203578076558835
4.791170892256186
5.008896399839143
4.973607723539419
4.746951696626633
4.377067345126216
3.909984713275252
3.385613825805346
2.833850788161396
2.275904424165426
1.729495745674961
1.215279498827143
0.7620091377716833
0.407805565510542
0.196196831911808
0.1719205121079708
0.391512058497748
0.9628485594439794
1.227768269659431
1.150884121193925
1.153646509684448
1.140750713856229
1.126445061430491
1.115285458292877
1.102712743289447
1.005892176358787
0.8326936721654545
0.7918201509361403
0.7556548065780052
0.7333296142996647
0.7159391665573271
0.7012272420398563
0.6877782825069538
0.6747751511719159
0.661544928717136
0.6472735879055714
0.6306897262411763
0.6090698559204992
0.5760645679582745
0.5293129331653368
0.3668924387302142
0.2811049061849518
0.2554118544830749
0.2308186141127782
0.1931579159291238
0.1520379566621469
0.1091357034975013
0.06626011034723849
0.02194830017527039
5.402672787156114
4.473568811878791
4.241024715948905
4.261215915515738
4.259919979746948
4.205351537155556
4.121890100444582
4.022889850405851
3.916475754977983
3.81630826880933
3.73913493541915
3.693717800901699
3.668056468048853
3.641570292595387
3.624634741698884
3.881458818228612
4.36869323084547
4.575990129187788
4.596348486311159
4.452948107602979
4.169469467103002
3.777450672781645
3.311508073470207
2.804580763012373
2.286318451493984
1.784604962004907
1.328339972057551
0.9490025773933559
0.6791596460478894
0.5479620779630603
0.5766733290419925
0.7856018828121253
1.259919378523655
1.507937527445005
1.491172314742034
1.46383328961785
1.431888684186969
1.378023280174733
1.319562748106399
1.234822519162748
0.8535314549160611
0.6752542799680351
0.7170282497593032
0.7132934329985299
0.7082491040875006
0.7015045687775695
0.6939526085316563
0.6860585251337459
0.6781431199658172
0.6704767522039592
0.6633291916081054
0.6572450286937728
0.6521582621321741
0.6512745743255491
0.6694217477059634
0.5511056454552772
0.3032563897767616
0.2814741004968711
0.269040893833784
0.2208635727179052
0.1688127855271845
0.11997209304376
0.07717544792460342
0.03130883692845975
4.31647734752192
4.020046816702997
3.901221518911473
3.939374283518782
3.960351261062652
3.891148685420843
3.7349776532819
3.51474903472295
3.26173659586778
3.018011094929264
2.827471227983771
2.718066886726991
2.690933729374985
2.738430367826786
2.894436077871807
3.229553416171533
3.711726477164234
4.020383435036712
4.1338123691974
4.080131890878218
3.886566012274695
3.580909390160615
3.194146809767538
2.759440055922535
2.310416051177342
1.880338591175267
1.50185061333476
1.20624349737249
1.021939430636214
0.9737101376424828
1.085391666063804
1.381334153062553
1.837467253712299
2.141217589775537
2.259534176299803
2.253849921821297
2.139777111437382
1.874319438883235
1.388620865431836
0.6607317604810381
0.331274078921832
0.612803644388317
0.6525932526397658
0.6763784499259512
0.6857521146412031
0.6882200283825827
0.687038958193372
0.6842502206263157
0.681085201756057
0.6786322519405256
0.6781531471203572
0.6820719247934335
0.6931488363452865
0.7255064513808679
0.7482909699470957
1.118774295957364
1.106380242287124
0.721413263910808
0.4849374227761061
0.3489256344717909
0.2566266430718141
0.1854717557882247
0.1291193943886615
0.08988149367105311
3.618488518079012
3.605056699678292
3.597513001703451
3.614797748113354
3.605775213963075
3.516790896704272
3.332602646391326
3.071147514153564
2.770900975705494
2.4813685927151
2.251371729163441
2.116403795053872
2.094212178424941
2.193845034264875
2.423643612275113
2.765381374373861
3.155494429685299
3.472955393278524
3.648934842486061
3.674809498905852
3.566994030284937
3.349838815347078
3.051868165550601
2.704896078536219
2.342716371175117
1.9993820253112
1.707441960200156
1.496331419793402
1.39125461947423
1.412528140393086
1.572117430213264
1.857181288146919
2.195898453910087
2.46413078231166
2.590111605972727
2.538694020017802
2.288110070733764
1.807780509168286
1.109617570514341
0.4129226962734396
0.3769400706393962
0.6192263220459812
0.6339488562635232
0.6613585317608986
0.6736178997602195
0.6797852516761802
0.6821620626674099
0.6827577030477123
0.6828744329522152
0.6837244912551267
0.6865934559415772
0.6937561546695599
0.7066449715491698
0.7403823368619394
0.7340108940351875
1.037392927314236
1.320043543793849
1.084933236229498
0.7838480936257463
0.558126077428171
0.4049929223729352
0.2999006444459313
0.2290837873808368
0.1906165456729697
3.205046024856092
3.253902212857132
3.294510241670661
3.304149889615161
3.266266496061622
3.158447757424237
2.970170895484506
2.714463759154805
2.425085153924768
2.14686583752775
1.924936546440441
1.796084642023975
1.784303693943194
1.898186732328588
2.124477190388689
2.422235873733667
2.736482800918068
3.014767054870446
3.205420335802971
3.282446491995632
3.245805364990345
3.111056305920114
2.902018383372218
2.647256874832541
2.377884542937545
2.125379404777203
1.919326068659969
1.785344665212943
1.743094542138129
1.803039321934147
1.959455582172502
2.180327204821188
2.407085196535964
2.57751423436483
2.622836162789483
2.48360472214867
2.128761804094872
1.57425425386301
0.932159725142192
0.465763069888465
0.5182925401144142
0.6421104549501351
0.6389028928950449
0.6588130907833886
0.6687656269675955
0.6753729309973273
0.6792294417924858
0.6816950056074242
0.6837543991739738
0.686395637041592
0.6905593706520116
0.6977864585623332
0.7076893419024657
0.7319712520175096
0.7088424419725329
0.8681609792997249
1.191180633641357
1.178772277737158
0.9845902451048735
0.7625384515497765
0.5797177286507599
0.4479526243140911
0.3626794231493403
0.3192657712383002
2.952057062618007
2.99065074832136
3.026774202335329
3.026609139518818
2.973588765970236
2.859298204675257
2.682807408856627
2.456355196359461
2.206434619844888
1.968683425114283
1.780391403705804
1.673548832664587
1.668710421474519
1.768773411091962
1.954851440950711
2.191177419514263
2.439179309118841
2.66672609884155
2.841816625197764
2.940281246613735
2.953434697380693
2.88753356410373
2.759345009311286
2.591942811046013
2.411501753444814
2.244582592269744
2.115551877142054
2.043983207682499
2.041665102820748
2.108662173075622
2.229084514938013
2.370443948735883
2.490747832665612
2.545822487718929
2.484481375306532
2.262822787426203
1.871266291298597
1.362322202289253
0.8660081103838336
0.5624712017121909
0.5951969132449091
0.6522980556999772
0.6468285979702276
0.6599682893237293
0.6674350130913556
0.6734184362695399
0.67765769073902
0.6809604833253949
0.6839667170695382
0.6873688584266007
0.6917524656470896
0.6980600420046585
0.7051252571367922
0.7213702189055327
0.6992728614792352
0.7827570325105705
1.032616848769816
1.12014557085304
1.050132206214454
0.8980438004853813
0.7358478809149179
0.6024926121798897
0.5113411888404726
0.4640499788926591
2.792812896518876
2.809540991698227
2.822543949455443
2.807250884722743
2.747837506788383
2.639356137390026
2.485434357245111
2.298052645886718
2.097529903436689
1.910141060131317
1.763582960881139
1.681465820486377
1.67758657187918
1.75134963933713
1.887372624709655
2.061255738186879
2.247635220565175
2.424212610577721
2.570644094145232
2.669670646470304
2.711590254411657
2.696887447962858
2.635352074329569
2.543284711288456
2.440347091900679
2.346590293773992
2.279626555298782
2.251778306109847
2.267141294708856
2.31903082463571
2.389282230589589
2.450994966680533
2.473381634781406
2.424424557134136
2.273682010620229
2.003812527412513
1.629223558400682
1.20951758004833
0.8411077923802081
0.6228256513561511
0.6255969058455095
0.6571960960273283
0.6537254117473541
0.6622762300016648
0.6678504437285455
0.672911222012658
0.6769717240639677
0.6804687856480216
0.6837719365247951
0.6873167167400638
0.6914223699168544
0.696640166486131
0.7017251215801659
0.7126605732000417
0.6957204580670971
0.7501854905116884
0.9255277250595204
1.026063385179239
1.030281639860654
0.9558228287719517
0.8448252947923904
0.7364429938209627
0.6546587858840502
0.610006241836432
2.701107567633553
2.700973683956323
2.692603731338906
2.663064934498443
2.601950632466672
2.506038313973437
2.379510859151982
2.23261983711268
2.080423730124964
1.941083888723268
1.833072459053258
1.771444015941382
1.764101712810706
1.809670459347743
1.898429318641883
2.015858025751993
2.146313942504241
2.275056925854141
2.388953619791872
2.47678994419214
2.531006581804892
2.549789556292112
2.537687875767578
2.504421676530013
2.462601109372754
2.425071373680614
2.402234801048084
2.399523459707081
2.41535142971378
2.440236062608679
2.457834806240429
2.44774861943015
2.388706481368598
2.26166863877425
2.055032537257861
1.772217422909875
1.43896500257197
1.103439368305293
0.8242120183894649
0.6543320973374832
0.6403542541217011
0.6604498928982743
0.6590470658424551
0.6647385604368017
0.6689861723123195
0.673149805768492
0.676793070586595
0.680129567145329
0.6833491573073541
0.6867008102177834
0.690332683698309
0.6945592913082601
0.6983281637496955
0.7059206067544208
0.6936086252060757
0.7332467648735771
0.8567531555290617
0.9429097739307738
0.9783805668562806
0.9600871893866199
0.9036643738286475
0.834397193929603
0.7751519817322026
0.7406138248947891
2.670558072108562
2.660533327635227
2.638705640001479
2.600215274631791
2.540675974374775
2.459114654938522
2.359157978391579
2.248419831723516
2.137206879755542
2.037048705986138
1.958918318683919
1.911177087300772
1.897842362322652
1.918006348383281
1.966676390535029
2.036358539177871
2.118486236466098
2.204453193811613
2.286370899861982
2.35745954006443
2.412680228545128
2.449756052690239
2.469847228262463
2.477234375342819
2.478008298222607
2.478168656695269
2.481584852491968
2.488240895830854
2.49322520524343
2.486903753688851
2.45638107867922
2.387811889218271
2.269083439170016
2.093089517825545
1.861695617576812
1.588798487102496
1.30029142536994
1.029497691687391
0.8101513747935618
0.6732369009271644
0.6511226192391141
0.6632209482338375
0.6632939081277702
0.6671078891299834
0.670379614685394
0.6737446315391836
0.6768847312303794
0.6798816862028211
0.6828148883534797
0.6858082611889481
0.6889084535929175
0.6922856769865697
0.6951208250003545
0.7004680370097429
0.6916567683494058
0.7198875036170501
0.8080348671051474
0.8779744616486791
0.9233034256183457
0.9380322284568376
0.9245178639003856
0.8943365418451945
0.862764834207832
0.8426098308854858
2.702538151792483
2.687832063261206
2.659658888906672
2.617653391762973
2.561723394697173
2.493041481950242
2.4148070948901
2.332149529457407
2.251357329152265
2.178878218546515
2.12032882277968
2.079659873870839
2.058701443527892
2.057241881385914
2.07348485065937
2.104539220230487
2.14679687443693
2.196301849102867
2.249133030398637
2.301678944298493
2.350865510286385
2.394504463545343
2.431627671032688
2.462457502558935
2.487818837446562
2.508104199175215
2.522119842627095
2.526221198698225
2.514107608949548
2.477465679185776
2.407367681319363
2.29615958112838
2.139663689155926
1.939513325742719
1.704866112712818
1.452248971207523
1.202916452191726
0.9788871325285137
0.8004453872028116
0.6870558706788346
0.6598281584548985
0.6656108626768512
0.6667426684690264
0.6692497746612476
0.6717797578812115
0.6744627448874411
0.6770950420204059
0.6796818935982417
0.6822392455827134
0.6848129267269029
0.6873934741070054
0.6900635805505076
0.6922081587682022
0.6959711281053227
0.68978624215677
0.7088567005644459
0.7714857008435266
0.828350304364162
0.8752377083837173
0.9071897477599464
0.9219049592288996
0.9223376337936479
0.9156623725431665
0.9096639920209906
2.800027921384866
2.78356067535071
2.753195092038937
2.710733511153524
2.658458592141064
2.598983651517846
2.535311711177104
2.470774515811799
2.408716076883526
2.352070087370719
2.303046656014176
2.263053132499349
2.232849652231913
2.212813638160617
2.203121734441267
2.203746905992911
2.214347126544777
2.234186852889024
2.262138428777615
2.296713475049061
2.336070419865065
2.378042220856745
2.420217397613331
2.459988331565981
2.49443798768
2.52004262491203
2.532337108750886
2.525791625254016
2.494110633275044
2.43101607436559
2.331424301330075
2.192856659220386
2.01686846128515
1.810076401760184
1.58413426014045
1.354227263278005
1.136500973185808
0.9458448754016027
0.7954446314080724
0.6979533755744494
0.666550133115633
0.6676122215692104
0.6695339970105899
0.6711041185671347
0.6730622511282817
0.6751753259968191
0.6773347736285189
0.6795027035173304
0.6816618106446923
0.6838128883570078
0.6859183479298708
0.6880093062191912
0.6896337215204371
0.6922646712209006
0.6880333098113547
0.700335419463788
0.7442600725934331
0.7907814113725735
0.8360468857575567
0.8758479602827408
0.906574592133388
0.9268385132394104
0.9379738032592788
0.942749782674434
2.964559088663652
2.947306530025447
2.9159251867864
2.873125356650814
2.822263438863088
2.76669432302078
2.709346586318027
2.652506165463469
2.597723787401493
2.545839886684217
2.497176135788432
2.451886103253189
2.410349179580522
2.373437571806504
2.342540343453711
2.319351589249678
2.305524815693491
2.302312187339669
2.310272332633779
2.329072341315767
2.357352455256746
2.392650948968471
2.431433292306268
2.469236319172492
2.500872075613504
2.520632931727792
2.52251711982357
2.500572853064253
2.449436430847828
2.365067013382354
2.245610811199392
2.092258319069158
1.909854180337161
1.706915744499017
1.494790012170484
1.286060321980041
1.0928330254465
0.9257488393906637
0.7940885016481476
0.7064886668554048
0.6715087750467738
0.6692567921610131
0.6717632694155439
0.6726568737777813
0.6741720413789469
0.6758156392874205
0.6775542322479233
0.6793274031634167
0.6811031402083383
0.6828586678887708
0.684545950605011
0.6861672833822251
0.68739562921766
0.6892235234259418
0.6863961601028735
0.6940376629576248
0.7245935847553854
0.7628255095007799
0.804957655077028
0.847006032314443
0.8849710342404588
0.9155407315906844
0.9367420848908888
0.9479096559953226
3.194719342834912
3.176283946643421
3.142840506907441
3.097439834266582
3.043865651966314
2.985824485474465
2.926290971578551
2.867144117966689
2.809128656504286
2.752118401403057
2.695615194859172
2.639345666987494
2.583756780553669
2.530238598516851
2.481026810042542
2.43886205862616
2.406515902532917
2.386264656996006
2.379391056013767
2.385808882759303
2.403862523169309
2.430339275081755
2.460683841219562
2.489332765065163
2.510104179758866
2.516630356137206
2.502831832240122
2.463442207187254
2.394561051777412
2.294212676065256
2.162861588632573
2.00376989778608
1.823018628070449
1.629033281302332
1.43162156986211
1.240796349434113
1.065827563358806
0.9148550035593553
0.795041161854338
0.7129714178331499
0.6750601593459866
0.6705964425153899
0.6735173722329296
0.6739241335294524
0.6750951767496384
0.6763556133317949
0.6777296614023395
0.67914690729143
0.6805717037681158
0.6819716480833077
0.6832985210133744
0.6845405432983829
0.6854633871777337
0.6867292765518549
0.684859645536491
0.6894675959260026
0.7108603165575749
0.7424681451108059
0.7806168832159306
0.821401867332509
0.8607213316379028
0.8945706605306739
0.9195469126627197
0.9332886860985571
3.485428892243017
3.464638862465078
3.42682251004881
3.375197106630853
3.313770476326979
3.246507013315941
3.176600906663682
3.106025843835842
3.03546584822734
2.964642849597225
2.89295386261142
2.820219306305861
2.74727069621529
2.67614990382852
2.609873346279398
2.551916323658911
2.505618142355583
2.473580839171044
2.457049739192149
2.455363140818426
2.465745576505553
2.483648498519676
2.503454020184601
2.519106010034577
2.524499285970251
2.513823076084518
2.48202136664437
2.425249437418332
2.341256252303876
2.229701068451055
2.092376118932505
1.933248664338346
1.758225344672512
1.574611986339396
1.390376683927555
1.213439311022521
1.051206161133219
0.9104288881048103
0.7973095055645578
0.7177305415007876
0.6775326767040442
0.6716810859219732
0.6748779350007471
0.6749376108623852
0.6758407086576231
0.6767902024271231
0.6778534103686502
0.6789574488891157
0.6800693737363099
0.6811560418648408
0.6821750043898466
0.6831100535884561
0.6837934825317371
0.6846731428626025
0.6834116169868245
0.686186322829378
0.7016246658014277
0.7279782666257542
0.7617058072929245
0.799042922615171
0.8360124582725996
0.8685985438459416
0.8931337010117821
0.9068177774845786
3.827570180010557
3.803037283308918
3.758220430406903
3.696508464100203
3.622133910117249
3.539357223659041
3.451752916096085
3.36174440977114
3.270493560844953
3.178183008823093
3.084642268725191
2.990155017569796
2.896161136410764
2.805520569726495
2.722160470715748
2.650272558295824
2.593478238024371
2.554198258285854
2.533051689285072
2.528052544695492
2.534469416869955
2.545808124101442
2.555284723400574
2.556835879813114
2.545305830973079
2.516343371777803
2.466677222739828
2.394261632594939
2.29836982573323
2.179703445378119
2.040469622715786
1.884343567865139
1.716261571884715
1.542058417571293
1.368041512772472
1.200627750193516
1.046129106150243
0.9106926898499368
0.8003493963139211
0.7211273576471063
0.6791924728627201
0.6725546387472088
0.675920627712169
0.675736260218981
0.6764303392590316
0.6771280715181809
0.6779280406830251
0.6787591701771474
0.6795945778572952
0.6804062961302517
0.6811613813626379
0.6818455581635982
0.6823376544542684
0.6829584882743817
0.6820404846521438
0.6838590772005468
0.6957271659339008
0.7179334564411545
0.747122828131728
0.7797962705361715
0.8123263667193177
0.8411009248477371
0.8628272568627269
0.8749684923843185
4.20775167548495
4.178369012662404
4.124473498514149
4.049651462246616
3.958357560919347
3.85512005957975
3.743905224826312
3.627745894244886
3.508667944167827
3.38789325028722
3.266289071766846
3.145028168911326
3.02632337730809
2.913891842949342
2.812701050098288
2.727873631804059
2.663321730400264
2.620904239316455
2.599948146955549
2.596287702834909
2.602592575578726
2.610241544329459
2.611303353154292
2.599885934936417
2.572302576046737
2.526373496509024
2.461102192409194
2.376245114518354
2.272179726200354
2.149965460313487
2.011466706799383
1.85944470370795
1.697556837338222
1.530252913375261
1.362609060289852
1.200159665912283
1.048771456924566
0.914574647322683
0.8039462134110584
0.7235290042869191
0.6802572504259938
0.6732564017023357
0.6767147564781324
0.676361586240052
0.6768923895918244
0.6773861094629338
0.6779629200367451
0.6785555020453793
0.6791444055003156
0.6797115761052989
0.6802366553793207
0.6807114447677866
0.6810465754873822
0.6814996225408814
0.6807311402113563
0.6822278430126988
0.6922656897649866
0.7112149231910145
0.736001453149762
0.7635264535466645
0.7906948391731398
0.8145358193563601
0.8324245852943215
0.8423830769040843
4.608109825380892
4.573501349636105
4.509781707320478
4.420646058476798
4.310591179776925
4.184142896210615
4.045383973146971
3.89784967703725
3.744679364146874
3.58880906765433
3.433074539975709
3.280329073529586
3.133825762418715
2.997876201193191
2.878201868840748
2.781078479733599
2.711206662571937
2.669886330366637
2.653573105209633
2.654522878604046
2.663004656841121
2.669479824179108
2.665379083928133
2.644327277829572
2.603612050501911
2.54425964106156
2.46769222495583
2.375027806129463
2.267074217021232
2.144541169243481
2.008385600845427
1.86017453092053
1.702353749556096
1.538369357508454
1.372649134817856
1.210486166679712
1.0578801742158
0.9213909968580061
0.8080417696861671
0.7252727464741614
0.6809084709549852
0.6738224252545428
0.6773228802255781
0.6768550004114224
0.6772584695010602
0.6775865553856164
0.6779727105185661
0.6783533118564363
0.6787159692505204
0.6790580276431616
0.6793756758079189
0.6796690654490799
0.6798706704052763
0.6802187475007675
0.6794640818717308
0.6810825114371865
0.6905250035681927
0.7069300276408642
0.7276287597767389
0.7500454534930879
0.7717330174380943
0.7904590264638203
0.8043408624309648
0.8120124489628859
5.00614014273148
4.967095680951263
4.894877204727037
4.792930758750409
4.665267427590235
4.51576586551146
4.347999742588082
4.165622456181473
3.972996495147632
3.775546283320585
3.579437969487472
3.390680676258428
3.214365126458982
3.054943330382037
2.917615548882193
2.809256927999043
2.736524269234519
2.701423057995595
2.693315215373554
2.698704144110811
2.707942384640346
2.713909883599314
2.708945952210553
2.684387381361903
2.635754550898134
2.569128233816618
2.487751592009652
2.39332984848373
2.286302148845151
2.166382029868564
2.033294018576654
1.887464893049803
1.73051293673573
1.565480380663868
1.396827321250356
1.230247188616509
1.072386942968454
0.930566803506923
0.8125837533424057
0.7266325309759348
0.6812971303579276
0.6742860882524877
0.6778000475219481
0.6772560306643894
0.677561541388216
0.6777557558377262
0.6779773857967648
0.6781640447507209
0.6783074815828357
0.6784296635713963
0.6785503355745067
0.6786776423148135
0.6787602231127479
0.6790430145053289
0.6782169731236348
0.680239726319497
0.6898932561325537
0.7042939512857989
0.7213162922570273
0.7390088177279714
0.7556198167284303
0.7696409742610286
0.7798675757585478
0.7854652354772914
5.374624529495709
5.333561911843841
5.256983849829197
5.147235228985759
5.006751163320324
4.837651428913341
4.642108771545421
4.423418196714962
4.187234026502789
3.942206112927698
3.699343323930564
3.469929582226313
3.262780909168162
3.082726996703575
2.932240565475648
2.815891749266156
2.744072089523955
2.720356314206622
2.720746119435169
2.724665315476408
2.728678161615265
2.731674538233093
2.729669843539807
2.710381307812245
2.664602348242196
2.600091265720222
2.522540372852338
2.433621751193407
2.332569211589945
2.217625242935698
2.087296809470758
1.94129596987308
1.781090277890705
1.610078147706394
1.43346263391544
1.257918337826349
1.091151928752466
0.9414645713987728
0.8174322291689899
0.7277952095599989
0.6815465349931994
0.6746778641065621
0.6781924698807831
0.6776008374274231
0.6778348938545444
0.6779243788338248
0.6780041343797796
0.6780066459570255
0.677919312144259
0.677807611298878
0.6777289079002895
0.6776933978905668
0.6776644372605819
0.6779016703408315
0.6769669864461632
0.6795251211976615
0.689781994651762
0.7025117531268323
0.716278006831227
0.7298311093558677
0.7421023722737226
0.7522066689626205
0.7594577261514807
0.7633911632473984
5.6818171549314
5.64328763660827
5.570061950236977
5.461700595415927
5.31710853434232
5.135013278302256
4.91531689559693
4.660881584681399
4.379048757822818
4.082268843672194
3.78731036964553
3.512563056114399
3.27345546790338
3.077671147910043
2.924161988915202
2.809645633104171
2.739749051092804
2.724188476430418
2.728932083679169
2.729450671085043
2.730302207486413
2.730934054822336
2.73233207969959
2.72307788003112
2.688777581939256
2.637620350969127
2.574334971529889
2.498815193659961
2.408294832461578
2.299482045739711
2.170169386594195
2.020193158829701
1.851806038319301
1.669607553111921
1.480188333474979
1.291620934640552
1.112895466076081
0.9533741194936063
0.8223504789092173
0.7288439078829833
0.6817459824819283
0.6750241019868164
0.6785357896661925
0.6779211311787871
0.6781122850346923
0.6781298727221859
0.6780928624515213
0.6779145487250821
0.6775557886635302
0.6771674113495375
0.6768739792796274
0.6766677967217125
0.6765304502462359
0.6767243073760755
0.6756933878125304
0.6787580097470245
0.6895625940704995
0.7006962639309355
0.7115615194105364
0.7216630146169787
0.7305510614328787
0.7377926801797345
0.7429849651735622
0.7458075775906142
5.892197707738806
5.863363253507538
5.805416632760418
5.712166176801332
5.575812891148678
5.389591181962743
5.150797671182183
4.862935232504725
4.536400852341332
4.188006749737895
3.83978721339801
3.516871560055334
3.243241634284339
3.034453658855683
2.890098037177842
2.794927894172087
2.735962709933747
2.72202803759336
2.725992728091727
2.727351694820301
2.729156061767986
2.730819330732625
2.731275821017815
2.728424652804732
2.712455231396619
2.686149450416656
2.647684053013128
2.592570962681101
2.515357421078286
2.411692063091609
2.279715263755314
2.120615148487965
1.938537870962123
1.740104856681415
1.533759207209386
1.329105794401552
1.13633169188203
0.9657081685968243
0.8271340383093687
0.7297584332822675
0.6819150080012587
0.675340317794996
0.6788495466911724
0.6782385524281092
0.6784227542979595
0.6784138921465439
0.678299402045255
0.6779435432051513
0.6772234749359696
0.6764694165648977
0.6759367999105829
0.6755440692243522
0.6753024666598133
0.6754411775633915
0.6743802072646184
0.6777420320844272
0.6885362664901974
0.6978532899895389
0.7060684734135697
0.7134565255924
0.7200729047974674
0.7257065390300697
0.7299400885419181
0.73231756699885
5.968320722959252
5.959152945008065
5.932702476307762
5.872282146619774
5.758847347864596
5.57799712654287
5.325307274579512
5.007747506394082
4.641623124996535
4.249118564356507
3.855585966006067
3.488625241499408
3.177748316865206
2.950245113375817
2.8182890378173
2.76230666493404
2.735009546522076
2.72246580879724
2.724091517549624
2.727399513506668
2.729990375927758
2.733099112310523
2.731111378308354
2.734459512458435
2.745772736619362
2.754976301358876
2.749686117530847
2.718850845288082
2.654250153370397
2.551619617820538
2.411004913671018
2.236411570297479
2.034993573781379
1.816044963700302
1.590034817911546
1.36786646811565
1.160433003494661
0.9783964199930192
0.8319809083161687
0.7305428841576694
0.6819458413578755
0.6756293401967396
0.6791444349418129
0.6785734939218547
0.6788056601785528
0.6788486955186307
0.6787384746527364
0.6782221984808925
0.6769457066461402
0.6756474109237323
0.674851511654355
0.6742535833422822
0.6739220498955057
0.6739870781250682
0.6730191412100247
0.6762688628574619
0.6859607710047024
0.6929631640690351
0.6986905003224573
0.7041363014941117
0.7096883090891211
0.7150765817256314
0.719535800551853
0.7221791852841432
5.87458062618135
5.897242978359808
5.921248572620571
5.912684142420553
5.836189633504151
5.668808562814712
5.407060747698626
5.065659579785772
4.670688367025764
4.25136639254591
3.834126120725727
3.441769822059678
3.098565260367111
2.83730012711939
2.695154993742808
2.680178532501918
2.719564636522998
2.721625606497675
2.718878516032963
2.72664151075464
2.731034440621347
2.736781329864848
2.730737213758518
2.745941219974764
2.800774976897504
2.856132209063904
2.888317128079094
2.880282557991907
2.822628353500171
2.713166881204665
2.555718337060599
2.358554467201429
2.132727380502479
1.890508103975356
1.644173675918301
1.405309446128696
1.184648202445164
0.9923119352641927
0.8381667311741929
0.7318154360094032
0.6816793051340563
0.6758495081133984
0.6793920669672978
0.6788826902439585
0.6792169626963872
0.6794256504823175
0.6794923049068731
0.6789013215277213
0.6766930996761544
0.6745361026774522
0.6735111127338631
0.6727094968944863
0.6723320049680866
0.6723125598201707
0.671614350948745
0.6741453063511162
0.681160084378845
0.6851796996632182
0.688573836625936
0.6928863932554277
0.6985743776396507
0.7049828400607306
0.7106955632509694
0.714191946898368
5.584044396328116
5.650480135598547
5.74127457302134
5.797878215632153
5.766391194169822
5.617847556594397
5.353710897938754
5.00008141978457
4.595555049983736
4.177643681691666
3.772528941029338
3.392319238926242
3.042466461031436
2.739893975600177
2.535295941323219
2.505126237813885
2.643555881687354
2.715130780896109
2.7096083710026
2.725678733362463
2.733234483064821
2.742868185760606
2.730362440562968
2.766870459210444
2.889342275094187
3.000392055590981
3.068629715460937
3.075275803490669
3.013430604211727
2.885768788405756
2.701832753253633
2.47533018731275
2.221632044053422
1.955753216735126
1.69108374384327
1.43895032719434
1.208879904832984
1.009337535518998
0.8487076055228633
0.7362126196823476
0.6820350716425542
0.6761063662108298
0.6797059892616142
0.6792831702158301
0.6799052723480405
0.6806575537438655
0.6813746521701151
0.6808364863456526
0.6766981361598726
0.6728530778507885
0.6717387407382837
0.6707844431093793
0.6704698796863569
0.6703937321102543
0.6701841799702163
0.6712523745885011
0.6737333054853105
0.6741459243294247
0.6755046837018041
0.6795438560935324
0.686359904666753
0.6945485203132995
0.7019126639866006
0.7063983125039969
5.08991681780135
5.205643404249383
5.363506511086215
5.479047837814266
5.487650823528922
5.361932473053983
5.110821123317594
4.770681095739285
4.390496187539665
4.014150761588846
3.66628556583262
3.347765449456663
3.041992512801223
2.731752009163488
2.434638553744096
2.269908603152326
2.472585636705145
2.693950425783866
2.69867040276903
2.726171157968376
2.737840551444889
2.752166960307638
2.730084930474124
2.800293796059465
3.019657679132262
3.191951117195603
3.287915662464554
3.294723971064041
3.213114508909026
3.053808727749079
2.833874474286797
2.573126600676526
2.290964651746257
2.004201180348491
1.726132563019057
1.46668103725818
1.233217372430518
1.031708421019185
0.8680307228322356
0.7495635546233756
0.687332218500299
0.6758111962211401
0.6797089299573117
0.6794426848936201
0.679590627925679
0.6798707133937324
0.6810390065957787
0.6818116303400532
0.6768881926814275
0.670085865367071
0.6694630002354315
0.6684517427851226
0.6683568357288379
0.6682971409020291
0.6687876545783401
0.6676360319705362
0.6638431427393136
0.6603938830979088
0.6603884382515481
0.6650546059404343
0.6733961828213327
0.6829306575120114
0.6909927051704153
0.6956877630406398
4.42407832637981
4.572189904932425
4.753626648483407
4.882113798027245
4.907460950819563
4.813015615584361
4.611278805412537
4.338084999437956
4.041051841860482
3.761168984555547
3.517630596544653
3.304301883670881
3.09617791098472
2.861199715179989
2.571852748642443
2.258854886642445
2.390137708581794
2.690942117216428
2.708054870887894
2.736557590209674
2.748090790865506
2.765583483809193
2.730206814692858
2.846820272341546
3.190235872215737
3.422452539412959
3.531447841045442
3.519600237747736
3.400736141103657
3.196824909019019
2.933938493500118
2.637897035405808
2.33085896550336
2.029687692265504
1.745982961313745
1.487123620311192
1.257683923513437
1.060857784720961
0.8998076914138838
0.7792048841678596
0.7079778662759167
0.6811962698462914
0.677686477708376
0.6785741052515106
0.6812551149987937
0.6871708964534973
0.6979254258557736
0.7036535647732043
0.672600556558863
0.6616320834615143
0.6652239094163288
0.6652064687103906
0.6658551521439839
0.6660951313075762
0.6674796529992485
0.6635893922406013
0.6525042196792813
0.6457936785585532
0.6457982636622259
0.6518632053011364
0.6607926773866071
0.669079719436374
0.674756821140716
0.6775551288646909
3.686956747445417
3.782054943131141
3.857599658999789
3.895991584930325
3.897290041410209
3.85593038338419
3.775680052381692
3.6683476482574
3.552330953561074
3.443078874691157
3.346587270588204
3.259074466449391
3.169602298262739
3.075284848983121
3.010269379663201
2.960506780120504
2.848754310277408
2.767737084440627
2.768051911959806
2.768621398206685
2.767562211287841
2.783179803748189
2.730919119513755
2.90203967601956
3.38404968329312
3.667159040554122
3.77077490935558
3.720518283197305
3.548428901423692
3.290874063012764
2.98370109750718
2.657315891671117
2.334135380219717
2.028690881983636
1.749264251550699
1.499898569372777
1.282182791226234
1.096700315532339
0.9442303991024389
0.826549824146035
0.7456041829352008
0.6989873339131532
0.6784413566097116
0.6743266115955553
0.682099329562609
0.6989341138198283
0.7161120544589222
0.7114727534000621
0.6632400813213954
0.6562913965910642
0.6612624968824625
0.6620929705254891
0.6635143314685029
0.6642389131822054
0.6664761547688705
0.6597158177815011
0.6417789985702244
0.6341402273700604
0.6365587420219181
0.6438990841988863
0.6498109692456453
0.6511185029649325
0.6489096922956167
0.6464454393441517
3.488079409697502
3.525262230261386
3.5417839815019
3.541974039884594
3.531289226165768
3.509090157219996
3.476734843736539
3.434571967880486
3.387873544263148
3.340464025848768
3.292971733776514
3.245320240714213
3.197458599903957
3.150181161004329
3.112219810250533
3.073384124898223
2.970102430535309
2.854788388085487
2.815545097014603
2.794174362326649
2.78277730449993
2.797153559527072
2.728968425384861
2.954573461847045
3.568936361113018
3.886980385772636
3.965832594552875
3.859562279074908
3.623633370942818
3.311511869097391
2.967642742968957
2.623457695299346
2.298014305995352
2.001139821271813
1.73678429044079
1.505558556335529
1.306394264521165
1.137579352500999
0.9973442088894378
0.8839686603946083
0.7955033252887158
0.7302384494817231
0.6871574576117248
0.6661323980739924
0.6669849661450122
0.6845172203212303
0.7022330202915102
0.6970034505112706
0.6625893181666077
0.6531581606322941
0.6574840678474686
0.6592185358386871
0.6615285233946112
0.6631496651852264
0.6659160205518803
0.6565628220880863
0.6351736564656169
0.6322707958552364
0.6400604707345479
0.6454020963705356
0.6401463567706284
0.6254208293530622
0.6084563704157296
0.5971187696308948
3.579794856448212
3.619653862045207
3.647272401970894
3.656521841704557
3.64734801279588
3.618122916724637
3.571254725265561
3.50753320848005
3.438500840515769
3.372297518317424
3.309554660194626
3.24893709193402
3.189245098342836
3.129463646684767
3.071769812764022
3.013373722552306
2.937639736090723
2.865163132825533
2.825651089769337
2.800527245458614
2.786071218015368
2.801746594378991
2.722220928765584
2.99117559125739
3.707228586258427
4.036664020212114
4.069982608465749
3.89411821373763
3.593741330014053
3.239007682264654
2.877401375168899
2.535411839892156
2.225121465313918
1.950444943237049
1.71118287459744
1.505207497005763
1.329530820302785
1.180746795352577
1.055086880891311
0.9483579939888002
0.8563758706542087
0.7765205036780742
0.7095164509032276
0.6602900886693397
0.6362239141451776
0.6405639424124373
0.6627268635037438
0.6774169913884516
0.6616433248956108
0.6499639386505862
0.6527510467196136
0.65623799267849
0.659971848367727
0.6634235042821685
0.6658757419993921
0.6546539887271984
0.6398239806370752
0.6519593795670012
0.6649316673647235
0.6574380393553362
0.627207578094924
0.5861442075981402
0.5491314723113563
0.5270068331638432
3.577340134211755
3.616401171860791
3.640157328565087
3.647081978745631
3.636400344341272
3.6060824596947
3.558795523704601
3.489696897720729
3.417877559735874
3.355495785571887
3.299216556958228
3.24500430670416
3.19154032933436
3.137485553999359
3.082459397799167
3.02163168995741
2.945091075748551
2.870745670688654
2.824529013139474
2.794829866410082
2.778215167428761
2.795175227833545
2.710386214409342
3.001187667528788
3.769032966141303
4.074076365697912
4.035063352497659
3.783243152021754
3.434655950454737
3.065987184584368
2.716235428683815
2.40070641482603
2.123190138341454
1.88266306850268
1.676207084808301
1.500171316378985
1.350603193593305
1.223302634571719
1.113657322156605
1.016504724275163
0.9264122428473719
0.8387052327344472
0.7514129845066218
0.6682443962417507
0.6015194615027016
0.5704174096320646
0.5871889966820687
0.6334451398332617
0.653669185685479
0.645331526834616
0.6454833609589876
0.6526777138330735
0.6589971391072976
0.6661379999266493
0.6666011963223375
0.65751937043557
0.6729653923066141
0.7103641500181165
0.7148303569969306
0.6717976555244429
0.6002820990220209
0.5267751545605835
0.4699156321321382
0.438556684741228
3.599025026710887
3.644119899945516
3.67117594311606
3.67962110587059
3.668560353204488
3.634763430487995
3.582017410866808
3.492676923836602
3.404981171830987
3.341977222131855
3.290956174523179
3.241526296040013
3.192466717163967
3.142784273004168
3.091732352571786
3.029580753628784
2.942033582938645
2.854260171780959
2.804102130795863
2.772075725682333
2.756127806862248
2.775502584221044
2.693797844193751
2.985696268381924
3.743400556113834
3.960727118127337
3.815090269074915
3.500251453338851
3.144536145653023
2.805527517138611
2.501182839264532
2.234375563795844
2.003423374557179
1.805199287758501
1.635985859868822
1.491841916735204
1.36876851979243
1.262685966141321
1.169272261507425
1.083741958226101
1.000619387950149
0.9136409417127399
0.8164546503155184
0.7057210847369821
0.5885187303126654
0.4922181726579903
0.4629697237701087
0.5273317281404224
0.6225437556644453
0.6381128317122277
0.6338879254244852
0.6481048514688397
0.6590536273658628
0.6732219199128266
0.6698330187244891
0.6831982361258563
0.7701020911347662
0.8198507232838481
0.7744024413375223
0.6661006305293151
0.5456650162239461
0.4448181490958151
0.3755769390420609
0.3397311492356462
3.626738122989464
3.682481024503276
3.714681849466164
3.726716923190822
3.717918580862565
3.683609176503622
3.629953432414243
3.502576900417628
3.384110784497643
3.320621196664363
3.2798565152097
3.237605636561993
3.194213786730601
3.150740015178084
3.108061702034371
3.044377576613836
2.928641117791706
2.808340980439067
2.759208706379567
2.728647416104383
2.717669584481492
2.742303879431936
2.677465994437884
2.982964590434787
3.628450095060999
3.645718793192004
3.379255430991062
3.057643745123044
2.758934262477508
2.494003744786833
2.260334583039957
2.055776244319382
1.87844079305421
1.725763084465851
1.594600485365653
1.481607313805885
1.383449960202263
1.296840848091701
1.218460321919795
1.144753093465029
1.071450767721714
0.992664585561623
0.8998031333273319
0.7817340382747826
0.6299186461967744
0.4548394812060431
0.3146126179845455
0.3202763273305522
0.5239264438322775
0.6233163565610795
0.6165047060074973
0.6421278936260637
0.6604715883511126
0.6861438938842066
0.6809252195264804
0.7784492941283386
0.9684205337646368
0.9524950673031994
0.794729925909605
0.6104974401745998
0.4574970038524289
0.3475435453154003
0.2770044947054517
0.2414538883933373
3.645570080325807
3.741176451613248
3.782024799480352
3.796116008572981
3.787386695864659
3.748199383948911
3.682944299512025
3.429131957103042
3.2880428227789
3.261694135300015
3.256874186570968
3.230195630376098
3.198231946681689
3.17014518852339
3.161782412539131
3.132717477546075
2.993050579574248
2.756996222675312
2.700021666750846
2.668621473557833
2.664002115471786
2.69646236273479
2.678090681855923
3.058737673460169
3.347110248004043
3.061925838820025
2.762213613502786
2.538597144335665
2.352875108495184
2.182649380028609
2.026063796701838
1.885416182177704
1.761166894380069
1.652036267617136
1.555993077612466
1.470806699425439
1.394255416752167
1.324186162463117
1.258511072905137
1.195125404719002
1.131592700853831
1.064256666937556
0.9863548078162058
0.8851426878216133
0.7397517971078075
0.5268367947557003
0.2560463249326362
0.06992338002470572
0.3284832918781122
0.5918884203441082
0.5960528244061113
0.635343870879664
0.6626055451144179
0.7022663635673664
0.7100837225369026
0.9767796071938406
1.204378391473118
0.9900120941416249
0.7085360527023842
0.4941444617807664
0.3496232771213999
0.2524376698235404
0.1880145660725277
0.1533286250436099
3.527310314003669
3.769168111036605
3.849565590579163
3.882983644341105
3.894961139863102
3.89592729871689
3.930797515992842
3.723619259932735
3.112940230380682
3.131412424008158
3.23683730011099
3.238376664856777
3.19690297277345
3.189333136169208
3.276967820786653
3.284815195729085
2.710535005066891
2.521522278005568
2.560184284307931
2.566592085827426
2.580104133629571
2.618154033881825
2.665693037391573
3.047470949128395
2.649792249909537
2.258253132268389
2.149242416870446
2.093501329022485
2.014767711825808
1.922279923047514
1.830402550186591
1.744390162300367
1.665018028926558
1.591837021989756
1.524057060342534
1.460733366404639
1.400863747177146
1.343451631064145
1.287532713504734
1.232193783567137
1.176573145636071
1.11957920002926
1.058545306891759
0.9859035441300331
0.8845166397222801
0.7239230130478139
0.4602049462161927
0.1025900216204733
0.2173479493941249
0.5727654802758503
0.5939454053871424
0.6328749274239822
0.6595927854544519
0.6989285826988637
0.7260155938736277
1.08715518790711
1.139198572423497
0.7628177450707081
0.5062327871003695
0.3520940206891665
0.2513415001348852
0.1777772738171516
0.121002942861942
0.08158271940119072
4.355958108028216
4.125451912595482
4.053886417543808
4.029086787026641
4.029135801427555
4.060651030240064
4.110296945288746
4.491159959647862
4.02530321656274
3.573812350532631
3.411489244800956
3.296796199699557
3.162937921100266
3.031013613210638
2.844806699508927
2.392773223905702
1.974350215520078
2.356947787782044
2.409889900477275
2.449014736172567
2.461847163429746
2.465071901345917
2.497175542299066
2.302397515079025
1.729762282836429
1.752159698082457
1.85459256414896
1.857077324584736
1.812600613953955
1.759667193231327
1.707322989879346
1.655632504922896
1.604263078495236
1.553289156996813
1.502790890277512
1.452734480912371
1.403018960349596
1.353519882349806
1.304103618806116
1.254649924099339
1.205157527609213
1.155897695815053
1.107042813621688
1.056542946704896
0.997793682389685
0.9289788565484098
0.882613822375062
0.8580776557143466
0.7179716681510876
0.6212384365863391
0.6385222216860562
0.6423057793094621
0.6422074132207307
0.6446896992196954
0.6648246207291909
0.5506500629703216
0.3599635113002703
0.3419892379373627
0.3096555886057741
0.24473422222139
0.1839979242447423
0.1302959568057715
0.08388028037958563
0.03405026128712085
4.247112641622946
4.158035726641202
4.120338538968114
4.104399411999384
4.104901575308254
4.138827922776303
4.124302315690733
4.505123208830867
4.734330439349009
4.325895532375761
3.867069061979302
3.452583671346193
3.047270241104231
2.619903500119989
2.147681470014487
1.740861265239647
1.974780905018332
2.349977954233903
2.336551131370953
2.368019341318368
2.361734238541916
2.326517352003832
2.26383638497339
2.022007999275161
1.882533298080831
1.853899881079733
1.843850472688007
1.810952606298681
1.770630766114381
1.727706002694015
1.683469900000491
1.638176467133855
1.592056075051912
1.545323927273482
1.498148923354179
1.450656547718403
1.402945539594637
1.355101000058782
1.307206332123454
1.259356085036872
1.211684251423019
1.164416723397588
1.117904156279752
1.072484938310141
1.028346103754747
0.9865025498688269
0.9557041650307725
0.9314143818780228
0.8539052423160891
0.7228246361548181
0.6832972249358631
0.6520388481422008
0.6244235152939214
0.5903723835043322
0.5467681283721418
0.3998555459847259
0.3119885587979206
0.2873435109351308
0.2574414426657716
0.2145081022785101
0.1686449329466912
0.1211903740300619
0.07383169770401442
0.0250575550586198
4.278398940816789
4.226200334764485
4.193056529687206
4.172772815656825
4.165107635920227
4.190519415720763
4.128298620399165
4.432742943823621
5.016614643289104
4.856787064193052
4.313476813024094
3.633977041597484
2.922254713773147
2.234194241895632
1.677907162039442
1.502439543427936
2.061327779403427
2.355204219519208
2.295498607738109
2.317776699573608
2.304674195635824
2.270667404568157
2.21762142648294
2.095505421978119
1.981195444894574
1.919695555286334
1.879019388960259
1.836025053452337
1.790563588880967
1.743280749515743
1.695174450246108
1.646664298707476
1.597967261619682
1.549206456248799
1.500450115241997
1.451729334976118
1.403052498984284
1.354416222647703
1.305812874064158
1.257236430808635
1.208685684350751
1.160153473274965
1.111568063725097
1.062661988776113
1.013015111960171
0.9624582493616596
0.9134818088278087
0.8655245836627603
0.8039248952102621
0.7325706127187772
0.6917573234544474
0.6536261371841957
0.6175668955867365
0.5771673877826913
0.5327092899797417
0.4528577920763392
0.382750776816891
0.3318235934748044
0.2816886316384165
0.2297128817914606
0.1783474575136837
0.1275199438198663
0.07752262120685383
0.02736780509480029
4.332729401653656
4.281613703821255
4.246608198542409
4.221972920182937
4.208338203003451
4.228089888350588
4.147242830884496
4.441523029684366
5.140202471024031
5.128199754859604
4.590575176305284
3.765318468032381
2.851858366238643
2.019038423978574
1.462721225080022
1.416115744746251
2.066092091454114
2.343498994777997
2.266981682785384
2.283021800563744
2.264299898727876
2.228591706083035
2.174981035384419
2.087561763328419
2.001732123512733
1.939826259202536
1.889243314141004
1.840191285560224
1.791585716459092
1.742961657565936
1.694375056368941
1.645797094887029
1.59722498679392
1.548661549371595
1.500111748383386
1.451578492730466
1.403062190405386
1.35456182197595
1.306075906381735
1.257603833626773
1.209145765813551
1.160697612994501
1.11223034089464
1.063640222834205
1.014772927678755
0.96548141494996
0.9163264770582474
0.8663703912402487
0.8096153292357297
0.7485978669375429
0.7009030977287116
0.6556559994743839
0.6117868525601124
0.5646789865800845
0.5137926017198312
0.4471854733847973
0.3847140513170748
0.331543035471384
0.2801269318913902
0.2286999736716495
0.1777248428604692
0.1270126780741932
0.07674125317856656
0.02654895534851228
4.413412145226251
4.342395422320989
4.297721915994764
4.265220769126298
4.24516295747698
4.258927351678849
4.17053488088639
4.483698871121272
5.202094748182169
5.214847876141668
4.681608775769133
3.819076785751943
2.847864707337536
1.978687483700423
1.424879728858602
1.39287737188596
2.039558370100624
2.327777587673586
2.247264065522747
2.259442882601819
2.23890342681064
2.204909316057405
2.155477897243868
2.086530572524838
2.015540743270361
1.954172979730789
1.899034030366125
1.846465548374295
1.795494714873058
1.745409484285925
1.695901758151006
1.646748547070288
1.597818361926921
1.549031400118432
1.500338153851329
1.451707488542241
1.403118261967869
1.354554274720306
1.306000664234179
1.257441449629942
1.20885513526686
1.160207941496608
1.111442036933877
1.062455958494616
1.013126909781219
0.9633260607643829
0.9131748719876883
0.8622921613693834
0.8085132728839184
0.753208039805557
0.7039305090812431
0.6561127815622578
0.6089187644376483
0.5596076043095809
0.5076623163657948
0.4482677162072128
0.3901491727255002
0.3359793026339539
0.2830936817630357
0.2307848824096191
0.1790844937750145
0.1277853604319502
0.07712518561357178
0.02638422084392773
4.509218692796901
4.373729943276469
4.299580700904433
4.255857680561983
4.232742954295579
4.245261414419263
4.171137711022825
4.537243435274748
5.188211694303989
5.138592808650662
4.608419614369073
3.798339797487555
2.895086458271854
2.080101057518494
1.533501072316517
1.442139841714456
2.006627151017972
2.329824414754538
2.263282412420648
2.27429095280384
2.253551600917643
2.219245211528627
2.169443652336986
2.105116268356865
2.036689068092762
1.971923547614916
1.911442804542488
1.85441155890321
1.800211110989181
1.748039086354965
1.697257500981572
1.64736879670122
1.598034400653542
1.549038452669792
1.500248911227719
1.45158682440391
1.403004331035329
1.354470163360572
1.305959629472746
1.257447933290526
1.208902937579199
1.160277570468348
1.111501174055038
1.062469292267806
1.013057434180423
0.9631315437676157
0.9126660235384615
0.8615339579320762
0.8091002512934122
0.7562406589176195
0.7063465629780119
0.6574314599631705
0.6087157983613904
0.5583776466059384
0.5058717462350755
0.4492986620234598
0.3927862561256964
0.3380014567647259
0.2842664381181181
0.2313473561031306
0.1791714175908707
0.1275537127804449
0.07719556680917103
0.0262570959087386
4.940712793069826
4.60630102582303
4.491130695403518
4.435655456280217
4.395957507844583
4.379023208257534
4.294055440802613
4.556540439132766
4.994657364489579
4.864275836969087
4.388932965964498
3.716103646991042
2.975766308581984
2.297219797078593
1.807342872443617
1.644250574954412
2.007588995509859
2.23489275294778
2.166098615267186
2.161442117461279
2.140240796076051
2.113337826297465
2.07755992926577
2.033394461445855
1.985501261182947
1.937338662620772
1.889173391908686
1.840836260871899
1.792406349331663
1.743895631739039
1.695338668939838
1.646750124406183
1.598145228619361
1.549531576069959
1.500908484201791
1.452270084886543
1.403607404055532
1.354909309549031
1.306161955721758
1.257347672011421
1.208443371663222
1.159417785200469
1.11022866646877
1.060817942822097
1.011117124915967
0.9610533489115375
0.9106058006106377
0.8596922721047365
0.8079631764937868
0.755766914602677
0.7046798316976334
0.6538155843656173
0.6029404985033782
0.5513609145816447
0.4989402473779317
0.4447932930439137
0.3908024241559782
0.337680234484231
0.2850634482914932
0.2327984156972192
0.1807812128043673
0.1288350936707098
0.0789703496892472
0.02681064407967229
5.225028493032272
4.186681389314952
3.891632064326922
3.908153959580833
3.934546347227509
3.920557116188037
3.897920297124415
4.114403016523831
4.459402566246306
4.376066366045444
4.054925252816841
3.590631490155566
3.073512858352233
2.597360934321074
2.25157018572826
2.126531519128594
2.391626921241082
2.563817266944226
2.538475380083693
2.51340792699247
2.488379214486461
2.441424460174882
2.360940702252425
2.255834187989141
2.143669197359983
2.039230704437138
1.948841482696648
1.87255559922433
1.807452980154927
1.749840885041634
1.696659653936897
1.645876188050258
1.596326518245837
1.547403888841048
1.498810448617511
1.450408318465632
1.402139421211696
1.35398305163606
1.305931995272021
1.257975566238128
1.210085590160182
1.16219944030819
1.114197509305789
1.065870725848549
1.016894876032493
0.9668747124368371
0.9155322612518968
0.8629019498505424
0.8096910046145509
0.7580215531482621
0.710249461510671
0.6654489189585354
0.6208995525080618
0.5731618294896272
0.5199260580650635
0.4610168276343845
0.4000494053031329
0.3403997841232898
0.2832427214790801
0.2281755598614273
0.173963892664921
0.1211857949090148
0.07774585750871445
0.02915932866852797
3.073800267040145
2.646052951313653
2.401016717466366
2.407098120682641
2.518389924631734
2.661198666197132
2.863241829527513
3.186958277082598
3.58736794547731
3.734033920051624
3.65554451288633
3.440800911096628
3.17437301593044
2.936726119189851
2.810056134575079
2.878165873409224
3.169853595192402
3.399431463407517
3.5175242717863
3.557033630882939
3.527815028350706
3.4124352079508
3.208912667019703
2.944231132853484
2.661917663976052
2.40188977552878
2.186467243195733
2.019422036879466
1.893168850583449
1.796468058968476
1.71914168630981
1.653757246870803
1.595541163471923
1.541669355268693
1.49055405351467
1.44132505242921
1.393504036525873
1.346814806655035
1.301073867508323
1.256120282631516
1.211758896246073
1.167701960851236
1.12350598009939
1.078512910103766
1.031833575525931
0.9824763091151545
0.9298089501255091
0.874526894172844
0.8198043530902754
0.7709545478628599
0.7318614308094576
0.7006956750249527
0.6698806014199026
0.6298927475482179
0.5744583631248535
0.5043386928471569
0.4269141516671858
0.3507318410410784
0.2806432850738083
0.2171768273426001
0.1588317989671102
0.1054974270904001
0.06028920557998001
0.02748845551634775
1.320029963586529
1.237865186631216
1.167726622658557
1.214310230623623
1.383996969215968
1.647887811968097
1.992748530636074
2.395075148148935
2.797680581753733
3.093875172143039
3.244095513575736
3.281922985300361
3.26876516885481
3.270605651321165
3.347938558004853
3.535208912234262
3.800814503015908
4.050668530310475
4.227147645381917
4.299967619886277
4.259782086872286
4.102785143771017
3.839750774810613
3.502501583734744
3.136670863431877
2.786406120941559
2.481538283594334
2.233656286774727
2.040154959026118
1.891161242221892
1.775230976347343
1.682468473816422
1.605514735636205
1.539363202764378
1.480765980260679
1.42763857369993
1.378607589929518
1.332710419274948
1.289207181332136
1.247459066242731
1.20683794163411
1.166648811996375
1.126066690211988
1.08411476662763
1.039746423452718
0.9921351750055035
0.9412702042162256
0.8887537635080315
0.8381445570011337
0.7937523915698413
0.7577536739270612
0.7275916300455246
0.6960187511576887
0.6543704505376541
0.5970996810371685
0.5248021930708824
0.4435782562788174
0.3613610683473115
0.2840877591184831
0.2143691903566161
0.1527885607239119
0.1002032446366969
0.05945286292976285
0.03607841124814531
-0.02507120637520779
0.02549015159864539
0.1043536172662066
0.2467176323950925
0.4881398005074677
0.8311259697996721
1.251128955445773
1.705562897082171
2.15006651142911
2.550741316542678
2.878053798184072
3.13328575106478
3.345286783673158
3.55266750622829
3.785494072464004
4.048585459293106
4.317819027425271
4.562489659405501
4.741063684524208
4.814973250331964
4.764391193882264
4.588771387977758
4.304488898259324
3.942732150477748
3.543825303231751
3.147872043027686
2.785860876009624
2.475132940133831
2.220121723492823
2.016408571418508
1.855366364393798
1.727644618112676
1.625046867183705
1.541141144658669
1.471157272534265
1.411615447475488
1.359938444932254
1.314145618576596
1.272639093088662
1.234057764577643
1.197172116761982
1.160807082521613
1.123802377251354
1.085044529034613
1.043622699777127
0.9991463379837634
0.9521701824232763
0.9044705817384037
0.8587228742690627
0.8173017110670832
0.7806243986364462
0.7460614815585761
0.70833250133075
0.6616081961585218
0.602259729489525
0.5306164811432771
0.4507107820420677
0.3684266679279038
0.2892963229561996
0.2172642744216206
0.1548752796043276
0.1042624724848609
0.06797273148518197
0.04861734615943183
-1.045793712817563
-0.9468447006243088
-0.7787963504812125
-0.5441883607915083
-0.2288027154845668
0.1710331776858648
0.6362567100555317
1.134426519470935
1.636962984827787
2.126543461026622
2.586974547211368
3.009469062867025
3.397852768523919
3.762452436534932
4.108933542468694
4.431740115080041
4.717979243111384
4.953049749445785
5.112793995544344
5.170152544499503
5.108135000580985
4.926648264000741
4.641371091224221
4.279507522828615
3.874577981780293
3.460560230230703
3.066314399686974
2.711803035914205
2.407080758131587
2.153796450656242
1.948011252306673
1.783044226024599
1.651572541146906
1.54681204282593
1.462973274499955
1.395293202462533
1.339888579070765
1.293574643864969
1.253707579075738
1.218060927981474
1.184730901546771
1.152071262554819
1.118673034735076
1.083415098974322
1.045602710223724
1.005163963093585
0.9627870248964944
0.9198047795283948
0.87768556280162
0.8372352518248284
0.7978863920358469
0.7574808076488517
0.7127652806399565
0.6605260774404199
0.5988989466945626
0.5282170749119264
0.451038642598803
0.3714568241693653
0.2940787723166345
0.2231587624001829
0.1622048940169843
0.1139787681149906
0.08051348541604847
0.06286298809967017
-1.806988931708949
-1.687143413517688
-1.471742476075179
-1.173869936526245
-0.7993936405983719
-0.3541786182267134
0.1479019636439401
0.6873864578745057
1.246630924729893
1.812515083370078
2.372875024697198
2.915178208309551
3.428660937494748
3.904367869441594
4.332966209264803
4.704263939479409
5.008872299611635
5.237290930807142
5.376993492131665
5.414304497685478
5.340647157031919
5.157988016630411
4.879695371239138
4.527873365098443
4.129525602814935
3.712711935840163
3.303035694857788
2.920839433450354
2.579632435431171
2.286016287687519
2.040849162930557
1.841019839367759
1.681200720929301
1.555201641390656
1.45683117575497
1.380351582723772
1.320669104624268
1.273380154018666
1.234748990203101
1.20165597351403
1.171537134997344
1.142332088692928
1.112458479749431
1.080825553187962
1.046876463657267
1.01060836028622
0.9724841755452979
0.9331684719491075
0.8931224030377991
0.8522226123565829
0.8095984821985698
0.7637743859809789
0.7130657844227914
0.6560965516391913
0.5922897110446319
0.5222063170916911
0.4476620636865682
0.3715910273630087
0.2976696896148884
0.2297863411705816
0.1715010374636326
0.1256130856772757
0.09389524935986551
0.07710762598600314
-2.350749799761566
-2.220122690012142
-1.980577052684122
-1.646513252847333
-1.232692744317906
-0.752129916810494
-0.217247619984072
0.3596290189780416
0.9668071747406106
1.592908552922874
2.225351818951925
2.848543572914344
3.444224081832142
3.99344659707214
4.478839354398882
4.886515891037362
5.206615586071139
5.432024901006339
5.557242619615523
5.578379318847488
5.494909963879298
5.312044250446077
5.041748300035926
4.701831788855498
4.313912706583375
3.901116041813705
3.485838088589742
3.087701991788552
2.721949018540759
2.398575536085363
2.122354019352616
1.893591828918185
1.709293289740895
1.564381622739612
1.452750355219051
1.368050104027302
1.30421363173375
1.255767410466267
1.217987367202727
1.186949842839486
1.159518779112414
1.133300685432106
1.106588423405099
1.078299783953122
1.047897097607866
1.015258420311046
0.9804776020934988
0.9436131905073389
0.9044662485981877
0.8624897912585452
0.8168786136971952
0.7667917693628461
0.7115988865962102
0.6510624763632622
0.5854499124053948
0.5156250527884217
0.4431440271366533
0.3703018359183243
0.3000336688688129
0.2356147917033743
0.1802071845730935
0.1364004232015072
0.1059312861072162
0.08970981598799604
-2.704706848056468
-2.568576597079937
-2.317347133137561
-1.964915272582252
-1.528293137783522
-1.0233945739958
-0.4629363631921998
0.1430532934337673
0.7852820651052401
1.453058565601518
2.132595920994066
2.805866865203162
3.451020560308879
4.044795126530881
4.565878933716506
4.997574932717997
5.328757685953483
5.553487845204449
5.670237255225974
5.680996601521018
5.590766035223738
5.407688744464783
5.143398477369243
4.812966609819104
4.434256489982917
4.026830416868803
3.610574003977344
3.204159332004898
2.823532897955298
2.480707810154241
2.183122655824254
1.933676027783446
1.731347521587122
1.572179937764263
1.450367436036945
1.35924800063622
1.292086540902774
1.242616240640879
1.20536061073869
1.17578470643911
1.150327683226951
1.126358572116527
1.102080364297995
1.076390896333915
1.048700067127189
1.018708844845268
0.9861784123153325
0.9507460494763856
0.911852395864445
0.8688113692154018
0.8209892413613435
0.7680047069373072
0.709858296894379
0.6469559216033302
0.580070815798069
0.5103258404502278
0.4392384885091342
0.3687878585655458
0.3014071023413237
0.2398231792482479
0.1867521708324329
0.14455691716983
0.1150074035817976
0.09920699751422035
-2.885984132543967
-2.748089338855735
-2.49204818571551
-2.131726324862574
-1.684393891493019
-1.166673141462206
-0.5916877720579126
0.03088040458369329
0.692379309093626
1.382260335216875
2.085974540341956
2.784174001919391
3.453508505813725
4.069121825985077
4.608042388224239
5.052058161863177
5.389220812569163
5.614072475136386
5.72694339696952
5.73262264565799
5.638903756207005
5.455637442612584
5.194534413047203
4.869368075950749
4.496035463814509
4.092160830023619
3.676206526451041
3.266209147624901
2.878341744261114
2.525574103384175
2.216725267770295
1.956120218563805
1.743891363728561
1.576787039350198
1.449244019943783
1.354476132672854
1.285399854567217
1.235312077123165
1.198315228359633
1.169532094963614
1.14516673939924
1.122458843866498
1.099559977453476
1.075345153376213
1.049172279748292
1.020619013981939
0.9892514521192223
0.9544905201461106
0.9156199224876155
0.8719253693457768
0.8228964832920873
0.7683966512142297
0.7087310439262875
0.6446069993352899
0.5770446713477988
0.5073165031855685
0.4369562825265134
0.3678096900840429
0.3020488813111906
0.24208164592835
0.1903482892440187
0.149070954583676
0.1200425395832512
0.1045010896568875
)
;

boundaryField
{
    inletLower
    {
        type            zeroGradient;
    }
    inletUpper
    {
        type            zeroGradient;
    }
    outletLower
    {
        type            fixedValue;
        value           uniform 0;
    }
    outletUpper
    {
        type            fixedValue;
        value           uniform 0;
    }
    sideWalls
    {
        type            zeroGradient;
    }
    topBottomWalls
    {
        type            zeroGradient;
    }
    frontAndBack
    {
        type            symmetry;
    }
}


// ************************************************************************* //
