/*--------------------------------*- C++ -*----------------------------------*\
| =========                 |                                                 |
| \\      /  F ield         | OpenFOAM: The Open Source CFD Toolbox           |
|  \\    /   O peration     | Version:  2506                                  |
|   \\  /    A nd           | Website:  www.openfoam.com                      |
|    \\/     M anipulation  |                                                 |
\*---------------------------------------------------------------------------*/
FoamFile
{
    version     2.0;
    format      ascii;
    arch        "LSB;label=32;scalar=64";
    class       volScalarField;
    location    "5000";
    object      p;
}
// * * * * * * * * * * * * * * * * * * * * * * * * * * * * * * * * * * * * * //

dimensions      [0 2 -2 0 0 0 0];

internalField   nonuniform List<scalar> 
4096
(
3.343251126412672
3.367167538785258
3.38743736704003
3.392303245250141
3.375190358047266
3.333687677032336
3.269738319122162
3.18803161597154
3.098403735933185
3.00935546643984
2.924673336594721
2.844995091295781
2.769595862691846
2.697299014450824
2.62703239499994
2.557946577167792
2.489403678251221
2.420891671901805
2.351931663755154
2.281997966791549
2.21049450142841
2.136786926823327
2.060463155219906
1.981693407411582
1.902138016583563
1.82581239604805
1.757953239168715
1.700379181229201
1.653843482498585
1.617629927429856
1.590553053252233
1.571313662709593
1.55875708271668
1.551924021007759
1.549891161287216
1.551789797115047
1.555392038958558
1.56322258760316
1.545201534200702
1.589146678920736
1.754687737422728
1.907696495123109
2.014484043520504
2.054546069758844
2.019911514261646
1.916275527284329
1.760260103141246
1.573209048108509
1.375099505947825
1.181034205094622
1.000481606351693
0.838185150002185
0.6956180829031652
0.572320148989182
0.4668827601122109
0.3775828207407687
0.3027399610075762
0.2408713547364569
0.1907044944618058
0.1511086214494254
0.121016185971432
0.09940204865640977
0.08534893312433854
0.07816787657753982
3.319932157190162
3.3439470848555
3.359471140971282
3.359790960315154
3.340942262345641
3.301047043403238
3.2418985631415
3.166386020707209
3.08349468343127
3.000593761292653
2.920425509668173
2.843496446474445
2.769519681505011
2.697774497247808
2.627578556522575
2.558332042700821
2.489550725387838
2.42082458596216
2.35177159152955
2.28199478336984
2.211087184865427
2.138646456087443
2.064511506878023
1.988847198297129
1.912855948874044
1.839969322225552
1.775328240487719
1.719818722219397
1.67425591031349
1.638055269858678
1.610325393748797
1.590018065492696
1.57614371500011
1.567826058610608
1.564164291395372
1.564451208559033
1.566394006613486
1.574307043874305
1.554136042872252
1.614249235078772
1.803833430239598
1.954553891717991
2.045460058365236
2.061331393472076
2.001333153690533
1.878657344823719
1.713746536093498
1.527197230966965
1.335663887033643
1.150708066645443
0.9793024933503592
0.8249152908854894
0.688615508371341
0.5699915257587693
0.4678408493844534
0.3806530480842436
0.306922320797203
0.2453203808630218
0.1947513029923001
0.154311510449015
0.1231970803081475
0.1006267935895522
0.08585021605957004
0.07825274907654349
3.299091922630802
3.328885951447424
3.345248008405856
3.344654427327992
3.325372251709426
3.285793632118727
3.227968446569787
3.152292290827376
3.070363225889686
2.990579573667734
2.913905370185466
2.839670406333398
2.767513466154599
2.696845107163388
2.627223674180289
2.558260168860754
2.489631938706484
2.421054822403599
2.352260785666405
2.282965493206523
2.212886557488027
2.141692413179042
2.069251945106086
1.995212013888002
1.919865294905029
1.846991311070911
1.783955412054898
1.729840213716138
1.685470742462134
1.649971964021836
1.622475034057344
1.602012487648907
1.587703151554317
1.578786015303472
1.574465307318128
1.574303329607092
1.575833257244552
1.585847587580338
1.560826933470095
1.641390119526161
1.878430648712817
2.031666307142194
2.092970074031086
2.061850723456842
1.956116518752486
1.802834174989886
1.62648241786857
1.444023380004718
1.265651018973847
1.097171639905312
0.9418281831998632
0.8012631584094042
0.6759872871369399
0.565680496165455
0.4694637438175101
0.3861630423142168
0.3145491606537048
0.2535321675871469
0.2022869169171972
0.1602801999283947
0.1271831484110113
0.1027061681795705
0.08647271993684659
0.07806443402230849
3.290253883434267
3.327566538550486
3.347726721747373
3.348761632518714
3.330007172741889
3.289456511320971
3.229706648254119
3.145801622709282
3.057740818937381
2.978509042993187
2.905106333878048
2.833870708824623
2.763997181898724
2.694859292289091
2.626214105725489
2.557866316704677
2.489676408664299
2.421512953198918
2.353238363060858
2.284672302197395
2.215618075796344
2.145711885521195
2.074759278357182
2.001031271536207
1.922641319774681
1.845204579620014
1.78252304491819
1.729468783365806
1.686835877816222
1.652942399821545
1.62668282565874
1.607030180418612
1.593177549448115
1.584521010672238
1.580465498281806
1.580927598564735
1.58335713709879
1.596787447184674
1.566127384016028
1.667269436446362
1.966792452669716
2.12141105168403
2.131270359130376
2.029645806167859
1.866988705202709
1.684158906618883
1.503347205823862
1.332836026340734
1.17436239161528
1.027808955250757
0.8930241036039086
0.7700790414856921
0.6590221920621423
0.5596444802773943
0.4714022455908221
0.3934826376139341
0.3249575491048464
0.2649802281545896
0.2129832658651934
0.168817208098001
0.1327446864949477
0.1052320190673493
0.08661097596236389
0.07687956557972694
3.296461446200075
3.342375939473882
3.367501267827685
3.37136892614558
3.35353410576821
3.310729461808029
3.246592674952569
3.142849636795805
3.039284285578911
2.960057590344803
2.892301316257929
2.825539763815593
2.758795672158384
2.69170216359784
2.624429965318552
2.557052446697747
2.48963588817559
2.422231587969584
2.354861890335736
2.2874840759738
2.220048430375103
2.152236477478487
2.08402997069169
2.010456478237101
1.924007466946942
1.834660473457122
1.771647142455868
1.719646638110941
1.679587306994808
1.648307315387918
1.624219804459144
1.60616412480676
1.593409230445635
1.585565003759078
1.582351116843939
1.584189432964498
1.588787585816115
1.607706470038903
1.572481518156677
1.703045920842967
2.074132004020097
2.198538900281928
2.116302305086278
1.928957729978991
1.719195326858958
1.525405918497589
1.355871239402858
1.207036335548834
1.073515449369801
0.9514503253057951
0.8388321174970714
0.7348925189116103
0.6394246069895175
0.5523040256158305
0.4732445532763806
0.401740012380094
0.3371336385861434
0.278776346870709
0.226254173515747
0.1796474872104346
0.139715503862939
0.1078289533722036
0.08550974223764325
0.07370389208706399
3.316518263493668
3.374609129892128
3.406450298700334
3.415414851560505
3.401304873132124
3.359359706293762
3.29544468912365
3.153283066801372
3.018609623867049
2.939360531215628
2.882068658577019
2.821653040936904
2.758125141410766
2.692269341915323
2.625274586948533
2.557722257535806
2.48997558935848
2.42227923234844
2.354792732997526
2.287572659097719
2.220749127494703
2.154293010075875
2.089664424212959
2.015892057038722
1.913589359695098
1.801177837877981
1.743414887254787
1.696480533292131
1.662121847453909
1.635653971710445
1.615166657765776
1.599595543698098
1.58845080403993
1.5816887223913
1.579506314968853
1.58307256392052
1.591157272020273
1.618277990628016
1.584744335339439
1.786939962043655
2.20672288636567
2.204693028493098
1.986835489633623
1.733601497460321
1.516611543621034
1.34319802966918
1.202052463907024
1.081787949564994
0.9747603666771361
0.8765967631677194
0.7851100013717769
0.6993875084269736
0.6191374623722085
0.5442625558247648
0.4746193067978213
0.409919665236833
0.3497347407688712
0.2935775041641845
0.241076643877754
0.1922789432430921
0.1480611527904095
0.1104623005407652
0.08256585867085088
0.06741742789810329
3.331503406725944
3.429677254909115
3.470812279885279
3.482856464596516
3.469948085777362
3.424118877160674
3.348092805038241
3.071754572962154
2.907926872584394
2.863767173245162
2.840183531637505
2.791484921748745
2.734596453195815
2.674803855915007
2.613583352700684
2.551337855825106
2.488496880489741
2.425570415712559
2.363132524874933
2.301740377455276
2.242292423139788
2.187537952101994
2.149720757764295
2.105622179138677
1.983823352429071
1.772238766935176
1.709966910163484
1.666234311445182
1.637911568779694
1.617235489746975
1.601089144719185
1.58839011144034
1.578879425254519
1.572889277445365
1.57116059446939
1.575803303059805
1.5878492702086
1.624750696427779
1.614420073273275
1.958994128576287
2.276450600041056
2.020049819277322
1.700506616083272
1.461699618010292
1.293216321579996
1.165976348771944
1.061689753121919
0.9706882563419543
0.8878533546786063
0.8104615904587281
0.7371074413248738
0.667121763139146
0.6002271906131628
0.5363118444109943
0.4752818033646907
0.4169825331903873
0.3611751309334867
0.307545975614799
0.2557553387570529
0.2056205343194634
0.1576137223838129
0.1136951617972174
0.07804334093521234
0.05704588579163337
3.212590170795511
3.456695575873245
3.53784477839353
3.570584390459889
3.580635950511959
3.579422048543181
3.610187061991867
3.39149525311612
2.761924714136655
2.768194369469862
2.86334305685254
2.85068130951887
2.786703233993271
2.712686610294244
2.63860398519627
2.564891052056423
2.491517376362225
2.418892156804563
2.347167061527305
2.275190648222547
2.202543278901583
2.143462662212008
2.138544993043091
2.104458428943125
1.737173702351393
1.587400475411539
1.610690719666485
1.608011258196295
1.600305010744986
1.591715517719225
1.582408603790527
1.573389232472277
1.565384653715815
1.559298895577106
1.55629172893534
1.558918468437046
1.570064146945025
1.60569088808808
1.633881008404444
2.040502110954684
1.960473185057819
1.550355860395103
1.323818754292648
1.195696082191368
1.101658435570783
1.022284317717145
0.9508590490864615
0.8840804860493209
0.8203804097354699
0.7589991695010745
0.6994702343743724
0.6414776154550121
0.5848283675136262
0.5294133762983064
0.4751564836090107
0.421978878060164
0.369786963850852
0.3184613415052153
0.2678014500153318
0.2174557471973476
0.1671970867584199
0.1181631226563194
0.07440813699258736
0.04261843941245542
4.04232471513836
3.813506041544763
3.742919991904068
3.718668885630226
3.719197880060715
3.753824856770179
3.801905012587245
4.228794650903136
3.805031141174869
3.358356270893013
3.217997751732804
3.135699836652313
3.024819276685728
2.894263717792012
2.760743094313359
2.631349529170927
2.507485749138858
2.388193659948382
2.270960947508606
2.151285222451982
2.021024159561393
1.858033313078053
1.590861683447456
1.126867363348236
1.034008042102194
1.480808852149436
1.51324635925536
1.55229645590708
1.564276685573605
1.566824833228718
1.563428409916523
1.557178558255153
1.549542617726384
1.541492374179043
1.53365285808352
1.52673687586249
1.520719150457549
1.51906726547423
1.540423646918002
1.40580992973578
1.081912215676446
1.068224381389272
1.077615583890425
1.036758163106978
0.983854463333369
0.9321052835112786
0.8811513377399496
0.8299807756197844
0.7786804560233931
0.7275008784929966
0.6765277756684286
0.6257485678323549
0.5751347211450938
0.5246659180276669
0.4743274705143468
0.4241067582960714
0.373998535200171
0.3240123976417853
0.2741331353442253
0.2241366632427942
0.1734676927367756
0.1223365158367097
0.0763201137356263
0.0288946490189743
3.935094516675396
3.847088601581478
3.810225687131226
3.795120218074725
3.796518404564584
3.83439599758008
3.81468276508768
4.236152965648421
4.556526520943952
4.245273559553069
3.90795875956025
3.640821851517004
3.401506224165792
3.168120580505212
2.942470348548996
2.729702106400008
2.530538460023583
2.341163768908741
2.153997571067765
1.956623049954465
1.727778247108829
1.434883149252016
1.06599917866288
0.777425273766191
1.122537393973398
1.501627019689654
1.491139806345207
1.531826252234816
1.545062879499795
1.55017197248697
1.548561489292564
1.542885228711733
1.534371500169522
1.523576472192126
1.510198976576619
1.493062510327959
1.469316616640368
1.431716504589293
1.377868323668676
1.190688394302204
1.092035569005141
1.064602705257066
1.041663500665738
1.002720257559721
0.9591911243188225
0.9135930591836656
0.8666324164446663
0.8186997470313514
0.7701443023330015
0.7212012939582993
0.6720101536168828
0.6226510733142484
0.5731715360891699
0.5236004074332867
0.4739557113261705
0.4242494646490271
0.3744912240188711
0.324690274952119
0.27485406779808
0.2249618091191131
0.174959182016978
0.1246793051466523
0.07543786360315237
0.02541266733410166
3.967948885447312
3.916310703572893
3.883727329018704
3.864150461458608
3.857032409805007
3.885710218879014
3.814803699125377
4.144647600840329
4.850897495907784
4.887104422808147
4.595848665113497
4.21585719974577
3.836356638239026
3.477901634098501
3.144761880095233
2.837620173731513
2.553302566168768
2.284170197944347
2.018419290904213
1.740907573614814
1.437898695025278
1.117048709507075
0.8560424252254988
0.848788150343519
1.311001993197603
1.533919772044936
1.497029347740329
1.527083280135926
1.536043737356946
1.540120518803738
1.538114811853756
1.531762386452113
1.52198604229193
1.509126698883406
1.492556187160537
1.47092875093775
1.442596252759512
1.403235422798596
1.354844777328751
1.258688105692561
1.175130424534483
1.119000454204957
1.071441776460294
1.022344622829463
0.9730597189260125
0.9235522745209573
0.8738952723633476
0.824076589736501
0.7741450322304386
0.7241530493182816
0.6741381047415458
0.6241213734759117
0.5741142436771558
0.5241228568509916
0.4741502279490425
0.4241972270831352
0.3742632907395356
0.3243457913279539
0.2744382431537194
0.2245210327483631
0.1746016218886638
0.1246623641411121
0.07529344480210971
0.02579147919323344
4.023610459898661
3.97269926446328
3.938007032469522
3.913868766134069
3.900435267859522
3.922944213726425
3.831788194502065
4.146189987283226
4.989561796589534
5.251563834675252
5.083016777372651
4.690179368482586
4.225214111981379
3.763798168134723
3.332867891967155
2.937146402112286
2.572004257487739
2.228267726910067
1.8950922707846
1.565074607436353
1.245790222459647
0.9793233432662256
0.8560454627974221
0.9840446228355043
1.3992229742907
1.546497701823373
1.50703187129668
1.528282170669211
1.533399214195139
1.53558821695779
1.532242720877133
1.52446955179167
1.513250138522445
1.498804513530636
1.479933735423993
1.454762439853358
1.422124950928763
1.379195484704061
1.327171151489384
1.252592736225257
1.182682086982415
1.125780922673111
1.074302421310219
1.023503185923001
0.973276807870783
0.9232646896397322
0.8733583549781031
0.8234669075581397
0.7735696999181092
0.723663994696325
0.6737531174228149
0.6238402567972305
0.5739279173411723
0.5240180008414563
0.4741118093989458
0.4242100226676427
0.3743128434588756
0.3244194610316417
0.2745281477868262
0.2246303892169584
0.1747402957882974
0.12483921690024
0.07521778791319225
0.02565304266376787
4.105169748919765
4.034037962454699
3.989429943932221
3.957226616669825
3.93717240663246
3.953530756541836
3.853977357307269
4.18781051833788
5.070556944133528
5.410450350027245
5.320353716001118
4.961692794946935
4.47991597749819
3.969184542569514
3.475419748764081
3.014281976007891
2.586535689278069
2.18739129538694
1.813085523520309
1.46836181721526
1.175618766546571
0.9801645198707276
0.9392315948652559
1.090639266851092
1.433238756132595
1.552295539646439
1.517267709315518
1.532576179061251
1.535008573066905
1.535280625975024
1.529838818001862
1.51959249016314
1.506477977981247
1.491034300485324
1.471233138337204
1.44433562806523
1.410100070649615
1.367142828841884
1.31646186177625
1.253532642624406
1.191149285881985
1.134037872246055
1.080059895027269
1.027431811494954
0.9758542969769379
0.9249199841938733
0.8743971753526733
0.824116138300621
0.7739788737211544
0.7239262831789888
0.673924346380779
0.6239534879552258
0.5740027063879511
0.5240659675161334
0.4741399931576217
0.4242229339211622
0.3743137023257728
0.3244110058589266
0.2745131430565841
0.2246119988749516
0.1747225393662495
0.1248252114316262
0.07521333830984503
0.02564035769289208
4.203410142392173
4.067517092106423
3.993383259067322
3.94971351019662
3.926403814657906
3.941306100737199
3.855164886822742
4.243000820154431
5.075851852609343
5.380331709840971
5.312754947757349
5.00443267723506
4.560467266751392
4.058912168988921
3.549562111475973
3.058691162011864
2.597595030843177
2.171237782964579
1.785802391624026
1.454950794281383
1.202870978441493
1.060076458565583
1.050916216254709
1.183301072996317
1.458283791847175
1.557033991726204
1.528105931544482
1.539674335525456
1.540984510574922
1.540985989631171
1.53504166112887
1.524192022579627
1.512310395735214
1.499920103886431
1.482455411657038
1.455069709110262
1.419269439165076
1.374834887214233
1.32291264713726
1.262833887139865
1.201547659767219
1.142478228142505
1.085769304768847
1.030977648866003
0.9778349728466931
0.9258885529998863
0.8747595130613629
0.8241484799514446
0.7738515244765642
0.7237375721626236
0.6737274570026758
0.6237754351077116
0.5738562267498941
0.5239564330554664
0.4740692120651943
0.4241912017352865
0.3743208845794485
0.3244565563203768
0.2745934994073734
0.2247138587888624
0.1748265532192987
0.124907397963925
0.07554722689695922
0.0259035729398305
4.626863472353449
4.291211870576932
4.176253994271904
4.121437825821173
4.082426090807812
4.06794716682408
3.971811298957036
4.273545274520652
4.910135903083043
5.129332898847669
5.080828657718937
4.843120691358608
4.47423683822471
4.027011949448319
3.546125451641732
3.064332631961167
2.603621579269916
2.179860693426496
1.808006533462328
1.505321202873882
1.290529890543838
1.178612035828351
1.175216509350228
1.278004882142413
1.486472392677524
1.56195952060597
1.539714252057892
1.548443419060324
1.548810869456431
1.547709960772381
1.533801746316526
1.499636946509665
1.464285673840521
1.443524654934593
1.424609431974536
1.395454084692016
1.361100030207372
1.3218479236299
1.278098024998751
1.229391456190411
1.178928499240667
1.128312371417253
1.077697053208005
1.027056325298376
0.9764952358184794
0.9260196219209509
0.8756308285294121
0.8253175932841507
0.7750710008295248
0.7248798751226686
0.6747323553792602
0.6246172895276517
0.5745253589708317
0.5244495206326666
0.4743849087772624
0.4243286216697824
0.3742801415532481
0.3242419727263464
0.2742176194433121
0.2241861285184788
0.1741005279989887
0.1238062523294586
0.07465461010502368
0.02469121193492282
4.934108599298272
3.891692684555585
3.594021842500371
3.60914255764027
3.633835282778687
3.618040297833728
3.602122445270985
3.890837532916144
4.431706389890803
4.650541247521553
4.670913374676086
4.528667415625869
4.255677304849932
3.889624725676079
3.469360710955356
3.029885132628057
2.600262265965155
2.204382456572842
1.862673328311319
1.592603873299536
1.406985345105291
1.311272925014661
1.302865526661198
1.374130824344777
1.516431160820899
1.567307515869029
1.552355570273796
1.559981628939194
1.562662787291184
1.568338309272715
1.557175417945419
1.566242203647313
1.597199664191429
1.619950243991013
1.628168267983615
1.598599629894209
1.551461697194693
1.491652659583024
1.419074640370472
1.336506372791754
1.251960643396656
1.172344821973618
1.100520029411233
1.03631513043051
0.978117728131877
0.9239315015856203
0.8721047067683617
0.8215274492428047
0.7715506449749652
0.7218288485327752
0.6721934173904506
0.6225711645499605
0.5729367664113196
0.5232860787328412
0.4736221637292316
0.4239506062156239
0.3742843669261405
0.3246501286666043
0.2750478933585453
0.2252690785921282
0.1747808143557819
0.123812514782956
0.07791813888109236
0.0300052464866512
2.918560597043366
2.484290151453151
2.229547457340503
2.224590493818406
2.324871281471342
2.463167455802796
2.686873719502819
3.091836836411823
3.65108111328393
4.00794962490618
4.149096009409615
4.116064003292166
3.94595266197609
3.673118532083206
3.33243083838568
2.958236756943915
2.582213168946246
2.231899029315207
1.929814076812602
1.692450792843045
1.529040545156482
1.440941693404936
1.422442963984403
1.462269025651342
1.543981169703847
1.572725200185573
1.564971870482522
1.573055708777573
1.581252648183266
1.601177021265386
1.602646697253464
1.785752224457515
2.021835958862834
2.099508513917157
2.130835983220075
2.116945313962403
2.056967319297673
1.952791731080613
1.809974770458668
1.642315590692493
1.470501587904207
1.313531921739764
1.181604465559785
1.07568085753679
0.9912115661731441
0.9219977211043084
0.8625133537762172
0.8087256495743913
0.7580455664473474
0.7089623894868496
0.6606638842187181
0.6127469893313994
0.565027913122127
0.5174291302979319
0.4699184075133212
0.4224812333507876
0.3751109331227696
0.3277897914252847
0.280420243847577
0.232740505175232
0.1845782930733589
0.1370376719422079
0.09397060253954601
0.06186613425486043
1.429470609310472
1.336321204733541
1.246948552842089
1.269222461716227
1.414913137870274
1.665249131779521
2.022047382072468
2.473424006618127
2.959331033292305
3.352672955775423
3.584474233274737
3.653166073087533
3.583399570388054
3.405796320981075
3.152355059431531
2.855314733860535
2.545552194642251
2.250539073498703
1.992411443836008
1.786484732748066
1.640504810686417
1.55482143155025
1.523137041147051
1.532933120481827
1.565148714394593
1.576556584941198
1.57368995989883
1.57958398511475
1.586192727420532
1.602685309997879
1.595165664651033
1.7208039009207
1.982823804517284
2.190557533149715
2.309368669398451
2.345586007247829
2.305669914020978
2.197782107378169
2.035332199826893
1.838475738698241
1.631424465056402
1.436220673566891
1.267019154310558
1.128522727219627
1.018320364035195
0.9305410146884755
0.8587691465619273
0.7976026506766541
0.7431157588565956
0.6927236658238667
0.6448386524092004
0.5985286162486739
0.5532557391622254
0.5087032274061175
0.4646719068649617
0.421023112247428
0.3776452213863237
0.3344277713439138
0.2912606241256208
0.2481631883701239
0.2057287045436046
0.1659219209771428
0.1328605977835801
0.1130340714648417
0.4488426005235145
0.4821956826586252
0.5301815158511791
0.6321186634137912
0.8301890958425895
1.13524599401154
1.529483716292646
1.970109929717385
2.403589614077003
2.780116489693971
3.049466267094233
3.189102938670837
3.204051046759831
3.114434535487462
2.946609476480715
2.72891411466642
2.489161320901734
2.252402454993534
2.038899892334049
1.86270312972181
1.731105673519231
1.644880104804202
1.598826749696967
1.582220762059745
1.579347971711989
1.579499027431336
1.579769140695509
1.583190249803395
1.586978716296729
1.59642021772406
1.584287469474201
1.627732320108623
1.831987514296611
2.087156782047654
2.275730410137385
2.367904560829439
2.365334919262051
2.280199613375752
2.130749128615721
1.939637442893939
1.730988229082774
1.526352214878174
1.341106402704412
1.182952120887853
1.052887718568017
0.9476249226074658
0.8620803461665872
0.7911333207984634
0.7305075858943355
0.6770041765025115
0.6283871811525433
0.58314980849327
0.540285447509059
0.4991114011310145
0.4591504284709365
0.4200583199133034
0.3815860997903985
0.3435820087407064
0.3060699214061638
0.2694606141376161
0.2348952560515236
0.2045566355990915
0.1815918820653337
0.1690743333778629
-0.1379704643875252
-0.0638649431757686
0.05908670320895189
0.2324497218980029
0.4757539286281914
0.797191017881951
1.178582111373051
1.582879852609008
1.972209246607533
2.317403777334278
2.589094920942611
2.765524340503061
2.840738053673422
2.823488443914234
2.7317845202699
2.587926447057939
2.414998666055286
2.234303155304423
2.063417426956577
1.91493870058732
1.795999105307294
1.708436166149572
1.649386911798467
1.612210542754743
1.587836148677401
1.581893214691566
1.583966948585302
1.585495364963548
1.587347226991876
1.592074408078046
1.582707714709017
1.592682713119224
1.722928914916404
1.94232441650807
2.141660057127387
2.265466744905217
2.298338266289131
2.246704017799712
2.127571296195589
1.962389651888726
1.773077189432263
1.579026438369904
1.394997539657411
1.230182644410736
1.088508611179697
0.9698679359084594
0.8717047700135361
0.7904307499686666
0.722398797463229
0.6644144170046338
0.6139037923566648
0.5688876171793624
0.5278776535457776
0.4897650285887153
0.4537305707655259
0.4191864027680696
0.3857541053727161
0.3532919971501401
0.3219864870688003
0.2924929696676608
0.2660361132551815
0.2442994654581099
0.228949477898893
0.2208983731840906
-0.4273326574750913
-0.3415736174441786
-0.1888776176948346
0.02098680312331343
0.2854292187560157
0.6000797415399725
0.9493403606931285
1.308703297833096
1.65346647344332
1.963200344895822
2.21972763272821
2.407545490327422
2.518307894038978
2.553422219340453
2.522815506303432
2.441754325281637
2.327596881853903
2.19718949749214
2.065000348178792
1.941971382721322
1.83506028067178
1.747408504585013
1.679063191531773
1.628185596883529
1.592530854128243
1.583980985987685
1.586985915559358
1.587304468130731
1.588086366593463
1.590272702045757
1.584273736177785
1.588040207193389
1.665004585493917
1.82127864402283
1.98731858909195
2.109169219696293
2.160804873133187
2.139338534694616
2.055427454449423
1.925615142982297
1.767442410411055
1.596688562608882
1.426177016605841
1.265347572694077
1.120189615771055
0.9935242820017495
0.8856330210620995
0.7950820894744177
0.7195244224019502
0.6563201099476056
0.6029272151581052
0.557098398363299
0.516950850714632
0.4809712851608477
0.4479979172432341
0.4172041073553685
0.3880986470273807
0.3605498788639677
0.3348227545641527
0.311582920492101
0.2917885195426074
0.2764100876600277
0.2660475125200487
0.260728185662252
-0.4941150464506538
-0.4086470977274284
-0.2530317006693419
-0.03915354505159416
0.2202260547857832
0.5123913417753855
0.8229717069526093
1.135966978124734
1.435659740748555
1.708037751574316
1.941039626337954
2.124328214610993
2.250778953200859
2.318572735214894
2.331836451945449
2.299481010125175
2.233126084068737
2.145011675353246
2.046360222008085
1.94633453973194
1.851608112665827
1.766530588715059
1.693843210411731
1.635792248795486
1.595249518561965
1.585885436164639
1.589312330882838
1.588923602015684
1.589126465628587
1.589958801349804
1.586064770711049
1.588165595559096
1.633662931645594
1.735391099789738
1.852669512031228
1.947904184375743
1.998074138529344
1.995455341611045
1.943188911847713
1.850398642050668
1.728117521428669
1.586985411144068
1.437020488998919
1.287239488832119
1.145013555189077
1.015512483669698
0.9015481579967937
0.8038533884634846
0.7216223412747351
0.6531019245533223
0.596095100738412
0.5483262133395244
0.5076775882439671
0.4723301027243287
0.4408412125707644
0.4121859111487114
0.38577564657527
0.3614565372179767
0.3394699480033767
0.320343642374646
0.3046921555975899
0.2929624840273516
0.2852500374630778
0.2813362421962582
-0.3997070122767136
-0.3212930390231916
-0.1780269727199114
0.01862973934308223
0.2538895866652621
0.5127686903928701
0.7818368214943872
1.049393759784709
1.305063814897663
1.539600223984323
1.744973109933266
1.914321938650791
2.042351416998962
2.126363346446739
2.167120543935318
2.168826969715056
2.138245978082763
2.083429545880162
2.012521766350451
1.932907833146295
1.850821448293505
1.771433633104601
1.699365085786908
1.639435513706764
1.59729308476412
1.587675198490616
1.591282648276486
1.590494099760026
1.590343118143561
1.59030855122206
1.587029589982692
1.585146212729662
1.616332159354056
1.680335421985388
1.749606285407749
1.80724589118911
1.841716243788195
1.846245435313021
1.818405250846373
1.75922030362599
1.671698019817111
1.56054095677665
1.43294938405743
1.297427814293079
1.162232559963203
1.034120913032109
0.9177266736525115
0.8155064888290225
0.7280534429070201
0.654579071303879
0.5934201669488686
0.5424874383876048
0.4996214578945802
0.4628516724873251
0.4305685285247283
0.401621952257304
0.3753556215744448
0.3515788060515568
0.3304714709990038
0.3124235981056036
0.2978349423105963
0.2869396318725038
0.2797359481342799
0.276051548554111
-0.1954970383680528
-0.1281295369445871
-0.005210435100268442
0.1632199132930331
0.3639522391559249
0.5833393107947298
0.8095238989989837
1.033115432048443
1.246687171549931
1.444089773623364
1.620065859078802
1.770074816779481
1.890328779710598
1.978192806853097
2.032778121001126
2.055307149603562
2.048999948812021
2.018556666865136
1.969486776245188
1.907526775084813
1.838296329820705
1.767241952870038
1.699820590450635
1.641783696261893
1.599356402798732
1.58939157173112
1.593125121639912
1.592170156546485
1.591920308633413
1.591552695250882
1.58817013198598
1.583936578631792
1.614936368404903
1.648595777169651
1.675315297551321
1.697296169157747
1.712208598674872
1.716627870349755
1.706362641821761
1.674544156033557
1.614957446559336
1.528525003339005
1.420582985911219
1.299259453769544
1.17306854564925
1.04937244098568
0.9336866860816146
0.8295016856672064
0.7384200210599927
0.6604895207200331
0.5946359068215932
0.539113937432347
0.4919173301362628
0.4511116575388232
0.4150743607273851
0.3826387022569091
0.3531444675764256
0.3264013947902711
0.3025774668706025
0.2820376660767782
0.2651765221568469
0.2522953911486721
0.2435549974645724
0.2389882827728534
0.07625674069659878
0.1308321850040113
0.230297185245813
0.3665411939952787
0.5290578963625057
0.706883383079936
0.8903159154314574
1.071733149696505
1.245465019271793
1.407218420240151
1.553518832861463
1.681349159826278
1.787998059054372
1.871159406026311
1.929267554763231
1.961895705956774
1.969999633581027
1.955904809307762
1.923083860735862
1.875845700180623
1.819046479692997
1.757873937400352
1.697689593306815
1.643870403181293
1.601597622931923
1.591049956082465
1.594958160181474
1.594098973148288
1.594222548612944
1.594537905836038
1.592391840455724
1.59977328499911
1.620245914785131
1.62191946186725
1.621507858027474
1.623235727354977
1.625472676403188
1.627779934989552
1.629984122948505
1.616680177427678
1.571667504187435
1.500284868289422
1.406281044477622
1.297102615485732
1.180434807987295
1.06309275560357
0.9505022553064385
0.8464458209507202
0.7530399710122592
0.6709152360301329
0.5995408454035155
0.5376201803384463
0.4834872828290074
0.4354525768187005
0.3920670025022492
0.3522905966713611
0.3155630391339606
0.2817833353909441
0.2512173112056426
0.2243642223878745
0.2018205709336816
0.1841710989241741
0.1719129334255985
0.165393553647233
0.3819242416877738
0.4236795362720707
0.4997896504498901
0.604188554090185
0.7291381050786503
0.8665207701734259
1.008977740508069
1.150593934805114
1.287006673348942
1.415081274340982
1.5324278960779
1.636982995844362
1.726757517767036
1.799793859437987
1.854341902290644
1.889191025506359
1.904024360854434
1.899663662381789
1.878138961597568
1.842586554117915
1.797011515897422
1.745948072812603
1.694035192236736
1.645520183078748
1.603737308771307
1.592557563728594
1.596628126961909
1.595949552075355
1.596551993171372
1.597755345657033
1.598955317094852
1.605337781834633
1.609227189814185
1.608923448478406
1.608071090759661
1.607667301722145
1.607605518256211
1.60713629550734
1.612086202675332
1.599629449034156
1.55060294089032
1.48177859542088
1.395431159154733
1.295922778449181
1.188586098246399
1.078693832504846
0.9707779641695889
0.86823796323043
0.7731964739093863
0.6865666378999816
0.6082728462453604
0.537552633936603
0.4732743728783521
0.4142254665788295
0.3593457693277761
0.3078936711393165
0.2595389103688918
0.2143822142861694
0.1729108348675548
0.1359086207320911
0.1043428209102392
0.07924275968500621
0.06157127143136464
0.05207804371984693
0.6956754096109494
0.7256718951468003
0.7804116486013949
0.8556940784092255
0.9462151407486431
1.046396299056691
1.151085238947043
1.256026689361576
1.358021937476459
1.454785553471214
1.544615316529732
1.626033487999101
1.697523407440815
1.757429891441539
1.804049041198077
1.835886160323371
1.852005756156829
1.852364347950444
1.838024134619486
1.811179881680706
1.774969060019962
1.733068686720289
1.68911717805944
1.646033112820112
1.605329863795639
1.593792865548149
1.597895901460443
1.597275805766883
1.59798897764401
1.599178960614297
1.600715137651883
1.604563015679301
1.608707354712875
1.611038424547316
1.612542141693339
1.613670012672574
1.614524200865487
1.613811406452451
1.618573606198593
1.602105104876603
1.545188777795728
1.474574514085345
1.392502751404608
1.300903460978916
1.202560824459368
1.1006932869862
0.9983376366339455
0.8979298536662275
0.8011351505437359
0.7088741456684053
0.6214617555981756
0.5387845572549202
0.460473244186795
0.3860579295728078
0.315110247136547
0.247375236270853
0.1828857827661229
0.1220436103694212
0.06565016595711912
0.01487777159710995
-0.02881960990453393
-0.06385137807854492
-0.08868609900770336
-0.1020954582232328
0.9983926751367138
1.018236598724044
1.054509433420419
1.104551169658077
1.165036418588953
1.232476255325023
1.303617585405583
1.375716770666199
1.44665428276427
1.51487403078984
1.579183195960751
1.63849723376482
1.69162596427954
1.737172932524615
1.773584284017275
1.799345077791611
1.813279756388879
1.814877732841253
1.804548352223526
1.783715396982898
1.754683368025179
1.720244516252154
1.683058277335885
1.644924201062023
1.606128466461744
1.594745472843715
1.59875203093486
1.598186094705408
1.598942497539293
1.600086593126728
1.601676390688961
1.604438844022711
1.607592362697219
1.609890735011188
1.611399167128076
1.612464166606007
1.613277284431366
1.612553883469164
1.617890959193709
1.603570822589469
1.546420718277425
1.477364430291667
1.400216551483727
1.316525695641049
1.227410505302671
1.134075651788876
1.037710178309288
0.9393384811300303
0.8398067156487894
0.7398625842652643
0.640231834104129
0.541634245588
0.4447437454197697
0.3501379784897896
0.2582889731011074
0.1696251877386693
0.08466094108633633
0.004157161482159041
-0.07074066400764437
-0.1384400594369264
-0.19694934933664
-0.2440452817328647
-0.277548762440664
-0.2956860903694155
1.276537359142419
1.288007071741966
1.309010137387642
1.338074537691414
1.373397092797625
1.413117879502211
1.455514985981662
1.499126301303059
1.542794185668213
1.585624367667593
1.626866962793812
1.665756722665704
1.701369640726479
1.732550926494405
1.757949237777034
1.776163772765482
1.785980108075066
1.786642232632329
1.778089121772488
1.761079120898201
1.737132084789536
1.708234496841595
1.676291826031407
1.642424157475917
1.606413507855201
1.595486700758302
1.599232518918548
1.598710887566186
1.599422849922186
1.600434921238815
1.601883546891462
1.604166949014649
1.607310334551049
1.610110839706981
1.611829197531349
1.613052482421838
1.61391155220816
1.613190252980109
1.618237267289444
1.604336259785296
1.550869804722039
1.488297665910358
1.419572063916454
1.345960612321053
1.267506464788301
1.18361251947266
1.093471619214277
0.9964378473279949
0.8923625867547033
0.7818067198404626
0.6660502598288607
0.5469044284627281
0.4264070094815757
0.3065134707356935
0.1888861944728449
0.07484598453717295
-0.03450405404615634
-0.1380301328151282
-0.2342885286683897
-0.3213253886579409
-0.3966441704181581
-0.4573797483554127
-0.5006638253143201
-0.5241295424548618
1.521111505324356
1.525947819554372
1.534821478965043
1.547131899965764
1.562192549714268
1.579351051460179
1.598047458372956
1.617830055794511
1.638339106447282
1.65926020425614
1.680249157204007
1.700841408733802
1.720372563325719
1.737941799545115
1.752442615118845
1.762668700960613
1.767482381201663
1.766014072640409
1.757848537364357
1.743150843386572
1.722689614643258
1.697715508002203
1.669635845111885
1.639418245768252
1.606786980193205
1.595838131362491
1.599028597933712
1.598517431429246
1.599130286119564
1.599997054979949
1.601239699457007
1.603341780914102
1.607244885737892
1.61101652531406
1.612720387539476
1.613980807284516
1.614794258649842
1.614138785926592
1.618654258861935
1.605707690923154
1.558797632549273
1.506898327329511
1.451057185289183
1.39130984512841
1.326237595500558
1.253269600497692
1.169485807367066
1.072548677949494
0.9614233466743051
0.8366912085152312
0.7004422472248002
0.5558566179577842
0.406632504406683
0.2564144699750247
0.1083549368638252
-0.0350922596696208
-0.1721015108162881
-0.3011611732295477
-0.4206326517001527
-0.5283566690525129
-0.6214763911418373
-0.696576638550608
-0.7501345948602454
-0.7791912438029254
1.726766754833681
1.726579669497841
1.726246636873307
1.72577958762113
1.725270961406244
1.724911221575816
1.724959447977417
1.725691970368826
1.727346335689752
1.730068490845234
1.733864426600975
1.738557271509513
1.743755989689607
1.748847205303456
1.753021973110088
1.75534295211168
1.754846824998482
1.750666417650138
1.742151382560694
1.72896863824796
1.711173843902049
1.689253085919275
1.664102664451712
1.63678463978436
1.607704314762043
1.596961131794448
1.599968077093078
1.599893874111628
1.600423914322163
1.600886081539294
1.600997810737778
1.601501514627435
1.605782093778851
1.612390425082404
1.614071751944855
1.615406540789307
1.616161680526028
1.61563447760186
1.619342671651267
1.608198488497828
1.570717444648355
1.533464310645473
1.495384361412735
1.454236728081236
1.406077446354744
1.345728539815508
1.268061459614839
1.169359711589722
1.048176368316048
0.9055345033733173
0.7446140734690471
0.5701370887080411
0.3876174522643309
0.2025994590108686
0.02000565365948123
-0.1562769735150106
-0.323467009690211
-0.4795887534879832
-0.6229004047155352
-0.7512698385597112
-0.8617694251707675
-0.9506966558741845
-1.014065338044085
-1.048440754126578
1.891059810508145
1.887304646874249
1.880424214396527
1.87084014836554
1.859152288965215
1.846087665385911
1.832417227619952
1.818867617554219
1.806048596738905
1.794406467119112
1.784202935745819
1.775511540596877
1.768222810139707
1.762053864263073
1.75656391283641
1.75117955638047
1.745231479074207
1.737999751917077
1.728763371969556
1.716853674819086
1.701719948825996
1.683028893512508
1.660825707446635
1.635626913329038
1.607405797438872
1.593133835386424
1.592419548567994
1.593299151113351
1.594124378709595
1.594298124672264
1.592679831415506
1.593278662764639
1.611929280014397
1.618775063094341
1.617456420996717
1.617823415235732
1.618144598483796
1.617674244738727
1.620276222344773
1.611582673559004
1.586430993652316
1.568390498759438
1.553680785306367
1.536402999260475
1.508615848248738
1.461831449298295
1.388993906602976
1.285859036686243
1.151426079390504
0.98768203737431
0.7990362957242416
0.5916540527270705
0.3727294625992384
0.1496975318737693
-0.07055546035325781
-0.282340049998269
-0.4814920931781868
-0.6652530507988795
-0.8317094613302909
-0.9789861718915651
-1.104542514941597
-1.20493154526492
-1.276196226569871
-1.314785603684401
2.013835715967222
2.007824915633538
1.996808866410983
1.981461318045248
1.962673014634861
1.941452440202702
1.918810260240597
1.89565638164734
1.872732440619011
1.850590037701279
1.829609402663621
1.810040179427976
1.792041224359797
1.775701440392632
1.761035326189866
1.747958494622682
1.736254097821789
1.725539995530633
1.715243909322614
1.704596025266699
1.69265191195771
1.678346027695199
1.660559806065283
1.638406043391237
1.613263439517406
1.597033624900511
1.590047726426529
1.587835281352246
1.587799994468872
1.589801923206405
1.596120675121785
1.61248444762938
1.629876197226662
1.622014311026218
1.620645159476125
1.620225767944535
1.620282407160719
1.620048324477095
1.62135866944554
1.615485744604288
1.605457043764703
1.612354289882886
1.627719051518808
1.639502285181857
1.634082823774929
1.599648228521091
1.528474493700668
1.417342555529201
1.26680108128493
1.080210499754743
0.8630339628257443
0.6223718931226924
0.3665334281624316
0.1044648468681482
-0.1550061431440187
-0.4040001974974103
-0.6362768042474767
-0.8475475001574602
-1.03524924623494
-1.197804430122974
-1.333659380224503
-1.440590715308434
-1.515699803335585
-1.556140237432365
2.096719450627456
2.089650028647484
2.076707353914887
2.058691652521864
2.036608107262464
2.011529916917426
1.984463043095908
1.956244691478327
1.92750049208626
1.898668336043839
1.870075242779811
1.842035951011121
1.814935089518194
1.789261215898138
1.765578354987752
1.744442356583513
1.726285950447318
1.711299808056054
1.699328174977384
1.689790055379399
1.681646741667354
1.673470725750553
1.663747841770291
1.651683388270421
1.638568168111718
1.627695364160162
1.620013778348826
1.615062909396192
1.612769977441858
1.614743053771044
1.622742166218374
1.633646821199273
1.630618168187129
1.62172289280287
1.622159205729558
1.621923240227536
1.622264140204522
1.622656748040417
1.622515175049576
1.619486419712146
1.627786646126754
1.667274627653008
1.720262882735657
1.764556848174788
1.779927336372946
1.753015879676415
1.678034933179115
1.554796087438953
1.386373193896683
1.17758664499354
0.9344135148054507
0.6639591784761552
0.3745741554671088
0.07580079623418319
-0.2220326751016889
-0.5086056752197932
-0.7746587270964856
-1.013027289695086
-1.219283979287993
-1.391659513395328
-1.530173428873284
-1.635353184831067
-1.707261997260518
-1.745380716898612
2.14270151468355
2.135688502092286
2.122882017440495
2.105101531812251
2.083312810879246
2.058458120697193
2.031309831904183
2.002385281352976
1.971948524736921
1.94009976438105
1.906926599069446
1.872672956910034
1.837875345805138
1.803421843106912
1.770507353894807
1.740487999981591
1.714669739349851
1.694084730485844
1.679299761500124
1.670274824505648
1.666290524280957
1.666025312674492
1.667907785579396
1.670649745743952
1.673318059984017
1.67451622482192
1.672865936514561
1.66773466959327
1.660415908198624
1.654289310719385
1.651216021604943
1.646189333546297
1.628955177702374
1.620628436378488
1.622741983108509
1.623236117825774
1.624243224058169
1.625717701508131
1.623730777098429
1.623111783693298
1.65530294908155
1.737826978255076
1.834629814545647
1.90958313689444
1.938167086746239
1.90983439454175
1.823992623538041
1.685019369794285
1.498901670258959
1.271685522443452
1.009156858513336
0.71723986317518
0.4027674285147635
0.07429524659276066
-0.2574446569679456
-0.5798375857584351
-0.8796000924417027
-1.144742262906439
-1.36674902324899
-1.542168845544293
-1.672762349185761
-1.763864486079918
-1.821659686850191
-1.850868032598974
2.155808851210507
2.149921971213029
2.139231128505655
2.124471442378146
2.10641690356368
2.08568148376501
2.062574024262982
2.037051621954758
2.008789711677871
1.977352003514055
1.942419383543099
1.904028146529446
1.862766054678846
1.819874657995238
1.777214246686914
1.737074471475589
1.701860849875445
1.673736992951688
1.654318839422054
1.644474745792443
1.644213589825984
1.65263291088809
1.667980420710836
1.687843843955088
1.709131667328758
1.727610504764951
1.738181616533274
1.736459271392084
1.721607906504998
1.698210413208901
1.673713188580003
1.651552277332884
1.627975851958902
1.619498968736709
1.622591251555662
1.624310032567055
1.626413708042309
1.629747340714394
1.625053035758215
1.627179234806767
1.695422798861793
1.832418769153364
1.971214084868174
2.064589072005796
2.091960030429068
2.051015852849722
1.947982383221712
1.791693710436937
1.590751064118935
1.352234320926428
1.081277363859453
0.7814843136339461
0.4562919042180803
0.1110340412694634
-0.2450551633402719
-0.5979141363966878
-0.9295613088353449
-1.220978185128413
-1.456416245874003
-1.627885895843144
-1.737930670934919
-1.798745490219259
-1.827188375371686
-1.838031151557477
2.14085719104059
2.137162617844729
2.130554273749154
2.121563619698058
2.11059323444498
2.097699195136816
2.082476893972571
2.064093332491365
2.041453982163532
2.013454315084029
1.979264757061647
1.938612145743973
1.892023955330102
1.840988930336079
1.787974384618775
1.736247441167537
1.689491992873031
1.651294570327462
1.624651934795475
1.611650752558333
1.613320694774951
1.629448849437169
1.658179167634459
1.695750473677877
1.737007733651518
1.775730091429465
1.803038287895651
1.809258831663891
1.788317391014431
1.74280621095474
1.687382329492911
1.643646161085875
1.621959937539373
1.617443219085533
1.621193011644167
1.625039540779774
1.629036556569827
1.635781030024617
1.62729689734759
1.640370609069734
1.766995659149995
1.958831050089803
2.11793029633551
2.204568715424015
2.213321213858748
2.151210439695067
2.028692388256344
1.857127818274753
1.647329969739368
1.407777203472111
1.143074138638795
0.8537314032194875
0.5379816481966261
0.1954193831207488
-0.1687709662021405
-0.5408184524765011
-0.8982467342699167
-1.213378702456314
-1.460024834638624
-1.62179330753207
-1.699235590503541
-1.7119643478202
-1.692497397153636
-1.672802295269343
2.103285665542755
2.102898144932724
2.102411804018598
2.101988698380788
2.101409741894605
2.099872471635987
2.09597627244223
2.087899182997003
2.073682678220775
2.051536250485229
2.020125101094594
1.978842373381648
1.928065394848133
1.869368629827478
1.805633468417954
1.740969609199988
1.680367754071156
1.629074098635876
1.591823392384082
1.572208926889728
1.572416609675762
1.59315232223976
1.633089743273825
1.687551495638711
1.748274590320125
1.806340715401462
1.850402060998495
1.868223805131642
1.849207976577419
1.788018594215564
1.69626328467692
1.615717968762748
1.601646812429965
1.613266921498545
1.6181342907223
1.625250392206471
1.632310189684555
1.644884050572629
1.633447045947915
1.689118986031462
1.895766209178191
2.104499325046174
2.235296093444737
2.285331840107964
2.264683067640711
2.181313409752565
2.043841436634835
1.863948372923888
1.654847303103693
1.427359002388095
1.186155845100531
0.9284830776064636
0.64638487343375
0.3319177816631002
-0.01624006620442689
-0.3871086649048706
-0.7553618568292706
-1.084859286802045
-1.337605895296669
-1.485882082124012
-1.524109694742105
-1.476038945780082
-1.391595043410579
-1.32813610087823
2.049081287030735
2.053235288945763
2.061091593529032
2.072174844795697
2.085256288464823
2.098265119138601
2.108506246745078
2.113053996807456
2.109130990856759
2.094391360284741
2.067137203388642
2.026518920472492
1.972744341498844
1.907297695760209
1.833143326311731
1.754836345096374
1.678392146087464
1.610744921460584
1.558750190816025
1.527993246639801
1.521982230947661
1.542191384050368
1.588396299722476
1.657066922998271
1.736400051933707
1.807141259903498
1.859084518099947
1.886265359964763
1.880431430153774
1.826473871740537
1.715333952363781
1.582841504228648
1.5633657748179
1.605069960297888
1.613557484997977
1.624487611484874
1.635512165258004
1.655918352437769
1.649319881428178
1.797174622394569
2.063203540860615
2.198124930477197
2.248897363155045
2.24948431214742
2.204174333786155
2.110351925211539
1.97067043194862
1.796066996858906
1.602352347569158
1.403143210442346
1.203530775052218
0.9981319457268052
0.7738701514392936
0.5159959425680938
0.2159574203639842
-0.1205819674197006
-0.4689792061328479
-0.7882184285259645
-1.031766240827422
-1.162451940037862
-1.166311951752682
-1.063137396801651
-0.9114861962071101
-0.7956433437574139
1.984813968157204
1.99496639446369
2.013704495940812
2.039437165829748
2.069305967288163
2.099452966413606
2.125662250057954
2.143965151972361
2.150987338574395
2.144103087811709
2.12152574777638
2.08238830389529
2.026829719047511
1.956127076902647
1.87292683451543
1.781569004676574
1.688356140704888
1.601447524826689
1.53000066167321
1.482450890281066
1.46450755404284
1.478184140648239
1.523035139566356
1.598310200175079
1.696732749670811
1.766136467461764
1.805700960498897
1.830530382439699
1.840767632476451
1.82027878252412
1.745803078774601
1.605291499785262
1.540328222886611
1.599114191269188
1.611684526045257
1.622958027915647
1.63509194058622
1.657805401032851
1.660618419161119
1.868206712723647
2.092682029414637
2.090807195507945
2.070927313296823
2.04116091299255
1.988594099112693
1.9035348155375
1.784067424976783
1.638921157392054
1.484153136293286
1.33383060611012
1.192540456194188
1.054232407678213
0.9054175853118668
0.7301242275358479
0.5162833407671582
0.2636285221435694
-0.009451588440136938
-0.2663017154012073
-0.4631809816103385
-0.5645564634354198
-0.5533586733905156
-0.437744293046091
-0.2599691223948449
-0.1062015497173923
1.917830628666092
1.935810135615445
1.968437829929469
2.012112229643677
2.061411387505924
2.11019685817814
2.152772658206118
2.18444747927614
2.201621133302182
2.201756509772338
2.18335559635089
2.145885448104494
2.089652306589361
2.015734944794532
1.926127933302594
1.824191462964472
1.715358617556455
1.607792168974738
1.512350901774254
1.441088132918028
1.404071880970798
1.405793435121041
1.443803105414557
1.51220316682504
1.614946711788119
1.66645322793686
1.668584250104553
1.674544169882775
1.682559538622073
1.686344693349624
1.690098575565533
1.700179590429295
1.633798576215517
1.59502448016495
1.613136305829613
1.618194650802206
1.62230818632568
1.628611442139654
1.624123786790209
1.616444352911465
1.631036984280259
1.646346679516329
1.642908438807273
1.610992476019008
1.568998946848362
1.51724659785742
1.453440477576064
1.379472896014619
1.302354986232748
1.227814477957502
1.157390520167223
1.0891412983919
1.018905356190092
0.9416275653252756
0.8532740272814002
0.7530674644866056
0.6464137442061862
0.5465049125865951
0.469841832710735
0.4277673025869668
0.4254158224417819
0.4610206599899878
0.5391940466604888
0.6337098951592538
1.856720096382741
1.884926278338014
1.93498034144217
1.999625633099097
2.069745812828227
2.136867560474125
2.194348631400016
2.237293195509753
2.262268382416978
2.26723268731905
2.25143822685766
2.215117663732961
2.159054368457463
2.084259346414138
1.99194531379217
1.883932785025149
1.763578594581076
1.637171492694137
1.515307444769852
1.413018856396237
1.347000369469507
1.329625659891275
1.363504676759926
1.443894558583054
1.571598962734958
1.623118391461406
1.608867205749428
1.615399645773596
1.62033049287577
1.62693471492281
1.635879275186728
1.650412513357589
1.646263870271152
1.620201926603753
1.619919069950348
1.616749938417139
1.613528934536143
1.607976448642662
1.591976299781496
1.545986872510309
1.51121690827911
1.493659412207584
1.474559731914637
1.445977597375556
1.41283594343542
1.375241144592978
1.333511882418863
1.287232847542102
1.239402171707294
1.191519098135862
1.143772566103679
1.0962478694025
1.049189691555566
1.002778382123963
0.9572937255162487
0.9128046105930054
0.8698878088016111
0.8315905102650279
0.8025779548357967
0.7829967785976399
0.7740888501901696
0.7754426226553351
0.7941887898330362
0.8293233397395734
1.812308466395483
1.853876300713941
1.925007200872888
2.012143407685428
2.101937251923884
2.184620339199873
2.253513992950496
2.303876019871081
2.33273980299203
2.339059284977816
2.32338179280834
2.287101176123399
2.231703474444272
2.15827842543337
2.06737001208498
1.959202040627347
1.83442931103944
1.695703660271862
1.550237237866761
1.412728203993472
1.306239539663743
1.257272613021321
1.284465633344588
1.390169946589825
1.567857145789031
1.635446378896748
1.619599815097236
1.630393078669325
1.635548681193921
1.640017828231911
1.642216285219771
1.64316069610926
1.635537603941943
1.623012094853005
1.619822608946629
1.615154823192479
1.610181636147748
1.603460316726434
1.592945270525349
1.57455344746494
1.558877954508122
1.543850540477528
1.52398966745941
1.496238365285477
1.461838041510169
1.420120582711467
1.371735657526128
1.315692542981235
1.258160909619214
1.202001138904571
1.147002159929574
1.092385508246375
1.037410784003668
0.9810465813744429
0.9225731908533366
0.861194955267102
0.7978630273781233
0.7393764509090491
0.6961982285482019
0.6690269091880638
0.6604321627729166
0.6695571645942311
0.6983531585187657
0.7389982693334851
1.799798399749108
1.858218014421501
1.952163436982675
2.059161644283417
2.163631559308752
2.256604841806723
2.331581959878456
2.3837653305263
2.411099713653156
2.414317073943985
2.395788567385911
2.35820146366528
2.303689229632051
2.233440072554397
2.147586122233585
2.045246564254428
1.924808443667596
1.784857541229107
1.626597208270517
1.458707362711902
1.304085931873898
1.203136215551161
1.202762662512316
1.327281219537489
1.558056386930903
1.631967127292256
1.609873391664996
1.623092976984253
1.628783149862835
1.633909001814448
1.636542027482212
1.637173440197307
1.632745368304338
1.625045406036915
1.620240184595912
1.614246230332008
1.607449147030314
1.598724901292425
1.586921505743839
1.570370419638192
1.55365052974586
1.536038234977333
1.514918346483074
1.488104478079014
1.455206489514991
1.414684232223598
1.367281340847188
1.308505293107763
1.25005855428098
1.196101623095759
1.144479299064613
1.093485726917401
1.04261699471099
0.9908984293310159
0.9373950599033082
0.8788616510414806
0.8131011700092047
0.749893330719547
0.7066095854715023
0.6785052585568799
0.6681379246013009
0.6743430893169561
0.6988052642003159
0.7391761997429591
1.843475542381366
1.919446815669064
2.029943693313719
2.146526154741038
2.257194273396603
2.353737856179918
2.427705013350639
2.474156063347875
2.493318815346931
2.488717032804944
2.464644764479263
2.424675366603543
2.37117563663981
2.30528273536155
2.22695947385133
2.134964505173953
2.026721800946756
1.898284497967681
1.745123464947821
1.565602233918601
1.370215852469677
1.197322992865502
1.122653907425109
1.229375985928535
1.528659442952144
1.628411425300144
1.60180720082503
1.620123596944405
1.62751573337923
1.633351672114659
1.63585502627604
1.635796041954571
1.632279243281977
1.626400564855096
1.620995367853469
1.614546287245372
1.607217043325211
1.598388107753619
1.587520271128957
1.573810832725734
1.55899210277504
1.542464653336096
1.522627441047412
1.497735852609212
1.466554338799511
1.426241952188514
1.377874397430867
1.308587260295404
1.243554744406056
1.190250959005986
1.141540993613893
1.093309350240558
1.045498567387941
0.997241535757069
0.947459899537395
0.8873444352872797
0.8073635648949932
0.7256458160190659
0.6773729162203019
0.6456447062540244
0.633784340169153
0.6397675964032182
0.6660214503669167
0.7111136603249576
1.986856597921818
2.064660611796674
2.164960384129
2.27335601463801
2.38229460816623
2.474905519058048
2.537878220909543
2.568971794646361
2.57319459600348
2.557090268769905
2.525916534954468
2.483158520165932
2.430837494423689
2.369842387189732
2.300105132891271
2.220601183775919
2.129122642765378
2.021728864074678
1.891890377579846
1.730077652949843
1.527279519798093
1.291941862827127
1.090699297617085
1.084706438070086
1.443760493654151
1.617481673132142
1.591415353315464
1.617788096780727
1.62815197302375
1.63499173096815
1.637478009630053
1.636963156934221
1.63362523595557
1.628335354943042
1.622547241542471
1.615819175576001
1.608276331004431
1.599617616187738
1.589592250192527
1.577823517039205
1.564931498366068
1.55047377002845
1.533414015778572
1.512320280367464
1.48552247911241
1.448763057854654
1.404119524374891
1.315035579928364
1.237524511903268
1.184945487819288
1.139761210327795
1.093739789683998
1.048956995854673
1.005523266926206
0.9630522131786622
0.9006289485119302
0.7932814628240366
0.6769279836329766
0.6282240327869015
0.5954956438072094
0.5835132950080226
0.5892630932593648
0.6159945921954044
0.6653416767974696
2.311281134502478
2.315682920910239
2.347343409073267
2.434821558697597
2.538578089624624
2.615121595558941
2.652487480316483
2.658331888404227
2.643195699381092
2.614396631590117
2.576167821598771
2.530905692050557
2.479924105667837
2.42377864402973
2.362415884747128
2.295238837423728
2.221030641928703
2.137535909385193
2.040333112146446
1.920415091076634
1.760015529609398
1.531100266809623
1.224873975757127
0.9794753674611374
1.268965850709988
1.588998028543365
1.583331848121186
1.619653181098334
1.633494479582665
1.640634510528038
1.642346887775713
1.640797747636126
1.636819160082824
1.631256807377936
1.624997768526641
1.618035473904274
1.610501780552755
1.602294479352639
1.59332862182002
1.583455561548989
1.572906631384009
1.561395978718821
1.548187334769401
1.531950175851894
1.509996523503823
1.475348218569104
1.42680303510186
1.254900096432109
1.164811962324566
1.142097200560672
1.123571674350391
1.091830112682663
1.058442715396858
1.029510087073915
1.018993297185071
0.9887776306640967
0.862010688180559
0.626511327988643
0.566470334667355
0.5287952023655341
0.5145846841303711
0.5186925076210845
0.5452752941196244
0.6240629639394737
2.951048621198969
2.661284831469403
2.560278758825332
2.63520430659911
2.721824822837863
2.757937759873328
2.754202081275133
2.730291336919596
2.696499517089046
2.656757197265466
2.612794415238892
2.565663864737162
2.516004276019073
2.4640810729475
2.409857719606301
2.353101020553736
2.293480973800801
2.230492826335013
2.162821344109218
2.086898911095649
1.994439545531775
1.863860979636293
1.634003651454539
1.235606251311774
1.18174257118068
1.570445322750517
1.599144323914651
1.634629018540837
1.647217131715633
1.65161758795547
1.650746227100747
1.647064428113773
1.641607407141677
1.635113837780609
1.628163897176021
1.620886240986344
1.613401266877876
1.605720126658239
1.59788771595545
1.589944997213876
1.5821572809931
1.574698809113209
1.567744567733486
1.561738845171914
1.556712567254315
1.555308270783514
1.576848647712116
1.449401259146899
1.155101129752182
1.137945948226281
1.137515044177566
1.09209810130294
1.044944066092257
1.039044219297166
1.117367193181703
1.11656100184001
0.5722621023354513
0.3940597785675405
0.4276446165598978
0.4259956327305453
0.4233005819578446
0.4271246570024933
0.4346090597400415
0.5667571023377588
4.014661863518049
3.084944277084049
2.854898873884938
2.882482816780522
2.895941500400986
2.866859339827385
2.822313811062701
2.775580015416028
2.728775747771407
2.681504782822422
2.633627830857289
2.585279724585376
2.536594618898146
2.487626843367363
2.43837212340286
2.388821802443665
2.339066543706471
2.28938565813825
2.239920120828067
2.189542082807383
2.136815768010123
2.091873813765119
2.090565914009927
2.07252226557527
1.781400141688964
1.655764180356743
1.678795518793358
1.679419287343248
1.675276194981703
1.669787203047844
1.662972269783394
1.655484957256311
1.647610202231946
1.639610546919237
1.631717142495173
1.623986558424843
1.616498397735006
1.609301009648074
1.602499309145007
1.596279668852119
1.591039355980199
1.587373803540062
1.586267450391561
1.589983760355893
1.601409429216274
1.634228038252405
1.663129883978008
2.033684790739843
1.946511662000935
1.52374589002904
1.256714460769283
1.078386731878843
0.9411379628955423
0.8274067269636443
0.649525052135026
0.2002354247167338
-0.1627404660989181
0.2423582413122851
0.2853361221529744
0.3149261783616814
0.306875293243879
0.2698769499156055
0.1645328556890529
-0.01514177455055972
3.452162199051983
3.163686612198058
3.064519899395305
3.001570458967198
2.945378963023304
2.890102731772604
2.837001684477289
2.785824278875547
2.735846656670546
2.686526645834222
2.637587046701756
2.58890015082015
2.540409838699763
2.492100308189638
2.443989696512743
2.396133571064585
2.348643830124491
2.301721477533073
2.255673657583943
2.210834425961852
2.167788428187418
2.128664690076151
2.103979328129823
2.076234069564839
1.981780249827672
1.808390348177003
1.76034374099663
1.726712358744109
1.705197341661719
1.689160789510937
1.675886686736472
1.66425858900178
1.65371967589404
1.64402623045458
1.6350849877475
1.626826356633359
1.619250759611851
1.612390500565331
1.606360856397368
1.601380898291686
1.597846185889208
1.596379296612297
1.597901372783228
1.60443408336459
1.617381317728115
1.651246749275946
1.648371975935579
1.952677081460982
2.184027201835577
1.850457906898017
1.423080382880315
1.04090466629601
0.6953113973962136
0.3393413898713926
-0.07358811142289917
-0.4350830833543914
-0.1409897772398885
0.2498409833689611
0.2309096423405033
0.2629636578195838
0.258018958534125
0.2348048661090981
0.1816455619494128
0.1038709959838683
3.156896374587514
3.063676996758836
3.012114656874684
2.964156021609124
2.920468404566307
2.874908031991006
2.82790129321345
2.780159641345993
2.732096790186391
2.683848905230737
2.635471982248938
2.587002199331984
2.538466355555046
2.489883389283035
2.441268756392689
2.392642078033117
2.344034831128015
2.295487954857204
2.247024019102543
2.198580135064453
2.150120188394975
2.101523865512051
2.054188403431584
1.999869337044462
1.921241693211486
1.831942609905337
1.787788575323766
1.751589139557515
1.724939643376334
1.7037785747398
1.686382195219966
1.671653510452534
1.658904002922953
1.647707859136744
1.63780693027036
1.629035935059865
1.621320875160256
1.614658548929437
1.609141081763804
1.604961306566622
1.602440344449435
1.602062054837537
1.604412555214018
1.61074384168856
1.620539098242615
1.644871133771848
1.6237438645071
1.785930894887443
2.064701618541251
1.89980892744762
1.472075622186197
0.9497600790074326
0.4084538511430949
-0.1173274616171089
-0.5409381436335987
-0.6278867087727807
-0.03214615934877155
0.2645981618800494
0.2044411179788817
0.229279183273609
0.2203315947978411
0.1980153377105574
0.1535881691051204
0.1288305550258057
3.08187874931464
3.042119829722655
3.010135579011259
2.966560810749256
2.922626032351489
2.876348605262448
2.8289183458656
2.780915434065186
2.732666135421033
2.684290662229551
2.635841462818628
2.587345676623088
2.538819471533464
2.490273079595184
2.441712323817759
2.393141967780316
2.344566009670281
2.295982428603119
2.247367982361843
2.198632526139487
2.149662240725307
2.10013136064584
2.050034843357666
1.995467519564096
1.929585438837327
1.859905410959225
1.811490056375016
1.771180314006242
1.739747118193356
1.714413546377513
1.693718052236237
1.676515859221873
1.66199859780474
1.649599922693223
1.638934011508699
1.629745128939046
1.621893645445442
1.615335451192912
1.610125632219353
1.606410639514373
1.604422036062211
1.604482142851858
1.606879308824928
1.61226668193139
1.619292555889454
1.635750126173209
1.615490167694797
1.704765180131809
1.902328167446885
1.78577737376581
1.386983221577226
0.8136078727412184
0.1813783988994991
-0.3895805526607727
-0.7371164551440026
-0.6587791125874095
-2.005853694034507e-05
0.2630040007505333
0.1911463337081861
0.2119062726814719
0.2023224162470106
0.1839434395974653
0.147227680314913
0.1458338016750164
3.081859557831311
3.042122117576066
3.010152532311386
2.966584308175379
2.922648246915562
2.876365495434457
2.828927250424754
2.780914409094486
2.732653343439829
2.684263886557426
2.635797473680474
2.587279266960741
2.538722159922518
2.490130009250621
2.441498287107601
2.392813885490054
2.34405106589282
2.295162848177478
2.24606721520704
2.196619794144826
2.146633622257062
2.095773084958383
2.043844578771043
1.989424828065868
1.930580182768048
1.871506772209075
1.823856935630511
1.783046990040169
1.749652586730254
1.722137116361016
1.6994599282494
1.680641466751593
1.664896965954633
1.65161857327324
1.640361062449461
1.630817342751937
1.622804459668721
1.616244259616107
1.61115534527863
1.607637402628148
1.605845602177073
1.605973106223002
1.608110437282416
1.612522403037266
1.617719703338317
1.628896946435987
1.614042729519455
1.677106124203901
1.785287550337637
1.635121187059175
1.244005775545862
0.6824544380426337
0.06304172868468116
-0.4720029512284483
-0.7580665369725655
-0.6362761616585376
-0.001369264225998117
0.2555921835327659
0.1831191128787998
0.2005287924101646
0.191042937078338
0.1757630228315584
0.1450442205815688
0.1531333500178819
3.156493734941135
3.063338942234123
3.011796630162798
2.963891051331327
2.920258199557413
2.874756375596243
2.827812458315451
2.780137990884483
2.732145573501103
2.68396966674865
2.635663836563675
2.587260455149861
2.538779700425611
2.490227737478031
2.441594570099148
2.392850658463867
2.343938142504024
2.294756989848008
2.245148073672616
2.194874551290463
2.143642875616518
2.091098124649034
2.037061377928832
1.981213117392333
1.923640501495225
1.867317354350952
1.818478234290271
1.776210564236576
1.7411249371139
1.712329822751602
1.688892508713932
1.669781925136823
1.654079445064829
1.641035087152358
1.630086840058958
1.620850405418061
1.613102885797979
1.606760349599075
1.6018586767247
1.598527678718091
1.596951453151768
1.597325187948842
1.599699719361995
1.604117505451013
1.609168602419983
1.618033855616535
1.610686640319256
1.667535279083127
1.70137467336186
1.499076826820045
1.111594440604909
0.6022485583308623
0.06071661148765344
-0.3991622127195411
-0.6515936890505988
-0.5672720682496567
-0.0152299627403615
0.2610862585688604
0.2026394831334163
0.2196028032872465
0.2122146028974504
0.1994074276975618
0.1717812339658419
0.1665671827939133
3.453224347971587
3.164927935572466
3.065693421722218
3.002612673192033
2.946235796675822
2.890732135871749
2.837369095332797
2.785901361746746
2.735609397920122
2.685952668472138
2.636651264177593
2.587567940827089
2.53862684907929
2.489779159162756
2.440990981173004
2.392237629362576
2.343500729672805
2.294767520029038
2.246031228358279
2.197289854441798
2.148555246392355
2.099851880528935
2.05130273106117
2.002916348414608
1.954792668814614
1.908292929024151
1.866291638462293
1.828345948010651
1.794823868730277
1.765450736288671
1.739942679528575
1.717937628311276
1.699077718912462
1.683032450323387
1.669513351683815
1.658278548834007
1.649133768378384
1.641925859062882
1.636532767396583
1.63284888409044
1.630764773131745
1.6301597055148
1.630839605536675
1.6326301200249
1.634276774170395
1.637311706891276
1.630677433556661
1.652516435853896
1.611627231195542
1.376080654176515
1.016492383460895
0.5896682048821251
0.1596915608749611
-0.1995025375141965
-0.4115662308890251
-0.3923376227817955
-0.01400320584843413
0.1839297238848351
0.1236688296677917
0.1245808367970838
0.1132281289316632
0.104016946363403
0.0937934426979934
0.09870000761389708
4.01160202870614
3.082582006793699
2.853040006158119
2.880954760941295
2.894713748048645
2.865965691646817
2.821801534060251
2.775495080819402
2.729161136325431
2.682402803612218
2.635084842893742
2.587353383923186
2.539363034449496
2.491197545377445
2.442880157279098
2.394376962235655
2.345570852858225
2.296200858167422
2.245761560744435
2.193374047932039
2.137711667355605
2.07716788133686
2.010456074935515
1.937485883988171
1.860702213956793
1.786097934817182
1.720946265671993
1.668576807867089
1.629659042550556
1.602545421162072
1.584479764546793
1.572594080591177
1.564475980428306
1.558346008002035
1.553030244928755
1.54786487098505
1.54260499198534
1.537358157413796
1.532540194717104
1.528839919473267
1.527186179125527
1.528709801846974
1.534511860651638
1.544746658819701
1.556102587342159
1.562551529486887
1.555947553264156
1.543112744815586
1.469995071700469
1.252537720403126
0.9594494820036275
0.6376239552868779
0.333721899756071
0.09545541662269855
-0.03308914590853551
-0.006637442765608239
0.2815013948342616
0.4446849701753398
0.4290070032075319
0.4166880297423177
0.4144050733916532
0.4279971881620022
0.4521876248692299
0.3281697213535475
2.923567843765379
2.635360331414747
2.536875123997174
2.61496519952508
2.705330245729588
2.745760344298711
2.746858398102727
2.728199017673922
2.699961931621484
2.665974145906425
2.627898726325705
2.58678363746727
2.543344694363278
2.498007114876138
2.450934326976299
2.402010219552286
2.350734023401896
2.296012988153609
2.235867692948664
2.167136472385748
2.085421907646734
1.985739332351695
1.864412304164471
1.722323771442842
1.568171906182813
1.418248485979825
1.290346395693575
1.195985977825072
1.137812278960829
1.111382435356993
1.108548473231463
1.120460818709461
1.139401816431471
1.159534747528452
1.176983263845592
1.189622771191403
1.19681994043227
1.199221361674979
1.19860130082654
1.197724327796331
1.200137813733716
1.209724507267716
1.22965416777824
1.260299082050956
1.296555204327964
1.327760997145103
1.342712969335174
1.329773422099348
1.27121156768105
1.128985252955132
0.934270204390556
0.7295334923599116
0.5545457084261273
0.4468183677023945
0.4455775967197135
0.5936020539543212
0.8967651504850542
1.126475865289461
1.2568562714198
1.333532098352046
1.382798912828324
1.406968539314816
1.394049756975446
1.324218835053708
2.236057061346378
2.243814797222256
2.281587653676236
2.377536695182899
2.4917762892988
2.580513559912397
2.631457982705248
2.65188964163048
2.651944505189268
2.638554295030013
2.615643742054899
2.585434646613753
2.549238860962488
2.507786793148355
2.461330146819788
2.409614324692434
2.351738140898403
2.285921788223648
2.209257433411717
2.117617992285238
2.00603740524071
1.86996487644974
1.707623732493472
1.522994549046518
1.327705132661134
1.13954232417244
0.9771827018053625
0.8540917531137346
0.775142788849873
0.7371633010316455
0.7317608554766183
0.7485218924878865
0.777444741534263
0.8103185541708078
0.8412546652270723
0.8667162487066482
0.8853312964415434
0.8976500895450972
0.9058909591799168
0.9136249426956226
0.9252703308372887
0.9451978889357499
0.9762629545974842
1.01790276227309
1.064721734151268
1.106990634971589
1.133324343196781
1.132595189846178
1.098430143493971
1.028026045782227
0.9352460162344621
0.8480344744923083
0.7978357619389255
0.8148811557867878
0.9252452751444715
1.137950503111127
1.416784537406414
1.684672916921066
1.901637672145485
2.056176514552025
2.155326441491768
2.204375733278429
2.210461003520794
2.197921305392565
1.844980652912775
1.928870200301521
2.040447067976382
2.164797798121131
2.293730532163064
2.40966765416016
2.498522056298343
2.557206067922178
2.589851165721389
2.602172636594846
2.598742391504522
2.582586039980628
2.555545832651296
2.518627727846667
2.472162358534955
2.415806238420257
2.348436260076586
2.268009167234613
2.171509746246016
2.055184151212311
1.915298278217803
1.749580421327068
1.559190738093046
1.350508526561437
1.135574754991205
0.9303244949331212
0.7509431005917513
0.6098332304847093
0.5128709844316021
0.4589978475532248
0.4417830726359702
0.4518589919448321
0.479232611245802
0.5149515446773496
0.552042974864256
0.5858857319399193
0.614229636013869
0.6370204417077737
0.6560934487833474
0.6747063043246558
0.6968188905729398
0.7260375467339552
0.7642907753819227
0.8106101898962662
0.8606469414828865
0.9073758181841167
0.9430255620193649
0.9622093552480995
0.9657419455117585
0.9611216883042237
0.9595023565007418
0.9781589261170696
1.037709207650214
1.156609463219579
1.343976971328781
1.590981824829862
1.870393617022756
2.154690304544502
2.412432371384917
2.618632562254113
2.764440081269727
2.853533710764185
2.899361825581708
2.920383122985665
1.620660055507733
1.706262204471084
1.834645715334163
1.976625473412531
2.119190858860347
2.252908200562605
2.367930250701685
2.457809894678247
2.521256232359392
2.560393786871387
2.578365712554926
2.577941576325168
2.561088243195593
2.528968026330666
2.482005487102895
2.419902384513066
2.341612848181981
2.245357094032964
2.128795840904251
1.989506345617787
1.825855375083218
1.638209794457968
1.430169332303937
1.209275769486584
0.986677842895189
0.7756204170515089
0.5891335197292559
0.437579968380295
0.3267838567242138
0.2573299430358181
0.2251538346089898
0.2230250948897242
0.242317873819933
0.2745752518831919
0.3126222043367466
0.3511999679829539
0.3872082960360666
0.4196573095678493
0.4493889871022728
0.4785768372496333
0.5099954586307847
0.5461076966325424
0.5881507195516816
0.6355355929075965
0.6858677698924702
0.7357385939872433
0.7823401470083901
0.8257547978729727
0.8706455499050121
0.9256919930968244
1.000659895707226
1.106112227469198
1.252393309653714
1.446012503118937
1.685155989280736
1.958370253540979
2.249762784333741
2.544087877361151
2.82050683713433
3.05740830492595
3.241450176074174
3.37116074223848
3.453568212116826
3.496161819575893
1.486613634172729
1.558925177578418
1.678663113557585
1.822265345828131
1.972626501555506
2.118865085234525
2.252270022506781
2.36568935460159
2.454771027313082
2.518205190829636
2.556727619148869
2.571884469598473
2.565192150511211
2.537734812843542
2.49001767225067
2.42193495889674
2.332814138534351
2.221572522106804
2.087052051958619
1.928578389972033
1.746713253637231
1.544044162361951
1.325740723004743
1.099598390711896
0.8754450703542273
0.66401796829688
0.4755601403589652
0.3184020072216705
0.1977972038493861
0.1152868084711586
0.06877351547341176
0.0532597965236561
0.06199358029208639
0.08769581873240785
0.1236119952571839
0.1642540231862878
0.2058050803829123
0.2462157923422041
0.285033836528052
0.3230097862008824
0.3615410860116224
0.4020667749647404
0.4455841221682633
0.492468961363775
0.5427139132860381
0.5965979963778548
0.6556826300070785
0.72375601898659
0.8069957838002308
0.9129658795854154
1.048837331624673
1.220022657469344
1.429163924306478
1.674746996419747
1.95030756389194
2.245912047803178
2.550932024748542
2.854054132701589
3.141173305720506
3.396725572764852
3.608161054763126
3.769208861075631
3.878635767276857
3.936454259804377
1.404556751049064
1.464927081979982
1.570950228678362
1.707519270059534
1.859033774488011
2.012855315200093
2.159027700023703
2.289435324430037
2.397966035797152
2.48090418748759
2.536740676736024
2.565461641354015
2.567749581112031
2.54438310676164
2.495895934062785
2.422457653034234
2.323940206841846
2.200157037865685
2.051262320452349
1.878264760129606
1.683553917124513
1.471286364596557
1.24747803873109
1.019726056723162
0.7966081681837986
0.5868971060189538
0.3987262540436691
0.2387947141912823
0.1116833221855729
0.0193843042727528
-0.03882973567589577
-0.06612863224506312
-0.06748955843773381
-0.04885733186005476
-0.01628755136170121
0.02477170986092962
0.06996691004358396
0.1162646723482113
0.1619352006697389
0.2063512285581421
0.2496938324790055
0.292680222188238
0.3364247683381351
0.38249930958823
0.4331839540751756
0.4918174066387906
0.5630607353838337
0.6528043896612211
0.7675271497924693
0.9132048590135082
1.094060488585117
1.311410930709318
1.563072341929344
1.843494653070294
2.144759198269794
2.458142257372753
2.774979150680337
3.086078728088772
3.381094367215122
3.648642273105508
3.877660264737207
4.059016928375562
4.18600199024113
4.254072162383202
1.355998977247896
1.408537861869584
1.503769763525393
1.632236460105007
1.781494551335195
1.938861859419843
2.093070917706021
2.234723998158978
2.356433743368018
2.45298325850566
2.521292619706013
2.560043689196358
2.569078797867265
2.548795161341534
2.499704702437656
2.422236267702913
2.316787146252457
2.183984726387977
2.025081788427295
1.842375699236606
1.639523635406057
1.421641786409943
1.195136232972041
0.9672997215199566
0.745777151203741
0.5380125193401615
0.3507441300050995
0.189558767903052
0.05849569963383021
-0.04027947048792312
-0.1066625081483741
-0.1425751546382161
-0.1516648757081116
-0.1387769034720498
-0.1093048286193507
-0.06855331097069334
-0.02122738816258356
0.02888817258075375
0.07905880399680554
0.1275949811333345
0.1738020765155983
0.217975406943847
0.2614913692080689
0.3069772314215578
0.3584687998677624
0.4214111670851208
0.5023469630528291
0.6082087806284932
0.7452976977585352
0.9181716321089129
1.128677150712882
1.375324274072381
1.653332279666785
1.955494823426212
2.273539284074619
2.599249365547213
2.924748673222977
3.242131359137213
3.543018001207791
3.818140312479451
4.057324258465805
4.250146732627532
4.387138794424717
4.461203681813656
1.332301861191783
1.380804462652527
1.470237430889139
1.593682308410445
1.740778234714523
1.899365484950071
2.05755224721958
2.205059648253755
2.333712306535673
2.437516458428449
2.512578789236427
2.556844145344932
2.569629839154518
2.551068873120134
2.501642041877791
2.421937265004888
2.312680989035564
2.174996078109173
2.010775979761123
1.823033309088532
1.616089673272306
1.395526306236334
1.167898136898087
0.9402918893654812
0.7198430069775961
0.5133032789070835
0.3266931834821074
0.1650190762736617
0.03201622728662437
-0.07009637718164267
-0.140811965653425
-0.1814041641814146
-0.1947936743600415
-0.1851946160263825
-0.1575965598329771
-0.1171918392689051
-0.06886456527455864
-0.01681847980939789
0.03564404141305502
0.08624107702303632
0.133809634133472
0.1784522720279336
0.2217457217355844
0.2669477144079968
0.3190686934887432
0.3846494385376262
0.4711383203670123
0.5858973700308489
0.735018832371354
0.9222077435193087
1.147978894666663
1.409398635528198
1.700548339179406
2.013644577535658
2.340339305611676
2.672585386384514
3.002841891033601
3.323834972351729
3.628050753882132
3.907062263797144
4.151056659666748
4.349144814520543
4.490685457297344
4.567182171047933
)
;

boundaryField
{
    inletLower
    {
        type            zeroGradient;
    }
    inletUpper
    {
        type            zeroGradient;
    }
    outletLower
    {
        type            fixedValue;
        value           uniform 0;
    }
    outletUpper
    {
        type            fixedValue;
        value           uniform 0;
    }
    sideWalls
    {
        type            zeroGradient;
    }
    topBottomWalls
    {
        type            zeroGradient;
    }
    frontAndBack
    {
        type            symmetry;
    }
}


// ************************************************************************* //
