/*--------------------------------*- C++ -*----------------------------------*\
| =========                 |                                                 |
| \\      /  F ield         | OpenFOAM: The Open Source CFD Toolbox           |
|  \\    /   O peration     | Version:  2506                                  |
|   \\  /    A nd           | Website:  www.openfoam.com                      |
|    \\/     M anipulation  |                                                 |
\*---------------------------------------------------------------------------*/
FoamFile
{
    version     2.0;
    format      ascii;
    arch        "LSB;label=32;scalar=64";
    class       volScalarField;
    location    "5000";
    object      p;
}
// * * * * * * * * * * * * * * * * * * * * * * * * * * * * * * * * * * * * * //

dimensions      [0 2 -2 0 0 0 0];

internalField   nonuniform List<scalar> 
4096
(
2.081921190400405
2.151900487376708
2.287849867278923
2.48993183126016
2.749628120634644
3.045433423077174
3.343710640693979
3.603832860184513
3.781862364630591
3.820244951407979
3.804755444717504
3.810246814801269
3.811897725075854
3.812594015247735
3.811321898678726
3.808418671105835
3.804441827779238
3.800152111920998
3.796233613128164
3.793282922129403
3.790925037080602
3.791419642647746
3.779408772469424
3.799842997913537
3.863470835935397
3.886270990290244
3.865201207052899
3.806509670762933
3.721518651822824
3.624483563585978
3.531081673067799
3.456894341996218
3.415721357329626
3.417826087990077
3.468400078024095
3.5666542211456
3.7058805094396
3.874489444996306
4.057564542496411
4.238336004349306
4.399394231399234
4.523863835358055
4.596524440886809
4.604668488517658
4.538803756709417
4.393565544789137
4.168834189095469
3.870510565552838
3.510407092370197
3.105160854813036
2.674440157461227
2.23880366521432
1.817538434593153
1.426789236360798
1.078272223705617
0.7787624847778997
0.530355395894859
0.3313106518319557
0.1771885758752018
0.06201307811606291
-0.02069675731580726
-0.0770734198340612
-0.1122212617545932
-0.1297157770964376
2.151198835932865
2.216162639551028
2.340279554897766
2.52284501141928
2.758527631818062
3.033026445033074
3.319120648478313
3.57853331509342
3.771271452892572
3.817231847286274
3.799983414395119
3.806263200350246
3.808013755905679
3.809305174658527
3.80895058473873
3.807280403906868
3.80468315323392
3.801747037007631
3.798992229517938
3.796994886845008
3.795219002209142
3.79716735743435
3.783896452928404
3.818262682049819
3.905246299353344
3.936341041223301
3.916994788798543
3.854789541178458
3.761008380761632
3.649977667564541
3.537888007581619
3.441389739051156
3.375964207008868
3.354135914265215
3.383717137475629
3.466417282616941
3.597258807655085
3.765160817746165
3.954585403334887
4.147471778512125
4.324635456672778
4.466770156175606
4.555662549422669
4.575498761790427
4.514487618613506
4.366749888384695
4.133689663494476
3.824097338706276
3.452995246390478
3.039723348983723
2.605704698906708
2.172147573635541
1.757919511697627
1.37789263327824
1.042030319536259
0.7553121728504172
0.5183705815001922
0.3285576328165573
0.1811298835954971
0.07031353821354971
-0.009858019564915197
-0.06491817276082353
-0.09947474588166244
-0.1168050969886621
2.281073102974626
2.3402816614433
2.447732055904713
2.597097587585759
2.78638972717606
3.015780364429721
3.275408912680964
3.535782920392742
3.757672328189241
3.814483716300808
3.79418004006554
3.802728571441597
3.805134982245725
3.807290587190705
3.807748435949957
3.806948815479319
3.805237917745793
3.803162251185015
3.801181608153274
3.79994655959252
3.798670746170349
3.802712681773945
3.785424386351066
3.837938765661045
3.969503890010455
4.022764987647562
4.010255117596032
3.943053931483762
3.833675435595465
3.697158325860858
3.550819233771277
3.413255962516846
3.302889842032151
3.236179051411518
3.225608625592829
3.277632853388223
3.390977048706929
3.556067758709342
3.756351909310297
3.971121869366679
4.177837170252142
4.352764529774765
4.471908891595438
4.513226339315159
4.460559570097971
4.307539591612544
4.058947035526642
3.729138922367336
3.338985234987424
2.912631895774567
2.47453680114897
2.046856532857501
1.647393585706132
1.288427719634245
0.9765887460234647
0.7136137478882693
0.4976139257406575
0.3244534123145836
0.1889515335417972
0.08575903703695201
0.00988022407025904
-0.04307700829036951
-0.07674753544147822
-0.0937730343138385
2.468455048978837
2.527828596801998
2.622777769268503
2.733460472666802
2.857137083986075
3.011092207452379
3.217283994395028
3.473856288977561
3.741247398609048
3.812283971727204
3.787859682774141
3.799743406427583
3.803469890894048
3.806710414574393
3.807839911283108
3.807514029210177
3.806168231413286
3.804426900060858
3.802786244740495
3.802026101933945
3.801079867272893
3.807201683274186
3.784130202974021
3.856542501705879
4.046627973556001
4.134660985547907
4.135845626170306
4.064225527378142
3.934425890241354
3.76312906752749
3.569548236868574
3.374967235210112
3.201568166905449
3.070729427986659
3.000920379797075
3.00522991422042
3.088583450920405
3.245232815319817
3.458205601216922
3.702459752967
3.94992233436375
4.170746266821989
4.332040765633359
4.402124892427673
4.359187972175749
4.197629953493164
3.927928365383727
3.572261721998107
3.159293614300158
2.719491041322944
2.281089692113013
1.866903644305037
1.492481517935623
1.165913803231438
0.889033276784172
0.6593320795769813
0.4719084102548516
0.3210286932666098
0.2011873931973621
0.1077049134971156
0.03692859665597346
-0.01389381978035273
-0.04690661653905816
-0.0637874073876518
2.715894600675487
2.78376778070754
2.873716522623029
2.950597754658331
3.004758223737519
3.056000950615414
3.159179713313171
3.3782200690467
3.709716732942563
3.808670710181715
3.780039477901775
3.797348581080027
3.803240620488717
3.807720686769342
3.809295125247048
3.809000206790885
3.807489323765306
3.80555921069578
3.803817859910441
3.8032153007882
3.80238556588991
3.810658261451243
3.780931366638711
3.875592919317115
4.13178469856317
4.26272009026084
4.283065675716473
4.208294429826254
4.055182728367365
3.842700350223719
3.592605796625125
3.329345278079662
3.07914860818112
2.868448362231562
2.721870535137446
2.659909124900293
2.69595543924818
2.83210774113812
3.054567536200894
3.333113776250996
3.629391099078619
3.90506316579218
4.114455931543556
4.214311026880418
4.179159330765701
4.007054621097605
3.715514696750585
3.335056217713475
2.90294403647493
2.456814417166883
2.028674011059119
1.640786384078843
1.304552211896632
1.022150837586221
0.7896422227003362
0.6001095429388937
0.4459980406501586
0.3204846000914608
0.2181237533029396
0.1350909000431343
0.06918823438032888
0.01957951862120456
-0.01382612887320672
-0.031177044393183
3.04582502916
3.115147359425476
3.191799764912151
3.247188125922016
3.25858703050809
3.211358136848064
3.15321427061753
3.236432745535869
3.624088626681091
3.79881631564575
3.770814200874075
3.7964332683427
3.805487854474263
3.811069395624775
3.81256510792986
3.811619822472158
3.809229188794196
3.80644507847789
3.804056763254162
3.803206115860571
3.802211787743958
3.8125960895297
3.775576420108719
3.894429629879476
4.221670426390602
4.399059605434948
4.440668162098435
4.362968569735115
4.184834097260091
3.927820343624945
3.616546818930763
3.27866393568031
2.944086705095674
2.643556723331888
2.406845320594883
2.26092694428942
2.228011869974178
2.322024312836165
2.540746677990946
2.854433986324405
3.205856341606065
3.537059600320934
3.786026532738877
3.90416500037535
3.871775461080047
3.69284993118505
3.38891429272604
2.996234005555622
2.560235287518337
2.12570810841407
1.727169692383745
1.383900001161838
1.100806769996508
0.8729839429409639
0.6909141017838913
0.5443570869730719
0.424432810481734
0.3243129073871598
0.2392038493040653
0.166192254565198
0.1042254686987298
0.05412071993138375
0.01819896479182255
-0.000996075717323534
3.524061416086116
3.525238668659709
3.542823115870714
3.592473468077752
3.61290978622588
3.528930023776756
3.318810874220614
3.131164937772825
3.44927342698552
3.77216457627451
3.764182095836124
3.799783749668586
3.812275323597255
3.817978556021982
3.818290751543277
3.815624878432576
3.81136860312636
3.806870901001641
3.803167530688824
3.801579115303579
3.800103484836399
3.812468042705111
3.767834313233066
3.912011168390271
4.312410960513402
4.535363880632396
4.596277043245639
4.513710415532993
4.30918377925667
4.00720343038769
3.635349477223006
3.223967984452472
2.805409968736323
2.413001026508425
2.079803972520612
1.837239309819806
1.71397824088465
1.735219841830335
1.918805743705188
2.256554441032718
2.675278139878448
3.044874941861428
3.295213313234883
3.402044319859737
3.368457260579592
3.19869327634192
2.908271136341073
2.533861183793923
2.126867276860537
1.736843835438676
1.397197583954868
1.120797083329916
0.904559692567805
0.7372845995435756
0.606085967950809
0.4998995714763413
0.4105684924515656
0.332598370535329
0.2624811043624092
0.1981761185313522
0.1391255162094122
0.08683545650100302
0.0454496951339898
0.0215025252093977
4.277627345197649
3.990916760722214
3.886724565482089
3.947607239679067
3.999648547066752
3.955896957979376
3.764569398552056
3.385479135864591
3.365199083719867
3.756751756216403
3.782172155257204
3.816610686291146
3.827588885697617
3.830137219239236
3.827131364214489
3.821162994799686
3.813734250143882
3.806430595502563
3.800618807961672
3.79772643247958
3.795439820700207
3.809553579604174
3.757442746001789
3.927009070878625
4.398533878917033
4.66136414994691
4.73540517350848
4.643407398124173
4.410882531316167
4.066243109507143
3.640241570787822
3.16480906190444
2.672294340610281
2.195584815268888
1.768462044452603
1.425075504991128
1.198279239297618
1.118668035512472
1.21773166673005
1.530062325789594
2.037719008050082
2.393540968814894
2.562087485674013
2.615210435071866
2.583713045258988
2.454131801729708
2.225149117906397
1.927187722745296
1.609328225571309
1.316616708512294
1.074209920929901
0.8862780570655608
0.7441466553490067
0.6350327765788536
0.5473962403884505
0.4728468562704119
0.4060378835874878
0.3438330629561031
0.2844126690977575
0.2265837742482378
0.1696973929695114
0.1148231937082788
0.0664283528368588
0.03190513327246621
5.416507153293236
4.488748367681822
4.2603696983735
4.287644046548874
4.297218118652895
4.269072493656738
4.264404275066923
4.243052725959959
3.968611460732639
3.842643870403895
3.863600725286037
3.863154721360565
3.857305346858431
3.849528185108753
3.839646707359321
3.8282339610999
3.815964130684792
3.804473800260375
3.79564380120631
3.79082453993952
3.787422035946586
3.802951773399017
3.744137112917943
3.937526381311487
4.472335681229119
4.764134702462198
4.840987398917997
4.732209458205563
4.46961337980462
4.087528279270226
3.620269084925311
3.099464357032151
2.553780075800492
2.011292024409492
1.502806597948372
1.063704869143105
0.7323871364551803
0.5452685326209179
0.5317299033457661
0.7230683475097579
1.234321422834194
1.503640685936563
1.480987959959258
1.45140366761741
1.422350637741522
1.36905155845089
1.277770577348333
1.158602524550429
1.031439907019468
0.9130416943854609
0.8105880962960125
0.7241366229303456
0.6503622539934111
0.5850622995281973
0.5247568629632522
0.4671375174061236
0.4108957208541729
0.3553746404087632
0.3002406036790481
0.2451057504000901
0.1892845095088066
0.1329384449245149
0.08221067953311814
0.03052279673041816
4.873370992619156
4.583781389001021
4.485952350923249
4.425570135827834
4.373779401977789
4.326665468310089
4.295609417662591
4.264199037968823
4.169350203533428
3.995789030436789
3.946952527110734
3.912441620994109
3.889301008206441
3.870634450832192
3.853285279394467
3.835566530419788
3.817055521804652
3.799847319703351
3.787100475263473
3.779755124167727
3.775037988074529
3.791581235081736
3.727660124013167
3.940744387082983
4.523668623286227
4.828425448463902
4.893648978262682
4.757735057419269
4.463000380365378
4.052662437523385
3.564173555774505
3.025719826095691
2.458016613177184
1.879728239343644
1.314136882084737
0.794753845761796
0.3671276463048835
0.0853054022750091
0.008376860203635639
0.2142152506361472
0.8471708056194428
1.14725845737884
1.055837581794691
1.052582908285335
1.028640114714381
0.9983155543481955
0.9577253160856201
0.9075591548396242
0.853135556708714
0.7983953579389557
0.7436729734331713
0.6887844042852856
0.6338222775283783
0.5787997361100088
0.5237545058529099
0.468700427440228
0.4136531313886707
0.3586208097032649
0.3036011765591538
0.2485557926132669
0.1934038659545585
0.1379333589591585
0.08356078231109365
0.02832742401447358
4.569604846412123
4.475950147461402
4.424396213246647
4.376432349365238
4.332557363914988
4.286368239061188
4.239699418693409
4.185888593443514
4.109018497273113
4.020485437375431
3.976406587131989
3.939836551831902
3.911971201225542
3.888168605729883
3.865893975995201
3.842354413978155
3.816167688737528
3.791128447946342
3.773560052331664
3.763145639690448
3.757111788139127
3.774296352053403
3.707761558473764
3.932366701340765
4.541041969810662
4.838261697002705
4.872018546157605
4.69555120851146
4.369109484222432
3.946328580042361
3.464025425794054
2.94230383976553
2.390778329685729
1.816306513425629
1.231172285814163
0.6623707682481752
0.1610475236804186
-0.1919466280080137
-0.2872652271329938
0.01061779783136248
0.8597841304314093
1.253465920332952
1.164560240336683
1.179846632359532
1.15622958841344
1.117484034271853
1.061014811745334
0.988058400653545
0.9104656865034149
0.8370185628625629
0.7684481779012849
0.7037980559906569
0.6423618963459244
0.5832246798313038
0.5256604386168425
0.4691049742775366
0.4131762429734785
0.3576303256977721
0.3023144964215129
0.2471219837114029
0.1920119167351748
0.1369384256410328
0.08254234450300395
0.02808067271688762
4.494283131877739
4.454465454963938
4.422516144125487
4.378738249773777
4.334294033988031
4.286873522795368
4.237733633803735
4.183905751065886
4.119312010145241
4.050578057540278
4.002876094236129
3.962973357217078
3.931275398203686
3.904123681644931
3.878696059241955
3.849580097724204
3.812807587222327
3.77613092009755
3.752894117124223
3.739100043918037
3.732214469148945
3.750086437437791
3.684238511174464
3.907831015791077
4.516693670227085
4.778425682733096
4.751332434719631
4.520858603412779
4.172312433058011
3.763026840864321
3.319934629358342
2.850592363053082
2.353858327440601
1.826902150097003
1.271358923207249
0.7030635985441602
0.1686300666722382
-0.2348643690930437
-0.3552846342149097
-0.02002302558748122
0.8999206153912116
1.25089106627506
1.147047167345793
1.163382744977786
1.139837628190879
1.101367723977532
1.045231285152083
0.9669756356697622
0.8864762725533399
0.816881225733634
0.7543811309207445
0.6948047732134429
0.6370417649770092
0.5802787641911858
0.524166895987728
0.4684558450605882
0.4130003288088353
0.3577118068337488
0.3025339904851515
0.247423852003506
0.1923758701152922
0.1373566250266883
0.08268190512514902
0.02806576967970274
4.492834023414356
4.453171313085685
4.420989108004532
4.376739962405082
4.331555331421079
4.283166313544681
4.23266912970576
4.179422361733549
4.122028191610013
4.064404726430647
4.018269222351994
3.97899316325103
3.947058225947425
3.920125162427796
3.895457411934238
3.861940546614802
3.808963048270761
3.753101885708288
3.723308919938446
3.705926297321099
3.699280714573288
3.718963896690105
3.658331112666839
3.87383630541719
4.455746139113725
4.62895229018996
4.500354374318698
4.216048991975438
3.874415606590402
3.514631560214279
3.143212214121752
2.755487382388293
2.344456517631619
1.90358212636185
1.428969579135764
0.9246879451580522
0.416987691789127
-0.01682190971682151
-0.217117241844016
0.0393662650663576
0.93160467978022
1.267326676016616
1.169773006994944
1.190135917623451
1.16860643037324
1.128114615061773
1.067129279145119
0.9678642109345521
0.8705938435097911
0.8004149453747379
0.7431243614829716
0.6875722864060108
0.6325177072340843
0.577425967860881
0.52236425743755
0.4673069985644276
0.4122577102545107
0.3572219476625202
0.3022047815887745
0.2472009696799921
0.1922287603599716
0.1372695533990031
0.08265099781167307
0.02808138537141372
4.567015589942647
4.473904933467722
4.421840542056252
4.372560023830225
4.326577470337005
4.277487604151603
4.225668992542649
4.171694034292691
4.116249876185517
4.062392432134783
4.016586188289958
3.978260622452209
3.948777001696007
3.927257442786253
3.911168015376334
3.875841007728258
3.796312758054821
3.707938907574349
3.675864988378902
3.658165617835108
3.655411702392031
3.680578885697324
3.635701808028076
3.876112319651135
4.365544007914583
4.343208177923319
4.088516461261209
3.792081389955615
3.508281033642631
3.233115653757034
2.954660358248806
2.664446008845256
2.356248381114607
2.025226723502448
1.668575496366876
1.285761646855044
0.8793198496133668
0.4694485757125504
0.150416899982448
0.1780375401675525
0.9285420246079152
1.278721802528024
1.20257204497454
1.229549737687178
1.21436050138851
1.175714774656665
1.115220202872743
0.9765915980833328
0.8472808788933982
0.7776355420792775
0.7316658930944181
0.6830534910261339
0.6316021871113079
0.5780356120242733
0.5235035306688722
0.468508496360708
0.4133154806105636
0.3580705577689524
0.302845882751459
0.2476552423688682
0.1925193320683301
0.1374175597381568
0.08300478520985184
0.02839677886811058
4.861955634756772
4.574014306715564
4.475200243403811
4.412524114947988
4.356670678170373
4.301869570078679
4.249573040751237
4.199626926872865
4.151507361665455
4.105987712563619
4.06565130315725
4.029893373211243
3.999974359321874
3.979451241304765
3.97998664132452
3.960841412896266
3.859319092640031
3.664299710167232
3.619601131304554
3.598882000456321
3.600986803935766
3.635126412422151
3.634655647348651
3.984178457942649
4.160238780470041
3.835802858546198
3.533477701838531
3.319702288627552
3.140093700108855
2.962375604747308
2.778227617773241
2.585355517390539
2.381232861517051
2.163782682311346
1.933643306816001
1.694838974939937
1.447581605077245
1.168557780890847
0.8155991287109522
0.492316536636591
0.8325922795158021
1.270548112277884
1.249555195855818
1.286479895106702
1.278975954016513
1.238821291032688
1.166931867837277
0.8920064748243796
0.7343831301627919
0.7018094786165822
0.6904413481265301
0.6532170670390449
0.6076063627925237
0.5590575737180399
0.5090096306594396
0.4577304480643005
0.4054709508886107
0.352475312435072
0.2989397410950319
0.2449815459311548
0.1906499386166435
0.1358448832316629
0.08210142188210523
0.02738605886366886
5.426037650518098
4.496580712437958
4.26529622129705
4.289381530639816
4.296059521847912
4.255528973842244
4.193925478246706
4.124881191208936
4.05339192057715
3.985244896676609
3.927414652542424
3.884136875401749
3.866374955574555
3.908228186578688
4.045606875584251
4.099110323776588
3.605472609882808
3.462033288848611
3.493336859227541
3.50303097527611
3.518863608768877
3.557495615894062
3.617131269460454
3.996792638188335
3.538627445032302
3.110538111012868
2.989611940940221
2.928596580316161
2.844603019354082
2.743568770005491
2.636409418161533
2.525582172018286
2.410298587661228
2.289897678918901
2.165571653573671
2.043803563173781
1.940598425482058
1.864402523947914
1.726956794786261
1.273424498559523
0.8335888963235487
1.276078478844821
1.333125296884302
1.378390580544707
1.39262636789259
1.396135346669039
1.431301092001764
1.211338123683321
0.5633422327989883
0.5885379692138646
0.7049226762642306
0.7082996667680341
0.6581882720720954
0.5981234488239199
0.538541179199711
0.4797273842652537
0.4214262578933735
0.3637595124802842
0.3067816419732076
0.2501917689428987
0.1932815723478584
0.1362028070307171
0.08506268980988911
0.03242172058466979
4.364539919070234
4.070694001016808
3.959509460555247
4.014688053217339
4.06769473205161
4.051793888274164
3.974678031592894
3.857724453824207
3.720715906271011
3.584799192473195
3.471780255681967
3.401586672252098
3.394556665933749
3.458595397123591
3.513583577423652
3.315807860433701
2.990779635081152
3.318505959520107
3.356664262311174
3.391501292993408
3.40133325215079
3.401226729469819
3.437634702274433
3.216212699578778
2.601544255790206
2.627741917892958
2.732562933456691
2.726866631137523
2.673202094639112
2.612497600928929
2.552670551807978
2.49283787762913
2.432460621963692
2.371705582881904
2.31045102870956
2.248920552155077
2.196844289320204
2.195784016765694
2.303284887020054
2.319024315374313
1.673173557584461
1.461701069589619
1.504451072212083
1.512160411029638
1.527106629443296
1.570341445695426
1.622379605909378
2.059971231254908
1.617095082792512
1.176807082016234
1.056321233016539
0.9952164863669736
0.9060479505228838
0.7995969968633845
0.6933615790268447
0.5944390007282225
0.5042590251349033
0.4222978683091308
0.3472965449954006
0.2776603544484755
0.2120298662008386
0.1507688277501006
0.09767944730449662
0.05974550469227789
3.715289299682348
3.708107412473712
3.715323479225933
3.761098075497822
3.800597553319306
3.785639698109728
3.702494359827003
3.562864112814979
3.38911230962206
3.207239372135059
3.0429297075709
2.916985831192124
2.836531218978267
2.777824284780299
2.685954233888359
2.598595402469834
2.965029178553916
3.314831010529748
3.284440353206985
3.311472215613172
3.300447523598586
3.259428610256759
3.191946063516233
2.933558325549311
2.770652288139924
2.738592615800823
2.72407728281253
2.684373799729988
2.637190491949338
2.587917875447125
2.537941253159767
2.487600912696458
2.437277642432792
2.387365275277479
2.338195446145274
2.290048096331077
2.244270913427599
2.205893215297353
2.191583983233614
2.155248118894364
1.996524503808936
1.729244563299735
1.664116272993247
1.6284922736002
1.622600347467558
1.659549763975503
1.635507960077883
2.075503419357092
2.42390102359893
2.114433338436541
1.783979914317334
1.534174297284398
1.321857845819239
1.124129923184466
0.9420429994055919
0.7803998181342374
0.6404699069111333
0.5204557080789828
0.4172558474773954
0.3277794520680815
0.2500197409784871
0.1841685930772739
0.1334857754568317
0.104356251069167
3.365557131648107
3.423599355587622
3.484146816616338
3.528752483435665
3.545275875617317
3.513523937012476
3.42024213189806
3.268486324808956
3.074436307691543
2.860246210844621
2.647554709778527
2.451552487516242
2.276906284122953
2.127419083455658
2.054428418117467
2.240536197484151
2.994068978554103
3.315493714712548
3.238634854042571
3.260360183604654
3.243138751159147
3.203305221105685
3.142906839511546
3.006054159497952
2.874008100347102
2.804414592084669
2.756681812039826
2.706486570580559
2.654021509416956
2.599947661830521
2.545178381134099
2.490037129888639
2.434736468557228
2.379491342166808
2.324589768408308
2.270496967140379
2.218249110816734
2.168392118900729
2.12062249918378
2.04967154388448
1.921401085873406
1.787637942811122
1.7322012041362
1.697347855315062
1.683863827593408
1.711810945634412
1.633305968079736
1.990490129015684
2.759977907081955
2.80952498750888
2.524792413442576
2.163710701707939
1.81944802011943
1.511014679537428
1.24070477778801
1.008548761841502
0.8126657024881826
0.6492046468698998
0.5134524931377072
0.4011428606211538
0.3094968168070834
0.2378427084029365
0.187557719556164
0.1608315926032991
3.179429227489124
3.228509035599539
3.286154089051069
3.320852540857706
3.317461098259817
3.266127903432463
3.159776466097477
2.998785990404868
2.79250479113094
2.556028105733077
2.305671107498518
2.057013589590385
1.831101474523496
1.675942454527531
1.698765315243546
2.071690437504006
2.969480001923531
3.30207528014384
3.206322983484848
3.224987726060023
3.203313511035975
3.1624725999955
3.101035051674053
2.997713585139939
2.894898890017301
2.824197086498283
2.766452758320902
2.710394600365937
2.6550357903528
2.599836815393597
2.54478495868914
2.489767172920096
2.434742454858115
2.379696062693711
2.324620668964447
2.269486170519574
2.214336968723882
2.158628690626889
2.101191778689134
2.031531229453341
1.936542787685135
1.84137374442995
1.784356520931696
1.746986423133559
1.726949322127812
1.748522765446366
1.648490480119039
1.992537100346769
2.911966280024227
3.205603062727837
3.060536547996373
2.702122322204625
2.288656217945871
1.895715629348207
1.548899412918013
1.252784027052829
1.004653079923157
0.7994144401588302
0.6315224060670477
0.4960943950296268
0.3896099333871502
0.3100992051290318
0.2567258036018018
0.2289513654971412
3.076319226468698
3.102906652141472
3.135139649750949
3.148551687735425
3.125835525169339
3.057709837136871
2.939714507348206
2.771862784963218
2.559512741307367
2.313076439512103
2.047615755945707
1.785711935051533
1.566706941371599
1.460355082244891
1.572632757058158
2.029349538717322
2.952100936333934
3.289758635722398
3.189549284221513
3.207025122912628
3.185181497309712
3.147026453847196
3.089684952447236
2.998795645378627
2.906160191081947
2.836128191247041
2.774780522251635
2.715563909115787
2.658068969386102
2.601546395422299
2.545604149042486
2.489904589240864
2.434240017766805
2.378453105179743
2.322372712943334
2.265760040423901
2.20829552554575
2.149229540617227
2.087581171289062
2.019525602607568
1.941632796750619
1.866863484958838
1.813972172307211
1.778115566776128
1.75588795847909
1.773590093656569
1.667164931620736
2.02542351597228
2.980036172545952
3.374083308727152
3.337779671525394
3.041765641332011
2.635843771402387
2.215705783933088
1.827805647121642
1.48868860299177
1.200841520079705
0.9612950471730606
0.7654607195390429
0.6087826809224997
0.4874342699595827
0.3984620152065772
0.3396003667638475
0.3091191575696155
3.015350641446696
3.022906403888614
3.028629083269863
3.017822366484963
2.976435160624223
2.895218215404277
2.769856332442191
2.600209667827135
2.390541188521665
2.150666528030629
1.898230107557677
1.662907264939506
1.491873560588277
1.452416252969408
1.626666661630589
2.101653665462457
2.968926225091647
3.282666336949385
3.187957665662934
3.204740065343883
3.185753411556726
3.152712300287318
3.102760733458576
3.009642800701864
2.91389673098397
2.846741670027533
2.784749579461215
2.722309726622793
2.662055240187592
2.603754175899466
2.546745138529143
2.490332230586828
2.434023819319641
2.377411828636901
2.320053675651821
2.261387354777023
2.200736798276218
2.137263702533397
2.070355047389558
1.999182253391292
1.924487353419072
1.854752228578203
1.801110091261648
1.764557871924944
1.742068446956614
1.758810330522558
1.666828827825114
2.066310589045022
2.963124824021865
3.348270835046534
3.370090286677256
3.157484229452973
2.816988687068802
2.429034807663588
2.045412607781238
1.69374732185517
1.385669235098929
1.124049899515408
0.9076598669025636
0.7336762162180647
0.5988875048041394
0.5002189609860419
0.434991937254083
0.4011930750965325
2.976197004622163
2.971063106426866
2.95726777494669
2.926937911045147
2.870848141622596
2.781535982949697
2.65507725292386
2.491667625064289
2.296370624272373
2.080816215673611
1.865739652246788
1.683454108167878
1.578391382984403
1.603771722375766
1.815314220154995
2.267447021678029
3.016370539427485
3.280885232080971
3.199131327631797
3.214810057030102
3.199584806432166
3.17047084238102
3.121161273790428
2.97077692332408
2.843142452155656
2.800355574101101
2.760163107554564
2.707362616870292
2.653001955807292
2.598498242569871
2.543721026965593
2.488643184707998
2.43342128591127
2.378197425050499
2.323079021274541
2.268162724584973
2.213571646793014
2.159418534547795
2.10590458841776
2.052937905175947
2.000823995942453
1.953270460646718
1.915154734125644
1.886940391672372
1.864305428985899
1.862498013158442
1.767851024367497
2.087735128966775
2.79563888661103
3.121147304203751
3.191716484918873
3.077861618533648
2.836777480634514
2.523030258512811
2.183094259721441
1.850243792688815
1.544606086704649
1.276376201888185
1.049452441553902
0.8641935979470193
0.71916767539875
0.6122071203612756
0.5411047996579852
0.5041356285511297
2.948455167902548
2.936371001750236
2.911508103684512
2.869901959072465
2.806330288872168
2.716020176125936
2.59651410187356
2.449163047189195
2.280519297668258
2.103963356442773
1.941167573441139
1.822214463993232
1.783135726607932
1.860916037569378
2.088089952080553
2.489619716552136
3.082369742584795
3.284470515094984
3.221389338934136
3.239096558704871
3.236886329956519
3.23505134892339
3.240611591395073
3.124232015490755
2.922492500664799
2.878418315934973
2.832882641115692
2.748191711738469
2.670527638114888
2.606345709601404
2.548359389858641
2.491930486495647
2.435479522278467
2.378109231840129
2.318460617476731
2.25426879603095
2.182195617011091
2.098229350559158
1.999157515110128
1.884921744872924
1.762227649814788
1.647048452365765
1.558452161682528
1.506056009943002
1.476002562940984
1.445972255223146
1.432981635821655
1.752778216880959
2.369531866660218
2.705143075837676
2.85900324132193
2.857087384917163
2.72786145567432
2.508391628241851
2.237377320002173
1.948398408101772
1.666486713098593
1.407968260741795
1.182139342876819
0.9933863287521013
0.8430244836798295
0.7306874901245819
0.6553347050007309
0.6159540864175133
2.926639323670822
2.912148808942794
2.883763496951197
2.839667163750417
2.777395241079283
2.694757825862026
2.591297987320449
2.469880770582446
2.338134884914724
2.20956186723191
2.103829426073478
2.045461230203111
2.060459971759277
2.171397794832491
2.392312762789452
2.724330331418131
3.152030173403294
3.290976582544737
3.247817029526719
3.268013030097647
3.280910625544405
3.312371489942517
3.339471125022755
3.672097089330451
3.715114147824347
3.351665550152176
3.074032721155658
2.882992379155473
2.749586364697297
2.653467517778898
2.577641988387876
2.510305502721599
2.444158624868677
2.373553870874026
2.29201970964918
2.190725112696636
2.058058045359282
1.881250822206094
1.651372595734723
1.37172763145843
1.065914314842256
0.7771270596220933
0.5531104251582168
0.4244005669880806
0.3924974611262899
0.4520667018908784
0.6497074655335635
1.077369839016191
1.705789056038538
2.169507053328294
2.441241670483005
2.551378615426583
2.530196010616903
2.408100901933659
2.216959590063631
1.987406798371245
1.745579382274193
1.511353368550912
1.298304951091763
1.1147497031291
0.9651577432740031
0.8515088925209738
0.7743994327899409
0.7338428240771766
2.907900023244694
2.894376324991124
2.868445415272147
2.829591302558576
2.777183383719672
2.711019981562368
2.63235420324771
2.545121375557013
2.456908886045996
2.379329785036639
2.327561203470824
2.31875116676208
2.36916248276842
2.490102058214412
2.682963490960755
2.934274991392674
3.212257072949552
3.296760347605905
3.269515863174199
3.286209436613136
3.299493581182004
3.330250546240794
3.339995076307186
3.585234658335883
3.765621960462465
3.566214787595952
3.28292596751004
3.043862458243835
2.86585893535355
2.734416040334706
2.631698565349827
2.542732145561589
2.45567715865007
2.360137814333195
2.245161031822362
2.098040020478634
1.904804479121567
1.653298523059242
1.339256155070144
0.9739171484117031
0.5887124063049295
0.2314131550246011
-0.04723391407354608
-0.208898629201653
-0.2327381877585823
-0.1046485807806352
0.1913269206352604
0.6409805932793333
1.175397604308264
1.656639801921302
2.004783799167867
2.207693372721045
2.281251536814052
2.249264554625895
2.138020122109202
1.974114275551281
1.782218409315323
1.583167145857308
1.393013228657266
1.223098259628824
1.080794780015046
0.9705135934782215
0.8946774009984355
0.854492613063054
2.89094826887734
2.880689682331361
2.861454382897027
2.83370943855532
2.798132342091877
2.755822286338385
2.708897126243755
2.661296043096825
2.619224658912478
2.590810852103414
2.58518508173195
2.611296029144901
2.676554186399987
2.784573948303764
2.931118177550498
3.099298558584509
3.257900133186378
3.302072205062091
3.28657101983963
3.297970576503223
3.306691970069874
3.324908061585567
3.319812643717695
3.398180911517541
3.549063683893136
3.531756340402027
3.372793800977686
3.171408836905161
2.985537845102855
2.830160601106432
2.700007546279186
2.583464103036522
2.467775907297098
2.340105891818236
2.187268924588991
1.995828084906941
1.753649698180949
1.453421272021868
1.097646382255118
0.7031973535745299
0.3024459008756
-0.06113076814801956
-0.3417663137209688
-0.5003196405718596
-0.5093508198074512
-0.3565976101763049
-0.05357517163708118
0.3560393108578249
0.8109277978097759
1.250989834942705
1.615647571583338
1.87220947451541
2.016181638350048
2.059200566482966
2.020124297223807
1.920509411665333
1.782000813910784
1.624424035640815
1.464499549932916
1.315292623594097
1.186319518349775
1.084069468459067
1.012675129996202
0.974523880390411
2.875453821989834
2.869775715298535
2.85971243782284
2.846628225262673
2.832281002920846
2.818565550406952
2.807518244286523
2.801729061309068
2.80469927115803
2.820190774343626
2.850803937052822
2.897424649946727
2.959787200072456
3.036937438463029
3.125694235775189
3.216349945778823
3.289527939421906
3.30723035588448
3.299929719230669
3.307007931575449
3.312275056984129
3.321620391868197
3.317462944344609
3.322042108436035
3.388656055852524
3.425461469159123
3.367761520481039
3.237123031833569
3.077626956315661
2.918212056303174
2.768247035987261
2.624585566477721
2.477977104006907
2.316641924949161
2.128149649581709
1.901033087681109
1.627059062295265
1.304310415836522
0.9403565420269175
0.5541283308911364
0.1751923665342094
-0.1598519082909666
-0.4128557330237742
-0.5502027191294656
-0.5493481431421916
-0.4064228975727837
-0.1419354521038311
0.203913722270617
0.5868805736662891
0.969069542872435
1.31149605789782
1.582612359213935
1.76685682831255
1.863926142328615
1.883650287516519
1.841273763124149
1.754219430717264
1.639899832001021
1.514210952292072
1.390615504854925
1.279772187800177
1.189591226349603
1.125534950622192
1.09098033415306
2.861575168236597
2.860939171446039
2.860869623388808
2.86353328655965
2.871670468083702
2.887826035087103
2.913469640884237
2.948635158164849
2.992605411593854
3.044308827402967
3.100323918467081
3.155314098370106
3.203713183683953
3.241634503696623
3.269455503638767
3.291784661842562
3.309243678761326
3.312192928454157
3.310399856494717
3.314770609913724
3.318181227544245
3.32298854231434
3.321808621386149
3.314632439969945
3.328682851020402
3.351388051912831
3.33274149886361
3.254844599129049
3.13067805869013
2.981647687906265
2.822402631913751
2.657406446399187
2.483301413403146
2.292371903545831
2.0755674172364
1.825136379484195
1.537159155610528
1.213898410128666
0.8654493079153276
0.510051308310318
0.1727565702653861
-0.1173394208691802
-0.3309374031801219
-0.4433954995895388
-0.4405799815475393
-0.3241772918545761
-0.1126009004971612
0.1651753354389447
0.4785467104403746
0.7996272396447972
1.101663822615975
1.360042961712077
1.557237505673311
1.685842141005122
1.747814069368782
1.751767526089876
1.710156254941599
1.637015541128325
1.546298556741458
1.450725814104815
1.361087269763045
1.285924461632685
1.231482417751707
1.201799181171018
2.8495048969758
2.853713481183922
2.86311986269086
2.880430331399282
2.909131405441455
2.952489007657783
3.011847192936835
3.084582937484968
3.163826337509518
3.24198756089878
3.310887766991048
3.363738396062744
3.39516008333672
3.399248972769398
3.374346954452574
3.335707748083833
3.315855068547276
3.316391891479657
3.318745216125284
3.321987357923791
3.3246926813497
3.327734199305589
3.327529617454001
3.325275093656377
3.325102755155321
3.326818039810629
3.309493227314139
3.25279021623157
3.151938165447193
3.015106617761024
2.853575733782472
2.674793498351137
2.480519100576302
2.268183612263575
2.033453418580551
1.772921704721677
1.486455659246091
1.178885161489899
0.8607452099107482
0.5479193102148342
0.2602628886607832
0.01940482195017166
-0.1541808878064747
-0.2447890790703811
-0.2452075581872492
-0.158940407753057
0.00081299877140562
0.2150715206842277
0.4630938382570272
0.7244638491088818
0.9796498694323569
1.210184133238553
1.400621537299708
1.541128364005808
1.628646123604911
1.666244375619057
1.661476212442897
1.624557709775398
1.566777460893269
1.499251704044567
1.432028959074413
1.373510048016873
1.330122619089916
1.306168295533625
2.839064645215859
2.847491597864289
2.864992352040284
2.894397816890962
2.939367639153145
3.003553622304342
3.089025476175656
3.192854163559039
3.301780186816075
3.393983835601894
3.459739656573195
3.499539452925653
3.516338704366441
3.50570372888653
3.455816808515915
3.368012552135713
3.30553725943735
3.317810215757695
3.325599755624087
3.329024260758836
3.331663968561962
3.334251665267971
3.333229121726389
3.337809976529675
3.344636287845362
3.336319810177847
3.30813795747259
3.249844335769905
3.154382590954477
3.022310786868989
2.859574358389322
2.672917717790265
2.46681985110524
2.242964068984112
2.001486151713197
1.742905134666874
1.469908573892462
1.188501764500326
0.9083109257435789
0.6420574341623504
0.404357237388496
0.2100079453700618
0.07189355584212991
-0.001229586607562662
-0.006447961367179871
0.05288531616225046
0.1682475699657863
0.3277814264729674
0.5178591405175754
0.7241424047660431
0.9323415475069853
1.128647525060323
1.300603596466713
1.438635328617885
1.537414239643574
1.596294792040049
1.618779675604419
1.611417426590996
1.582547859182689
1.541144582208553
1.495860541128015
1.454303267230231
1.422525895222184
1.40469691840972
2.829444328145956
2.841259461759959
2.86509432876959
2.903507088222196
2.959640680242955
3.036447031919563
3.135889604605981
3.257514320704304
3.390357229695271
3.479405227623238
3.522361590405168
3.539674944725398
3.544774368818437
3.539554079973872
3.511582176819148
3.425617780180261
3.303893244206995
3.321947703079996
3.334464315497894
3.337308686963378
3.33947894020327
3.341897936734087
3.338995652634675
3.351073548702251
3.373817850732264
3.363181005513513
3.322367570542158
3.250927381746109
3.146728108619923
3.009603228579867
2.842700991852334
2.651192529866638
2.440277155700865
2.214090047608295
1.975865648927583
1.728878446284675
1.477495039093478
1.227851586473605
0.9879473140944057
0.7671681405277045
0.5753701372293695
0.4216874001205069
0.3132683685458587
0.2542367343479568
0.245215450769034
0.2835553119597627
0.3640089354062604
0.479397304845786
0.6210932063048895
0.7794713920730013
0.9444063944863312
1.105742354918014
1.25385942619923
1.3805548016376
1.480068540026088
1.54980179831765
1.590432845430492
1.605463056932162
1.600415276502082
1.581916353355179
1.556822239570813
1.531469232648907
1.511084553175849
1.499360280747133
2.819138684678613
2.833536825593298
2.861997168168164
2.906491075022009
2.96925570809955
3.051827068875281
3.153640958855499
3.270939549610699
3.400913024429018
3.466593509122344
3.471209215467018
3.467959561206266
3.464886405593899
3.465752195295909
3.477032155990826
3.476508690757868
3.377949048905008
3.340325647999971
3.349626059931342
3.348475381728396
3.348517387737509
3.350282870942141
3.344891567705432
3.365190365447913
3.406441623986262
3.395448498578282
3.341741471463767
3.252239692323303
3.131081595202044
2.981262093981453
2.806308374170592
2.610769361020119
2.399722300012814
2.178138202987399
1.95067020497745
1.721895214179453
1.496725184438039
1.280681548435992
1.079861925256588
0.900581956469522
0.748780945150047
0.6293419172262938
0.5455158633962137
0.4986349219982388
0.4881923975137668
0.5121685732892378
0.5673470428123697
0.6494591040144135
0.7532236130524171
0.8724475538151344
1.000258482361083
1.129442197301818
1.252859121173691
1.363997935460054
1.457659439630175
1.530589335857353
1.581827227064471
1.612658638276947
1.626215972354006
1.62686250743735
1.619499826582936
1.608904333682753
1.599159055214047
1.593217684167274
2.806070278103712
2.822519467733005
2.854407214656749
2.902807269936571
2.968798885729988
3.052783056587691
3.153711226484029
3.268998194065376
3.396576917127503
3.444008282882683
3.430696563224239
3.430679523341424
3.428153134839657
3.426118805283092
3.426260367402898
3.42483940997569
3.402483392291769
3.371789848854776
3.365480476582755
3.359725597042568
3.357282953456071
3.358280986451406
3.350463796116378
3.378518961867311
3.436572092383558
3.423999940584062
3.356505416304925
3.246868178236942
3.104989856227787
2.938282561180921
2.752550361448983
2.552898981980251
2.344247353312663
2.131441327796279
1.919212625399784
1.712165852109494
1.514810604536581
1.331558257432198
1.166608326142904
1.023710905668088
0.90586043109381
0.8150248699063362
0.7520232428447351
0.7166112018016181
0.7077246764036472
0.7237326049786234
0.7625541767029558
0.8216135677524365
0.8977271810962451
0.9870443817898105
1.085108872585806
1.187043103672674
1.287822470166285
1.382627922975456
1.4672757015212
1.538664670607793
1.595118533399454
1.636510332688676
1.664132346802325
1.680354890753026
1.688160631045511
1.690645078764538
1.690557454259577
1.689935851058441
2.787894410483846
2.806346787640811
2.841410620843805
2.893036853462226
2.961101296542192
3.045428133008876
3.146082349640073
3.264228624185379
3.403006703064949
3.451360885103806
3.43820577956616
3.440503691234284
3.437909144080989
3.434045394526805
3.428378744625173
3.418361778489825
3.398146593349357
3.379802452831167
3.372244698930215
3.366550177518508
3.363535123210819
3.364488175327251
3.355071037483834
3.388767936333549
3.458329598757735
3.441456352027075
3.358665436590474
3.227895848020589
3.064253104007825
2.879445707800075
2.681991606023981
2.478129542007911
2.272826568696503
2.070457184937788
1.875095702416523
1.690557063235866
1.520324480477566
1.367434918235577
1.234345755859366
1.122800301738916
1.033728609661818
0.967234397231124
0.9227035410973526
0.8990179956755805
0.8947970407301177
0.9085639836530418
0.9387780101238764
0.9837485392418359
1.041504544214854
1.109696503842686
1.185579118977443
1.266083167447248
1.34795670088993
1.42795510253334
1.503072880523315
1.570801089694696
1.629361722640829
1.677851614701352
1.716247386372433
1.745266776780435
1.766122539772834
1.780226494222181
1.788903685478481
1.793168002502782
2.762496469939247
2.783486482828008
2.822664248172147
2.878768698029932
2.950474768051879
3.03711368854017
3.139577360071104
3.261037929030962
3.406324002342982
3.452176025902125
3.437018547163981
3.439006448489158
3.435809951985544
3.431053614345587
3.424169762752843
3.413211722033546
3.397458410377901
3.384156145430296
3.376488985875155
3.371040132721951
3.367806354697902
3.36874256485359
3.358616600401128
3.394898593213659
3.468010638677211
3.442465724987025
3.342088901090188
3.189788611813976
3.005146971761811
2.80316346558366
2.59449114654539
2.386483755471812
2.184360835069535
1.992099227202949
1.812945580331443
1.649616724377674
1.50431025621825
1.378632352471207
1.27351517719862
1.189170496921955
1.125111839694185
1.080263140750007
1.053146046241582
1.042103847578282
1.045497181156452
1.061815294574101
1.089685649236772
1.127808357064818
1.174863933828115
1.229437712514259
1.289983352336189
1.35482537524164
1.422188247243811
1.490241783642
1.557164054258543
1.621226641175681
1.680893817592366
1.734909331084822
1.782340610355928
1.822564967854925
1.855205687530017
1.880045078685865
1.896950083386656
1.9058430855819
2.72865353931042
2.753180924948524
2.798415707893859
2.861903033371044
2.940950143864842
3.033733729651697
3.140382359937728
3.263706071251066
3.409439274688271
3.454896292157837
3.439636465126585
3.441588398839571
3.438180434189472
3.432695232220493
3.424942765032978
3.411484627282845
3.395626898534795
3.38479969704049
3.378060420079353
3.373381452708473
3.370396755630074
3.371296256355472
3.361523884778297
3.398544407583116
3.464710077538999
3.423345214284265
3.302489880946699
3.129379409761127
2.926129796207792
2.709231064692969
2.490501493574246
2.278228151386137
2.078139489062862
1.89415892182401
1.728939830345567
1.584201082595698
1.460903412928229
1.359321185738892
1.27906897056095
1.219137711261233
1.177979564014475
1.153655471702396
1.144030453251984
1.146977024485654
1.160539329197344
1.183026068661216
1.213031638629048
1.249410546449821
1.291234587009282
1.337749666155408
1.388333443449036
1.442445532645851
1.499562061057232
1.559095531022662
1.620314173357084
1.682281478044084
1.743829163292471
1.803562731319494
1.859891106591454
1.911074904259297
1.955297117987789
1.990768241688129
2.015879831291982
2.029411269501947
2.686770528475242
2.715904597026866
2.769442133615476
2.843897732671984
2.934925347397265
3.038540481483866
3.152409957150995
3.276863074163916
3.415646152115164
3.458261564490453
3.443938472843398
3.445873301004596
3.442730198371626
3.437011235952113
3.429406312034482
3.410769061149697
3.390145702032798
3.380310313930269
3.374904273885864
3.371166010873331
3.368680898646189
3.369549578490873
3.362104885737073
3.400821647686435
3.446358615395173
3.38042213096591
3.237974729860042
3.047158928986557
2.829154901840027
2.600050293900884
2.372172931778442
2.1547922860236
1.95455258477564
1.775855764701521
1.62125520136357
1.491844741131981
1.387600932023728
1.307642023258113
1.250401095881045
1.213750920271237
1.195132891173569
1.191723432356707
1.200636874899142
1.219133950671561
1.244794432310986
1.275629430987165
1.310138797492568
1.347330448094998
1.386706840324467
1.428213109158547
1.472144888166487
1.519021437050945
1.569430386358843
1.623849956859832
1.682463492493177
1.744993362785962
1.810579613162739
1.877714562352984
1.944237978680098
2.007404085932512
2.064040161864826
2.11081621616599
2.144629794139743
2.163076378877344
2.639558602168329
2.673847852327415
2.737183766774726
2.825529377974515
2.932771350461998
3.051772669779158
3.176100410488496
3.30149131404275
3.426331213132206
3.462603233511899
3.4501334951004
3.452119136721532
3.449651897092036
3.44392573678509
3.437804357535822
3.406845366999097
3.38377454503244
3.382646583896772
3.383065489970885
3.381197501151552
3.379027284327421
3.378543089362639
3.372036470628494
3.394426304217884
3.402700063985453
3.309941267366473
3.150906964536281
2.948443410772231
2.720169771799613
2.481077651322867
2.244025675985066
2.019595868705748
1.815895507747673
1.638488186419068
1.490515537367098
1.373010155642309
1.285332655903668
1.225614805112245
1.191108806674036
1.178429699592549
1.183755180604649
1.203049502067952
1.23232721496509
1.267924521387018
1.306729774590879
1.346357820225009
1.385279179300774
1.42288986640173
1.459477871749649
1.496063259551119
1.534144820459991
1.575420317674263
1.621529158185196
1.67382067766685
1.733130318794733
1.799568844172448
1.872355460309618
1.949715780758716
2.02885064970871
2.105999162069698
2.176645631653724
2.235926972308323
2.279249262709089
2.303031370558803
2.592468898740537
2.631452539554173
2.704333264026717
2.807388388557849
2.933146323255376
3.070717753785617
3.208000046216647
3.33416638147092
3.440189050809888
3.467772913333372
3.458014984042803
3.460823768295002
3.460999461236277
3.459919435382393
3.469843704742755
3.430502720277839
3.328804885273997
3.329861392658099
3.34328674398885
3.345514307801961
3.343404431433182
3.33941504741261
3.332567679817086
3.336077132754903
3.319244098213199
3.214119954184012
3.049837938634932
2.8429748975039
2.608379703149862
2.360560737571347
2.11324695755188
1.878721706505937
1.667170013948019
1.486148475339255
1.340289330871121
1.231329584450775
1.158474979635832
1.118973480305096
1.108689819281054
1.122552024128739
1.154910431716374
1.199912070587528
1.251912500442392
1.305871484666756
1.357685768394337
1.404490288397084
1.444927085452146
1.479269818977861
1.509276728313899
1.537760527304774
1.568001942517026
1.603191556002246
1.646032212590377
1.698510265596304
1.761742143249997
1.835813718961823
1.919626388329353
2.010803767609727
2.105668329819568
2.199306865989308
2.285808250009321
2.35880013456317
2.412302174511691
2.441712378930033
2.553617576613934
2.595921796113716
2.676020626630414
2.791256509359012
2.933961300267005
3.090248791661846
3.241593695772554
3.368775674971278
3.454714182691876
3.47305289302963
3.466099363470316
3.469728890549031
3.472314245957684
3.475362775101706
3.489285989215215
3.503004185825648
3.372795243285793
3.288582477984373
3.2646427177531
3.260063935519053
3.258221753863346
3.254720679822347
3.248524774360032
3.236701591909078
3.204055660969861
3.106307671787429
2.947871612894026
2.742588389130891
2.50478222735832
2.248938777551411
1.989731152301565
1.741400016764762
1.516814768346435
1.326485082923461
1.177695386271868
1.073949936515374
1.014931938794362
0.9970360178875168
1.014247615885107
1.059013803750407
1.122964776149352
1.197582805951685
1.274850723892579
1.347786435756862
1.410922890719394
1.460873240279735
1.496843201540346
1.520761526066911
1.536846115748214
1.550700566373239
1.568214678726132
1.594580743817424
1.633667681180583
1.687822471469778
1.757936079062814
1.843498017839251
1.942528797371054
2.051519507081001
2.165467043262583
2.277996734330329
2.381689055506297
2.468798353036549
2.532327164903188
2.567116977677496
2.533016688848573
2.577483265941036
2.661453152503072
2.782491253140278
2.934312782672523
3.103756485938503
3.26821067906654
3.398551508705506
3.467802751175897
3.477870165864516
3.473128490901649
3.477301511543139
3.48085642714809
3.48485268819454
3.495018800238726
3.500646425583682
3.423445420022577
3.333747733875565
3.283605675492745
3.261269394859885
3.246210151316562
3.228845499901931
3.205988310293859
3.171473522825827
3.112972288964752
3.01173730045956
2.859270928165766
2.659043272066584
2.420945064281359
2.158148925286952
1.885834508302484
1.62020329740228
1.377280530057867
1.171508143897546
1.014213452606362
0.9121335732957294
0.8664238469179851
0.8726994769830723
0.9222406177577896
1.003748844499273
1.104892360861201
1.213458932653268
1.318247098517394
1.409634517269848
1.480359114185727
1.52663545358708
1.548952678019927
1.551977911598154
1.543559665297418
1.53318747961168
1.530302567968584
1.542792341570202
1.575977419120333
1.632329146243225
1.711859582652125
1.812683483704992
1.931210229170922
2.062064779494333
2.198193256422704
2.331166388688166
2.451880396748412
2.551662809456096
2.623398844258031
2.662306729890968
2.541488231705793
2.589180076041363
2.675139279644032
2.792810193889186
2.93791605801675
3.10514979626219
3.276731887653995
3.415724845651693
3.478459561914788
3.482060897470855
3.478496140712991
3.483817413145192
3.488243633510046
3.49279152295074
3.498319380359774
3.488554834731735
3.449307977908885
3.403899890067263
3.362919106204556
3.323668602616753
3.281187590464068
3.235365010129251
3.186322366933708
3.128805474195667
3.052524930021711
2.94563974379216
2.797338120719428
2.603612282576665
2.368127467834761
2.100691308309281
1.815705317200208
1.530800890841022
1.265306953414297
1.038390436241726
0.8668198429739864
0.7623576537689088
0.729201417419687
0.762650826956633
0.8502573922817475
0.9751464142001467
1.119406827291297
1.266022776802669
1.399651439117406
1.507071658581119
1.578885811683715
1.611536896732779
1.608033928065608
1.577079956356404
1.531232961621063
1.484745711093379
1.451421749928225
1.44264709242929
1.465821365782453
1.523618058716701
1.614481866457298
1.734043060247392
1.876122446271989
2.032561983038965
2.193150918696106
2.346355385389328
2.481200389825723
2.589197846541533
2.664894790074489
2.705319277736712
2.590851461386261
2.646352255493127
2.735682787115262
2.8409248532175
2.957915009677806
3.094694029851732
3.253622325497911
3.405684678235744
3.48389108365284
3.485368789354955
3.481335655547258
3.489566322595115
3.496041389473842
3.503343548282151
3.505265545064462
3.49455123709234
3.495281356592621
3.501288986184936
3.473977794875073
3.410677780419676
3.330334406921477
3.250501775963545
3.176622323662644
3.103017554494716
3.018459688529463
2.910776633023036
2.768542282420367
2.584014350886304
2.355496903751112
2.08818581253488
1.7940648530931
1.491112894723945
1.201686768710255
0.950088562990806
0.7594902540380656
0.6482367503349757
0.6255734038638685
0.6879452127441564
0.8187165313772565
0.9932242562162967
1.185862449232557
1.373694862780585
1.535611304046607
1.653462957228668
1.716131307059102
1.7220027802275
1.678369357388068
1.599126229234126
1.502129932159806
1.406717409982764
1.331418235384779
1.291785307315441
1.298318524730623
1.354782804759728
1.45787471966417
1.599204635649976
1.768333011521743
1.953216805094476
2.138815006000366
2.308988758225957
2.451092106200727
2.558982283547835
2.631676085683552
2.669773225124667
2.698445509319755
2.766555676703012
2.85960223988947
2.946661787709275
3.019894078227813
3.091669840080519
3.191844234226282
3.338053582558491
3.468022455452525
3.486095652100485
3.479930153538434
3.494262596257805
3.504807932812712
3.518233962020121
3.515353417769993
3.528168732743683
3.603273207305256
3.641333219356184
3.590284302669329
3.480655919527532
3.360326788093755
3.255509139993668
3.168601474745365
3.089512028276703
3.005009508163969
2.902651490500444
2.77130089579593
2.601566291559453
2.387524371064215
2.129107426029436
1.834229517376209
1.519729407178756
1.210328632733197
0.9354727786416879
0.7248315751062404
0.6034671461596833
0.5868510079050575
0.6753394684234474
0.8503223462342643
1.078285707129934
1.323017837713941
1.553722969007558
1.73965756952414
1.856995380035505
1.895683401184324
1.85916687577046
1.760683152349625
1.619687121922741
1.459091066137178
1.302913502190929
1.174093880334689
1.092446978642693
1.072573766921593
1.12134827806872
1.235373124776115
1.401047505306192
1.600043950058744
1.814449959682878
2.021816045345906
2.200565143320716
2.33840434548405
2.434479389066062
2.495056949403655
2.526291798346208
2.899795007345586
2.969395423004233
3.049797870378061
3.117689012355402
3.155069721423663
3.146598172214744
3.122128889302876
3.180241341463677
3.385944497637739
3.478968854379524
3.472943212742114
3.497717983291015
3.514996486656023
3.538678978746916
3.532397085193872
3.623604640821316
3.806523832771844
3.803396212576712
3.663557318673972
3.493134787327885
3.349675518614171
3.242422484325675
3.159126830598309
3.08420002524052
3.005213219622876
2.912656062581961
2.797611794971925
2.65040742456963
2.461723455599853
2.225904345502374
1.945256554672194
1.633566947250195
1.316687412253263
1.028782230720003
0.805190618433876
0.6752514700444485
0.6581619722753371
0.7603487215852487
0.9694161052239665
1.248594190569721
1.548347902216154
1.820832159766115
2.018618760412473
2.116570973377299
2.11234806200278
2.017604921079267
1.85172466687991
1.638798027328953
1.405679872475912
1.180009922105255
0.9881572523643267
0.8534101544201573
0.794490658164553
0.8235588025597212
0.9418754703714277
1.133431311997429
1.365687107115844
1.606867921720225
1.824244945377455
1.994914356026289
2.113563030313429
2.186234852257122
2.225240699406565
2.244340059635765
3.27103167613283
3.26922774837019
3.286163253779645
3.341466904487808
3.377105457773306
3.322086967020432
3.154939490511237
2.993581644095223
3.201220142509327
3.453270150787753
3.462672183190165
3.500634338194129
3.526130409666499
3.561906651322657
3.5633129118376
3.801167074769862
4.053139524276292
3.884119122952586
3.628000858181184
3.429101363280546
3.300442104353493
3.215451290492541
3.147840239772665
3.081802485551203
3.010384533806878
2.930020200781363
2.835615101902461
2.718480477426664
2.567352188598536
2.371906859898789
2.128214549677086
1.844798637166951
1.546052897624715
1.26898639831851
1.052671723792545
0.9260974697543147
0.9037929740062622
0.9935702864761418
1.203189775944286
1.517114571262961
1.879343541690329
2.182836392293211
2.365487196980982
2.417463362414653
2.350952810219269
2.185450353343982
1.944542552082133
1.655143368627388
1.346302907587706
1.047580500279601
0.7873036297442177
0.5909345238259989
0.4799578253415137
0.4715113072054602
0.5765721556055966
0.7892703811362951
1.063603048332404
1.319484723569358
1.518106198061379
1.653551032530587
1.738928673478356
1.783899560547489
1.796268744650653
1.793535594837037
3.946026588573351
3.652007745470425
3.543295749845359
3.602760099897377
3.654379607467247
3.611890433332863
3.434156315261212
3.097833547875478
3.098059511218965
3.439923037367822
3.471105231563152
3.509038909040108
3.534028688807374
3.569037730829834
3.582941352674405
3.901490450897886
4.053256500111207
3.723230805274599
3.466249380266899
3.31765757893857
3.23594672086328
3.181864968522368
3.130899299084474
3.073758329308472
3.010850431061048
2.944318713345926
2.872680113607179
2.789652069788517
2.685308745634971
2.548587306823444
2.371751923816377
2.156950399014409
1.922219354422916
1.700739828800544
1.529200887032407
1.430950269202972
1.406503400603416
1.449615410051392
1.591244463877248
1.894785969994408
2.332753978430322
2.624925473815958
2.750103217681122
2.730566428933006
2.588191900273791
2.345718477820294
2.029023574631161
1.666253057943741
1.286303605481671
0.9179797576628026
0.5895158100215966
0.3275643546317093
0.155463366561085
0.09222907783874348
0.1547807407806905
0.3602499141450243
0.6925690546262218
0.9309392864134688
1.057245110224245
1.12604492426789
1.16997631528003
1.195009154556004
1.192473735596653
1.145598919885188
5.036103403895852
4.104441497054172
3.873420526028171
3.899216320013369
3.905643032596538
3.870244824684135
3.858248543390439
3.848572935253405
3.62557630754231
3.507506258007269
3.530499588654077
3.533135978097468
3.533378297385341
3.537231347736536
3.549963307210797
3.472018352155503
3.383857784038891
3.349926378072527
3.292107982724219
3.227344186669002
3.179034480722632
3.138217602526131
3.095332105309165
3.047798741516272
2.998102615534287
2.948315925369796
2.898307121446515
2.846365622416245
2.789578012626496
2.724407067565001
2.64804978696758
2.560294166758977
2.466233793466201
2.378049373009887
2.310382370937933
2.270644686959641
2.248241877938335
2.225524100595759
2.212822492649719
2.442877955025275
2.879779016054305
3.079451230445351
3.119739281707288
3.018922580578532
2.7961284161722
2.477575963876835
2.092431552190943
1.668708291382541
1.231870088986413
0.8060873513612564
0.4164458638993111
0.08989174922223502
-0.1466589363571287
-0.2707698723590308
-0.2684496401089878
-0.1283067634742465
0.2096276040512323
0.3865531794477935
0.3761202692035299
0.3651014814922665
0.3637346134537707
0.3770718624590448
0.3977110239592003
0.2911482143049265
4.480414381434453
4.191589203236074
4.093417699778035
4.032908733835636
3.98074810619487
3.932866445259545
3.900858629994772
3.873702133547451
3.780862862017909
3.632064334814637
3.58994470418165
3.557244913301524
3.531897641829391
3.504509446742885
3.469941698622923
3.36071922819841
3.296416478380758
3.272767335303144
3.24234580236887
3.204008494699629
3.164484598877797
3.123553768609247
3.081075320136422
3.03658075439379
2.991895563153062
2.947706036372911
2.903866446619202
2.860431398288187
2.817517483623656
2.775173863749277
2.733516958892341
2.69243513220577
2.652175836445561
2.61548529161694
2.586125586252136
2.564444732877427
2.547127025414878
2.545705470490254
2.474244709888109
2.714122155116452
3.231816114916184
3.43460821849202
3.421431195714874
3.24409151941111
2.943085531936315
2.557351227143855
2.12075593064607
1.65871571892019
1.189353269607348
0.728008357594246
0.2927375435209074
-0.09148399897136567
-0.3923122773083585
-0.5745578686476815
-0.6053057543808533
-0.446831294019511
-0.02580098648988619
0.1677832486959783
0.1094113698333764
0.1113903511202107
0.1016178578152957
0.09359703834483636
0.08375988359034087
0.08658919331717399
4.18081805653651
4.08712043178645
4.035265206069582
3.987112821149454
3.943055253624558
3.896915270962056
3.851105838536822
3.801700174594717
3.729446070024394
3.649222111757219
3.606441557985965
3.5681722242217
3.535023491662309
3.500952162321844
3.464924625283343
3.404315136173897
3.351780474828808
3.30666897153878
3.261487992387268
3.216476943286579
3.173472555496343
3.130600585496437
3.086745216714616
3.039829766665776
2.992880548380383
2.946784785983569
2.900703484910717
2.854107295785952
2.806453394453765
2.756976723245671
2.705114710171579
2.65015452507988
2.592707759367389
2.539087428552411
2.497895574693338
2.469906473988884
2.452770935981158
2.465600605111859
2.395734199054004
2.70106624772376
3.374721816760994
3.637482427356328
3.600725448832928
3.359914872175221
2.993833622121103
2.561954757614739
2.102013081956721
1.633311182767234
1.163782695596505
0.6976299024399213
0.2427359565820947
-0.181810334756666
-0.5393096567676472
-0.7740207205160269
-0.8170498042851074
-0.5931036440507199
-0.02239680776730643
0.233229590978655
0.175968482651532
0.1924597642197403
0.1862114422166543
0.1753462854156164
0.1511761224735141
0.1468735234312462
4.104877170345259
4.065071995598116
4.03304919560702
3.989347166127587
3.945078648154489
3.898065630497785
3.849742257616491
3.798211963126337
3.735869494870614
3.670213124925628
3.621389832837981
3.576991994459655
3.536665346338986
3.496003007206524
3.453826161314455
3.400534815967745
3.3485020497508
3.299422692992029
3.255784106424211
3.213700763728245
3.173167108704911
3.131699397351851
3.088586023982289
3.039617209496892
2.991729092524896
2.946557398614559
2.901911674536116
2.85717756773253
2.812180194222035
2.766227335208624
2.718490853904763
2.665973000441785
2.606219390394996
2.548746391994055
2.508105738206411
2.480659938995435
2.463767607555008
2.477601955048953
2.3960546723295
2.670377660714987
3.397833270157081
3.681731306341006
3.613906266887444
3.321212900404678
2.917644231110646
2.476207438870953
2.031015806539609
1.591868829001432
1.157078247220969
0.7215688162193701
0.2830872940736073
-0.1495152948469319
-0.5435613342272225
-0.8292978586133344
-0.9011125601678757
-0.6496301203898399
-0.009553248050670463
0.2287865182773713
0.1591457544428138
0.1761715042758022
0.1680504418747785
0.1549527739109845
0.1280361348935082
0.1354556812991096
4.103398538246135
4.063819953918727
4.031712594794447
3.987642051615806
3.942728592257489
3.894771196035863
3.844872348289333
3.792677551090984
3.73581144478534
3.678115518557562
3.628673130756896
3.582631463173144
3.539585098621176
3.496851765033066
3.453925368921366
3.405457462694124
3.351777777208201
3.296337235486916
3.253413827323306
3.213336218540919
3.175491579941673
3.135871899008361
3.093804607350816
3.039315921337578
2.988506405945139
2.944572917465119
2.901644423322126
2.858578669014407
2.815817153833575
2.772804666374569
2.728551227878366
2.674966491667709
2.602499745642033
2.529438765806585
2.485597157410923
2.457033682541851
2.441914763609549
2.459173370709731
2.381792752261595
2.647238704476007
3.35860608188592
3.576523652458553
3.433468533520308
3.101610387811593
2.705015790674097
2.302868337689355
1.913485701093415
1.537076258396123
1.167102702444778
0.7948920172963452
0.4124972354425867
0.01759125717991606
-0.3745086182321759
-0.7073774386795848
-0.8599696287411097
-0.6665801278793843
-0.009518370187659634
0.2349467142710404
0.1658694863645186
0.1861571538821531
0.178072841776179
0.1622997873568998
0.130129486276285
0.1291358572553219
4.177250707150955
4.084447529493235
4.032772144115842
3.984101415826628
3.938948654368627
3.890940882948039
3.840367657732525
3.787696545911921
3.732778602032888
3.678026404461533
3.627960118099915
3.580764883579669
3.535865692215161
3.491492241071008
3.448891525293485
3.40432375007348
3.346335308662565
3.280934951164791
3.243876144066177
3.210004897854709
3.178972828824788
3.145253447193251
3.108901303630778
3.044208256507014
2.988040585415839
2.945928376820381
2.903816982602027
2.860757634757515
2.819595938655399
2.780640822350544
2.743422047985245
2.688575490268654
2.591232976604275
2.488593738751043
2.445849733753684
2.419281737409697
2.409365871271389
2.432298043726876
2.370899172904145
2.654642942843827
3.263739872303465
3.295732165414391
3.044397319984836
2.715291503221272
2.384893564153936
2.068567521281861
1.766210492616968
1.474616231137247
1.188535125814105
0.9012230169228269
0.6055140560286961
0.2942823480080327
-0.03782711560898973
-0.3794439602829536
-0.6525292573370498
-0.6424285842822519
-0.04584354944101346
0.2352110586341234
0.1770499303821709
0.2015961608118059
0.1943087070747655
0.175101442936362
0.1360664818374869
0.1141787423219884
4.47248585496376
4.184781707307191
4.085619418068075
4.022209259844368
3.965205416592757
3.908748038920073
3.854126054078873
3.801046325579931
3.748558254483277
3.697252127284941
3.649155908332542
3.603600901698453
3.560650983519947
3.520694101470391
3.491647998522948
3.466405874725096
3.391919415254292
3.271134477745267
3.234560447936525
3.206442721165863
3.182742480959869
3.154754449053896
3.119856763987396
3.001748303932187
2.933349147387217
2.915460593696608
2.893391847354605
2.862356633608168
2.831345961221118
2.805073243825515
2.796143969545552
2.769350976177855
2.650755776095455
2.444780367044479
2.393902459465207
2.366673071840354
2.362733107247407
2.393558755626605
2.374954972969339
2.739417523245314
3.031748763849572
2.773343643474457
2.479485403805749
2.240966696245224
2.026700428473617
1.817647976672172
1.612335315224178
1.411936011344555
1.214976288912895
1.018227607717589
0.8187083719779895
0.6138813900403705
0.3958213949852369
0.1382562913629722
-0.190139966957457
-0.4781506229043376
-0.1616157951604261
0.2192165540340519
0.1999446685358869
0.2317786293194107
0.2283270274549462
0.2083714580807328
0.1615498394832582
0.09226000124857907
5.033703109677288
4.106055241449341
3.87691164686539
3.903769524769147
3.914519363305052
3.879838820727723
3.826014974939451
3.766275071116098
3.7043707779462
3.644390482176514
3.591020323621609
3.543513438254375
3.495368321006044
3.444122242934735
3.417208827666797
3.402502793903987
3.264341221303493
3.176052665610733
3.191007027579322
3.193988373459838
3.194023487909576
3.196495630299236
3.213633365373337
3.122158582304601
2.978065272505118
2.957595029409803
2.920179109737274
2.858554157086533
2.809619759964761
2.804872370628572
2.882417732584629
2.889591236526896
2.399424687143323
2.239992495429417
2.270958127982025
2.27690989557381
2.28859671125194
2.324049557619505
2.365346304991927
2.736608538776487
2.408850214875628
2.031405196728219
1.900359452578229
1.818155488072225
1.714982898702965
1.597195107946542
1.476684599873304
1.357619300282882
1.240100165258645
1.123191674425109
1.006543608359254
0.8926465503184671
0.7887555269872776
0.6924932595102312
0.5268257735986765
0.1092471762931611
-0.1890079446689208
0.2118279767104707
0.2502577975628352
0.2794209527279625
0.2729023101047749
0.2403301143394861
0.1469088064513364
-0.01315695760695717
3.953906398916192
3.66604207255429
3.56605416769751
3.638398171178824
3.71618231140442
3.73440460649948
3.701645538444513
3.63835416309488
3.560762584796763
3.483324744367227
3.41658624174766
3.35985319962942
3.296631866457755
3.1941666840649
3.004200685552736
2.717578432086627
2.810703266228292
3.126631741280732
3.146818782711872
3.181331758087683
3.204576041376467
3.237530036600488
3.26023273674623
3.55976079424044
3.608556966274362
3.261845180079324
2.995082023071803
2.80936185950174
2.676983674839726
2.580471276053319
2.442537612218171
2.07284279065894
1.747267156664186
2.097398922673274
2.138243548686521
2.172498145392672
2.181781980784422
2.182838657673349
2.208195915012888
2.029303374873851
1.512627441730903
1.516308458552428
1.590309266463872
1.574053295206028
1.516407568836688
1.451307721993982
1.386379871269302
1.321652029585571
1.256984419362068
1.192612898820526
1.128533006694519
1.064848608885357
1.008015331186712
0.9871618758093125
1.044732697813198
1.030930770652412
0.5272880824811738
0.3583843126888263
0.3857210872278847
0.3825844179568652
0.3788478084344641
0.3819448512285038
0.389685090653562
0.510545211656403
3.268178870371834
3.272778358080155
3.302960683088492
3.384241144174384
3.473796263941312
3.525392668713716
3.526075696045662
3.485940923220316
3.422218218983017
3.351018337616847
3.281731790574812
3.211433438762418
3.121919286507266
2.985816218227793
2.79933829464497
2.672318227737473
2.908240725580048
3.142058529250644
3.145943973784286
3.180619731028294
3.204371367825502
3.237367084344133
3.246617899137253
3.463798084223825
3.623372042922946
3.366989437602833
3.013996092586634
2.686990972068304
2.391505170321494
2.092284856345034
1.751251651891711
1.461992243462033
1.742207714639182
2.094057375261361
2.073746165658299
2.100843804413267
2.091647920836126
2.05555841071507
1.992397969150156
1.763081076302909
1.624307902637236
1.586259365508977
1.564806942226022
1.522147548728338
1.472698846262053
1.420878963995312
1.367944605556335
1.314292694139464
1.26034247863104
1.206545411284117
1.153338531005176
1.101145747058404
1.05117315297717
1.007271006202962
0.9825422968207769
0.9407600940967893
0.8085767137192192
0.5789361888098672
0.5164736835323103
0.4772511228873524
0.461076821266897
0.4631690895392249
0.487391783783214
0.5603672787891019
2.872039723487155
2.948429495586772
3.044706379298532
3.144083339379373
3.236463670780386
3.303346228138814
3.331758829881254
3.322446753100051
3.285566906632685
3.232703702267678
3.170572539280882
3.098119343282509
3.009698086990002
2.909691429289876
2.839381612742171
2.884755218898397
3.080429921913878
3.168235811096057
3.161518660170415
3.184118163465564
3.200281978998982
3.221141326787595
3.222504470547901
3.294013926677479
3.382893801036154
3.230243700221197
2.8963982299356
2.484711904313128
2.049309328452323
1.61840080820523
1.271229416075528
1.226704646336948
1.81385124602886
2.101386470641612
2.039173918878959
2.0581083873952
2.042132753670626
2.006203008405322
1.951459706035272
1.832438654197418
1.718947017761655
1.651213618355525
1.601045792194864
1.548003410190278
1.492389828641383
1.434910128614934
1.376525668253842
1.317704758921003
1.258758400231968
1.199942940673502
1.141533857011049
1.083897808988072
1.027758749238203
0.9733946866145416
0.9208748555905246
0.8511155409047542
0.7410898365230616
0.6242952150041045
0.57203083807309
0.5361930257221809
0.520890509711698
0.5234105240996133
0.5470496060460014
0.5933767395947334
2.637144738368923
2.710975767168839
2.816524998086652
2.923899311171659
3.019765413197646
3.095506128528664
3.143761817036774
3.162156217810863
3.154122775339148
3.125707149824339
3.082296510624697
3.02875535357218
2.974676247643202
2.942642087936088
2.967318027434154
3.063121815958562
3.164431488527305
3.17891304978689
3.174285923881003
3.186978156895039
3.196918445993264
3.207595736045313
3.213335992899564
3.208183311852233
3.17166545746402
3.005556203181162
2.678830792646645
2.23658013095233
1.749345767183769
1.305241389787609
1.041032228437792
1.150712729882999
1.821674917458667
2.094747087340446
2.0174492156234
2.030041920234322
2.008035929965843
1.969402781997175
1.913013901258677
1.824496761041832
1.736079298951886
1.667889536527669
1.609029301258274
1.550909840925176
1.492804603409059
1.434433199983407
1.375926138262668
1.317340008364945
1.258732748583081
1.200158898726563
1.141668996720569
1.083296463968921
1.02512464381676
0.9667781858111115
0.9076097555564618
0.8397044804958519
0.7544350770081052
0.6688350914089104
0.6157376168308601
0.5794317374431512
0.562820982985915
0.5641056371816611
0.5857929404441943
0.6269664587642692
2.489467251836483
2.546363879737531
2.63691980069205
2.738006365162839
2.83367733377397
2.915309915194204
2.977646814956552
3.017826978421021
3.035963202438324
3.035012123426307
3.020564817772554
3.002032664508469
2.994533909858319
3.016684934193134
3.07738065824638
3.154074639585433
3.188530616959788
3.182651289323481
3.181885726619758
3.188614289219189
3.194783212537627
3.199094401412642
3.210845477993724
3.180118602509109
3.045082940618923
2.803851047519873
2.447064755077045
2.00256557215347
1.539532753602141
1.159565587369037
0.9891131247238766
1.165052340061512
1.823381374490365
2.089760036112583
2.009992269162564
2.018146043314573
1.993406357096223
1.954981331581679
1.901008529746453
1.827965622424246
1.751834345052596
1.683283236828074
1.619608537377222
1.557748497717518
1.497037108075046
1.436938171826763
1.377240287689525
1.317763954746286
1.258376074174342
1.198952408007761
1.139366240527175
1.079449852316861
1.019018210822558
0.9575926902864633
0.8946764190025404
0.8275842496773517
0.7545959235848597
0.6850736098372487
0.6353446924290304
0.6010622743505711
0.5844935329697035
0.5846675554065763
0.603037521655813
0.637785174885958
2.393648860391322
2.435857367132433
2.507942735912966
2.596115289832955
2.687024229330376
2.771310270227084
2.843251491776359
2.899671014871347
2.939867020589696
2.966140379498856
2.984296762600446
3.00360907418426
3.034798722494926
3.08399156771942
3.143733717505291
3.189646534119635
3.192787904768381
3.184027738720235
3.185548840206162
3.189329523981839
3.193573886897267
3.194526599565005
3.210391131399589
3.170912916521598
2.975568837832613
2.659934876219051
2.261420266098041
1.825066250323669
1.41913831623327
1.130906099919828
1.050524927289792
1.260565680382601
1.851754944506607
2.091109206626996
2.016158443121555
2.019882608248555
1.993277464161894
1.954238638312331
1.900890491648776
1.833956145430156
1.762494620861778
1.693251638284124
1.626786295505172
1.562439860520251
1.499854303316949
1.438499916454303
1.377986582873503
1.317959130659272
1.258113635867506
1.198167253170841
1.137837311343725
1.076805439671141
1.014748579466485
0.9512566301727001
0.8861436539437036
0.8189846357006263
0.7507898158128593
0.6877819872959967
0.6393830185278422
0.6058534457428579
0.5891141212048019
0.5883878178760581
0.6034824635373164
0.6313617379921324
2.333958191076034
2.36654341101761
2.424709467790538
2.500884517466942
2.585546327271264
2.66994027285993
2.747698992861654
2.815286918517709
2.872170575147229
2.920939675709203
2.966801254968029
3.015689867057403
3.070716951286134
3.128129017154527
3.176149837704488
3.200205647983144
3.191866589521518
3.184151306998558
3.186713184765302
3.189528636272105
3.193125277326302
3.193018172274883
3.210802724324903
3.165474582935085
2.93699060393478
2.571414411295949
2.140880080649561
1.714060547175783
1.362582244312517
1.158367980445075
1.161198556207321
1.407582951172639
1.917726579054331
2.10630442631357
2.038099031358723
2.036404949789959
2.008539054931418
1.967858093192442
1.912731770418269
1.845553749009812
1.773149446287961
1.701291886882613
1.631971658603062
1.565455840606472
1.501420026560205
1.439217870301879
1.378250627031191
1.317984283225604
1.257967213949752
1.197784820325031
1.137011690887894
1.075167728838984
1.011736798499396
0.9462056348826655
0.8784224488791269
0.8088274109841362
0.7396621959845403
0.6765409677705572
0.6267416406799978
0.592693324839725
0.5761940609429841
0.5762293634897458
0.5902987522392577
0.6125957489492257
2.303841352838178
2.331497524163082
2.382252148556266
2.451383067957393
2.531770898682156
2.615512846896214
2.696043424127712
2.769641171075998
2.836027132990772
2.898053543584013
2.960137007048202
3.025207519926898
3.091181541003467
3.149596805869485
3.188922542572606
3.201508010922469
3.188847767265219
3.182962068467179
3.186288873724296
3.189355686233172
3.193275690999946
3.193014998555566
3.210580613573482
3.161536077333965
2.918532804918572
2.528264310968696
2.08120324007538
1.660523416394062
1.341399375071598
1.188641438329926
1.248910010554455
1.535466293813544
1.999393475321116
2.136233982694655
2.070349991184699
2.065965278090153
2.037544828780181
1.994343717929153
1.934902322741117
1.86257982218903
1.784749795697298
1.707996617306171
1.635125769724014
1.566485140655031
1.50138733309286
1.438814473274147
1.377853720992861
1.317768482294809
1.257974048987715
1.197948569389958
1.137133650699927
1.074851658881214
1.01028522665963
0.9425513137743512
0.8711377439923602
0.7965529363985442
0.7217711574033547
0.6533355633026007
0.5991899718123406
0.5633283224285895
0.5478244228723397
0.5513831872440458
0.5692245042771605
0.5910962401000787
)
;

boundaryField
{
    inletLower
    {
        type            zeroGradient;
    }
    inletUpper
    {
        type            zeroGradient;
    }
    outletLower
    {
        type            fixedValue;
        value           uniform 0;
    }
    outletUpper
    {
        type            fixedValue;
        value           uniform 0;
    }
    sideWalls
    {
        type            zeroGradient;
    }
    topBottomWalls
    {
        type            zeroGradient;
    }
    frontAndBack
    {
        type            symmetry;
    }
}


// ************************************************************************* //
