/*--------------------------------*- C++ -*----------------------------------*\
| =========                 |                                                 |
| \\      /  F ield         | OpenFOAM: The Open Source CFD Toolbox           |
|  \\    /   O peration     | Version:  2506                                  |
|   \\  /    A nd           | Website:  www.openfoam.com                      |
|    \\/     M anipulation  |                                                 |
\*---------------------------------------------------------------------------*/
FoamFile
{
    version     2.0;
    format      ascii;
    arch        "LSB;label=32;scalar=64";
    class       volScalarField;
    location    "5000";
    object      p;
}
// * * * * * * * * * * * * * * * * * * * * * * * * * * * * * * * * * * * * * //

dimensions      [0 2 -2 0 0 0 0];

internalField   nonuniform List<scalar> 
4096
(
-3.293073428998182
-3.213063269182971
-3.064823503136412
-2.857727566770401
-2.604904683751218
-2.321050883716194
-2.020213009358517
-1.714676817719616
-1.41485467130097
-1.129435839338311
-0.865383949784909
-0.6278268844747024
-0.4200006303604183
-0.2432902490579536
-0.09730108867348296
0.02010498754616534
0.1127707327110004
0.1860101793377242
0.2458795867149807
0.2977647980100934
0.3446019590179971
0.3857757983867687
0.4178885415042831
0.4373151681973713
0.4425996822261566
0.4426836187503945
0.4430618870460303
0.4452506048740356
0.4478943082159929
0.4508881114911115
0.4539122386728757
0.4568926298981463
0.4598393931090403
0.4628072670489454
0.4658093520366953
0.4687780832053448
0.4713974942056454
0.4735994353858304
0.4738407649606112
0.47433089238322
0.4814167068200104
0.5032649090208993
0.5372600427806143
0.57859339524806
0.6226194560332561
0.6673481473665488
0.714143926769339
0.7665737596870686
0.8286189204060929
0.9033092717485671
0.9921093844711062
1.09488262734281
1.210141737912482
1.335382242842492
1.467407182428468
1.602613396382393
1.737223986456203
1.867447448920184
1.989547283561092
2.099832628237237
2.194633414946628
2.270371795434814
2.323813721460264
2.352469180960311
-3.200434245781732
-3.118462172417369
-2.968405207012113
-2.761405474992089
-2.511713223178399
-2.233641843064174
-1.940063827619076
-1.642358962711659
-1.350576161045913
-1.073256643355996
-0.8171319551801511
-0.5869819152399607
-0.3856996083159901
-0.214463723374011
-0.07291332043996032
0.04073189782725413
0.1296102824508138
0.1981534424013736
0.2518485202894298
0.2965349905232822
0.3369753120413111
0.3749555542681164
0.4082187905276395
0.4319404826687833
0.4421970096400385
0.4430173037735801
0.4428253575726844
0.4451155336544156
0.4476813447397791
0.45066768026972
0.4537383504841086
0.4568229048078357
0.4598957617163386
0.4629705779157683
0.4660240467670036
0.4689912297812466
0.4715370387331365
0.4738429163464419
0.4735087827075709
0.4747212026478259
0.4866753950217325
0.512545717641272
0.5473430767555322
0.5851637743934192
0.6226076521356998
0.6601790190534049
0.7011532604435047
0.7496411159088068
0.809162847941078
0.8819927726297954
0.9690200258903808
1.069843701759677
1.182945625641035
1.305886519762881
1.43551856735567
1.568214693480871
1.700102498455284
1.827276206726223
1.945955000585869
2.05256361608302
2.143736399901191
2.216309887380842
2.267449538582896
2.294992585005518
-3.018796900012738
-2.933656031899346
-2.780917808760092
-2.575882583921565
-2.334009927603117
-2.067859075206063
-1.788157844197109
-1.505220725637338
-1.228772852818021
-0.9670264179860959
-0.7261197833692867
-0.5101258177946828
-0.3213396994319047
-0.1606005435728559
-0.02757209759970069
0.07902333118407924
0.1612605322774532
0.2220662485373571
0.2655625794717658
0.2975112565184543
0.3250692249989999
0.3546570753693471
0.3879312911936683
0.4192563152180303
0.4395062844791499
0.4426122501021712
0.4414778855576313
0.4443563107482189
0.4471115999370153
0.4502981580770648
0.4535211379907826
0.4567497120664403
0.4599637074813059
0.4631832394465218
0.4663900883811809
0.4695587136235913
0.4722940121720738
0.4751900808324679
0.4739185211152052
0.4773996034601065
0.4991466451966987
0.5321143129138979
0.5662926503446323
0.5951700752550002
0.6194453959235504
0.6444121358910746
0.6758824664981959
0.7180484265862433
0.7732596915365624
0.8425137772086697
0.9258714776052812
1.022616025836642
1.131256184060538
1.24950678952934
1.374330806648633
1.502076816626863
1.628708960108366
1.750098108264544
1.862325235847732
1.961937359024874
2.046075408178182
2.11239652325917
2.158878929277542
2.183852647260971
-2.736697608190288
-2.647340714766258
-2.493980584382831
-2.297430433508912
-2.071330565382391
-1.824168650899
-1.564875745029758
-1.303743426765833
-1.050359330690083
-0.8120857618625263
-0.5938999312656654
-0.3988551508246906
-0.2285445627779872
-0.08343689639121464
0.03682941308795262
0.1331291794511302
0.2065618996407852
0.2583929254497005
0.2905607221783506
0.3070217972395372
0.3155167721951674
0.3276953026383164
0.3541913617126315
0.3947107171004837
0.4339070171160962
0.441591544192882
0.438834192546416
0.4429378071790278
0.4462000544380603
0.4498016767182009
0.4532769576977981
0.4566787184023933
0.4600378156097764
0.4634291418653783
0.4668854526346047
0.470465058639276
0.4737025486802841
0.4778176558350464
0.4749356110846532
0.4829945223743329
0.5233940957362736
0.5648311403123936
0.5913911185536651
0.6021978943957419
0.6071521155247996
0.6169499950221946
0.6381611598067504
0.6733849546388513
0.7230512726851019
0.7868016496769885
0.864039645222929
0.9539246465736946
1.055146557313198
1.165697181162689
1.282745410995365
1.402666605266906
1.521246536085138
1.634044484272696
1.73685666957689
1.826199009348634
1.899706329611923
1.956217407151746
1.99523757859689
2.016126307253376
-2.332377523587834
-2.241337884913312
-2.09831729535186
-1.924347874486588
-1.724079822753213
-1.502440822007528
-1.27017093208034
-1.038932298085974
-0.8173929267334562
-0.6109923581535589
-0.4230552551908771
-0.2555879412880278
-0.109596242073933
0.01475050463384741
0.1178930039283454
0.2005424045887561
0.2632725973878056
0.3061865510552932
0.3289879390316103
0.3321020632381084
0.3196703836415337
0.3041283453979877
0.3076090546790229
0.3496909559061306
0.4205923589005494
0.4394982245144031
0.4345917696862184
0.440921447309088
0.4451004481450666
0.4493060888330074
0.4530823559945318
0.4566342268340156
0.4600927506224743
0.4636311699425432
0.4673823776984458
0.4715570348282003
0.4757010953339893
0.4820279788293524
0.4770154880030606
0.4962997003897177
0.5679933742960377
0.6100914889544237
0.6127336981842335
0.5952452473679998
0.5792118578607248
0.5762658289890218
0.5895700913449573
0.6184502168361279
0.6614157698321584
0.7172985004416677
0.7853421235108051
0.8648873207547693
0.9549751203345919
1.054000839774081
1.159474633429708
1.267935987962179
1.375082480143019
1.476156447066918
1.56655251327434
1.642520725084181
1.701874996564448
1.74460962212597
1.772664808486947
1.787697257278293
-1.765649392423035
-1.692648121782029
-1.591346393013674
-1.459526285380516
-1.291604553726716
-1.100543017241132
-0.9040560478037827
-0.7133946989450267
-0.5337357938074221
-0.3677083475396997
-0.217183630689714
-0.08350417899831782
0.0326695242462448
0.1313643546464087
0.2131109075836996
0.2786377528586358
0.3284705188350742
0.3624341755553924
0.3791306550817458
0.3757909733924834
0.3498090845623116
0.3048604815019743
0.2637763851979226
0.2766173497613597
0.3847010167043336
0.4344928998282443
0.4286577974102947
0.4385726009972349
0.4441759303612488
0.4490806244758745
0.4530940255963931
0.4566663538984756
0.4600774514414525
0.4636318242506128
0.467610893740284
0.4724700158968741
0.4780200725383785
0.4879034403896958
0.4819835160864877
0.5321048250295277
0.6403958934455131
0.6523071489162835
0.6096916178768654
0.5625607599770548
0.5332687094354344
0.5248168759603857
0.5338460119969206
0.5567841836405067
0.5913804831021341
0.6365556899960284
0.6918818319929289
0.7570857701619736
0.8316410813702459
0.9144293943738361
1.003460147018891
1.095678570977411
1.186950237491657
1.272360534985722
1.346918942449837
1.406524064105488
1.448859666299464
1.474314321709388
1.487145335364259
1.493635578653171
-0.9629550537298029
-0.9869904582312257
-0.9867026551295137
-0.9053946102511183
-0.7672400503634673
-0.6152143692800792
-0.4693337508867056
-0.3327747138654393
-0.205195986009164
-0.08737726460149901
0.01921436003866151
0.1134340087739859
0.1948167426957111
0.263504149570977
0.3200421504493416
0.3651598138861996
0.3995098025625684
0.4232655929950389
0.4354202702611017
0.4326998676674929
0.4083928696239759
0.3532461655102155
0.2675599596158597
0.2031429129108529
0.3140822067173318
0.4228136261440857
0.4224609789768752
0.436885302297491
0.4441956067551366
0.4495934903980521
0.4535550841288575
0.4568479981362359
0.4599151790557536
0.4631843117008386
0.4670993087849
0.4724309605495381
0.4796577008068901
0.4939982607025635
0.4935675732566661
0.602427395183148
0.7127611898075656
0.6467736928278511
0.5594509348600738
0.5024250339026155
0.4755143218537047
0.4689711131469838
0.4756053887728705
0.49165382486575
0.5155909564806453
0.5470352017312147
0.5860438727050417
0.6327039821002964
0.6868602370360859
0.7478741293853042
0.8143765425695459
0.8840221740593392
0.9533048731881327
1.017604047554665
1.071783696813643
1.111550704457792
1.134912216144202
1.14229627526864
1.136776856462464
1.128434522720708
0.1908002241632847
-0.149750494893112
-0.3015503835403134
-0.2460432237924086
-0.1397998776769172
-0.04990022520701726
0.0248713087632206
0.09448658220270091
0.1614110691698956
0.2240783614442441
0.2807048245733494
0.3303249951913024
0.3726536481243327
0.4078213998899187
0.4362035858325772
0.4583171546217288
0.4747432834147777
0.4859734293343314
0.4919369846131589
0.4909929600090127
0.4785849647758142
0.4452946385677602
0.3724775093976641
0.2494976569213806
0.2734231148000438
0.4145490463423682
0.4242272290133126
0.4393113327393312
0.4467180081878641
0.4515397437670608
0.454758190613824
0.4572564972749033
0.4595201081270582
0.4619875498285252
0.4651440933816534
0.4698726285582054
0.4771527544924809
0.4920773585602463
0.5016465330742198
0.6425463777335294
0.6649794723365132
0.5407049016794424
0.4669448724301983
0.4325740604812167
0.418615406391259
0.4154338417080462
0.4182767375294223
0.4252939333660857
0.4361854091594121
0.4511906622685629
0.4706141447519988
0.4946654203287573
0.5233676958249585
0.5564374422506855
0.593125478574247
0.6320237070701277
0.6708286651659239
0.7060990883502911
0.7333447817060216
0.7483911696019702
0.750561413833434
0.7436219808190527
0.725529557410974
0.6871887753968711
1.759517351223144
0.7826039238116045
0.5273473058704693
0.5526755622526951
0.5783232884463085
0.5744675332318193
0.5652640726446709
0.5604259720159922
0.5593348872531652
0.5598201361558415
0.5606149802565804
0.561140603127761
0.5611059392867117
0.5603498817389438
0.5587983418147082
0.5564518345646543
0.5534021340033068
0.5498574487665612
0.545978652131283
0.5411935310146153
0.5338469169526339
0.5253892838282112
0.5296795307929757
0.5383194343911442
0.4721293185239935
0.4365632204898936
0.4469375794593751
0.4513926827869468
0.4538453442906759
0.4556929870807469
0.4569684298264007
0.45795118032989
0.4588229075909897
0.4597683705459316
0.4609679013427682
0.4626974429948978
0.4649886992026084
0.4692109905086301
0.4794469156482291
0.4432495401823658
0.3761502236225491
0.3847447154381335
0.3890171338317344
0.3804272225066824
0.3728204592028917
0.3676467891048658
0.3632387069058479
0.3590091129559188
0.3551029604903735
0.3517118149918786
0.3489121171488126
0.3466923841202677
0.3449675264324633
0.3435568019194653
0.3421460245370787
0.3402450863876337
0.3371191051455081
0.3316176658506321
0.3218973378899058
0.3057957625790938
0.2840387499272888
0.2666471461430448
0.2573428319506571
0.1765742858183298
1.326133960521375
1.015980308715357
0.9100854993521537
0.8511860379424766
0.8047999554694937
0.7649026250566604
0.7319131906622794
0.7047663054511935
0.6820623753883814
0.6627057430183323
0.6459519570352138
0.6312692487469489
0.6182502723848253
0.6065740663347885
0.5959893706005199
0.586306332274091
0.5773963711227716
0.5692007551061878
0.5617331486709639
0.5550283353417788
0.5491412769657174
0.544590724685624
0.5450575362695107
0.5470371909359389
0.5268709541966665
0.4794551977579727
0.4698658823497751
0.4642344865109224
0.4616689168878733
0.460338106448862
0.4594516787579033
0.4587252480575165
0.4580203795515383
0.4572514811892711
0.4562781889009709
0.4548117260871237
0.4520553359219579
0.446142668232946
0.4362649011977957
0.3883844848773933
0.3682178458388569
0.3703541452398132
0.3709485187966342
0.3665200562049206
0.3607844246704294
0.354280406362316
0.3470824523586674
0.3392536398523972
0.3308429901455099
0.3218359038591259
0.3121601959528845
0.3016999846660131
0.2903030077114325
0.2777832624878142
0.2639234367505977
0.2484800302109098
0.2311903754693831
0.2117763579654351
0.1899266798066354
0.1653742536633998
0.1381000185059564
0.1100014226147528
0.08152612498615086
0.05970540981077224
0.965537754572165
0.8551105479389812
0.7953755766414805
0.7515246455850096
0.7199215587539541
0.6937692178839792
0.6720394763608776
0.6541384074212802
0.6393568102792169
0.6269405340188685
0.6162605019410716
0.606834345046606
0.5983017806896793
0.5903968848498398
0.5829271604204637
0.5757580866883245
0.5688007829200592
0.5619968265116114
0.5552900310436213
0.5485777893321822
0.5417337493177264
0.5346813000693416
0.5281625111006814
0.5206205292856219
0.5054702105740538
0.484883726724769
0.4770452118095353
0.470868999857556
0.4668736441383973
0.4639168241098254
0.4615186292407144
0.4593827867695766
0.457308816776992
0.4551291641438916
0.452642219579772
0.4495499890139608
0.4453674312885092
0.4389365179050516
0.4308391661731554
0.4099681098921149
0.3946919147877303
0.3871311314118231
0.3806065146266565
0.3735443184222281
0.3666857092337287
0.3599544036062234
0.3532253900018993
0.3464039742551049
0.339446333426753
0.3323119869937822
0.3249372676526296
0.3172228136092
0.3090246756118039
0.3001439200140235
0.2903145407799
0.279190837700341
0.2663348318406557
0.2512110277100537
0.2331906106665945
0.2116891696847845
0.1861207251025997
0.1568558665928451
0.1205847209684256
0.095405455331403
0.8753471487386351
0.827087814909987
0.793070250073113
0.7583861948254856
0.7293938567689383
0.7041294666182336
0.6825583158563502
0.6642570823071944
0.648681582840094
0.63526390150939
0.6235149167417183
0.6130387008905255
0.6035238456478078
0.5947296105225391
0.5864727987393582
0.5786165361975529
0.5710604644289619
0.5637298518749122
0.5565603220429867
0.5494722562537238
0.5423745080984613
0.535140666655731
0.527832638433373
0.5195066372835615
0.507415614432278
0.4929129648308009
0.4840292581676823
0.4767692228381892
0.4713692380735299
0.4670218236413357
0.4633214101616426
0.4599507061005437
0.4566681247011417
0.4532558383489068
0.4494721393804389
0.4450003239572548
0.4394324016151029
0.431960660906162
0.4228688679720001
0.4081704113858625
0.3959772762432656
0.387630418386422
0.3803238695114332
0.3731004185078179
0.3660215083258736
0.3589641656883954
0.3518415484223287
0.3445837382810464
0.3371404434024271
0.3294560969725781
0.3214556584993926
0.3130354455609537
0.3040552240891545
0.2943293122036306
0.2836164648813565
0.2716088850857444
0.2579203269890884
0.2420795505578728
0.223514788352352
0.2016457705111442
0.1756902419182273
0.1458490633613851
0.1083511512540477
0.09057951948586306
0.8234098183678034
0.7943013099636822
0.7688338009077545
0.7405133159558434
0.7158752913723826
0.6941878847292229
0.6754632000947745
0.6593061957146342
0.6452897928225719
0.6329856504254356
0.6220218688991496
0.6120899941084575
0.602941874024631
0.594382476181835
0.5862604677773375
0.5784592729698966
0.5708886513737201
0.5634752281894366
0.5561516389747599
0.5488415510863877
0.5414591952988708
0.5338857544098519
0.5260544370423439
0.5175469290134115
0.5073750786568416
0.4962814834365689
0.4878256850673784
0.4805166942811482
0.4744993650643323
0.4693187732177703
0.4646991719208854
0.4603833663571859
0.4561527081952216
0.4518000762005209
0.4471073962111287
0.44181931152625
0.4356601752721657
0.4281813492009318
0.4195606244382626
0.4083219121061719
0.3980611690796282
0.3895182871223229
0.3816728143986361
0.3740975156845857
0.3667225719016006
0.3594305929709191
0.3521390683317823
0.3447780213728238
0.3372897072444729
0.3296137103523205
0.3216762578927018
0.313381148179554
0.3046009964925389
0.2951673187168248
0.2848586742596591
0.2733862606361405
0.2603760872979017
0.245350974861283
0.2276891916836043
0.2066714836456314
0.1811629713696068
0.1508691403422474
0.1112846852040401
0.09022144290671276
0.8106961788129494
0.7776194966280198
0.7515460802905861
0.7253860331629612
0.7035221017685286
0.6847605839868848
0.6686341109401664
0.6545836453095472
0.6421702845090649
0.6310367211098258
0.6208966169959996
0.6115227340207134
0.6027341907526979
0.5943890183780953
0.5863750186720984
0.5786031541864546
0.5710020804558399
0.5635112135367917
0.5560736557519405
0.5486274943214129
0.5411042642375697
0.5334152627070876
0.5254857802499776
0.5171345497357197
0.5080486443357398
0.4986471935036624
0.4905408482369295
0.4832335023557681
0.4768225857670644
0.4710594015947445
0.4657553721857377
0.4607110973382392
0.4557418824627383
0.4506671895791182
0.4453032568096771
0.4394530479344938
0.4329299530006916
0.4254927028671731
0.4172609010982966
0.4077509219282346
0.3985904016546191
0.3902006101676086
0.3822516574324137
0.3745564832971249
0.367037378197217
0.359605209840654
0.3521940388085952
0.3447457450593084
0.3372092404558255
0.3295313258237946
0.3216490571115293
0.3134826416667178
0.3049276665291573
0.2958451270451647
0.2860493599471036
0.2752911569601132
0.2632317071800392
0.2494123385376777
0.2331743742949349
0.213640792987261
0.1892457630894694
0.1590079720410664
0.1175443914494776
0.08727731913529573
0.8368640220365867
0.7617296190155145
0.7276414169477921
0.70359336452126
0.6858339966504112
0.6712689309505978
0.658705779480473
0.6474715939518797
0.6371948963089282
0.6276414135271187
0.6186450628585782
0.6100805216055236
0.6018509277848045
0.5938779472218211
0.5860975387880887
0.5784562892958562
0.5709091412946375
0.56341559693884
0.5559358526455475
0.5484267576090214
0.5408417198773356
0.5331263908563094
0.5252356707619656
0.5171046898281014
0.5086654739747478
0.5001692066600115
0.4923628392791592
0.4851109382792824
0.4784766139281025
0.4723263942460538
0.4665333014440034
0.4609492312579634
0.455426973368007
0.4498192914647017
0.4439799398588482
0.4377630798174154
0.4310443430171754
0.4236965865670247
0.4157973846850722
0.4072204037766746
0.3987208582307866
0.3905531411085881
0.3826406802840379
0.374915049520109
0.3673286385983139
0.3598253875816955
0.3523598450090212
0.3448900072187576
0.3373780080488378
0.3297847957955169
0.3220656645933064
0.3141656117154717
0.3060132827589205
0.2975127428774949
0.2885356261487499
0.2789047992671471
0.2683704853055809
0.2565883834529923
0.2430135288959627
0.2268241250070333
0.2062554286656613
0.1798367521141203
0.1384196507130972
0.08400928265569091
1.01793469696104
0.7933637968577436
0.7213425401299852
0.6880425537534761
0.6699370155846859
0.6579034210538085
0.6483646417044503
0.6398218029992023
0.6317080837412278
0.6238070352794473
0.616036029133312
0.608359618382874
0.6007581809202741
0.5932147322824333
0.5857147266740443
0.5782446061909339
0.5707889412358067
0.5633305913148527
0.5558500186757465
0.5483241740446579
0.5407280458631312
0.5330349702543484
0.5252273258896235
0.5172937205611378
0.5092474160086909
0.5012436413047077
0.4936446744895872
0.4864368059826149
0.4796606650839221
0.473243872067681
0.4670999302703013
0.4611200914869198
0.4551900099384118
0.4491931537720815
0.4430158601892406
0.4365511828921471
0.4297150856560374
0.4224397751063316
0.4147748605198595
0.4067129192682675
0.3986204081720885
0.3906554467359195
0.3828271764423642
0.3751221628878514
0.3675202719341431
0.3599927980105889
0.3525142286105353
0.3450603454923166
0.337609869650937
0.3301426905059029
0.3226380625418449
0.3150707031837833
0.3074082368873192
0.2996057416807225
0.2915998023653572
0.2832897552716819
0.2745133789541112
0.2650265905231277
0.2543161780008698
0.2413295028005956
0.2233037855019884
0.1958024924118083
0.133468685084403
0.03491491344140046
0.2695528781195939
0.5088063422715908
0.5871877089307116
0.6195081535151929
0.6322393673560759
0.6355986602474554
0.6343107033739986
0.6305874640017571
0.6255049114384341
0.6196170094498075
0.613226774624559
0.6065100108895309
0.5995736367331145
0.5924855540339414
0.5852888447163921
0.5780105476187587
0.5706666646435143
0.5632647860352962
0.5558062874011167
0.5482877050074201
0.5407031643448463
0.5330468264290195
0.5253206234795357
0.5175374028396365
0.5097330046485312
0.5020070974597055
0.4945445524330729
0.4873658817326737
0.4804968535541244
0.4738965013440936
0.4675044630581348
0.4612404602529695
0.4550163168740104
0.4487409910256173
0.4423267624196091
0.4356946713880234
0.4287861863337324
0.4215632194116612
0.4140566767746998
0.4062911658696473
0.3984537350569353
0.3906462490249432
0.3829028154068907
0.3752347281079821
0.3676414825041903
0.3601151175297882
0.35264760071071
0.3452321874730498
0.3378657298126879
0.3305490497209419
0.3232871616303862
0.3160893045151398
0.3089709879059269
0.3019531183139015
0.2950720216355482
0.2883757625782153
0.2819608034671187
0.2761373706043128
0.2715131569477887
0.2694255439822701
0.2723682679416173
0.2875957398152198
0.3210704206965157
0.4822910070815134
0.4639193741696418
0.549463971395348
0.587625601531839
0.6086155180583901
0.6195300172162185
0.6243644547431347
0.6253498383425364
0.623814483824613
0.6205657094077711
0.6161212187427219
0.6108259749746249
0.6049171184219039
0.5985614876945134
0.5918783922937685
0.5849535777382094
0.5778485858327136
0.570606998518489
0.5632589868424693
0.5558247389281161
0.5483175381717331
0.5407470406396985
0.5331225017327306
0.5254582659635266
0.5177776931098059
0.5101194642825652
0.5025506713336851
0.4951718050852433
0.4880083416633084
0.4810761700140267
0.4743499863141767
0.4677858007234363
0.4613229325532192
0.4548925646439418
0.4484231280109674
0.4418460566880946
0.4351014138833688
0.4281463073575534
0.4209570554715499
0.4135521707530487
0.4059594845833677
0.398280658624641
0.390584068007053
0.3829076663397891
0.3752732733112483
0.367693085930209
0.3601738363681388
0.3527219300059903
0.3453461047343002
0.3380602219793917
0.3308851657244187
0.323850968282062
0.3169986931587753
0.3103860764204885
0.3040856334502334
0.2982025909551346
0.2928363421926886
0.2881139192870963
0.2844649215633457
0.2825797570551434
0.2836582966554116
0.2895268743174489
0.3047139393864431
0.3343282192180619
0.4069134700866049
0.5122400652429205
0.5504690428195964
0.5766499953657106
0.5958217157667188
0.6079795508268052
0.6149361017465743
0.6180545082039349
0.6183728057610332
0.6166323112791434
0.6133671070098923
0.6089660984986774
0.6037168508713803
0.5978338651277431
0.5914780708354812
0.5847701593561303
0.5778002866202454
0.5706352763522832
0.5633242641411977
0.5559032934386678
0.5483992968805893
0.5408338855491907
0.5332268580195634
0.525600395837615
0.5179821489837049
0.5104081243337142
0.5029261877583188
0.4955954070106973
0.4884378815693887
0.4814628921250018
0.4746527301497595
0.4679734037674295
0.4613770854719766
0.4548083304055398
0.4482091457566508
0.4415242531746715
0.4347061144383763
0.4277211491104414
0.4205523159977849
0.4132100456780521
0.4057174246983522
0.3981339699618438
0.390508061891253
0.3828753110111098
0.37526184237255
0.3676875736778494
0.3601693806962059
0.3527249142312784
0.3453756485569485
0.3381501457348307
0.3310870103299272
0.3242384272039578
0.3176735231214395
0.3114894099657
0.3058064095239559
0.3008040335963203
0.2965830617525274
0.2931837505393091
0.2911478547508189
0.291227445662537
0.2944638597011306
0.3021049312777393
0.3164390518213635
0.3391205062997985
0.3741738722178311
0.5372216704728791
0.5594188249134643
0.5774977288060147
0.5925171656131545
0.6033062884716573
0.6103548728640155
0.6141997405193992
0.6154229235268505
0.6145422305650428
0.6120000450622485
0.608162259162921
0.603325787514871
0.5977278733982083
0.5915553383231301
0.5849532541804602
0.5780328298687364
0.5708783218360348
0.5635530763529268
0.5561047908918499
0.5485701370702677
0.5409789208250045
0.5333577151167174
0.525733347574601
0.5181351954374908
0.5105960184330987
0.503152649142832
0.4958434005434979
0.4886858062768769
0.4816846309802382
0.4748253911412844
0.4680794425352811
0.4614062243409249
0.454758056566583
0.448084928344017
0.4413393707955407
0.4344807016082093
0.4274800394413938
0.4203228671516965
0.4130142888779909
0.4055719483486027
0.3980340096440253
0.3904371484733158
0.3828138161957095
0.3751918495410291
0.3675955621376707
0.3600483973529541
0.3525758344848056
0.3452086834996339
0.3379868362315778
0.3309629930190756
0.324207183365863
0.3178113198501489
0.3119107407233914
0.3066797144192322
0.3024170588779841
0.299138806687653
0.2965501131632045
0.2953023522731797
0.2961681463892065
0.29993482771048
0.3072357286238458
0.319143146836557
0.336232532530633
0.3593064949233492
0.5534776205811744
0.5666882782824346
0.5793740710036037
0.5912830324097927
0.6007831438321447
0.6075782844639053
0.6116925252022208
0.6133895059928471
0.6130145904515791
0.6109274028803975
0.6074623302463578
0.602911622043566
0.5975206627408213
0.5914893747635378
0.5849767348805978
0.5781068053745845
0.5709749852120998
0.5636540030826295
0.5561994003382751
0.548654428438205
0.5410543527235706
0.5334300672855783
0.5258111789097225
0.518227808585522
0.5107104369102888
0.5032897212551415
0.4959935455114235
0.4888359970160094
0.481819228065339
0.4749302823594759
0.4681436290129051
0.4614232198620525
0.4547263517618987
0.4480080280544094
0.4412256845203197
0.4343428891310592
0.4273335257803109
0.42018418416835
0.4128968566056051
0.4054852568077005
0.3979766973929871
0.3904011691403765
0.3827884944714783
0.3751670930093426
0.3675636540438951
0.3600054753843525
0.3525229406051664
0.3451529598033586
0.3379431061943944
0.3309552384558335
0.3242682786495499
0.3179798177707724
0.3122455709905265
0.3072967912736842
0.3036824710495669
0.3012126368043183
0.298840082312279
0.297558533730852
0.2983796554463722
0.3019309951933691
0.308169784571291
0.3174477866007881
0.3296174045875081
0.3445720606013332
0.5652135941586416
0.5747007846981409
0.5856704053219841
0.5967375321218077
0.6062064799666663
0.6132695855205643
0.6176350736787917
0.6194065053688147
0.6188910203285816
0.6164753915105143
0.612547134388539
0.6074548179704281
0.6014916843537884
0.5948931277395408
0.5878415833881612
0.580474444471165
0.572892847911499
0.5651701906328495
0.5573598379716564
0.5495018445609681
0.5416285959471123
0.5337692186486693
0.525952755823017
0.5182098971026912
0.510571911355567
0.503068904111508
0.4957261884557257
0.4885567958765443
0.4815601143687355
0.4747195662119958
0.4680039588493841
0.4613699067905949
0.4547660606372463
0.448137968104736
0.4414340806454596
0.4346102608867595
0.4276342729624017
0.4204885363301085
0.4131716783365459
0.4056958893653597
0.3980856055165277
0.3903702264931644
0.3825802162669464
0.3747452020456651
0.3668923778516187
0.3590484500014188
0.3512424559277891
0.3435100656991255
0.3358989092034556
0.3284717351927994
0.3213049634893453
0.3144895656801245
0.3082261096325751
0.3029741550065328
0.3001727901634307
0.2994450538637997
0.2977670083966819
0.2966790666942287
0.2975508860781892
0.3009774554323253
0.3061805065914608
0.3132973937104566
0.3218334099647471
0.3315089373251565
0.5593286212536839
0.5653664081057621
0.5716775657445134
0.5779721700601805
0.583856497891411
0.5887986367890813
0.5924962566461819
0.5948294753133926
0.5957884181642558
0.5954335823711185
0.5938696236004509
0.5912264821907018
0.5876447784932772
0.5832650446161326
0.5782205048097926
0.5726327070113009
0.5666093020265544
0.5602434477872744
0.553614211445499
0.5467876066626455
0.5398180027589432
0.5327496407810934
0.5256181298813315
0.518452236423828
0.5112750149863875
0.5041038394920606
0.496951889555081
0.4898265308312269
0.4827305381535146
0.4756621709489061
0.4686160926183948
0.4615841605373795
0.4545565159773688
0.447522529332069
0.4404722822802433
0.4333978209152769
0.4262939222698799
0.4191590794885131
0.4119964129695417
0.4048133010232853
0.3976223863765239
0.3904400564652167
0.3832862697945374
0.376185453086584
0.3691665548482529
0.3622636844826438
0.3555180885916084
0.3489804344921962
0.3427158602166211
0.3368091119304706
0.3313549339409888
0.3264003759904935
0.3219419226514211
0.3182405694911846
0.3178302583303165
0.3175647075506297
0.306602173679522
0.2973850322581793
0.2955944424406643
0.2984768730949762
0.302603275336902
0.3079978370949255
0.3138621663823896
0.3199138560143785
0.5803263616993328
0.5969956009412299
0.6189436625233299
0.6406630206277215
0.6587782797458515
0.6707928253986023
0.6762103362651813
0.6758780397555154
0.6711229845029539
0.6632591544169388
0.6533937628434009
0.6423802083844112
0.630832318112456
0.6191622327453631
0.6076246421833386
0.5963585050281996
0.5854224540521439
0.5748234222155411
0.5645395991534536
0.5545390241400415
0.5447945029087329
0.5352947702806689
0.5260511999117836
0.517099136112355
0.5084943389166953
0.5003010421658586
0.4925769423422334
0.4853559652386915
0.4786355668109998
0.4723697375898745
0.4664694727120134
0.460809751266508
0.4552416797728624
0.449607674879131
0.4437570284173203
0.4375619625536298
0.430929967285498
0.4238114725205008
0.4162009888844189
0.4081305295315525
0.3996572802050739
0.390846589658663
0.3817564440552076
0.3724266224594723
0.3628742565428471
0.3530931752357274
0.3430597710851276
0.3327489536397606
0.3221666384562502
0.3113653714898776
0.3002901588723825
0.2882971020333905
0.2742321314606324
0.2601903002670136
0.2586718673705434
0.269002159359672
0.2880785011479517
0.2906690506340364
0.2889050310305676
0.2936971620198811
0.2977935610932049
0.3022324269783249
0.3062653689596636
0.3097600389750039
0.658053908901625
0.6953979785601623
0.7521116485590251
0.8116036639925377
0.8604691634242644
0.8915201040620468
0.9033729515738778
0.8984326772255145
0.8807602463381411
0.8546059273146268
0.8236547878261508
0.7907531495588896
0.7578984465802043
0.7263534754641312
0.6968046008556643
0.6695197614470126
0.6444864374160664
0.6215250921010672
0.6003804034654707
0.5807932876053072
0.5625550535934474
0.5455435258492654
0.5297402470863286
0.515227653664845
0.5021657014148605
0.4907481924707881
0.4811462057979204
0.473450212454257
0.4676244856505697
0.4634831096792433
0.4606910312530855
0.4587881024734807
0.4572306571627994
0.4554437160298504
0.4528767430926989
0.4490568494882574
0.4436316028386967
0.436394652746189
0.4272887079245033
0.4163838390557351
0.4038348213229736
0.3898273909450349
0.3745277825147632
0.3580474156717608
0.3404281575772729
0.321646942140799
0.3016388520194938
0.2803368355095729
0.2577128460473314
0.2337579558567917
0.2083058374710754
0.1808309166068418
0.1510399774087081
0.1210625619573109
0.09739379420241562
0.09596292914336219
0.1940982316591095
0.2741036134680871
0.2765810819467213
0.2866541843250296
0.2922627259237928
0.2965986505215148
0.2995472687333872
0.3013199681340235
0.7253657459148144
0.764030132881539
0.826387610810299
0.8957267778780424
0.9565985676870249
0.9990498485340652
1.019329842115659
1.018504647633665
1.000424803120154
0.9699517012566632
0.9317763533281167
0.8898005950209661
0.8469272715858586
0.8050982383648606
0.7654518070006018
0.728516478353248
0.6943990511396856
0.6629514509740537
0.6339110700917985
0.6070112303555562
0.5820589504117331
0.5589792117904795
0.5378273839934397
0.5187729770691648
0.5020586561936002
0.4879401025108048
0.4766158280316081
0.4681596382928654
0.4624689129481437
0.4592386991147123
0.4579657985182189
0.4579812191059005
0.4585050060767137
0.4587150942956945
0.4578209508909583
0.4551325968850268
0.4501156679142602
0.442424249507759
0.4319060203431505
0.4185790375388947
0.4025858576410677
0.3841370071546261
0.3634588737142004
0.3407591843520561
0.316217356056038
0.2900004406176714
0.2622999416585573
0.2333776983460686
0.2035987065043644
0.1734338947990217
0.1434959379723953
0.1148711198420761
0.09016563622609239
0.07546862841031028
0.08302215829414258
0.1319698214569125
0.2251623262888707
0.2777739774847204
0.2771485662454014
0.2852573859530231
0.2895694659202227
0.2928079621457254
0.29464098914626
0.2952207382418507
0.7656990762479795
0.7983322529625045
0.8529183840038042
0.9168863393189994
0.9771064987164748
1.023542098148515
1.050788107899045
1.057828329523267
1.046828090052427
1.021669905701458
0.9866947344137442
0.9458632015222772
0.9023449366473839
0.8584195575856352
0.8155532595549959
0.7745550037933868
0.7357608021071343
0.6992180119652285
0.6648485493377089
0.6325742654436904
0.6023958469180853
0.574426212252576
0.5488860494639767
0.5260712617033714
0.5063013547058097
0.4898569724294375
0.4769150217321581
0.4674908700101395
0.4613970367531747
0.4582258016557276
0.4573592559847899
0.4580057828095317
0.4592579561567203
0.4601640875320844
0.4598041550998059
0.4573603926168283
0.4521734798948377
0.4437770681517336
0.4319067590345083
0.4164844939687353
0.3975847911238852
0.3753938939233729
0.3501747992455764
0.3222495982956763
0.2920059757563218
0.2599284416866818
0.2266481160649029
0.19300040880291
0.1600863420241218
0.1293686556795219
0.1029062037376028
0.08388597432411458
0.07750465092442711
0.09171928269475864
0.1355940550994834
0.2083502982745284
0.2703151666602319
0.2840367936509672
0.2813332961933592
0.2857767088296253
0.2883209534617147
0.2903643337927999
0.2913283914149509
0.2912310356719029
0.7748270845608531
0.7993940823833446
0.8416078934292029
0.89346246156358
0.9457552322331939
0.9903667571737601
1.021698643478164
1.037156187790319
1.036880715665898
1.022951009186018
0.9983714883072146
0.9662668812308242
0.9294031455326032
0.8899700897431274
0.8495355786134452
0.8091131466105528
0.7693027159860963
0.7304605360348981
0.6928532100718539
0.6567644903132508
0.6225455501560087
0.5906172897456421
0.5614408140446916
0.5354712169968824
0.5131052545474521
0.4946295285094344
0.4801739509774166
0.4696751096037639
0.4628543267748843
0.4592145519052708
0.4580583117514428
0.4585261155719861
0.4596517092678767
0.4604280727989277
0.4598764714148843
0.4571104200145088
0.4513872426880928
0.4421419772130928
0.4290016316337903
0.4117818542644082
0.3904721191104626
0.3652184994656473
0.336314095110499
0.3042058137605773
0.2695226538046163
0.2331257561096839
0.1961763670918212
0.1602187286279348
0.1272856258895691
0.1000511566996689
0.08204612119132607
0.07784041669222584
0.09277514166927021
0.1311957402906161
0.1914097555693385
0.2566216753288001
0.2879772101202087
0.2859661820604223
0.2842290368152753
0.2863153844182958
0.2876787085018058
0.2888409937086243
0.2892487170072504
0.2888512314576342
0.7567680523018803
0.7735043946581145
0.8029442646148559
0.8407705563359924
0.8817049148543599
0.92053432596712
0.9528580067455378
0.9755462002415696
0.9870508717585669
0.9873733346366871
0.9775569673259279
0.9592152038288013
0.9341450045873304
0.9040295027521547
0.8702622869639129
0.8339186030876179
0.7958433030942408
0.7567812979130162
0.7174807336537368
0.6787362792926859
0.641376742948182
0.6062195037332065
0.5740146537122682
0.5453934926880841
0.520827357216842
0.5005975241960688
0.484775307519009
0.4732120318496484
0.4655397335393595
0.4611840708344636
0.4593905282000479
0.4592636290873747
0.4598169687745165
0.4600300204950588
0.4589063803214346
0.4555277754170507
0.4490989359928554
0.4389802739589563
0.4247079542401463
0.4060039150022354
0.3827810558016649
0.3551505308872805
0.3234384116557798
0.2882177376532292
0.2503593490503736
0.2111016670260012
0.1721372299262421
0.1357130863856425
0.1047383100344924
0.0828660439742816
0.07443176690505254
0.08394502293461327
0.1145823113848052
0.1651046944478131
0.225636333754871
0.2756833981938243
0.2904700993155775
0.2863520226916758
0.2857230687101619
0.2866831213241605
0.287401904324997
0.2880076353213836
0.2880907405224335
0.2875866914665582
0.7205105263435092
0.7305374082501678
0.748641787339739
0.7730752223762573
0.8016279176674055
0.8320831707900056
0.8623529978084994
0.8901359214341521
0.9128850722851549
0.9283825695322142
0.9353295790535149
0.9334381653406939
0.9231679630578822
0.9053492726066722
0.8809176914958095
0.8508454788422265
0.8161955782154137
0.7781790050631937
0.7381476936464755
0.6975221818318409
0.6576886664205208
0.6199009668706632
0.5852076715898792
0.5544090262747375
0.5280387967107578
0.5063634884842889
0.4893924017422575
0.4768945404215033
0.4684208158582855
0.4633315538654375
0.460829834290443
0.4600007794116152
0.4598558903746828
0.4593803569063122
0.4575803949431553
0.4535274549855562
0.446396751635509
0.4354989306141618
0.42030554052664
0.4004709082886976
0.375854592883521
0.3465494433872096
0.3129201748836297
0.2756562029011553
0.2358402999478993
0.1950315345480488
0.1553562651377509
0.1195912360806005
0.09119894148393734
0.07422278213690363
0.07286031406430489
0.09044174381245593
0.1275852078237296
0.179751126495254
0.2354760255712048
0.2776667217916099
0.2896444195232262
0.2859766310610746
0.2856399216824977
0.2862607985729259
0.2867557961067585
0.2871331432493814
0.2871363396497629
0.28661988570966
0.6776796529823281
0.6823631794940263
0.6914062996078632
0.7046092471545424
0.7214194501985581
0.7418138884637787
0.7667152456234219
0.7965275310718485
0.8288832491624305
0.858826309112152
0.8825292602254732
0.8976966523184626
0.9032497372692184
0.8988680361383413
0.8847702705991995
0.8617151836209244
0.8310198069722656
0.7944689820984239
0.7541209566115472
0.7120788741722518
0.6702935277874766
0.6304293306357801
0.5937950766773047
0.5613250378802589
0.5335923468447388
0.5108396483842795
0.4930170019360966
0.4798215466222346
0.4707366980576452
0.4650706047148019
0.4619944665161729
0.4605813703034987
0.45984581703628
0.4587834347934777
0.4564098292023652
0.4517973885508836
0.4441092584616911
0.4326305765448225
0.416798200937278
0.3962312879249728
0.3707658871272022
0.3404969959393253
0.3058310636286979
0.267550561774327
0.2268895645609938
0.1856143494413601
0.1460935604889966
0.1113243283937823
0.08484952787112594
0.07045997531199963
0.07155015419918002
0.09005398851362595
0.1251186035599708
0.17206745241763
0.222394363564762
0.2647900992097209
0.285624972408044
0.2892066082239071
0.288757315175037
0.2889547986345004
0.2889782290579671
0.2889310292042386
0.2886279293981195
0.2877092162538648
0.6409689901079002
0.6416837562207885
0.644432043871991
0.6496433819949798
0.6568802558766205
0.666775016384584
0.6827507059943912
0.7100095943929622
0.7486194551282424
0.79050470877434
0.8291769942331979
0.8602729152142868
0.8809203198290229
0.8893167463217997
0.8848071603182576
0.8680018849517409
0.8406398413288798
0.8052182388362229
0.7645487368307339
0.7213779506727188
0.6781328131824489
0.6367888215184685
0.5988302031324997
0.5652669904282186
0.5366813438084664
0.5132850496484265
0.4949780066662704
0.4814029035721101
0.4719945952151211
0.4660245112105861
0.4626412460143215
0.4609086019916974
0.4598420443514457
0.4584440323052663
0.4557382674322776
0.4508027495552023
0.4428017430776789
0.4310172848679945
0.4148815460706959
0.3940119786485213
0.368251521065301
0.3377160097999171
0.3028501086115078
0.2644911248858362
0.2239362548903602
0.1830017120195503
0.1440500100026491
0.1099435438504692
0.08386273158610398
0.06892132859838639
0.06755205765790342
0.08075683633668007
0.1075021876534533
0.1446403822287356
0.1874307870788817
0.2296923682523562
0.2608285049250791
0.277091368489379
0.2822596342672036
0.2839765519566369
0.2850071886926656
0.2856806691719038
0.2852795025030633
0.2836475002888685
0.6229260434125021
0.6215657820816378
0.6212860860209199
0.6219432361404187
0.6228952353621885
0.6245682170815297
0.6300709287203985
0.6484822150955578
0.6845380299687918
0.7336500055253323
0.78399914635079
0.8285687567991663
0.8620067996144629
0.8806882892438663
0.8832355320320002
0.8704797437014274
0.8448776543199895
0.8097382215513946
0.768551416247974
0.7245379002716488
0.6804117696746087
0.638297094599496
0.5997363745494986
0.5657450176549516
0.5368833045837581
0.5133301703764194
0.494951314956279
0.4813589895328657
0.4719635366346097
0.4660181642389142
0.4626589452284472
0.4609419233456566
0.4598787056298161
0.4584712699961903
0.4557461597793925
0.4507879668203639
0.4427721004083108
0.4309972420309995
0.4149184237598241
0.3941821172527371
0.3686648565106797
0.3385165125723257
0.3042080896391631
0.2665813353339902
0.2268928336225802
0.186837858175754
0.1485293191213956
0.1143977879182664
0.08697851795421348
0.0685750995345769
0.06084893217860852
0.0644656664709149
0.07896567758782828
0.1028995586704005
0.1339436601276202
0.1685003799446931
0.2009791101937869
0.2241112945124934
0.2377545555432922
0.2463343321845236
0.2526727294757344
0.2571028055207024
0.2591249218214325
0.259325510042221
0.6199680187865719
0.6191347493880326
0.6187960459868054
0.6186695523139585
0.6185905785047759
0.6187191278030106
0.6179405110105922
0.6225144907896806
0.6475098979091116
0.6963434485850888
0.7541565335415399
0.8087917114609439
0.8510175581587477
0.8755004521750656
0.8808976553535705
0.8689161270175273
0.8429955555498621
0.8071787503270533
0.7653746374687109
0.7209775044789013
0.6767265429222841
0.6346998244224815
0.5963719883501536
0.5626953338809938
0.534183432702635
0.5109874237995988
0.4929613727744192
0.479716690658948
0.4706676521915759
0.4650709839210483
0.4620625478846391
0.4606935342646233
0.4599675486205037
0.4588788438950415
0.4564510216692125
0.451775052002365
0.4440455257784325
0.4325945686268696
0.4169235717130713
0.3967335187547369
0.3719548986863948
0.342777703965956
0.3096805394827853
0.2734551094494648
0.2352181592992193
0.1963978374967428
0.1586775009746206
0.1238817653148602
0.09380344930539872
0.06999948900941906
0.05361959584402603
0.04534155965147445
0.04542637286108468
0.05376872635548226
0.06971948756233827
0.09161490286614139
0.1163581316356236
0.1396445398184634
0.1593694109875279
0.1757801364401216
0.1894559976782084
0.2001429059506164
0.2072930307071699
0.2108925231466847
0.6207626510273464
0.6202703505182983
0.6202393534911267
0.62055836600123
0.6209814434578764
0.6215926564391123
0.6209968972040351
0.6179978868342425
0.6336194529522088
0.6818546442641534
0.7450830980276095
0.8053065229347278
0.8500487936427699
0.8738568545256712
0.8767769915654562
0.8619795598471168
0.8338306962063944
0.7967327763495443
0.7545763023166729
0.7105543188515019
0.6671542581811003
0.6262233489715723
0.5890575382421123
0.5564910232995502
0.5289758506345932
0.5066473552355342
0.4893752783080714
0.4768032068834996
0.4683806253171747
0.4633923540908783
0.4609895765471548
0.4602252525684072
0.4600948567472082
0.4595815050253704
0.4577030819900552
0.4535582593105649
0.4463684055160465
0.4355132065573505
0.4205590215053606
0.4012801503219346
0.3776738415761415
0.3499696591067333
0.3186325767112281
0.2843569631160963
0.2480460303899613
0.2107697844911703
0.1736965616636834
0.1380017759582183
0.1047732879358239
0.07494991589165484
0.04933215707756396
0.02867183911327523
0.01377744295116067
0.005508780155239319
0.004563396175293159
0.01110871308596868
0.024466889177007
0.04309889205219729
0.06505103581955345
0.08836778117603308
0.1110400246303905
0.1308355677744405
0.1456157800689665
0.1538136118810669
0.620011254705723
0.6194877237565076
0.6195004783089477
0.6199987569360998
0.620592023615678
0.6214655298531767
0.6205810355019505
0.6170077851473112
0.6348683205380788
0.690760715162229
0.7592421611273393
0.8184826431118468
0.8570600527006095
0.8726259822082532
0.8679110609008789
0.8475085562875422
0.8161286274425988
0.7778985921885612
0.7361895392416683
0.6936472224808828
0.6522829953510051
0.6135745460772289
0.578560445411741
0.5479212797729301
0.5220430333259949
0.5010615665948129
0.48489063579555
0.4732388226347733
0.4656223063037587
0.4613803814442086
0.459699150501743
0.4596463152049305
0.4602170722026689
0.4603884124220714
0.459177142777886
0.4556960097210778
0.4492024959930321
0.4391360522241376
0.4251413799419873
0.4070773971366521
0.3850130854958076
0.3592120335386205
0.3301070152789319
0.2982647792598266
0.2643404135302901
0.2290218333908768
0.1929698159432356
0.1567678945133855
0.1209060442411696
0.08582426708282274
0.05202670230176698
0.02024082659085661
-0.008444299859527986
-0.0325387137344594
-0.05025301485703883
-0.05973185023967824
-0.05940699935630431
-0.04849347353944073
-0.02761037397640374
0.0009625761763167597
0.03338349139338758
0.06466645074281478
0.08958479798372561
0.1038888792304249
0.6189648014467544
0.6184816283443076
0.6187543539466209
0.6197445980445007
0.6209150646313826
0.6228007576526258
0.620853612759049
0.6189560650312296
0.6524496038851176
0.7240382291526207
0.7935496586304638
0.8415937705441722
0.8643950979024613
0.8653995908485255
0.8499632675935797
0.8231139189866611
0.7889555878028649
0.7506941886859394
0.7108005203503022
0.6711573678842907
0.6331752582533852
0.5978892538988563
0.5660409963652883
0.5381422751998399
0.514515969094392
0.4953142002605793
0.4805183484641525
0.46992927016563
0.4631576843436724
0.4596239594737401
0.4585737983127807
0.4591124268073745
0.4602558731153512
0.4609945646066276
0.4603621935085812
0.457501762208737
0.4517209680570419
0.4425305016993294
0.4296612858774463
0.4130597640017245
0.3928633309285151
0.369360066096212
0.3429376471493319
0.314026076240079
0.2830387798892638
0.2503182092569052
0.2160960462824127
0.1804833778525127
0.1435087343140477
0.1052163866955709
0.0658213007209113
0.02589584740079739
-0.01345100094954004
-0.05044115890260012
-0.08257905372353053
-0.1067489624230674
-0.1195689793253701
-0.1181176955709835
-0.1009953995094716
-0.06937199923886504
-0.02767147418297194
0.01652939337023148
0.05389710480618036
0.0760222482842661
0.6169282617817392
0.6166349867309894
0.6173695607747677
0.619156173851468
0.6214092767605053
0.6254631983084611
0.622534070199007
0.6347337648135554
0.6976375171950779
0.7790810152071521
0.8345075404007357
0.8587956313611624
0.8592383715683021
0.8437962549278805
0.8183477427126074
0.7868452508014295
0.7519892896881807
0.7157281444074631
0.6795146648839534
0.6444317056779816
0.611277320888703
0.5806409072325935
0.5529682068615618
0.5286057643076526
0.507818982675881
0.4907841780553414
0.4775611193193147
0.4680573245901407
0.461997117271467
0.4589068145690091
0.4581230552443714
0.4588259158738033
0.4600936256706465
0.4609722057181161
0.4605512881519704
0.4580364311359953
0.4528084404465537
0.4444614551898284
0.432814259022527
0.4178933009903896
0.399890558804487
0.379103440006816
0.3558659959304218
0.3304807147680503
0.3031590773656272
0.2739786673795014
0.2428656061740331
0.2096124524345942
0.1739405833918235
0.13561068386908
0.09457670277677854
0.05117206874896711
0.006314979550910144
-0.03828401613251345
-0.07994993361789735
-0.114993260709376
-0.138927098770935
-0.147115537734588
-0.1359457200184318
-0.1044538117179031
-0.0560667645374912
0.0003185662269815787
0.05122973714913336
0.08259640995402022
0.6134212094495985
0.613624471957864
0.6150982974008061
0.617992478777075
0.6219078093211909
0.6294079663233418
0.6282737946216521
0.6763807622556136
0.7705969219381245
0.8325366615903932
0.8530148994903797
0.8470075214358043
0.8268231772359647
0.7996992663325296
0.7693222534719946
0.7375608386200277
0.7055516700979402
0.6741124497355364
0.6438382464185896
0.6151399762953715
0.5882986823984112
0.5635268128637549
0.5410179069110195
0.5209737566301436
0.5036042538628605
0.4891003858122836
0.477587439216568
0.4690715414550293
0.4633946224015906
0.4602101973250951
0.4589863725410093
0.4590361682240305
0.4595703473716242
0.4597650924892154
0.4588356247559048
0.4561063747808263
0.4510680860198863
0.443412954342846
0.4330412557592976
0.4200371819339295
0.4046174509322587
0.3870623317379472
0.367642147278244
0.3465517369233961
0.3238618160707185
0.2994926866356642
0.2732142135275415
0.2446753804637007
0.2134655599538308
0.1792078828298606
0.1416841443107234
0.1009920211371306
0.05773697055771461
0.01325573692290575
-0.03015279666894905
-0.06905363601103319
-0.0988771543930588
-0.1142764082267495
-0.1100709904204918
-0.08297194903959361
-0.03401134665448548
0.02898188798636621
0.09048561605364921
0.1307983895554679
0.6079311410343347
0.6090632152499904
0.6115073312604209
0.6154769935772506
0.6207189060681195
0.6302649763281667
0.6319787669179725
0.7063580007152663
0.8088218392101778
0.8216576659979266
0.8075838324653029
0.7824939754164657
0.7544621962176676
0.7269016303509835
0.7003696259845051
0.6748379635770506
0.6504250379205554
0.6272966706028821
0.6055365486512706
0.5851445850776393
0.5660884250384159
0.5483522785992296
0.5319685087988245
0.5170300726676574
0.5036822040028558
0.4920915800967195
0.4823990357000136
0.4746672815732124
0.4688379242580724
0.4647080663885322
0.4619308505564065
0.4600386056887054
0.458483612408143
0.4566898584632868
0.4541088303720709
0.4502732410832767
0.444840736181407
0.4376205305311022
0.4285770641353954
0.4178079790791816
0.4054992482783087
0.3918663714910242
0.3770953010693684
0.3612950243757763
0.3444684100302093
0.3265019983450771
0.3071746681076135
0.286183612241639
0.2631865368825347
0.2378601437600741
0.2099771268963564
0.1795069606113067
0.1467476209342656
0.1124924441525477
0.07822592628263639
0.04632315711029616
0.02019361722683059
0.004240825141541948
0.003389168664998639
0.02183299682005125
0.06084067746941997
0.1160459955657887
0.175144513052534
0.2181639370058909
0.6001138345535627
0.6026214562439948
0.6060119748810777
0.6101873590364231
0.6141949653674794
0.6190081857553209
0.6163392114206748
0.6229144803816601
0.6481141868813941
0.6595781343068456
0.6594342068115531
0.6466271508694761
0.6330503851863643
0.6210404540926697
0.6097267747489354
0.59859171455632
0.5876313243656085
0.5769309259517905
0.5665216547525347
0.5563948314987114
0.5465347329276038
0.5369366190513825
0.5276144855999303
0.5186030290199972
0.5099552590463212
0.5017317980321415
0.4939867791554114
0.4867510822915009
0.4800197926125029
0.4737451715409059
0.4678370097041666
0.462169477652163
0.4565931749409711
0.4509502716229657
0.4450900938912331
0.4388852568159108
0.432244128545876
0.425118652510749
0.4175056216086076
0.4094401402201824
0.4009831434844698
0.3922039223187171
0.3831637225197427
0.3739037037361085
0.3644393679670436
0.3547593878820045
0.3448305527301659
0.3346063577485278
0.324038884565872
0.3130938949650621
0.3017699863536336
0.2901236091069543
0.2783022289319625
0.2665872765656376
0.2554465672668617
0.2455933647727674
0.238044337787571
0.2341487232289864
0.2354969260068139
0.2434993732937895
0.2585121308302011
0.2792023619360414
0.3040353926063463
0.3254662973474792
0.5903267225742059
0.594993119563322
0.6001018769976469
0.6054509480343317
0.6099120849145716
0.6135392968471733
0.6125256983535399
0.6065741430910428
0.5975690466244219
0.5972680423238715
0.5971035811058345
0.5937719538317062
0.5896546507754228
0.5849991636063046
0.579805260271761
0.5741186550203358
0.5680339466661035
0.5616390988601052
0.5550043393402728
0.5481857987113653
0.5412297888498681
0.5341750549005124
0.5270539524627565
0.5198937991334479
0.5127174486053676
0.50554278711245
0.4983839014089275
0.4912491508689247
0.4841422207594318
0.4770621101774437
0.4700040225066706
0.4629601547585269
0.4559208020347316
0.4488753120068807
0.4418135740651024
0.4347272584533943
0.4276105704955542
0.4204612248380276
0.4132813791086093
0.4060773263605902
0.3988606410313646
0.3916469037400626
0.3844558642930034
0.3773127401314251
0.3702488081949642
0.3633024549635421
0.3565213816253616
0.3499639984234665
0.3437011003866705
0.3378172981083948
0.3324120352953449
0.3275998515138675
0.3235094084898105
0.32028077708498
0.3180599580577779
0.3169904531688454
0.3172020629671191
0.318797215327725
0.3218320358574716
0.3262794798127016
0.331967634536963
0.3384766810059409
0.3462264095497321
0.3541907205984706
0.5783665564126969
0.586308011192422
0.5940466325646202
0.6014273030781774
0.6073374778271722
0.6118129197650798
0.6138028788576461
0.6147434881471527
0.6148644588016303
0.6152004648316042
0.6133217094335841
0.6087680802775379
0.6029827391545174
0.5964708254620281
0.5894823281405697
0.5821462046987305
0.5745661163123208
0.5668249298326515
0.5589853024364616
0.5510938458353947
0.5431871277019588
0.5352967254408327
0.5274528418172935
0.5196864378438806
0.5120284821363268
0.5045084734116724
0.4971510518441271
0.4899686143045648
0.4829600170143349
0.4761082645321726
0.4693818503947041
0.4627371587210095
0.4561226785180748
0.4494838580352785
0.4427691224030268
0.4359343927920578
0.428947605090978
0.4217914864319561
0.4144651259947035
0.4069813115733501
0.3993651515611814
0.3916466588101802
0.3838566364108592
0.3760244750072537
0.3681762769386268
0.3603363666996131
0.3525296851839537
0.3447854062413919
0.3371418824167919
0.3296526733817565
0.3223937583537226
0.315471999759552
0.3090347947495052
0.3032802956830691
0.2984670187624343
0.2949200946337361
0.2930285611873401
0.2932247782099328
0.2959287251993525
0.3014438713147972
0.3097844734172455
0.320466836772819
0.3326417508897317
0.3443037336952968
0.5633549161970057
0.5765924572665819
0.5882337626351315
0.5984059270640025
0.6059503092213826
0.6109985656048349
0.6132981724043625
0.6137542732913023
0.6128737787411747
0.6114296563626727
0.6086359639510652
0.6043023143074544
0.599011506057074
0.5930309994240603
0.586550215868552
0.5796935134626141
0.5725603529919956
0.5652285000395653
0.5577577738118862
0.5501943109555734
0.5425751874751858
0.534932359597577
0.5272959700017912
0.5196963375910419
0.5121639121393667
0.5047292042914392
0.4974199269972818
0.4902499864916239
0.4832213737947696
0.4763209913355013
0.469523185876701
0.4627918001114965
0.4560840332793412
0.4493548060569059
0.4425614923624379
0.4356676252582546
0.4286470945943677
0.4214865445971708
0.414188079109356
0.4067655662598398
0.3992464959196773
0.3916609919241927
0.3840388710537391
0.3764083192982316
0.3687954250760891
0.361226329179524
0.3537295162436924
0.346338936905237
0.3390978698046425
0.3320633612698061
0.3253113481185987
0.318942499319025
0.3130887769066976
0.3079204817790803
0.303653246441004
0.3005543535097325
0.2989448994434948
0.2991956991250768
0.3017050759324242
0.3068614929155739
0.3149191503534877
0.3259121080174829
0.3392990210441194
0.3544528922662151
0.5436472779266114
0.5662059168494175
0.5838018134948157
0.5977376195155459
0.6072203851669351
0.6130380144180165
0.6157190667375818
0.6161701654396411
0.614981530167215
0.6127379955230859
0.6092742547988881
0.6046325517943778
0.5991543372004871
0.5930512832476547
0.5864911741628599
0.5795918204046728
0.572443280695379
0.5651136113514444
0.5576543347345337
0.5501049375224798
0.5424971951261918
0.5348589794227795
0.5272179061257136
0.5196037784023857
0.5120495244517214
0.5045919818366676
0.4972694136609581
0.4900992374848051
0.4830860892278668
0.4762153500884831
0.4694582455667842
0.4627740922709309
0.4561151001566456
0.4494311695140102
0.4426747657170631
0.4358051725865953
0.4287935175657204
0.4216253374197521
0.4143058381859566
0.4068527850257789
0.3993044678568143
0.391697599107905
0.3840644825272353
0.376432589759951
0.3688254645027303
0.3612652926954918
0.3537756853734622
0.3463848463983336
0.3391292565504114
0.3320577202436831
0.3252360343145901
0.3187524413988364
0.3127241139497953
0.3073048828548353
0.3026945197652779
0.2991494540908654
0.2969957325454065
0.2966455195344047
0.2986070354600305
0.3035151888686061
0.3120378127901412
0.3250204425084147
0.3427106804122629
0.3656075030883067
0.5167889294055883
0.5555357030864316
0.5816260172919956
0.6002164245381354
0.6115721066813794
0.6177009575321663
0.6200301691730054
0.6197812331181364
0.6177472432254627
0.6145219993683845
0.6102542613203046
0.6050984293559264
0.5992855243054681
0.5929755793563082
0.5862969299758746
0.5793424704885762
0.5721822207715035
0.5648681436192784
0.5574387579787833
0.5499229545088079
0.5423438065946855
0.5347221424314704
0.5270808276500276
0.5194479326161804
0.5118597077776406
0.5043641315648048
0.4970203407842907
0.4898504120593091
0.4828635678831736
0.4760420053614556
0.4693516249584659
0.4627444833395018
0.4561650222461644
0.4495551494910945
0.4428595007035557
0.4360304808963149
0.4290344866548355
0.421854489021767
0.4145009784071454
0.406997106940253
0.3994024827905115
0.391765471024363
0.3841215318730639
0.376496444444307
0.3689094959383514
0.3613766239326932
0.3539141743089953
0.3465419428687437
0.3392865021774788
0.3321844631235739
0.3252861923243262
0.3186602816344948
0.3123993144371728
0.3066276424237681
0.3015123916319216
0.2972798725072533
0.2942402416544656
0.2928301166745961
0.2936668530089117
0.2976799050937165
0.306072100586074
0.3209850943603618
0.3438420250743469
0.3785482337735279
0.4672925123850545
0.5533353060192495
0.5915619693926076
0.6122480774090215
0.6226739760477441
0.6269640735322869
0.6274215706246752
0.6254850679682928
0.6219993270268543
0.6175059330031283
0.6122394802365494
0.6063663632718879
0.6000454789998423
0.5933881673617598
0.5864806607496317
0.5793846622783888
0.5721450393556338
0.5647934305172925
0.5573514930499699
0.5498337902769322
0.5422510069934083
0.5346131697494846
0.5269351776833697
0.5192407567992504
0.5115688497186739
0.5039867380235462
0.4965950858690565
0.4894193973828981
0.4824755493215438
0.4757381594785439
0.4691631358291433
0.4626896734493374
0.4562488272792603
0.4497689083948329
0.4431812409926993
0.4364258054090054
0.4294596596829693
0.4222591045391943
0.4148427017423642
0.4072383261174586
0.3995477817686
0.3918394495391478
0.3841511662599742
0.3765044784875444
0.3689110995518162
0.3613771058496644
0.3539080579197139
0.3465117097220761
0.3392009253485953
0.331995864485291
0.3249263781412589
0.3180349327389105
0.3113807599482607
0.3050461011829961
0.2991461289794287
0.2938459477439657
0.2893903506807666
0.2861617318771234
0.2847761155144333
0.286353615515092
0.2926612451973188
0.3081423792120266
0.3377574700231959
0.4101421442633411
0.2722458494352351
0.5119245409924081
0.5904294150914184
0.6226099670254277
0.6350549041898461
0.6380638818116071
0.6364222538834545
0.6324118781085259
0.627137032096639
0.6211651466366308
0.614749504802468
0.6080287066322769
0.6010979540557972
0.594016331037171
0.5868242214578749
0.5795471359800388
0.5722009054161707
0.5647934539108473
0.5573267607647243
0.5497980169788541
0.5422019364779479
0.5345331509097352
0.5267939585831691
0.5189974890219585
0.5111797876917235
0.5034407642556225
0.4959656320130613
0.4887749442797769
0.4818944947724764
0.4752832358870321
0.4688806952696323
0.4626064498632291
0.4563721716701153
0.4500866680915483
0.4436620783777404
0.4370193228828119
0.4300997878005103
0.4228653300572282
0.4153469072645122
0.4075691638121962
0.3997194289816785
0.3918996489977552
0.3841438614437455
0.3764631993575897
0.3688568604425116
0.3613164715817282
0.3538335923328695
0.3464010777049431
0.3390155584731551
0.3316780684461985
0.324394584225117
0.3171768790898697
0.3100443055552459
0.3030273124317469
0.2961744593162217
0.2895673266221211
0.2833517635005617
0.2778113364557153
0.2735061358727727
0.2717151178178608
0.2748760866675651
0.2901933938120659
0.3234641324816687
0.4847424003372738
1.020203116840927
0.7959822576655329
0.7241014823842623
0.6907546224102739
0.6724886009465019
0.6602345693382412
0.6504604130832841
0.6417127699464522
0.6334467533180977
0.6254558358100277
0.6176361266254748
0.6099331810413006
0.602318020623971
0.5947665712342154
0.5872607139616682
0.5797847702551058
0.5723223806487292
0.564856040837348
0.5573662200892138
0.5498300156256617
0.5422226282268031
0.5345175670203554
0.5266974112404867
0.5187509008043503
0.5106914147791852
0.502674481613328
0.4950630142006205
0.4878433152951271
0.4810560671747938
0.4746287750137423
0.4684748025769105
0.4624852198103644
0.4565454925554727
0.4505388989615177
0.4443515941026095
0.4378764625615687
0.4310293427962138
0.4237423208139663
0.4160650960469781
0.4079902308908445
0.3998847567855546
0.3919070273682984
0.3840661384030717
0.3763485650454533
0.3687340498729658
0.3611936843508256
0.3537018638638623
0.3462343929269133
0.3387702765777038
0.3312901328032162
0.3237746190839718
0.3162011833837646
0.3085414130754261
0.3007575271832175
0.2927949947788063
0.2845689354129027
0.2759351408607063
0.2666298245501104
0.256102954433626
0.2432505590093544
0.2252428791336114
0.1975667646617127
0.1345793629028851
0.03503334104232165
0.838879471489695
0.7640316163753884
0.7300788787171634
0.7060342095716058
0.6881908105698019
0.6734894798556548
0.6607693677610665
0.6493877332004987
0.6389907160470104
0.6293520449807386
0.6202981735804965
0.611694881104513
0.6034391783097879
0.595447703833474
0.5876533063175913
0.5800004502519484
0.5724427536117938
0.5649389514118335
0.5574488210469779
0.5499289965160032
0.5423327936708624
0.5346057830357175
0.5267028873546961
0.5185591562182088
0.5101065687759555
0.5015967225890834
0.49377780109866
0.4865142232359472
0.4798691827582404
0.4737090085742546
0.4679065268077629
0.4623133947929318
0.4567821649822987
0.4511653634770067
0.4453165104023257
0.4390895319207987
0.4323598696478811
0.4250001495118024
0.4170880983658322
0.4084971532695253
0.3999837604174119
0.3918027786727735
0.3838775058176079
0.376139460313421
0.3685409937763045
0.3610260572981215
0.3535492853766984
0.3460689974782346
0.3385478886522394
0.3309479270072647
0.3232259728337755
0.3153293170788853
0.3071898025533233
0.2987162649690002
0.2897855374691485
0.2802269452652548
0.2697951877398519
0.2581313037476861
0.2446648229991313
0.2285409530571302
0.2079546415760975
0.1814114435495967
0.139668052701176
0.08496404427834299
0.8125825148640413
0.7797378123705874
0.753778460306876
0.7276440625897292
0.7057401441001939
0.686894988557778
0.6706624102934865
0.6565036890803286
0.643993732847665
0.6327827218131092
0.6225831951135365
0.6131644403422564
0.6043423321602992
0.595971684602051
0.5879379439106922
0.5801501595674232
0.5725355947383896
0.5650326830380121
0.5575838458972915
0.5501266952017982
0.5425924357412958
0.5348920835301934
0.5269507577135075
0.5185868349337333
0.5094869173420289
0.5000707618586208
0.4919516165429204
0.4846327063232874
0.4782115789109531
0.472439170399096
0.46712661158722
0.4620741867239413
0.4570969065451272
0.4520139431613253
0.4466412407052602
0.4407814420854129
0.434247650346374
0.4267981596003561
0.4185528307901675
0.4090271600325605
0.3998514760613154
0.3914478865029205
0.3834859754416825
0.3757785679563571
0.3682479791279191
0.3608051712655869
0.3533844798177752
0.3459282720589781
0.3383861947549577
0.3307061221378517
0.3228265857843878
0.3146697041823706
0.3061333214534769
0.2970811558272937
0.2873298185180591
0.2766315092701297
0.2646458632014785
0.2509021691221212
0.2347227828546833
0.2152076446648281
0.1907645171924863
0.1604048163626097
0.1186852651224787
0.08844901673010623
0.8252439238729641
0.7963303534833341
0.7709461720916477
0.7426579291837346
0.7180029496569318
0.6962631308873848
0.6774634317691645
0.6612231229931157
0.6471258086551464
0.6347504463047079
0.6237270849442036
0.6137469278102785
0.6045605775889086
0.5959711715547118
0.5878256101462352
0.5800056692303965
0.5724197246592545
0.5649932888872107
0.5576581308677709
0.5503372440081253
0.5429443474901254
0.5353601758681317
0.5275176831128472
0.518997705274994
0.5088105490233971
0.4976998667371719
0.4892309012704051
0.4819105298772765
0.4758837478015641
0.4706949639441984
0.4660679983762606
0.4617452531397507
0.4575077322148203
0.4531479823671553
0.4484475805555417
0.4431507499109087
0.4369814198670435
0.4294901370445417
0.4208551251150864
0.4095976117579965
0.3993195201627955
0.390762263576143
0.382903676592186
0.3753161869743087
0.3679300655020424
0.3606280775710313
0.3533281345266938
0.34596085480443
0.338469360801282
0.3307943650254805
0.3228634615531176
0.3145819860790992
0.3058240714792257
0.2964225368912959
0.2861563062198937
0.2747353309163337
0.2617815014519022
0.2468072768144046
0.2291762159284114
0.2081531502456629
0.1825890008074209
0.1521983543668981
0.1124362926618244
0.09156293539850766
0.8771570633946597
0.8290795580509782
0.7951005641857922
0.7604486746067283
0.7314539794133439
0.7061584224642644
0.6845330463882754
0.6661651738338078
0.650519959926272
0.6370365293978605
0.6252293365891937
0.6147038379950801
0.6051486181775569
0.5963220147947709
0.5880395461485918
0.5801629289175236
0.5725904838689981
0.5652463373849379
0.5580651746821119
0.5509666065511029
0.5438588856215822
0.5366150901920461
0.5292970460441991
0.5209591214506328
0.5088500233507355
0.4943249902766195
0.4854274217231029
0.4781561911693256
0.4727478075975721
0.4683936036159626
0.4646873488588922
0.461311253877682
0.4580233459956712
0.4546054486626737
0.4508154697304438
0.4463361835755937
0.440758989592533
0.4332747146432923
0.4241679533611694
0.4094448632367879
0.3972308955126547
0.38886983948982
0.3815508495672988
0.3743157708346591
0.3672262895289762
0.3601597060545046
0.3530296291563757
0.3457668409934648
0.338322001554071
0.3306407032624147
0.3226491971408096
0.3142450912271323
0.3052891950549947
0.2955963103457575
0.2849245343901757
0.2729636767086652
0.2593225767253724
0.2435209072596985
0.224973986485578
0.2030879338369815
0.1770751503073112
0.1471650202244451
0.109598176077561
0.09209214435706749
0.967477968329678
0.8572483740769815
0.7974673853256523
0.7536261060358338
0.722015047166939
0.6958312586080555
0.6740437925694589
0.656068494673735
0.6412068886863752
0.6287135645464449
0.6179648440656819
0.6084810098026954
0.5999023453414609
0.5919620548398264
0.5844660024857072
0.5772777290020655
0.5703064657099904
0.5634921379057503
0.5567771967315523
0.5500579037418178
0.5432070340887942
0.5361474329836697
0.5296222143265419
0.5220713290843251
0.5068995288783555
0.4862817116162207
0.478431108658254
0.4722456672015945
0.468244242740076
0.4652829348817736
0.4628810326646017
0.4607418091156301
0.4586644639678116
0.4564811734615381
0.4539900077548424
0.4508924670333332
0.446702799465715
0.4402607490738019
0.4321499401699984
0.4112430037155169
0.3959389532899375
0.3883632499474168
0.3818249029521485
0.3747486826894567
0.3678769962660189
0.3611339431290965
0.3543950383466716
0.3475664931488581
0.3406057961309503
0.3334740866340805
0.3261094848904363
0.3184143481867567
0.3102459835145367
0.3014057138760564
0.2916260761534498
0.2805574670147076
0.2677546309306064
0.2526694795609623
0.2346535919639053
0.2130997674377732
0.1874225546803454
0.1580658887097945
0.1218888094306032
0.09704193681767438
1.326946868021887
1.017619902376505
0.9116947135342555
0.8528923158520666
0.8065762651238855
0.766717270609464
0.733739120700267
0.7065869607705411
0.6838671867590855
0.6644878257370525
0.6477069347726855
0.6329947692581646
0.6199456163716639
0.6082397370817217
0.5976267291744329
0.5879172746064881
0.5789830896094186
0.5707655942406811
0.5632785410679805
0.5565567171579209
0.5506550839019169
0.5460931414201519
0.5465579147356534
0.5485378589366534
0.5283380989110547
0.4808457255507846
0.4712399753838027
0.4656000630908903
0.4630305832924225
0.4616978858109817
0.4608101852703934
0.4600826490948993
0.4593766120034889
0.4586063446097642
0.4576312704722054
0.4561621366043219
0.4534010947457544
0.4474783043692602
0.4375862894798296
0.3896288610649523
0.3694316899568621
0.3715763915443145
0.372176137571151
0.3677468884108958
0.3620101661453042
0.3555060208208685
0.3483095086857913
0.3404843028033063
0.3320799437920384
0.323082138128128
0.3134187509516976
0.3029736761227599
0.2915941474978697
0.2790934340486442
0.265253443242028
0.2498304062201676
0.2325629858248036
0.213176274242977
0.1913596404077928
0.1668321050894475
0.1395635959768004
0.1115898560067719
0.08399873775034251
0.06293089740412011
1.763971294389383
0.7861571707216827
0.5300680030896275
0.5552369823043156
0.5809143834022978
0.5769948849831996
0.5676155089857262
0.5625526774784591
0.5612372583270915
0.5615256944861402
0.5621640266172937
0.5625769246573905
0.5624703560761389
0.5616763100423748
0.5601122097171184
0.557770271182252
0.5547352537867573
0.5512101148937798
0.5473519781406878
0.542585049278245
0.5352500058778376
0.5267994297324604
0.5311153944448742
0.5397837909650907
0.4735024077948146
0.4378853599478342
0.448273719089156
0.45273694491915
0.4551937974102921
0.4570447249272997
0.4583223987715748
0.4593068083546459
0.4601799060827091
0.4611267479635915
0.4623279698418356
0.4640599306354698
0.4663546267788135
0.470582699821206
0.4808395166661571
0.4445732069565476
0.3773415979617032
0.3859336283021541
0.3901923634938758
0.3815674054961912
0.3739249503250976
0.3687170458077649
0.3642747629591848
0.3600125033145853
0.3560791761021258
0.3526718892382685
0.3498739602630338
0.3476816765801624
0.3460173913305503
0.3447053394785861
0.3434314732945714
0.3417003073334415
0.3387671019083391
0.333455714203331
0.323819171750049
0.3074134758878113
0.2847237303543933
0.2668131790549051
0.2602419894621336
0.1774850772617109
0.2029241799429388
-0.1408763492863719
-0.2947690669829675
-0.2401827283773258
-0.1344497625963921
-0.04513405303879914
0.02887881952033583
0.09764511876781483
0.1637446521118057
0.2256963272902265
0.2817632183189036
0.3309933925860357
0.3730909253255803
0.4081609757161821
0.4365471124325798
0.4587345529324304
0.4752766709683706
0.4866426439025008
0.4927446310186848
0.4919272197806703
0.4796192994774822
0.4463833303385795
0.3735426824541823
0.2504419644431043
0.2744624810956782
0.4158339040026879
0.4255246240185184
0.4406351188465764
0.4480542639866731
0.4528842290057411
0.4561080945715856
0.45861052248467
0.4608777389564952
0.4633489697768602
0.4665102508836267
0.4712457727457659
0.4785368010563257
0.4934826894563621
0.5030703735774759
0.6441719827312179
0.6665671650832958
0.542004555264578
0.4680291396125455
0.4334964246875417
0.4193967846781353
0.416079511027115
0.418787385922907
0.4256742777748866
0.4364514696651289
0.4513760806707184
0.47077551966968
0.4948853952781531
0.5237533146919372
0.5571108094700972
0.5942044582003675
0.6335912007231224
0.672884660078217
0.7084737340169004
0.7355420418882965
0.7494158996547797
0.7490053727280517
0.7381738162286959
0.7147885156700945
0.6685840758088645
-0.9473872562905135
-0.9736439234056321
-0.9757106166597801
-0.8961480295621553
-0.7592930192550336
-0.6084547155186137
-0.463815159456582
-0.3285414073979744
-0.2022020043863387
-0.08548140837730851
0.02021885615738751
0.113782181385126
0.1947397300058111
0.2632067403066205
0.3196904992253009
0.3648776217970155
0.3993802939439008
0.4233364147946396
0.4357086691205794
0.4331960213085483
0.4090603139228116
0.3540220086968769
0.2683721352395922
0.2039909050765389
0.3151913019653514
0.4241143157400049
0.4237555810710836
0.4382051455869601
0.4455275405501468
0.4509345193251023
0.4549026988428373
0.4582010073186099
0.4612730939457484
0.4645473280812589
0.4684683352993579
0.4738080570168195
0.4810459075807781
0.495407302187026
0.4949808740142064
0.6039976486364522
0.7144239983839735
0.6481935942234295
0.560571676702258
0.5032815473818129
0.476142636487047
0.4693928970460853
0.4758348806651323
0.4917077300848024
0.5154974790739885
0.5468416996444134
0.585822349981894
0.632552451831809
0.6868967654739482
0.7482196284494973
0.8151220625840647
0.8851754799838938
0.9547086788096393
1.018820012379382
1.071960190581133
1.109347713532124
1.128582775038822
1.129955022232746
1.117076491572263
1.102603518936626
-1.748005667767927
-1.676336164285437
-1.577028624003096
-1.447265573121666
-1.281225204796095
-1.091902263647476
-0.8970944247913695
-0.7080719106102564
-0.529963676333856
-0.3653242447942245
-0.2159599532350605
-0.08317603973870125
0.03237358860781403
0.1306969551589433
0.2122888353844311
0.2778333980221137
0.3278098598059968
0.3619988631003699
0.3789618792973132
0.3758938374154286
0.3501587383621923
0.3054162031940708
0.2645132904572934
0.2775666788986565
0.3859275867951806
0.4358145319751838
0.4299625506950324
0.4398952259053898
0.4455076800849979
0.4504206070569017
0.4544406438400674
0.4580188092553649
0.4614353758454499
0.4649953400622997
0.468980589264658
0.4738471559076425
0.4794059174193015
0.4893035536860965
0.4833798517316673
0.5335709360848886
0.6419524849875441
0.6537264966516554
0.6108486135793214
0.5634295303484778
0.5338682252298461
0.5251761149075697
0.5339938632548715
0.5567513328766439
0.5912047166819312
0.6362867961268974
0.6915838587085712
0.756834157695025
0.8315113197850792
0.9144729824816969
1.00366306352343
1.095897949389168
1.186829169233535
1.271234042516409
1.343747741120738
1.399914808020757
1.437243845506751
1.456413673989954
1.462909039464281
1.465246730505049
-2.31324034713955
-2.223103047694889
-2.081687481516069
-1.909732221147891
-1.711601935950217
-1.492072511669268
-1.261836945113135
-1.032537531372197
-0.8128057647268753
-0.6080266776546045
-0.4214701683116512
-0.2551042024493456
-0.1099205899714109
0.01390124652696107
0.1167729307083861
0.1993643089386014
0.2622020611796559
0.3053409212378049
0.3284388767928448
0.3318814342632523
0.3197808088284927
0.3045595209405164
0.308353658764858
0.3507379869866813
0.4218762341202165
0.4408293079626474
0.4359060120905278
0.4422478796195128
0.4464335857021839
0.450646293293716
0.4544287912016824
0.4579864623701984
0.4614505426626989
0.4649945576578522
0.4687516364372562
0.472932740230979
0.4770834146257122
0.4834191715011671
0.4784043348442257
0.4977104799599925
0.5694395621433039
0.6114472254386742
0.6138890879261565
0.5961457826714001
0.579853758949283
0.5766740478311564
0.5897812716025206
0.6185046897257014
0.6613548088722382
0.7171625905878649
0.7851670902359005
0.8646956618753511
0.9547596952257552
1.053697711385242
1.15892227429307
1.266821014227268
1.372879966760177
1.472086552312851
1.559590731806827
1.631510639883238
1.68579946418871
1.723055529779032
1.746347708374957
1.758562980372759
-2.716459696149932
-2.627825550797042
-2.475820150978442
-2.281134749097847
-2.057206636691459
-1.812331458054957
-1.555309465025704
-1.296352675859013
-1.044991037314141
-0.808534019112391
-0.5919107119179957
-0.3981386224880423
-0.2287939799491978
-0.08434944170030899
0.03553411652779274
0.1316952835932587
0.2051889142740805
0.2572323292097934
0.2897171226238106
0.30655836895357
0.3154641012839876
0.3280597267388392
0.3549539576794818
0.3958090599365165
0.4352101567448174
0.442927019788603
0.4401550040154859
0.4442674433143475
0.447534882593282
0.4511425945880966
0.4546236170108189
0.4580309379567603
0.4613954398896447
0.4647921431144804
0.4682538820510885
0.4718390301588945
0.4750817366197827
0.4792022699723003
0.4763211822513653
0.4843833848640709
0.5247705543830199
0.5661213078393093
0.5925235942985086
0.6031255354587761
0.6078639761282991
0.6174661730874903
0.6385197357107212
0.6736290884328744
0.7232184062168856
0.7869133005116214
0.8640896300202711
0.9538639833503297
1.054863785439777
1.164993438248059
1.281305149704255
1.400028622058286
1.516786852102004
1.626991413714456
1.726365284907174
1.811511005805145
1.880399400758558
1.932481202785881
1.968009220264089
1.986929041268024
-2.9977833808436
-2.913288918445172
-2.761769039869435
-2.558464904642463
-2.31870752393738
-2.054890540031908
-1.777586137443365
-1.496986920557301
-1.22272855132827
-0.9629563661636408
-0.7237583462524765
-0.5091728374374039
-0.3214779635729778
-0.1615139296755207
-0.02896227885884457
0.07742340538798739
0.1596773229309254
0.2206806976931982
0.2645092796717416
0.2968807936196232
0.3249114455031388
0.3549813212440927
0.3887000403774762
0.4203744515737383
0.4408157594347045
0.4439500744994714
0.4428026030432187
0.4456881234891513
0.4484478389608562
0.4516398430409061
0.4548681715817723
0.4581020331282659
0.4613212028432098
0.464545838730743
0.4677577187971127
0.4709312362968346
0.4736709293043198
0.4765704778780367
0.4753023874418691
0.4787784736457782
0.5004842417416931
0.5333585607819012
0.5674018005027486
0.596117408124056
0.6202273744844315
0.6450496346131966
0.6764130937048128
0.7185131888294864
0.7736868950807441
0.842901125038493
0.9261664066613764
1.022694656009839
1.130902267597568
1.248393467286334
1.372009891035853
1.497982838287069
1.622187866536171
1.740471725897744
1.848999390123179
1.944548768863907
2.024644267143877
2.08741524953208
2.131267765814671
2.154800420713774
-3.178924365553145
-3.097563194815762
-2.948654450599324
-2.743298225609038
-2.49565594846624
-2.219909121325669
-1.928780143390893
-1.633508341472647
-1.344028185096777
-1.068796132916339
-0.8144855986840577
-0.5858406527335428
-0.385737833358235
-0.2153562584651938
-0.07435028801145595
0.03903277562652076
0.1278944916880061
0.196623765437265
0.2506619099989553
0.2958009371472718
0.3367538286167451
0.3752533607223545
0.4089845276578063
0.4330626260265149
0.4435069779331837
0.4443561314454756
0.4441521473406101
0.4464484770343758
0.4490185321919772
0.4520100168417585
0.4550858101240185
0.4581754231424722
0.4612532204058351
0.4643328934120481
0.4673911250354498
0.4703628594168915
0.4729126903825499
0.4752211639053385
0.4748918287182825
0.4760942541524862
0.4879920630083402
0.5137634293742903
0.5484370506025827
0.5861250801087882
0.6234445687137277
0.6609172820465025
0.7018306517912531
0.7502949689858516
0.8098113384017527
0.8826116476193212
0.9695167838370843
1.070032048140435
1.182524496021185
1.304429798971128
1.432483186395821
1.562974975474142
1.692016042191071
1.815779935978965
1.930678788315891
2.033434589869942
2.121035921799312
2.190651711562411
2.239685114048851
2.266097037845713
-3.271312948534739
-3.191896522934575
-3.04477345642389
-2.839277696432984
-2.58846528068489
-2.306919824736328
-2.008547380934561
-1.705488181235104
-1.408027321012103
-1.124757502756214
-0.8625777440717244
-0.626578414387144
-0.4199792251700012
-0.244165747996261
-0.0987576167144807
0.01835768096793939
0.1109884101978461
0.1844076659728814
0.2446260301142839
0.2969793401745583
0.344348799775559
0.3860591823764316
0.4186500610328399
0.4384356581503853
0.4439052114163643
0.4440205506622821
0.4443886497408887
0.4465836630553437
0.4492319201548074
0.4522309355531365
0.4552601423679088
0.4582454271373347
0.4611969111549298
0.4641694367095382
0.4671761525004666
0.4701493841460109
0.4727728257203326
0.4749770905069043
0.4752235387365704
0.4757011407594013
0.4827238237678506
0.5044703780958457
0.5383469676238408
0.5795626830262677
0.6234874684803932
0.6681448561285765
0.7149077113160012
0.7673394110360303
0.8293979165688159
0.9040637679012562
0.9927229707665232
1.095132321790606
1.209677464581857
1.333722021091825
1.46395733471297
1.596721454202295
1.728265676571635
1.854937328264967
1.973247550972559
2.079823913506409
2.171316899010697
2.244400993030571
2.295992785301804
2.323668078966806
)
;

boundaryField
{
    inletLower
    {
        type            zeroGradient;
    }
    inletUpper
    {
        type            zeroGradient;
    }
    outletLower
    {
        type            fixedValue;
        value           uniform 0;
    }
    outletUpper
    {
        type            fixedValue;
        value           uniform 0;
    }
    sideWalls
    {
        type            zeroGradient;
    }
    topBottomWalls
    {
        type            zeroGradient;
    }
    frontAndBack
    {
        type            symmetry;
    }
}


// ************************************************************************* //
