/*--------------------------------*- C++ -*----------------------------------*\
| =========                 |                                                 |
| \\      /  F ield         | OpenFOAM: The Open Source CFD Toolbox           |
|  \\    /   O peration     | Version:  2506                                  |
|   \\  /    A nd           | Website:  www.openfoam.com                      |
|    \\/     M anipulation  |                                                 |
\*---------------------------------------------------------------------------*/
FoamFile
{
    version     2.0;
    format      ascii;
    arch        "LSB;label=32;scalar=64";
    class       volScalarField;
    location    "5000";
    object      p;
}
// * * * * * * * * * * * * * * * * * * * * * * * * * * * * * * * * * * * * * //

dimensions      [0 2 -2 0 0 0 0];

internalField   nonuniform List<scalar> 
4096
(
2.028188933632741
2.053438723806776
2.097833910584757
2.153153134921784
2.207395310146759
2.247090559084135
2.260570399354949
2.241125369702367
2.189655102796138
2.116427058099091
2.040787792062003
1.987413515712505
1.97911210946623
2.029003153179393
2.136397377621435
2.287284112145955
2.453496401984519
2.497869153405489
2.479827698042268
2.488430514487424
2.492802781609872
2.495295737171149
2.493465290957095
2.486272408467658
2.47263061928133
2.451400361904509
2.421219716458736
2.380557824679548
2.32802281580443
2.262759197310864
2.185634402937669
2.098747749105472
2.008167749227525
1.918678881339098
1.832276891998497
1.749176546255524
1.66887600579341
1.59060342903158
1.513649685847705
1.437427517648738
1.361463688238989
1.285336763341935
1.208600520319048
1.130722154481431
1.051065371113568
0.9689359119942005
0.883874879133225
0.7960706124666151
0.7073645703026307
0.6222595395818095
0.5465901232560721
0.4823638326385556
0.430391949546767
0.389842660173726
0.359378199308819
0.337578861876556
0.3232784549447725
0.3156628444975851
0.3142076015410932
0.3184654316545024
0.3276853137357958
0.3403241565338462
0.3532090028437582
0.3619302553567675
2.044069354052229
2.074842853405089
2.128129719711898
2.193377654957497
2.256802457420147
2.304623335549737
2.32556504529627
2.312563097704082
2.26452491572668
2.188242373833271
2.099544178972921
2.022187925380566
1.982990707078297
2.003239918835054
2.090259851531835
2.236145082174857
2.426764732170593
2.488222631526393
2.467976244445719
2.476562580197225
2.479059054398286
2.479686883848159
2.475956813017323
2.467002072813842
2.451768028226052
2.429213220780619
2.398168656247425
2.357392148275645
2.30583831520417
2.242814452228736
2.169292078383741
2.086329511046745
1.999877614804774
1.914040654526362
1.830240011083032
1.748668943392435
1.669108992034477
1.591060405258362
1.514044619736344
1.43762409072177
1.361423736424405
1.285099057041434
1.208297281111597
1.130621917100278
1.051646991450292
0.970938345490079
0.8883193076979709
0.8039761899657286
0.7192324399880545
0.6379493942511535
0.5658513754461454
0.5039092587651146
0.4530173664849623
0.4125095101392401
0.3813985951952237
0.3585616426110453
0.3430155602819641
0.333992960408947
0.3309026864125005
0.3331828288367605
0.3400351281430897
0.350120129378213
0.3610303525201947
0.370112153856215
2.078347407369727
2.119795146749455
2.189498601386363
2.271597923466294
2.349562466301081
2.409989515417839
2.442709889639327
2.440333711496853
2.399028015172296
2.320258133222482
2.213164168065996
2.097220852535996
2.002977453927912
1.966421019048642
2.015432716934108
2.158960686710651
2.397732012800558
2.480750750718423
2.455536147519624
2.466303939513812
2.46833642986213
2.468413226123362
2.463892159918687
2.454195518954799
2.438391686332948
2.415568961692745
2.384679660732856
2.344568079479682
2.294218063696646
2.232601398151291
2.160755508391142
2.077732168660062
1.992035776753006
1.908201053882878
1.826509732715622
1.746508223911411
1.66800404269824
1.590571191940747
1.513877204004402
1.437611873375606
1.361508140452657
1.285319405159757
1.208796896283322
1.131655954594704
1.053604409125761
0.9742846990582262
0.8935513772641632
0.8110147693563132
0.7269612349284664
0.6456811306595565
0.5753697796690422
0.5149770720436077
0.4654161419897238
0.4256999705661506
0.3948704238903209
0.3718876944862253
0.3558674458981337
0.3461169211498552
0.3421041645306847
0.3433634880154137
0.3493078746632526
0.3590447856384578
0.3710844849266886
0.3839389680826231
2.140920389757734
2.198297437295146
2.289412194641293
2.390109656104998
2.482604207291602
2.55559586882349
2.600243623672476
2.609118490745526
2.576857432814699
2.500526979400631
2.380906141685683
2.227246987299163
2.06580018689175
1.945963520203877
1.930954616136135
2.068089284793689
2.369813420221321
2.474473648914145
2.443554713019853
2.457992833399632
2.461031373473391
2.461762652661524
2.457494458183006
2.448035153140764
2.432681006491596
2.41069154064908
2.381091160428738
2.342641571566848
2.294048938508229
2.233330622557578
2.161585470244577
2.073194014470538
1.984066505015039
1.900904741857089
1.821262970673507
1.743007747411321
1.665861619369457
1.589368364702958
1.513296464662313
1.437452074964273
1.361690457503175
1.285884493676702
1.209900021832278
1.133549515665283
1.056628849231025
0.9787398118504271
0.8996596820443411
0.8174641384988939
0.7299526327599621
0.6435725176884184
0.5736738901901021
0.5144728053697992
0.466856211311894
0.4289240873974027
0.3994410674338063
0.3772709805868684
0.3615670368462271
0.3517438868630279
0.3474398150978383
0.3484663544543003
0.3546573103921103
0.3657772441811669
0.3812830326440517
0.4004488059159229
2.251889034743799
2.327458369060383
2.436355534845401
2.548473563476588
2.650042960401857
2.731495487155008
2.783259833042012
2.798681080339439
2.774366336881905
2.707044684768685
2.591166958334691
2.42170801271549
2.206369655314941
1.988231703956621
1.86404500175024
1.957646503926274
2.33064101637886
2.466717158381651
2.431385910527216
2.451779891700233
2.457231894847371
2.459457533510188
2.456091777295307
2.447500763847744
2.433332995917278
2.413077701484601
2.385821569251254
2.350133138122552
2.304157949678627
2.244173944624972
2.171563286527216
2.069395451704295
1.971164999671672
1.888768310032393
1.812838580216342
1.737365095807122
1.662276064657305
1.587234010644146
1.512185133417858
1.437094432116274
1.361982944945648
1.286883783435351
1.211814365353595
1.136726204654451
1.061568466498238
0.9859922808690444
0.9099662026131907
0.827942028831313
0.7313041424367647
0.6316301861419606
0.561424337470431
0.5034299872798002
0.458716220368553
0.4237020257548657
0.3965912458330591
0.3760513059733643
0.3612491054980626
0.3517350654189258
0.3473854856174646
0.3484149939414534
0.3552545838046484
0.3686922145360558
0.3893843347728359
0.4178600712701123
2.451358717951155
2.530869082593476
2.632678716740616
2.740027643464344
2.843812141169455
2.92660686846974
2.975050652929587
2.986594757674693
2.964398528955784
2.909492497032756
2.815453206573154
2.666954585411851
2.445781845793093
2.155449985842489
1.876713400303408
1.820777553894777
2.238822816366159
2.452169781246446
2.419357919652841
2.448678937942494
2.457997076797852
2.462128312994123
2.459904322313184
2.452520327074346
2.440154357730532
2.422667764130307
2.399369854292166
2.368871983900619
2.32893087612817
2.273923953977169
2.20636770008251
2.077601678353958
1.961614023018561
1.880070274535758
1.809271983319135
1.736056268636925
1.662111944344033
1.587545410557431
1.512586908801782
1.437349326565723
1.361997583344351
1.286705965899065
1.211618969346387
1.136795164566049
1.062393418289482
0.9884036823664795
0.916444838037723
0.8342435526357007
0.7195632721485284
0.5940952003516811
0.529848559425287
0.4775406646849368
0.4392510369265688
0.4096424651051122
0.3865347250886364
0.3686331502911792
0.3552769666101986
0.3462509703571336
0.3417349010653651
0.3424253205217313
0.3494666894428623
0.3651799034972676
0.3916990159544334
0.4331846255799205
2.818038083156104
2.827686341308835
2.864493777155825
2.954012104789536
3.05595206135087
3.12703148715603
3.155735419044585
3.150383791755409
3.122126910188087
3.077051521118761
3.012538288523897
2.913922394201832
2.751396372937149
2.482666849650806
2.093092313324874
1.752411901350936
2.052504691935497
2.418391574226959
2.411438222006975
2.45145990701934
2.465212891636896
2.470602987816899
2.468955096883178
2.462514012353007
2.452067435448946
2.437873393235436
2.419453309793361
2.395371116965309
2.361985911583233
2.309894118857429
2.236564763782515
1.995213648278033
1.858030367265986
1.811239517912412
1.771107118502603
1.710787989752069
1.644641062399931
1.575988905150215
1.505825734260557
1.434739738374978
1.3633233793549
1.29214963590814
1.22180130376349
1.152822911829513
1.086151659901244
1.024836985835571
0.9826010733175922
0.9335885365827719
0.7966840698413424
0.5611520853921677
0.4923656416591802
0.4437438469189306
0.4123396819527815
0.3893126273299135
0.371133229185829
0.3564184535182558
0.3446222987514129
0.3357467526616089
0.330179409306148
0.3289890883198108
0.3340516879140271
0.3503296669025172
0.3838804620133972
0.4665739347892187
3.485381581727648
3.204604385205252
3.110210767384725
3.187923707521889
3.274361650923308
3.307973482998621
3.299634878217464
3.269605478963045
3.230076611004296
3.187696812891511
3.143968165244541
3.091693744988605
3.013205144156101
2.874352189731877
2.597216979772038
2.09645696720233
1.965956378861373
2.396317447942426
2.431214882810709
2.469891519543606
2.482779916994114
2.486109548827186
2.483206049037606
2.47685359609034
2.468309215818458
2.458428430507014
2.447865447838878
2.437470849636073
2.427223182400595
2.420893635496895
2.443684449900154
2.268320977756686
1.846963726219502
1.816385170202425
1.81968330885671
1.757925025438828
1.67836213607727
1.598948341311751
1.520005386757935
1.440479742247819
1.360631897953309
1.281107244770994
1.202154257078635
1.122593639053969
1.042108803645016
0.9769238379451932
0.9728925813043472
0.9362849970252045
0.5235953810750477
0.3546508798751271
0.3817949972140446
0.3788723277936529
0.3706355142571833
0.361322086193397
0.3510509902453791
0.3407281288333452
0.3308585374143265
0.3219614081703808
0.3147601066785066
0.3106900422887575
0.3123927131777831
0.3277633292919974
0.3627313069902948
0.5400234672213859
4.566270169461879
3.641128901336132
3.413898891233472
3.442031585079359
3.45493030783249
3.424550998961364
3.377988365427278
3.328635645749295
3.279243784231179
3.231226442549031
3.186223279631971
3.141644279786073
3.093370953729865
3.050438116181483
3.050862053327099
3.02017364245645
2.647195918614138
2.49292144766471
2.522497250667308
2.522120846128438
2.516787661697492
2.510024559157712
2.502069294478629
2.49384319643598
2.48605886728388
2.479686572650253
2.476161023819761
2.478661319408657
2.490913407582926
2.532137653624328
2.567599524943731
3.055574716393357
2.928268800493919
2.418099481207875
2.135133685284427
1.965330224843547
1.828679113061867
1.703525014359182
1.583675216805407
1.466138269379023
1.349230296174587
1.231652588872183
1.111566950879803
0.9854391643579139
0.8457454660182079
0.6689400904484956
0.3753257088425027
-0.1412903855638064
-0.2563174949359356
0.2352985563129903
0.2734079198364768
0.3167987816848223
0.3307375043125954
0.3341914038860819
0.3310121433741003
0.3243482320399582
0.3154517125940935
0.3048177644897218
0.2922962562889891
0.2768454763050628
0.2552707308391298
0.2223154612415069
0.1480515978159304
0.02929069249840395
4.010077262896651
3.720973931290083
3.621954419527801
3.558478252094677
3.501472002492932
3.445078072832993
3.390603626835198
3.337818198497946
3.285831105724221
3.234485228110118
3.185345579681083
3.137766058250287
3.092101633005123
3.050069436353672
3.02335921744677
2.99059522570255
2.877213284861694
2.673426291011701
2.617650896622719
2.577877931770179
2.5530384655432
2.5351335238184
2.521188235983564
2.510139381319799
2.501792427609916
2.496645359350419
2.495721886897406
2.501727691105899
2.516165961908389
2.560109237877507
2.549361173636667
2.963294342295455
3.325548194992721
3.003807602203914
2.605814546585307
2.296041843155341
2.058139924187971
1.85817043557432
1.676768749099375
1.504032003573158
1.33367998165339
1.160251852716796
0.9772554400860208
0.7742831755862083
0.5312854053401871
0.2142789473355304
-0.191012394802922
-0.5162604996431585
-0.1551678307499652
0.257123702468758
0.2485856160981452
0.2937633146782103
0.3094815694327886
0.316352470479516
0.3160049885091397
0.3111398576945203
0.3028055504103542
0.2915145251513157
0.2771661001136371
0.2591405429598292
0.2355986294281791
0.2049830082471291
0.1569062977350477
0.09275028137078394
3.71367165177113
3.620743949613975
3.569469467083169
3.521243225283095
3.476850635018713
3.430110793624611
3.381544794063141
3.331840593273753
3.280881482829633
3.229239542337199
3.180121908823859
3.131382498533081
3.082043343868542
3.029905036021148
2.975820544364284
2.90759759983783
2.808933112440752
2.701566066502948
2.649267203591071
2.606944220491207
2.576807501869165
2.553922018312885
2.536410888727491
2.523230096513562
2.514002813179519
2.508869829895719
2.508263471424422
2.513786393216755
2.524146703815521
2.556932733895652
2.51719653082419
2.757525854365739
3.254904865191132
3.246354244224373
2.966907843095846
2.627244985174362
2.312910509874361
2.0356498065539
1.785248581258594
1.549533357406594
1.317887128941281
1.080384187681988
0.8263630554870491
0.5436671006317186
0.2224442038493745
-0.1245428270458113
-0.4105555386755078
-0.4259529789760211
0.05752679381702919
0.2918020934171147
0.2544840900936736
0.2877737479012508
0.2991475302127097
0.3055216694703171
0.3057297387581439
0.3013733317154667
0.2929579124808887
0.2807221291550914
0.2644375192199125
0.2434687253527032
0.2162786623103786
0.1819860666871083
0.1345797787742849
0.1003923791378684
3.639618169915501
3.599955093786209
3.567962255458089
3.523981230807846
3.479256533227354
3.431726744998975
3.382812718671059
3.3329120111609
3.280507291131559
3.226195371051179
3.177301372314902
3.129208180482651
3.080768541250964
3.028482319550214
2.972024486444579
2.900492131661869
2.815586710757476
2.732052448816596
2.675267142090681
2.628848391283537
2.5938554586575
2.566944085725856
2.546520776363449
2.531474166619199
2.521213377243182
2.515549510449637
2.514410508564256
2.518543951076973
2.525326204112339
2.549015604883359
2.506217487348307
2.662993703978569
3.115426748460479
3.261847462116628
3.134425248660185
2.853718276953745
2.52458528234458
2.199269296289865
1.891458784926159
1.597200109879966
1.306792457616551
1.009442482689485
0.6956645788105341
0.3620417584738281
0.02318773813879023
-0.2676739342241896
-0.4057678640900503
-0.273257217155167
0.1561414496886991
0.3042539795652284
0.2643068404779668
0.2880580273952957
0.2957412530162263
0.3007921101404056
0.3007518281909189
0.2963955275009884
0.2878029725471697
0.2750149019676185
0.2577893605331754
0.2356941103610153
0.2077260963909391
0.1738633892364479
0.1289989864787545
0.1067768152429931
3.64074774919759
3.60090673599264
3.568869936764655
3.525050677007816
3.480558136450523
3.433246029785828
3.38495629862223
3.335776399889861
3.280888387279304
3.220956531541237
3.173235504256222
3.127081525228284
3.080980890817225
3.029307552347006
2.972236239271987
2.892353124627649
2.809950347933297
2.740061953670222
2.685723294842756
2.639980136432938
2.603825031073434
2.575413583915909
2.55362027537061
2.537510971717422
2.526491402125112
2.520226953708308
2.518365934229212
2.52111628418231
2.525527192410889
2.543097491886991
2.504282034741036
2.635383094804348
3.017534981669905
3.190765214741155
3.149523272463751
2.94405010145633
2.646732171910207
2.314314541414881
1.976214711333242
1.640932360691832
1.306107939303391
0.9663461715346023
0.6196501373175719
0.2752431707955973
-0.03652072763445276
-0.2582240653056024
-0.317826048934
-0.166958934346993
0.1857803095639201
0.3070975382544018
0.2714785531457604
0.2888606113735365
0.294111970092474
0.2978300043235516
0.2972487789878823
0.2926158245872152
0.2837430177550621
0.2705302879482233
0.2527308585187726
0.2300623049724235
0.2019518074711238
0.1689900418195515
0.1268131001406181
0.1092007489041745
3.717126751496105
3.623331799514037
3.5712774547646
3.522458806723418
3.477032519529487
3.428543545984666
3.380009000569891
3.332719085306731
3.274648572772082
3.205256408480271
3.164328382734375
3.125202358500446
3.086695014964037
3.040926074841127
2.990249223813148
2.892896921776048
2.800160555776339
2.735307530455479
2.679974185283251
2.631319989934799
2.59216401023714
2.561567219683631
2.538404117247822
2.521635367861503
2.510553705860729
2.504695880989264
2.503555269126101
2.50696031695666
2.512058414891293
2.527843300423593
2.498820039666282
2.632144801053573
2.945306276810051
3.085220973182999
3.069072878893198
2.919458236052761
2.671494494904167
2.363745284566712
2.026122929566664
1.675776668977735
1.320296507724044
0.9640017632275054
0.6148219910903064
0.2905164842384408
0.02171408817232393
-0.1524270582895093
-0.1964675614003056
-0.08771688228904619
0.1909731553897276
0.3128179947833662
0.286815247435422
0.3020944060096966
0.3078633063381218
0.3122043729533999
0.3124578095375299
0.3085311972968092
0.3001303473222764
0.287097368035296
0.2691787600306366
0.2461632426431597
0.2177891819242311
0.1849255949664891
0.1436696016271459
0.116749411853267
4.01316197579478
3.724125429477252
3.626181746625876
3.565985525417768
3.513959512684294
3.464911911734879
3.428277386216537
3.40082726181615
3.326616175626784
3.197789346586425
3.157435593969366
3.125406474603729
3.095842765606864
3.056764252061154
3.012230762975066
2.846206011446541
2.744386724842885
2.727214890800877
2.706515163794896
2.67696043986997
2.64950308233472
2.625645320973943
2.605530162991026
2.58923961079046
2.576802635279262
2.568097636208015
2.562789909904069
2.560692761018348
2.559325714883169
2.563769566453629
2.533886143529857
2.631855512547382
2.851615578422582
2.941560987415838
2.927815755867476
2.816818006038431
2.618366548521366
2.351474270613699
2.038697398040202
1.699874738916834
1.350488451079282
1.004159338561762
0.6766027187372085
0.3880686437476925
0.1616494593273664
0.01708748324648996
-0.03459871851447543
0.01515901870145465
0.195636278607037
0.2796584522106743
0.2533463425660823
0.2580580225057503
0.2576806606415206
0.2566725650737955
0.252696444892262
0.2455156754370008
0.2347574733752315
0.2201735505143395
0.2015070189028298
0.1785965681354052
0.1516119464825858
0.1231641978865764
0.09375182950074908
0.07267539315573832
4.578735806084902
3.645917295457003
3.414119286541654
3.439241347530178
3.441334592138299
3.387132064272537
3.33370268365327
3.303949514915957
3.190738068022868
3.100822092228749
3.115323107487524
3.11896541129751
3.118178943502051
3.117604378990423
3.15197500218526
2.991144720569628
2.693461470311733
2.641491521495499
2.584805527447203
2.506950885703751
2.448596728421295
2.411503230867042
2.387787344976433
2.373191030464966
2.366446354822272
2.367485002735784
2.376673429971084
2.393337156067967
2.410543683351114
2.419084507438264
2.419606843381541
2.509592519736024
2.679841097907588
2.750745225234829
2.747992434475344
2.669577884126704
2.515516175034188
2.294205836996983
2.021048546014208
1.714685055751226
1.394255672795048
1.078790034465158
0.7875847976061924
0.5395923478291614
0.3507374353432398
0.2303601631679157
0.1802647035032628
0.2015912835997745
0.3240220740234583
0.3896429194126695
0.3867155387741757
0.3954832526083644
0.4129747988028063
0.4298395573509315
0.4397730759262355
0.4424574142369914
0.4386956818480036
0.4288118523370461
0.4120009708965909
0.386850403948824
0.3554551749955919
0.3314189898790088
0.319294488092587
0.2199632519305962
3.543611461045552
3.245648207715199
3.129313092179797
3.175192612272135
3.200159040783211
3.108314667269102
2.867175464428005
2.522465623119006
2.688518006113044
3.057043648266977
3.07344922064602
3.112468511680805
3.138557433956243
3.173895594005972
3.214262150272365
3.538077356359807
3.377054600637101
2.776755596847294
2.352278644690765
2.085165753790273
1.920695239593294
1.82412419821497
1.772413529766236
1.751693079914062
1.755022285037715
1.779755204183269
1.824887696537906
1.887498214236542
1.959533935511013
2.033560051589689
2.121252274780862
2.252282984875231
2.42188281469335
2.523460590171152
2.548518323362395
2.501998844667408
2.38758551608832
2.211373644565884
1.984654140865206
1.72354045499741
1.447091428559623
1.175345474075236
0.9275254122799421
0.7201183158881855
0.5651098014750483
0.4697907578031977
0.4397399472086468
0.4828080706160383
0.5962149114298819
0.6898270089633979
0.7586686415011499
0.8242438317088887
0.8923366680215286
0.9537320043401945
1.000822425781831
1.032167164473818
1.049220198363685
1.05313017001251
1.04348348641529
1.01960275780701
0.9844799491206399
0.9458735666323953
0.903171079649665
0.8455811125986272
2.968776532836252
2.956954769329768
2.953599697011569
2.975681816673312
2.962795660217063
2.849181390153237
2.638826873129467
2.495651491667809
2.802493481771408
3.078774668869706
3.078588935002592
3.118570202836991
3.146001264243909
3.183021904632423
3.205316997270667
3.445641734298055
3.474664043714185
2.957966090381579
2.399024095049448
1.972618569605107
1.684987514588002
1.503981467050681
1.399851024433446
1.351844194721198
1.347132759258544
1.378220731235037
1.439919017900209
1.526643141294481
1.632022030255207
1.752403094425063
1.889679444101039
2.040796309059618
2.189160444479531
2.298167588635789
2.34635693816924
2.329998816078087
2.252225374814285
2.119159563040629
1.940463265504228
1.729847205015185
1.504182429036198
1.281581295675038
1.079165445610806
0.9112076186953283
0.7883607311166352
0.7183407988605464
0.7067635354272451
0.7538873830455119
0.8446422382460526
0.9501302544458233
1.056493184788961
1.159025218195652
1.2564388003761
1.343480289766052
1.414477349010511
1.466664737560502
1.499906033977868
1.514892439905842
1.512211860996008
1.493077463147099
1.460686179090669
1.420100337324704
1.378290182569628
1.349349256695382
2.730070469600537
2.782264839729253
2.828916605056828
2.846801881442172
2.822352531464029
2.753724386001311
2.693053438227868
2.756365104212573
3.002306566769235
3.112672163709686
3.102381662414693
3.128866269709079
3.147658875660971
3.171260334021186
3.178988542556955
3.255847118375427
3.276090728598371
2.959943253365021
2.481115536815981
2.018232020940824
1.652020759536232
1.394238378268305
1.230563784573373
1.142631150239429
1.115176727075087
1.136797507744506
1.198639658605167
1.293141794595826
1.413755073952021
1.554579145237133
1.707694694298723
1.859757181753842
1.99516926917116
2.1000440037321
2.159850101884833
2.167148246652076
2.12189908652144
2.028882291474235
1.89640314239671
1.735933935765791
1.561423514773119
1.387879905984484
1.229639643810189
1.099008440606037
1.005684987314283
0.9565807402134556
0.9547766521424138
0.9971362057687094
1.074226616271793
1.176657086906877
1.292293727826823
1.409529391492856
1.520727421114146
1.62044180294584
1.704199925535405
1.768946536608209
1.813388406751431
1.837634300473434
1.84283522537139
1.831284886622252
1.806779563951241
1.775302421074729
1.746223134274957
1.729933740866398
2.682108380932355
2.726139528835636
2.774579455518769
2.800001236369567
2.80219034705047
2.806007217985064
2.855352990410688
2.97632909612524
3.106963844559096
3.130372353709161
3.123505175727725
3.138468090790161
3.149948576576724
3.162370279975609
3.170259627422302
3.164530886837388
3.105868763543695
2.886203428245114
2.523257425190756
2.1094797041942
1.730173324515477
1.429356504247125
1.217444041407392
1.088106587159678
1.029678302907873
1.030249579590505
1.079168150945815
1.167099075514555
1.285371405250453
1.424416267441267
1.572034430848904
1.714168716317156
1.83859119903894
1.936806943809362
2.00066808359535
2.024126590984089
2.005542340540217
1.947746733971135
1.857118147384935
1.742728644792416
1.615523197858043
1.487292504984383
1.369528538872566
1.272441832375362
1.204224002698217
1.170294591954122
1.172416954008916
1.208576266168526
1.274772843112272
1.366339256222874
1.474807731336387
1.589542643595499
1.701243833691953
1.803292776331664
1.891090707440157
1.961481076712544
2.012727427694076
2.044596387595372
2.058341048297577
2.05666233426702
2.043792630589955
2.025700216721733
2.009473360822031
2.000390614306512
2.737862936292884
2.763882208995265
2.800249410446196
2.835005834182302
2.871691742697719
2.92620706870861
3.008607641163233
3.099514591900882
3.144481241872859
3.140384084891601
3.138958945538125
3.146646500341152
3.153474164456037
3.159035612222626
3.169296874415665
3.142233396323766
3.032007075206669
2.835375676766693
2.548195340108339
2.203074387232116
1.854292343618001
1.548351105693319
1.31089920719257
1.149172758095832
1.059395710426493
1.032880987385086
1.059466201472462
1.128824291175523
1.23035421557185
1.35244579667129
1.482400073963385
1.607952532635856
1.719279305708071
1.809490435761653
1.873361202101322
1.906943329904275
1.908591986145791
1.879713655991159
1.824619977691741
1.749892239484553
1.663627446611131
1.574661968892945
1.491790221408068
1.423004698366782
1.374759561873514
1.351314765644308
1.354469309299285
1.384058511348012
1.438723312108022
1.515505240953871
1.608756574651556
1.710641308547255
1.813055376845009
1.909302998527913
1.994504460457546
2.065351089193105
2.119951864859299
2.157876093441158
2.180194218076209
2.189409692804957
2.189274786771121
2.184327174645796
2.178813656145203
2.175394681253303
2.84943694008555
2.863034254374704
2.888376260488194
2.926467691900759
2.981199671575422
3.052302225833721
3.123774648900842
3.166055113658847
3.159441983084902
3.147652210745468
3.150160325702828
3.153821160888199
3.158016003708298
3.160026339926658
3.170988957681902
3.143389676787597
3.020208140871329
2.831417935127422
2.586028252530177
2.297386497154297
1.993372010239501
1.707693446786859
1.467541414880697
1.287980503542324
1.172944156410408
1.118869085719397
1.118061352618701
1.160755018071313
1.236009984647315
1.332177012464124
1.437678569270249
1.54217855897105
1.637464852428386
1.717583979216927
1.778452835639237
1.817348785622172
1.832997673207353
1.825982164826683
1.798882479355513
1.756010846580944
1.702918848914074
1.645843493614344
1.591144570219874
1.544732160596763
1.511523113701439
1.495070903623107
1.497542476265497
1.519953328854564
1.562177995037218
1.622507998482913
1.697375339797599
1.781553465346939
1.869018823281478
1.954078349988303
2.032119193235584
2.099843167436495
2.15527524951513
2.197760364085091
2.227933709660197
2.247565557101444
2.259197539853809
2.265530650751158
2.268727123286988
2.270085104201742
2.983447157026532
2.990044603725462
3.005911485492722
3.036679602147062
3.086901728196467
3.151706382862734
3.206879520148285
3.214783429566644
3.165820964079551
3.152787293884584
3.158664370765713
3.160369247652893
3.163130448029624
3.163463586055563
3.173597370459664
3.149712963431601
3.035512613453757
2.861621186105027
2.645446063305074
2.399021586212124
2.137922307445009
1.883133552742614
1.65605358836834
1.472820164847792
1.341780532880301
1.264020483200495
1.23527249428533
1.247859722508157
1.292211406786806
1.358071347093376
1.435570049638538
1.516069102562675
1.592607587690487
1.659988684402755
1.714644734701331
1.754328853951969
1.777917683194361
1.785452482529347
1.778226782863877
1.758723202608269
1.730377330153344
1.697241857996002
1.663610759998953
1.633639879273071
1.611021921322316
1.59879505438637
1.599291561735615
1.614081490649746
1.643760547006393
1.687691441803678
1.743923789367028
1.809296629999786
1.879803415618642
1.951206479968075
2.019670322221229
2.082183544883796
2.136741721067283
2.182376884451396
2.219077865630718
2.247579128485747
2.269000242841893
2.2844143182855
2.294550886366725
2.299791043569764
3.107048967738076
3.109874279360997
3.116920503268548
3.132095517703008
3.160715989513193
3.205393977222129
3.254087366316602
3.261395883034299
3.169160815091667
3.157223892586774
3.16589465826162
3.16676003431236
3.168675076166592
3.168282529715019
3.176870462794921
3.157345527495019
3.060548993632894
2.909052231774362
2.72090588171399
2.50926127977863
2.285694852922004
2.06349029732012
1.857401369896514
1.680817037125118
1.542984255129667
1.44781717931734
1.394258628353952
1.377491416077479
1.390390175532997
1.424882893177903
1.473041854586626
1.527798647235516
1.583301658917443
1.635031604692691
1.679759771804709
1.715379733087945
1.740702387311641
1.755337775297009
1.759672130785499
1.754850500538697
1.742693280093213
1.725538945408374
1.706042991081838
1.686973477250819
1.671041549957407
1.660778996776711
1.658421552207514
1.665735740148166
1.683800474624982
1.712839256483013
1.752154281962132
1.800150725667011
1.854476050186759
1.912316726709047
1.97080500481037
2.027398695841942
2.080123624021772
2.127653442360783
2.169248181657538
2.204579734606139
2.233493065725414
2.255799722580096
2.271209388367625
2.279413414489996
3.183688539092659
3.185188874845736
3.186547781903951
3.188593400440415
3.19390234999637
3.20776175017838
3.233521118568101
3.248356299981844
3.186013828318953
3.167615266987922
3.174054729304852
3.173785940812489
3.174753570788362
3.173953027791483
3.180761083304183
3.165623228891234
3.088074312013182
2.962291091574381
2.803636801073797
2.624481632324279
2.434739557504501
2.243763585349528
2.061463078521533
1.89766289321629
1.760446286549564
1.654722777496764
1.581712413537945
1.539344407452159
1.523210360248643
1.527666110961501
1.546782515299375
1.575007500847572
1.607549010253868
1.640552171410243
1.671129360538758
1.697279121780269
1.717735309883111
1.731819124017965
1.739349147145209
1.740604139582098
1.736298015287322
1.727537103763544
1.71575730773373
1.702654180175188
1.690112432269637
1.680119712347392
1.674637203447568
1.675423143832556
1.683848830925287
1.700752994488415
1.726345533281759
1.760160611062327
1.801074461012464
1.847420390523722
1.897204832865236
1.948366163045792
1.998989016951491
2.047415735704196
2.092247707654576
2.132269869382313
2.166357377176156
2.193429964641044
2.212491682634896
2.222747818999465
3.198871723160017
3.19933478886206
3.199246977004495
3.199114511292838
3.199084769729688
3.199860882320344
3.202759765656187
3.204429596597968
3.196762437113596
3.184102986912742
3.182989886311799
3.181195443745285
3.181110114573868
3.180027846335016
3.185118397503084
3.173918966811385
3.114600808021578
3.014978906670613
2.88674078465811
2.739803236989685
2.582254521604748
2.421108330788575
2.263218253827145
2.115498209415871
1.984279822135871
1.874316314333986
1.788056976082797
1.725506246687093
1.684618085207912
1.661979097237519
1.653524941754418
1.655132680108932
1.663037877690787
1.674083898946374
1.685826978588281
1.696522241209699
1.70502053577124
1.710624063005803
1.71295755292318
1.711890531317959
1.707512620932516
1.700144504722348
1.690365442165295
1.679040351000528
1.667326296371705
1.656635442633783
1.648541920966089
1.644643826258738
1.646408185849371
1.655021251547183
1.671255026179187
1.695361734719764
1.727014344717671
1.765316012121189
1.808890115132462
1.85603117070176
1.904868215839661
1.95349228229297
2.000027495638522
2.042659535527347
2.079655605618164
2.10940817721573
2.130517880703516
2.141920404488074
3.193780462884965
3.193848763101615
3.194073979533153
3.194884866236765
3.196343183696589
3.198560025960608
3.201108432223934
3.201310139446529
3.195149817678297
3.18928531024744
3.1880820869927
3.18692197444669
3.186780014572367
3.185895308550428
3.189648427091816
3.181605022654935
3.138296949417416
3.063928084228908
2.966032575292245
2.851253997475989
2.725328244628153
2.593318905496309
2.460054402833484
2.330412269979176
2.209161848255484
2.100424953228954
2.007070881763804
1.930351530542756
1.869899697192005
1.824032778095234
1.790220326052077
1.765580039757491
1.747309902714711
1.733005010331232
1.72083626778573
1.70958926535575
1.698582088464719
1.687503914347543
1.676234618343838
1.664704696645123
1.652832289159457
1.640542866717526
1.627850560549523
1.614963676744099
1.602372266684438
1.590883971432391
1.581593367797228
1.575790259793574
1.574823557478751
1.579939776778441
1.592116690151295
1.611915040729262
1.639371289876918
1.673950640566795
1.714570864625694
1.759691804391645
1.807447139986839
1.8557856823868
1.902596131394924
1.94580630912272
1.983463032980738
2.013805311843453
2.035345774784532
2.046980390067613
3.194589413884846
3.194571088544944
3.194661510653042
3.194912859457887
3.195323937355307
3.195918698042842
3.196572497976996
3.196603710247179
3.194807660275676
3.193121516910998
3.192647257456253
3.192233492774266
3.192248521339879
3.191663003596815
3.194378302208416
3.188586453156603
3.158690557301354
3.10791143379128
3.039346978831094
2.956132410515089
2.861417106472261
2.758358822607994
2.650203106163692
2.540376196648539
2.432424826913775
2.329722826840309
2.235033963733881
2.150115740733007
2.075519902720617
2.010647787361751
1.954026501519048
1.903719472042797
1.857768788655419
1.814573856537621
1.773133905278374
1.733117110716267
1.694760967511222
1.658648672483741
1.625435660264674
1.595609957273493
1.569354527481848
1.546543201797575
1.526856579355844
1.509966790274584
1.495724018010172
1.484287156395909
1.476166860116591
1.47217653855885
1.473306626630504
1.480549842737798
1.494711598474535
1.516239293557913
1.54509748859862
1.58070612657427
1.621949772415424
1.667256261238694
1.714729985207463
1.762311572043518
1.807930823561399
1.849627814504312
1.885633414806605
1.914417833380185
1.934730064342754
1.945660532531722
3.194147413359724
3.194138416211853
3.194118992177005
3.194091205655672
3.193974695403305
3.193710960835308
3.193329663194302
3.193420323111077
3.194814011269448
3.19631477184965
3.196796239638181
3.197255099991182
3.197580891881211
3.197347810816527
3.199287354920562
3.195097409979317
3.176298038585909
3.146789522080938
3.105535754933717
3.052422578775128
2.988132748651359
2.91398124700172
2.831780293710132
2.743745239770347
2.652375635347041
2.560233080620208
2.469608794888204
2.382164627455646
2.298673123659694
2.218958139731542
2.142072430982858
2.066673752801697
1.991498960456363
1.915804885665805
1.839656626771976
1.763992773959072
1.690462447396787
1.621088620444395
1.557852701790842
1.502311428568733
1.455346006245554
1.417104636728993
1.387139971902239
1.364681048722317
1.348940474999488
1.339359460713579
1.335730322270179
1.338184262136759
1.347069992638246
1.36276949227538
1.385502047019256
1.415159171874277
1.451197438671943
1.49260227210877
1.537928019804827
1.585410907118367
1.633134395583656
1.679207996734341
1.721915443996615
1.759801861978431
1.791694542548055
1.81667631663845
1.834046750188731
1.843312543594361
3.193660608556397
3.193698988859419
3.193553763915876
3.193151170685484
3.192265417217654
3.190719172884402
3.188785730487194
3.188932243953497
3.194448216816405
3.200038988175542
3.201274478768723
3.202514704631298
3.203074997508333
3.20311955117637
3.204435565285705
3.201509593851624
3.19191779491334
3.180587863630055
3.163454791367478
3.137914706128488
3.102607264912045
3.057174154582764
3.002031154162063
2.938168923995619
2.866968506956117
2.789986154169332
2.708676722698795
2.624085535742544
2.536599682003311
2.445870996728988
2.350987472736216
2.250883163103447
2.14487627518465
2.033166618399647
1.917136615451416
1.799368456238765
1.683374877745186
1.573112551343345
1.47239338451024
1.3843286150548
1.310933035309651
1.252980138434716
1.210133465340151
1.181295956090294
1.16504757515895
1.160021010778384
1.165111722750782
1.179501757540825
1.202544934842722
1.233588545768067
1.271800892517977
1.316049995979216
1.364852991682364
1.41640430523161
1.468688738900534
1.519668345552363
1.567498960903828
1.610712096769977
1.648309729234586
1.67975420658807
1.704871303855874
1.723707064878113
1.736386497269859
1.743019053171105
3.194004010912181
3.194144312786189
3.194026859351809
3.193748574005452
3.193156302135923
3.191674177377109
3.188219145069076
3.186204357652688
3.192252130094475
3.204721954687737
3.206101689204439
3.208100651580101
3.208795477815225
3.209025091481701
3.209844421052568
3.208073376805209
3.205855523523242
3.208616723946401
3.211091212929126
3.209384737950444
3.200775469726773
3.183519126179602
3.156645020663494
3.119745884842172
3.072785285244004
3.015915850050769
2.949272840331748
2.872742082686365
2.785770128888773
2.687340801261871
2.576220404315984
2.451456284695322
2.312979799638097
2.16211193830871
2.001812629388314
1.836601369832585
1.672160806437339
1.514701648436238
1.3702141615482
1.243752581265906
1.138890734308159
1.05745441936993
0.9995818006130429
0.9640827680035844
0.9489701740923218
0.9519684556983218
0.9708322024128768
1.003427351944487
1.047648884891998
1.101288443841755
1.161934491326773
1.226940627412764
1.293467095247891
1.358610742189698
1.419637866300585
1.474280053408379
1.520996059168907
1.559105110233643
1.588753078229483
1.610735322172313
1.6262352311554
1.636543172247657
1.642809778665472
1.645872537339961
3.192814952145551
3.193394778074552
3.193725852268171
3.193433645636835
3.190597958469563
3.180049991971797
3.158215864665038
3.145982016341661
3.204349547873749
3.220448467753232
3.214662234966735
3.215316556760854
3.21527143231862
3.215262781276038
3.215633048308024
3.214781323386051
3.21741279181061
3.228937403935189
3.245037029864972
3.262048856482309
3.276821370368828
3.28664296471136
3.289179503620994
3.282360300480509
3.264252215267745
3.23298189003287
3.186676620079696
3.123385363704764
3.041028801264129
2.93752682248269
2.81119972631019
2.661356002014617
2.488858903834425
2.296494364694067
2.089056637617273
1.873133249220934
1.656607682739203
1.447942447164717
1.255356322222597
1.086033993780966
0.9454868391657121
0.8371443100212254
0.7622300603782912
0.7199558203649892
0.7079963462157679
0.723082783320957
0.7614785790808651
0.8192018504806167
0.8920580399250992
0.9756353547476431
1.065346748378043
1.156525921209814
1.244582635585904
1.325284910576004
1.395178051949348
1.452006746173041
1.494959489730325
1.524643371805405
1.542819132955525
1.551994489991864
1.554978515308431
1.554472717971229
1.552743377052596
1.55139631938381
3.182300885187884
3.18323492844795
3.183914117026132
3.1820827144067
3.173493945417583
3.153644124483363
3.129069432866631
3.136781160098259
3.223550235696137
3.229849994982388
3.22211311506735
3.222036037412971
3.221569859636221
3.221380769913607
3.221632197369136
3.221190964441525
3.22495421550111
3.238459741268313
3.26049931175285
3.289449610482695
3.322958945995426
3.357928985443838
3.390705040907035
3.417228129627122
3.433064613720111
3.433483344430759
3.413649208214971
3.368838908581791
3.294724278237593
3.187870984839965
3.046397286397406
2.870517639907157
2.662774847881958
2.427983829657441
2.172997182909202
1.906342154230587
1.637716038933639
1.377345175526218
1.135275033289546
0.9206868508825783
0.7412968905026454
0.6028323729685505
0.508579978629729
0.459100647739334
0.4522912712906939
0.4838713348420358
0.5480916953468423
0.6383255761594894
0.7474247718769781
0.8679819131816393
0.9925859796802183
1.114034228698453
1.225619077950453
1.321678534366368
1.398289562802027
1.453756282844777
1.488663421232077
1.505518460739478
1.508153510223675
1.501064381071458
1.488805671020615
1.475500560117764
1.464483042896882
1.458066466486798
3.155758611305405
3.157296181520208
3.158901055506141
3.15811523586984
3.152767497957599
3.145017918472992
3.146985994114535
3.176662008685049
3.225710481701173
3.232593363455389
3.227611587071478
3.227786746457286
3.227442950955743
3.227210170458732
3.227811083308473
3.226880606515966
3.226643881142469
3.233669347393823
3.251925431901728
3.283905294555169
3.329685445880412
3.386620692394745
3.449792615491296
3.512738446910699
3.567847602030881
3.606543558653142
3.619767095127161
3.598681516354457
3.535747262621501
3.426067483338365
3.268363842853193
3.065058895475388
2.821616557412467
2.545664145227182
2.246265835688723
1.93341910134523
1.617697150370976
1.309959727186281
1.021089004158069
0.7617121873994246
0.5418386453696504
0.3702862103788331
0.2537777999784351
0.1957824483341015
0.1955473533236844
0.2479702986747684
0.3445432934269582
0.4747941162132728
0.6274573830432871
0.7912061691097005
0.9551198145100893
1.108884292154097
1.243342988086988
1.351581917200431
1.429909793212215
1.478138659330447
1.49912896448729
1.497914983068956
1.480735808824082
1.45416607205479
1.424426203127929
1.396887510364964
1.375753433276213
1.363879105555014
3.112277965560915
3.115815959748176
3.121472569390559
3.127906281348938
3.135397190768943
3.147724774861092
3.170613870703932
3.203270355771075
3.229792321606621
3.236014925538702
3.2330652967428
3.233347474837348
3.233167844225957
3.232818386353541
3.234236813681218
3.231666512945421
3.221227758411987
3.211712190986654
3.214235224085835
3.237665777326877
3.286661550398396
3.360414626314616
3.452932662487257
3.554702642274908
3.654141810098911
3.737794215625096
3.790769621852171
3.79822320214185
3.748250916001325
3.634830926613268
3.458836616161533
3.226817780118951
2.948766204359578
2.636055427331562
2.300036880764913
1.951342559710183
1.599845705657606
1.255152138361173
0.9273287148107264
0.6274711347515342
0.3677812051276055
0.1609541574211555
0.0187297668585397
-0.05042616750220937
-0.04401638608993756
0.03277891170338251
0.167849113659533
0.3451463706219854
0.5477563439587674
0.7594344743343399
0.9649310368777556
1.150020404644113
1.302940323739555
1.416346067951397
1.488166860371391
1.521056768241462
1.521075464714687
1.496244256167176
1.455298770654056
1.40673035895167
1.358117884076227
1.315718912885667
1.284266299467702
1.266898690700242
3.052467130101027
3.060193145484762
3.074120542025272
3.093470220926903
3.118354602675461
3.149385843922976
3.184856340404839
3.217595135672422
3.23697563912783
3.240777483235596
3.238661712384809
3.238874538065419
3.238811701059455
3.23823368133346
3.240928921755018
3.235542084140397
3.208426861955962
3.171471242759853
3.144530049583175
3.144915633479358
3.184466846255689
3.266652436893541
3.38537550759109
3.527105782244783
3.674879393352213
3.80937308862454
3.907771648341178
3.946870751697441
3.909691823304317
3.790383737471798
3.594097204795591
3.333506316135049
3.024716043647877
2.683841136238034
2.324576959474341
1.957046963697953
1.588235104300166
1.223869208840982
0.8709419367662
0.5397231160625223
0.2444231380421246
0.002310827468937912
-0.1685230916776844
-0.2526507704193935
-0.2418841757818585
-0.1396061974539972
0.03830597244455283
0.268151440066869
0.5253087106293355
0.7875675586402042
1.033800264912593
1.244681666310771
1.406521856559616
1.513620724020853
1.567653718780277
1.57552769728032
1.547145177360597
1.493610271804551
1.425909903111664
1.354009597373112
1.286316025239261
1.229446464012576
1.18821426498932
1.165721438669555
2.978221154176699
2.992175684443263
3.017757329167948
3.053332533486242
3.096644309343665
3.144089942528884
3.189649047533411
3.225281046140774
3.243387552545202
3.245794508015044
3.244134651571057
3.244321849978392
3.24438312579204
3.243497155208537
3.247874400361709
3.23862985706684
3.189014740325877
3.114354988410903
3.043933214681987
3.004599776809133
3.017635267410986
3.094468658917818
3.232273514925263
3.413280625070301
3.611642627754462
3.800438140371151
3.945973064450016
4.015241298269354
3.987889171474015
3.86078329355766
3.644826906251715
3.359691225578689
3.028662666551198
2.673588479121225
2.310578339484902
1.947907593938128
1.587145078844874
1.227161433154883
0.869324183165188
0.5216519125297446
0.2002313034216303
-0.07246530081386429
-0.2714086823461648
-0.3737325457118597
-0.3640474671985856
-0.2407196956957348
-0.02070256144591545
0.2638475784164721
0.5777087999648399
0.890710407296941
1.171883588986953
1.396144912242954
1.551022414477859
1.636115474291407
1.659086411931023
1.631944589471959
1.568478950520155
1.482510335405363
1.386684151762362
1.2917327318383
1.206173046759994
1.136344433738782
1.086641712137952
1.059796898951092
2.892419769157569
2.913668241428762
2.952498013100276
3.005572669426044
3.067598358024261
3.131351406678766
3.188306292057558
3.229972177300992
3.249047846952676
3.250885534837983
3.249492045936881
3.249715379999473
3.249923236491509
3.248691196797028
3.25503880638683
3.241142459345
3.164747860844169
3.044609716924634
2.918917329901542
2.823452671714676
2.789230391799221
2.838973976892488
2.980394538458293
3.196818703070157
3.447211413131885
3.688139874649757
3.871936988535141
3.960479380526599
3.937453345646408
3.804559767378198
3.576533370683014
3.278498148557667
2.9411434899504
2.592741095849383
2.251578306009771
1.922667106983555
1.600098839631056
1.273685805133651
0.9371556291568358
0.5949050962134277
0.2646162885864122
-0.02558448534166812
-0.2440494999216385
-0.3628276204826032
-0.3619109697861256
-0.2322719170395346
0.01696806272986986
0.351477840103345
0.7228054214598358
1.0831835604589
1.384380377309945
1.600036399408632
1.726022607131706
1.771052874801228
1.749708946864472
1.678867189229069
1.57561445671786
1.455714952795063
1.332567074053222
1.216739570753507
1.116025424410038
1.035824986587687
0.9796480415570299
0.9495702957353591
2.799168732352531
2.827461298410564
2.879224934429082
2.94971129755607
3.03100345221711
3.112681558585483
3.183623519078274
3.233782571681608
3.254665959536183
3.255965632228839
3.254747326262068
3.255077096973874
3.255481292521591
3.253937713992229
3.262368475970595
3.243390384984407
3.138334206579024
2.969222952240647
2.781477540032269
2.61763298908439
2.515776210329935
2.509102884979705
2.623207015644399
2.86082510260582
3.16947094696129
3.447235328551481
3.63788603250859
3.720882846231742
3.697432386583147
3.570088006841345
3.34989672624721
3.063489233900471
2.747670295678561
2.436075819965188
2.147595806711259
1.882822743927214
1.628455885532373
1.366044715614131
1.081886198126206
0.7757945935966551
0.4656589027900348
0.1842705468569836
-0.03163144296080191
-0.1538253064062516
-0.1667752705074726
-0.05929476918598961
0.1819107528166304
0.5464682623848521
0.9802752484282774
1.374201312493408
1.664377044255785
1.840119576062712
1.912972478094964
1.901000885425805
1.824492463450075
1.704209200344255
1.559596754682291
1.407245975341991
1.260109942236409
1.12751557533498
1.01570203123631
0.9285691615638738
0.8684019121712551
0.8364379386466249
2.704511374858133
2.738370965403147
2.800963836501342
2.88733037967112
2.988010889204907
3.089547335787536
3.177131069110082
3.237607339412489
3.260405200614514
3.260909786282469
3.259857758999139
3.260415701175273
3.261119189315462
3.25941711061986
3.269805373478714
3.245870721873167
3.113603495825986
2.897908188062011
2.648410231907767
2.411328425131288
2.228274871876873
2.137422084290775
2.177644338883499
2.389839307156384
2.769575836384541
3.042013295150332
3.173358827831292
3.215910063341481
3.193068218896737
3.094645294639264
2.919404471547284
2.690117184330624
2.443329501263401
2.21136649323844
2.009432893856736
1.834158584776907
1.669813139888439
1.496464063549112
1.298103839683932
1.070729275896393
0.8285620395950004
0.6028426150616897
0.4293998935282324
0.3312139997070694
0.3090927247117785
0.3592917803418062
0.5197325937869091
0.8643993795329181
1.370982121274813
1.751652533020384
1.983055852069382
2.087398679984938
2.087300783312181
2.005874042717308
1.867685506872152
1.696605682944845
1.513212637659129
1.333367207517631
1.168132086432638
1.024532967062058
0.9066149349382887
0.8164541142544497
0.7549770682541801
0.7225419688659201
2.616951157016535
2.65423638418704
2.724125709242577
2.822672732731422
2.940556228500406
3.062341068045017
3.168731150462197
3.24129362809103
3.266048790442424
3.265557541589465
3.264685994639612
3.265715119081941
3.266913806083322
3.265391007627212
3.277296847727817
3.249295743169051
3.095755424107701
2.843588183175246
2.541071984741878
2.233517778218998
1.965049669730439
1.778956817447806
1.715428273847057
1.817442016702948
2.192742504435574
2.40094272587566
2.386091535690524
2.363639462456418
2.34107216892136
2.299877135962722
2.229312383101008
2.136940902791559
2.037890612536605
1.944626381295208
1.861735606012725
1.787571647175489
1.716998790923443
1.643649647513649
1.562340181600998
1.471258133602766
1.37465082349375
1.284493638943305
1.215425344307335
1.174768073876461
1.151570667389619
1.128571082785755
1.120197860587553
1.376368770251964
1.870995934337654
2.150598756924353
2.289560004616552
2.306338804998603
2.221991347699513
2.064714540677957
1.864330135118608
1.646961857949357
1.432305203565432
1.233447629568418
1.058121160693197
0.9103038968319942
0.7916042357832213
0.7022956982550757
0.6420544257951492
0.6104597658220902
2.547181807812795
2.586402777839735
2.659854612540058
2.764151696915422
2.892018214594685
3.029807847095892
3.155669131232578
3.243319003846796
3.271370162712768
3.269748578836467
3.268962835653159
3.270927645120468
3.272964947947488
3.272237697370409
3.284788784837946
3.254375917759124
3.091509784985584
2.822914733348236
2.485606976229136
2.116664651417976
1.763665850628367
1.486612778237708
1.353562595833184
1.447726566328782
1.903140937465165
2.131322310078636
2.063091328385847
2.060160492919606
2.041427706348991
2.017676606161172
1.985909601206461
1.946600844836349
1.903885650366093
1.860843529916672
1.81778977511668
1.774664440999814
1.7316516004082
1.688874188514528
1.646541285942489
1.604606791784257
1.563344047857624
1.525680228107567
1.49547345172047
1.473085168438629
1.455159637768962
1.453620758942997
1.379350788446729
1.631010700884721
2.192229732984143
2.46078606395485
2.532718546739012
2.460829250947216
2.288308067877148
2.056845347535099
1.802244257575851
1.550343932646994
1.31698227426875
1.110436951503158
0.9342042553119214
0.7890988882993446
0.6745691191956313
0.5894708345102335
0.5325612821302962
0.5028576720367763
2.507208946634289
2.54949852488402
2.624902789406095
2.726467240551036
2.849729771705784
2.989836839871184
3.130664793117417
3.238770053553894
3.276175875066175
3.273350207259262
3.272177735091935
3.275950400487908
3.279415517840094
3.280547024961421
3.292234603917715
3.261824248911486
3.110184767417986
2.855821676209844
2.509581175656937
2.094230744288724
1.664910139430119
1.310638425100153
1.144503175199411
1.296579406031637
1.911766496362685
2.210311184712874
2.144095734806668
2.155426694826139
2.137103779389872
2.1069783966947
2.063062853782738
2.006158135040538
1.945342312129905
1.887240561036409
1.832158350138142
1.778974635402011
1.726648322186941
1.673843032582288
1.619536204492013
1.562650459867948
1.503476226844865
1.448455734022815
1.4062312991438
1.377489514640598
1.359863131684169
1.372974855842787
1.301048129830986
1.612694172191056
2.317084956307606
2.628104090724962
2.65882740509527
2.507507892007209
2.255615200267713
1.964881808684485
1.675187099760836
1.407916287613232
1.172232708757262
0.9706498743392528
0.8026088338478058
0.6663862500424287
0.5599892105494292
0.4815191732668905
0.429326827494467
0.4021752457661458
2.510462718053064
2.560744540226992
2.640130400271664
2.730849229647623
2.829312764310147
2.944751419099306
3.081469719344204
3.213380714736894
3.277629750221462
3.276074015293504
3.273336163496479
3.280574109354575
3.286508460351976
3.291343157942176
3.299840187719746
3.275118674176371
3.168305244288694
2.962481545998004
2.630330795924745
2.187499995300338
1.701756361863947
1.286396736842807
1.090216498238962
1.269294848453025
1.941721169947488
2.208968141455253
2.131162235290439
2.143388299404323
2.125201870808983
2.09535518870737
2.051801204026274
1.990889751913882
1.928012393456278
1.873301913368021
1.823737029495918
1.775946374022312
1.728845411477135
1.681236257269897
1.632094799741191
1.578244030002963
1.516879110242882
1.458035055006888
1.416431674773216
1.388200658415041
1.370746669749732
1.384526568869194
1.301456820732456
1.580551080010129
2.327440153715522
2.641939035988186
2.623866872141225
2.404410489202534
2.09891244494693
1.78103817515001
1.486488708187948
1.227961561417882
1.007425729687968
0.8227668959930754
0.6707277509912924
0.5481502708245489
0.4524784985939729
0.3818329437464635
0.334824708635042
0.3103908315336937
2.576080257458464
2.639616988060052
2.724092695013056
2.799052506054347
2.857724472579806
2.914187978590075
3.000295646178603
3.135481670782668
3.259173465793485
3.276227598712378
3.270625155115514
3.284382007317267
3.294665820505831
3.306331134657711
3.30920605063092
3.310435166775636
3.296295826682134
3.151424917584786
2.833104399164107
2.384168559301339
1.88341361664355
1.432583431178669
1.178179308526323
1.306143660636949
1.965309140087319
2.222267173133864
2.148815491816046
2.164283412217114
2.147748549909279
2.11645392807533
2.06936543737711
1.992332884575577
1.916675513448729
1.861885672893562
1.817010941448243
1.773433923531017
1.730233017270376
1.686576856520257
1.641600997697313
1.587087801557097
1.512741987983354
1.438131327853984
1.3934256331598
1.364039642044735
1.348334047373429
1.365134733748709
1.287156085892051
1.554978008232763
2.273041777282623
2.506785704916675
2.400698980968984
2.129244303861073
1.814853224097642
1.51572760591607
1.251353735406672
1.025059875606975
0.8346904925865222
0.6763972836726807
0.5460888718727723
0.440254581375232
0.3564718195632082
0.293527132166506
0.251066624581208
0.2289031923998237
2.74131951592907
2.807423289828068
2.881307766937192
2.940110998681222
2.966887892388322
2.948154491374553
2.91604821184974
2.970454674754718
3.17541191194185
3.268551452669958
3.262581553438306
3.287072540288108
3.304266840881549
3.326770694706032
3.324941731590418
3.406888474787802
3.524978584048961
3.388469290049654
3.05130727400122
2.626701655182885
2.183905087505775
1.760919989219597
1.434134662687746
1.402735643277114
1.962147987806677
2.231937208735529
2.174509542295972
2.195279175317047
2.183757729781511
2.153992864489825
2.107521045165471
1.99981308263882
1.898968702318794
1.844301076464924
1.808161361134683
1.770586399861043
1.732251715892301
1.694190053368245
1.657090049611923
1.601657869519073
1.501350226124752
1.396489582675887
1.353056052254461
1.325589664063919
1.315024617628346
1.336823419143514
1.275718875571763
1.553895938805207
2.154506774635348
2.196068106208728
1.978161504629133
1.70138314218271
1.437932828617646
1.202166239946334
0.9954739222846603
0.8176306122288699
0.667088064066669
0.540901697370039
0.4355485791138888
0.3479014489663417
0.2760025225091773
0.2195281999741967
0.1797488782525958
0.1585576157443818
3.083847751018676
3.079849974937596
3.092706707105814
3.142262992591115
3.170962888096459
3.109042550926349
2.937566761108415
2.777321386913362
2.989962922718845
3.242461528131879
3.251421187864496
3.289286338050313
3.314834078249764
3.350007255710451
3.354542333202743
3.586848534499509
3.799578463653375
3.554094672328625
3.182632711124935
2.834891521815331
2.532779015311453
2.24395260080094
1.92114451356156
1.637909319420324
1.887487300373362
2.22657074685884
2.211395056308533
2.239995527696938
2.234552967272335
2.203804279644947
2.149241608868752
1.936410763898042
1.815661194636275
1.793041330204612
1.788093283764016
1.764448186398504
1.736488099738811
1.712170478582757
1.705467872968161
1.680595708417632
1.55905701545624
1.350632798943032
1.300128822220277
1.272108599926754
1.267579398807145
1.296514443775557
1.278041734426351
1.621472440009843
1.893789378698046
1.653529686507196
1.397288367787218
1.204487075232203
1.041332535486614
0.8896391664528088
0.7499045710574637
0.6256624631242336
0.5178210867164372
0.4250002720655964
0.3448688448096451
0.2751332600420993
0.2143406569460663
0.1627199860765733
0.1228700253869653
0.09988973812037438
3.7388892022005
3.443849179974475
3.333347195336664
3.390297536653194
3.438467959923131
3.391447177708203
3.209469736446063
2.874328855169254
2.886309390708081
3.228739167211391
3.258995587074442
3.296973839598498
3.322180370569342
3.357220323789099
3.373423734963354
3.691155032403154
3.82432926284526
3.469692878038762
3.168939434710549
2.960010771874636
2.821430117606436
2.731637766758019
2.606193755582306
2.240198093177985
1.889257464438591
2.232010604663132
2.276859412863076
2.311820426026544
2.323185260153833
2.326203993042707
2.355579267321503
2.184037360365836
1.675906256495155
1.690922818768051
1.775504648381227
1.77171771204473
1.733563057358081
1.727594056672562
1.807116395129506
1.816501587554993
1.308822224929007
1.1421141952104
1.176146975807498
1.181712956711592
1.193469195428649
1.227430331127972
1.268501396762361
1.610823775383632
1.266278113158182
0.9221685601910331
0.8277059776016278
0.7801849613739612
0.7112666826535189
0.6290753951814189
0.5470298975062797
0.4705408869712294
0.4006797267821738
0.3370458306674722
0.2786952263675481
0.2244357034617421
0.1732577538787521
0.1254648826401506
0.08394249322045681
0.05402325620482413
4.818996156123974
3.887000777331125
3.655682350103733
3.681182889716295
3.68704484093626
3.650180646753689
3.635448338405823
3.624722432187832
3.410331737300956
3.294802497823599
3.317140625914495
3.320029510757154
3.320575587965805
3.324681283951208
3.338480422880908
3.261278528534963
3.170601118380808
3.139314456602972
3.080037776681187
3.007759345034251
2.956352188856866
2.953260874186738
3.03669836499648
3.048753713562739
2.543501976363049
2.377103543009249
2.410309838116927
2.415909666375839
2.427660035314725
2.460989294732441
2.504380524532222
2.84037292737015
2.469744752666781
2.082710484876121
1.93069187742025
1.819319948704639
1.696500882499004
1.581019698463978
1.421320283578338
1.026884511746367
0.6574417896003045
0.9965123627450978
1.042943871426259
1.077500757570228
1.088739708526404
1.09180987168987
1.119898621056317
0.948882495844542
0.4434315961174671
0.462404074971884
0.5524745697319317
0.5546828410704452
0.5154243986690807
0.4685059240343987
0.4219843112009626
0.3760565388709547
0.3305176227541108
0.2854633701699776
0.2409393104008706
0.1967138191385332
0.1522468056497973
0.1077006731173503
0.06783420398634805
0.02633419427863776
4.261664136483359
3.972778694362024
3.874656895125128
3.814227342783131
3.762147774146082
3.714269994067795
3.68205177393656
3.654971974177599
3.56342565175319
3.416797447996272
3.375139519683024
3.342975543505668
3.318082711854664
3.291195809238042
3.257594436036568
3.148975848853014
3.088660279008122
3.06999375039419
3.044856357093841
3.012292037382354
2.980326954138807
2.953289631454708
2.944192018000083
2.917399587500678
2.794134735134211
2.585364981727948
2.534326971162415
2.506149183179019
2.501614030761765
2.529505863302948
2.515284128214832
2.849184825907813
3.064863012549075
2.716747063462651
2.311630957971412
1.94121537437574
1.581986238222377
1.208229950620641
0.7978701759182593
0.445147996848662
0.65722584226356
0.9902147755637134
0.9777085605076248
1.005583865272036
0.9999655628986817
0.9689265857630125
0.9133552322467391
0.6994055807092721
0.5760635803800992
0.5502188231380889
0.5409353322873055
0.5115843637895472
0.4757534504097425
0.4376577785267518
0.3984137245781299
0.3582277534774875
0.3172930672799991
0.2757973308774355
0.2338906034615064
0.1916614519093925
0.149148097096237
0.1062802252542104
0.06426925741504703
0.02150940109402065
3.962637530799288
3.868901990433708
3.817010016467169
3.768784331774181
3.724618657882489
3.678337411623064
3.632420731769491
3.583306441851767
3.512185407943956
3.433087864303536
3.390716769371968
3.352853107680124
3.320076800321283
3.286494011205611
3.251301732444964
3.191732618432332
3.14193919531974
3.10019414077607
3.055962567014253
3.011008045355234
2.968600824909665
2.928959019203385
2.891378641804663
2.835881574329808
2.73548110308625
2.630640396632198
2.586994645266759
2.559385898434813
2.54890527713839
2.569312361434105
2.514660589466648
2.780293625352966
3.290367667349293
3.149134098546626
2.671430900344
2.075306152354611
1.453724484421401
0.8558313589833529
0.3753197638575246
0.2302990135325849
0.732626181612301
0.9945104172737647
0.9410068469103694
0.9608628752743362
0.9492756564656366
0.9193134814547523
0.8724615112386167
0.7646365799723676
0.663702324598918
0.6091650774495981
0.5730440370517245
0.5349068512882439
0.494599464045914
0.452669208674441
0.4100002331209879
0.3669774763026615
0.323803345772772
0.2805891406899019
0.2373900707096488
0.1942163985049195
0.1510853454181797
0.1079782109815037
0.0653995763346444
0.0226641265728281
3.886569150379842
3.846755339030857
3.814725948550254
3.771017153909206
3.726745121010406
3.679740765837198
3.631473689999607
3.5801897374795
3.518456731050751
3.45339711679715
3.404846299285501
3.360685555080504
3.320594297671995
3.280321244162941
3.238726633998425
3.186682057013555
3.138948212481695
3.095485525761461
3.05183102905618
3.007857141064999
2.96426402029461
2.920515703999985
2.875539236414125
2.821036699509464
2.74662747457584
2.671974969514505
2.627132420060938
2.597582609575416
2.582010320550963
2.597053406459057
2.527547240936896
2.779611586801201
3.37385525175923
3.351089412423291
2.878430382601469
2.161700800185886
1.371783431882385
0.6541038486667829
0.1792824625469229
0.1519012936151975
0.7363857566144035
0.9839677229860729
0.9155231465549013
0.9299033042786171
0.9133544263525984
0.8818565279933525
0.8345002881059831
0.7572896981596597
0.6814635798211448
0.6266319629687482
0.5817950701062479
0.5383141983226356
0.4952288023980022
0.4521201469453941
0.4090379599042877
0.3659618943463383
0.3228930423540519
0.279834700646335
0.2367901227197914
0.1937549102250278
0.1507482064233931
0.1077572769078206
0.06505427116280388
0.02240840300922293
3.885073580999742
3.845496522608566
3.813393028415524
3.769328919416179
3.724430887693611
3.676509193289153
3.62668509698279
3.574648174486055
3.518061321128505
3.460563837044536
3.411067506586908
3.364850211111373
3.321575188793564
3.278703516569884
3.235320638019109
3.187366415856971
3.140982755446044
3.096215224827058
3.051306586045207
3.006028402134411
2.960378260475245
2.913707870513787
2.865163061816063
2.811675502924761
2.750481687432732
2.691703575996242
2.650057941244311
2.62167554865205
2.604378170800959
2.616031362657767
2.543066737152154
2.804018516502539
3.396178262512842
3.3906450408616
2.926059986458201
2.184330175604346
1.351689012793421
0.608910443905645
0.1416057866910662
0.1305008579806237
0.7129976074031711
0.9699535731880525
0.8979462945502391
0.9089288413758912
0.8907790882359252
0.8607885234520761
0.8171353682137971
0.7562419406405733
0.693523124752192
0.6392291863179662
0.5904150725490361
0.5438568822431156
0.4986996395408507
0.4543135938213008
0.4104299476588275
0.3668556445182966
0.3234779576544612
0.2802274394307354
0.2370593086762015
0.1939386407367624
0.1508718863202833
0.1078458938244004
0.0651822663267335
0.02246339243236612
3.958965577083435
3.86619009309411
3.814565714936762
3.765961988841119
3.720907171655106
3.673040569540761
3.622660559501088
3.570238149200803
3.515602172884115
3.461031134021011
3.410960006876947
3.363748260312674
3.319063907914281
3.27521816852272
3.231296980070395
3.185267758060931
3.139598348793221
3.094251800255942
3.048410203003611
3.001653005002197
2.953542373417148
2.903383971690911
2.85064700164994
2.794634485297621
2.735883456796231
2.681019516006825
2.638786138814561
2.609869864416069
2.592281736152761
2.602842512288094
2.542423968482682
2.83342803573336
3.352435050178876
3.297144149301906
2.842682956346407
2.152580436096777
1.383785115206845
0.6921698144702807
0.2342847429896096
0.1731749291332411
0.6839099268743367
0.9716249863287318
0.911973735628589
0.9219371559738586
0.9036215417304657
0.8733488337281365
0.8293679058482202
0.7725505400339771
0.712093701155712
0.6548268658377639
0.6013176422272078
0.5508316607727809
0.5028267801720526
0.4565961964093719
0.4115807107454539
0.3673444381429686
0.3235912958918148
0.2801298473067906
0.2368360465685946
0.1936206381892232
0.1504762191511714
0.1074228545543269
0.06519595018976077
0.02251948086604564
4.253846707346729
3.966114752439878
3.866893209508683
3.803376975980897
3.746219730957499
3.68954868232442
3.634626987758891
3.581120939280583
3.527988624710915
3.475597903309642
3.425648695907397
3.377203676504526
3.330117221896476
3.283704837607845
3.237661219849252
3.191113075103353
3.145284369158369
3.100226776287184
3.055679152103171
3.011640220250924
2.968173917596542
2.925283386634734
2.883040745001274
2.841299179813912
2.800236618734167
2.762717786590539
2.732559704352245
2.710033590808366
2.69206992344762
2.688716943353177
2.626613486169538
2.833609818385694
3.174669084394294
3.056637968188901
2.65230268073457
2.081285974253914
1.453601747190766
0.8807313915050905
0.4726745041004546
0.3492322972315199
0.6837320245915234
0.8880020530214702
0.8263435788250042
0.8223442562456682
0.8035873370039117
0.779824463564548
0.7482102138110913
0.709182163741466
0.6668494113215184
0.6242536597098998
0.5816389002805462
0.5388593063551744
0.495990170664502
0.4530453859059341
0.41005947421315
0.3670500439481938
0.3240356024307623
0.2810292300078219
0.2380314488581136
0.1949986813264342
0.1518682779418484
0.1085761994905298
0.0668727075834718
0.02324312720182228
4.815776284519221
3.888211062482981
3.659239618096041
3.686391854500786
3.6976140356906
3.663655277673068
3.610885218827137
3.552569803508496
3.492313981494868
3.433725990754833
3.38111672992277
3.335327554488859
3.294873741429904
3.256651251149815
3.217633124184529
3.175972694619265
3.132432295563123
3.087487951206448
3.040501065905269
2.989928857350913
2.933254001524845
2.86732299749489
2.78959667534545
2.700025004739992
2.603870071757608
2.513675953531592
2.444470134771706
2.403925205992679
2.381786424829643
2.359177352104704
2.337412870793076
2.498704583949653
2.753042274315809
2.666682009304503
2.385433558596851
1.986334842455207
1.546026071115343
1.145031656449641
0.8602117813703051
0.7691083665063785
1.018176546001387
1.17705142804808
1.155670110381481
1.13349226500355
1.111283211582026
1.069771912889646
0.9986503811548403
0.9057840086118431
0.8066790151701596
0.7143735563073591
0.6344425374369593
0.5669285742654796
0.5092526552052412
0.4581562290943469
0.4109410882919184
0.3658193708480241
0.3217799500624497
0.2783054861320656
0.2350622696599396
0.1915426674887517
0.1471419444746569
0.103090141829755
0.06662926710354422
0.02541847852234673
3.739567724015597
3.452445670840742
3.35389150432226
3.428435829533621
3.509325163205529
3.531760450212402
3.504542847977074
3.448233058796088
3.378936225990515
3.310950897345458
3.255886395985045
3.218160521716374
3.194135143449136
3.175269806660994
3.152884547052731
3.121903883933464
3.081352985484989
3.031114266113403
2.968867228102901
2.889109428670629
2.783504239617383
2.642563609771616
2.459715343380778
2.237930838387734
1.996049324927897
1.768227202675385
1.59211150114686
1.491480578828301
1.465425178364663
1.500469099332216
1.608522177168399
1.82234178765896
2.098432743320208
2.177829414883933
2.082101352417555
1.882118484179285
1.647467472561001
1.445814696036019
1.346985455784297
1.422314637480974
1.694267515032279
1.906362428957339
2.015141343012514
2.05193158487599
2.027057259700624
1.925763335229094
1.746467856197983
1.513047667447673
1.263941415149203
1.034367080079792
0.8439965468595039
0.6961352781094812
0.5840761817079403
0.4978979207543264
0.4286233990594562
0.3697021212332794
0.3169224567238486
0.2677389505314977
0.2205327789841323
0.1741085568454084
0.127949509003709
0.08358234827067888
0.04517630812023658
0.01729343391618965
3.059818337080872
3.066259116280587
3.099928249308404
3.186340330873766
3.282699063897957
3.342831866271306
3.353859328904328
3.325958175802264
3.27660948876387
3.223021419962993
3.178114898735537
3.147473279939472
3.128673980196714
3.113903403698891
3.094166562697577
3.062628707732712
3.015231026677313
2.94887861305748
2.859035776555067
2.73856996797324
2.578473817356793
2.370668749100593
2.112995668294164
1.815276303940341
1.502987051686085
1.21413104106623
0.9883895994138099
0.8540260369415749
0.8216884514864362
0.8900095937753825
1.052934704970693
1.284587655067054
1.532442409663931
1.709200535318371
1.782630017026747
1.779116855671159
1.748035496140199
1.743251846027296
1.814387028907836
1.988353167342314
2.233794977241069
2.464420120351039
2.627837566753047
2.697378497946269
2.665563178230599
2.529653670402315
2.29947048867375
2.003222668989205
1.681224298620519
1.372440858697777
1.103189981199789
0.8836947560469064
0.7116640741475226
0.5784041849654004
0.4738386201415501
0.3892478069550277
0.3181185094508634
0.2559529934383171
0.1997635322626273
0.1477623580207059
0.09953351956812874
0.05653177421253274
0.02234985827057415
0.002582291733151467
2.671031806641259
2.750662354822158
2.853022763458858
2.961184318391453
3.064855866637493
3.145320831596996
3.189444697150241
3.198046328318585
3.181995479246173
3.154942609320438
3.127873925151002
3.106200346347525
3.089153146544537
3.071297532595064
3.045164071636019
3.003511713009022
2.940184811934301
2.84963312673393
2.725899226605275
2.562241927284805
2.352275609696389
2.092850050165895
1.788099322517988
1.453064863417949
1.114514627999001
0.8072343896307045
0.5665180726720671
0.4201702014482849
0.3835270967934915
0.4572445076086258
0.6244371135297252
0.8502920349355563
1.095832475583144
1.330470780508486
1.528571534550948
1.68971778118974
1.835697789566335
1.996065759864436
2.192829860624085
2.425989209628399
2.670400605577065
2.895764821278415
3.063049802245803
3.136887480575072
3.099384212354908
2.950118406928607
2.70368519052296
2.38770376379419
2.037807916557697
1.689417506413696
1.369909405030456
1.094628876021953
0.8675448512513323
0.6848236392202054
0.5389157520011993
0.4216182538603002
0.3257273030477183
0.2456119942977014
0.1772559164317827
0.1182099136977699
0.06762983076597243
0.02629224031983462
-0.003655040820711118
-0.01972190095101438
2.44388182540382
2.522501248746297
2.637012326407031
2.757235876351845
2.869407634541812
2.964388940356104
3.034357189861572
3.07681205227292
3.095770871232806
3.098769774833008
3.09293492347879
3.082337451092058
3.067058218756873
3.043644408642735
3.006353507753483
2.948477014425686
2.863249490863597
2.744253084967573
2.585600895955812
2.382454819683809
2.132383845327707
1.837578510815455
1.507240524416978
1.158957446301511
0.8179591130349628
0.513980793298622
0.2765272233267089
0.1297834825915395
0.08789922502808721
0.150872153414115
0.3030542254090754
0.5188538218396872
0.7742256730894773
1.052710656779372
1.338526051256755
1.621834563785883
1.902649377752311
2.185652101155945
2.470984263683805
2.749002585503932
3.004056844833867
3.219637768058734
3.371461062701591
3.433463336995372
3.38930889364236
3.238250477409579
2.993858618604163
2.68005826324497
2.326426659691583
1.962988068627392
1.615284879237986
1.301036900939371
1.029242427224397
0.8014936635138815
0.6144535728007424
0.4623662889998035
0.338937251755086
0.2384569687523435
0.1563603410076397
0.08946046470282905
0.0359748207216679
-0.004668022396092085
-0.03230190098780874
-0.04674699630444595
2.303461847524152
2.366680118080141
2.469074970330739
2.587137100940931
2.704306317968327
2.811140798631611
2.901474529259554
2.971632043594426
3.021090034201221
3.051915987208102
3.066999679267262
3.068265653664124
3.055598989679091
3.026570987871543
2.976767232437983
2.90046883685224
2.791484075962584
2.644013032476173
2.453550868293775
2.217939781610289
1.9386476104796
1.622105782939338
1.280629578218569
0.9323591242282682
0.5999446607117753
0.3081550379597635
0.0808176062502446
-0.06262554010153742
-0.1106753989059133
-0.06238875731849722
0.07314528792188829
0.2815197817928654
0.5485571856916778
0.862013745045766
1.209056475591313
1.575672799902825
1.948566998172855
2.31524255483586
2.662418250215165
2.976063940202384
3.243234228180831
3.451450204744626
3.586192640004975
3.632623395081136
3.581154694364974
3.432216465644564
3.196865641585596
2.894249911658424
2.548075037527368
2.18312135616903
1.822091755775539
1.483105708513114
1.178290371800466
0.9137007018238663
0.6903425071965391
0.5057518677941408
0.3555871067150727
0.2349082798263457
0.1390494007906115
0.06411107038976556
0.00712633179333447
-0.03404127266683991
-0.06095459560590551
-0.07478348560457275
2.213704000435941
2.26358704793615
2.350084555164705
2.459000757231879
2.576262018293362
2.691403561439984
2.797165584502367
2.888331698894923
2.961440044982356
3.014726538139581
3.047594184826217
3.059695987942087
3.050042576358927
3.016421231553489
2.955243568482188
2.861847374311195
2.731212191291065
2.558983767384596
2.342663095462108
2.082797663705629
1.783987800804934
1.45548001169451
1.111119599039441
0.7685562765185951
0.4478087826197806
0.1694310688782329
-0.04753098987519071
-0.1876925051771373
-0.2412839380524842
-0.2051050996421328
-0.08170916333597719
0.1226775155691592
0.3997241836309108
0.7390283136293295
1.127193386392539
1.546875367502099
1.977550069222087
2.397524788537991
2.786197848594414
3.126058206946267
3.403447472784642
3.607623052233187
3.72986654130685
3.763548055195436
3.705714183400232
3.55917745477619
3.333346149519124
3.043291696568459
2.707812415655112
2.347282872710017
1.981592687598114
1.628282673281815
1.301088268045046
1.009160335570464
0.7570849762625972
0.5455747685915336
0.3725362317849223
0.2342024151182018
0.1261053808612422
0.04377364552744021
-0.01686356029989045
-0.05929973511956042
-0.08636565714941437
-0.1000857860275611
2.158375910641909
2.19965140886019
2.274198420395084
2.374057262433516
2.488930904001791
2.608706297878418
2.724797637582582
2.8302452670742
2.919529526036615
2.988499855297022
3.034220922570678
3.054549742223099
3.047513091106674
3.010709417420701
2.940977342441473
2.834508058690885
2.687459208059847
2.496981348350496
2.262437083077731
1.986515398378805
1.675943951652394
1.341587742971335
0.9978783288531563
0.6616960060099448
0.3509498691155784
0.08310592077053254
-0.1261672648473992
-0.2641115786497762
-0.3215771251846427
-0.2931478122040147
-0.1768561253112032
0.02595136525776339
0.3101956388184709
0.6663246017157659
1.079710736196894
1.530436852708781
1.994315127533012
2.445459455636532
2.859548034725696
3.216409629215227
3.501071839886173
3.703586959423279
3.818470029526189
3.84398916535639
3.781758316456072
3.636862290032524
3.418124965166123
3.137975647414871
2.811760129424336
2.456650955825529
2.090324265671801
1.729522133602112
1.388667891993174
1.078779484628033
0.806907860097796
0.5761888279907548
0.3864175755349532
0.2349309387866343
0.117556873335908
0.02944963242669905
-0.03426928896473544
-0.07804710702900686
-0.1055447585046177
-0.1193458007817454
2.130623771702854
2.167528163728609
2.235779340387441
2.330277458100083
2.443109582580442
2.564854714037903
2.686261137458052
2.799232777507861
2.897063514704968
2.974388333892209
3.027076363418093
3.051984629269755
3.046504788170949
3.008024709488335
2.933558441828476
2.819784327011171
2.663599090924142
2.463109746431287
2.218812138849063
1.934607099177836
1.618326452799508
1.281584342367712
0.9389792341019025
0.606854502106341
0.3019062667560792
0.03990552532970529
-0.1652610574345015
-0.3020968335207281
-0.36154976866631
-0.3368814365903111
-0.2238391289936742
-0.02146300846413396
0.2666726544567047
0.6313434233325403
1.057129440855654
1.522705275624024
2.002282239881623
2.468330123431821
2.894900061810211
3.260372604010422
3.548945133282035
3.750973071213953
3.862469706795463
3.884018724701689
3.819538194100913
3.675455983494959
3.460509378410256
3.185855957034671
2.865022679758292
2.51343287397891
2.147503811145913
1.783438459283974
1.435898508025739
1.116799122669089
0.8344776592027964
0.5934092503500233
0.3944861192499139
0.2357207590980646
0.1131517521554622
0.02174945586215535
-0.04379638821261272
-0.08843628462037187
-0.116255141900978
-0.1300994667435283
)
;

boundaryField
{
    inletLower
    {
        type            zeroGradient;
    }
    inletUpper
    {
        type            zeroGradient;
    }
    outletLower
    {
        type            fixedValue;
        value           uniform 0;
    }
    outletUpper
    {
        type            fixedValue;
        value           uniform 0;
    }
    sideWalls
    {
        type            zeroGradient;
    }
    topBottomWalls
    {
        type            zeroGradient;
    }
    frontAndBack
    {
        type            symmetry;
    }
}


// ************************************************************************* //
