/*--------------------------------*- C++ -*----------------------------------*\
| =========                 |                                                 |
| \\      /  F ield         | OpenFOAM: The Open Source CFD Toolbox           |
|  \\    /   O peration     | Version:  2506                                  |
|   \\  /    A nd           | Website:  www.openfoam.com                      |
|    \\/     M anipulation  |                                                 |
\*---------------------------------------------------------------------------*/
FoamFile
{
    version     2.0;
    format      ascii;
    arch        "LSB;label=32;scalar=64";
    class       volScalarField;
    location    "5000";
    object      p;
}
// * * * * * * * * * * * * * * * * * * * * * * * * * * * * * * * * * * * * * //

dimensions      [0 2 -2 0 0 0 0];

internalField   nonuniform List<scalar> 
4096
(
-2.443645312316861
-2.301131407476602
-2.038772767982824
-1.675560055716835
-1.236306746251894
-0.7469900809272755
-0.2308460712968571
0.2929897365576267
0.8086729656106122
1.302281477765225
1.760903311080631
2.172268297131885
2.52491313101982
2.809066673741301
3.018036324910574
3.149420513011728
3.205578130349229
3.193243097592404
3.122529090884129
3.005666434361765
2.855743763135905
2.685618522927992
2.507073496030209
2.330239124785861
2.163265195109347
2.012203704525339
1.881053803651009
1.771916934113382
1.68521404960379
1.619926818338333
1.573840052297262
1.543778623505197
1.525841893516666
1.515640222060684
1.50853651297119
1.49989551540443
1.485346058805854
1.461063297356322
1.42407544054465
1.372591811413812
1.306336082896728
1.226850414762729
1.137715262053715
1.04461133194187
0.9551453070161071
0.8783847139755807
0.8240999495945932
0.8017735767505937
0.8194944924392928
0.88290766488946
0.9944365017256669
1.153003672352321
1.354380577170373
1.592051657368647
1.858193674585
2.144322342636645
2.441485328312607
2.740208936239189
3.03033196930157
3.300779403226302
3.539540667661998
3.734274670138714
3.873651013013337
3.949009667510404
-2.278937619627641
-2.138682271189374
-1.881558470312231
-1.525695933591475
-1.094599317908362
-0.6126169063136175
-0.1020527907892694
0.4175632765504512
0.9290192247890843
1.416809104657204
1.86675207122209
2.265650733674824
2.60165565090566
2.865565318991481
3.05225362681062
3.161395832395876
3.197299922762576
3.168097888150723
3.084628662284912
2.95925626323113
2.804774065153237
2.633484414127774
2.456498159264176
2.283261926124181
2.121293935493749
1.976094506315898
1.851193322198877
1.748296809651648
1.667500885877157
1.607536396767123
1.566020781500947
1.53970259696944
1.524699520144381
1.516734842553021
1.511373559440428
1.504256239185155
1.491327609087617
1.469059002401611
1.434673948690137
1.386397381524625
1.323740952164583
1.247805532078113
1.161544831077904
1.069908670247671
0.9797769193518846
0.8996254813149198
0.8389135090854123
0.8072262479256053
0.813252052664562
0.8637169644398321
0.9624419932495367
1.109725489623464
1.302266965777267
1.533758681384891
1.795972493688744
2.079777976844544
2.375546957631176
2.673058213420679
2.961381159330796
3.228822086645879
3.463241361486011
3.652927525437715
3.787821006188667
3.860728155575452
-1.954264149331187
-1.820429400363863
-1.575952030017257
-1.237914684842119
-0.8256194649714271
-0.3586899378555967
0.1420165133187223
0.6547886592123479
1.15891569102153
1.63581779152551
2.06892496976509
2.443121602616147
2.746031848179855
2.970152199610183
3.11385226735649
3.180860760380956
3.178975273812574
3.118683094559868
3.011961988794274
2.871287270252531
2.708824978713565
2.535805891076308
2.362077462871824
2.195817489346191
2.043382280398127
1.909262726923103
1.796130682017428
1.704966702810783
1.635260384237492
1.58526421722384
1.552269343278744
1.532872633653482
1.52322454324432
1.519264037884116
1.516941103279203
1.512420751429135
1.50225057322123
1.483472975879729
1.453700494789474
1.411219361747336
1.355186460848764
1.285926978525952
1.205270010483799
1.116821352652287
1.02607764575951
0.9403333445309731
0.868348159563294
0.8197476898085273
0.804163917510377
0.8301747502648289
0.9041415202357216
1.02908187323454
1.203822854053783
1.422860076378571
1.677312078650675
1.956642266079396
2.24982652201167
2.545184201177963
2.830092869787933
3.091311783036676
3.316366049554634
3.495125755141986
3.620351282919446
3.687430824586892
-1.448293068810998
-1.326561732201298
-1.107901295016178
-0.8062588249601221
-0.4294177693900602
0.01297752018879191
0.5007485340492739
1.005761908168857
1.500402388033132
1.961664431766237
2.368836317236391
2.703520665590519
2.953703861667985
3.116167171059259
3.195431334319963
3.201120658606184
3.145527774936766
3.041915207250095
2.903426678746197
2.742394344257339
2.569910338886238
2.395586150239721
2.227438180566848
2.071844675820098
1.933535267969955
1.815599067144501
1.719521700656526
1.645277032211936
1.59149952052149
1.555744518473748
1.534808918028467
1.525053548118094
1.522678320400092
1.523950802168638
1.5254010681463
1.523976217731486
1.517113385615549
1.502692700617321
1.47891564151245
1.444223813004167
1.397376176451625
1.33772596763384
1.265628199674278
1.182827964415017
1.092784539201864
1.00092421880277
0.9147289311282274
0.8435227145544455
0.7978656651041909
0.788556872042624
0.8253142783950593
0.9152042016300981
1.060924705627744
1.259350542705105
1.501367221609505
1.773987518162071
2.06348806355591
2.355900887585071
2.635456614171579
2.885886852317413
3.094298094636364
3.253845502979024
3.362532004238023
3.419946353842306
-0.7282588351463553
-0.6288755554975051
-0.4597704122207406
-0.2228480698921159
0.09694069987601574
0.5032493481323648
0.9743521539519575
1.471203885434758
1.955140078069709
2.396708328320392
2.766407610869087
3.041830983455074
3.215239379169992
3.292143503347612
3.285873908969832
3.212984153065457
3.090472512980074
2.934237426623328
2.758248481740086
2.574207643684413
2.391565188448734
2.217738011026437
2.058380984277956
1.917609329189247
1.798132210057224
1.701309367525423
1.627174278772505
1.574479757146009
1.540821306001185
1.522881650359787
1.516803486900336
1.518620408755734
1.524609930942553
1.531507489402491
1.536657501194618
1.538081348292968
1.534377281158238
1.524456370813519
1.50724683139911
1.481475301044639
1.445615434555547
1.39808436101715
1.337651102541838
1.263821975838121
1.177393551589424
1.081162768630875
0.9805551502171589
0.8839109365325875
0.8022448439073807
0.7484104620343968
0.7357324158911865
0.7762216835654868
0.8783536506264348
1.04427405884871
1.26705432153066
1.530717406379922
1.815740222017612
2.104203522751372
2.374754731722274
2.606933194932585
2.788697414331335
2.918720150029615
3.002675142396644
3.046331121898164
0.2530385043848861
0.3029388291678001
0.3808190878133942
0.5231096929524712
0.7680712208347324
1.122139105574294
1.563715408265662
2.048379094150986
2.523558770229262
2.94192517702974
3.255941796483904
3.444820569796062
3.513858477852082
3.481731623975121
3.371479705816598
3.206289236913452
3.007415662729999
2.792910012009837
2.576986379633401
2.370061709366008
2.179300496535709
2.009358394742376
1.863055375764907
1.741844432648989
1.646067582403275
1.575058044176698
1.527164762625458
1.499767063946588
1.489338121971336
1.491626115658877
1.502030548071215
1.516173785970992
1.530452028201389
1.542253370857277
1.550060153117679
1.553337020153559
1.552052975964222
1.546149197170981
1.535230241759979
1.518423376943851
1.494246774759434
1.46059265266445
1.414808842750686
1.353924975216671
1.275566140986081
1.179197747370264
1.067297227816501
0.9461955471150748
0.8263634447875841
0.7219368290093827
0.6494322922121982
0.6258678371631959
0.6665463047854621
0.7821075262086601
0.973496064495351
1.225381814206319
1.506951124794697
1.788927145865799
2.041243260803427
2.242168093087137
2.385810207747385
2.477308218112855
2.528657222265533
2.553962751495891
1.564934142463698
1.481740189571511
1.409633507017445
1.454180801112456
1.624378523524239
1.897415598523227
2.269796001713556
2.725786756794604
3.206549292824296
3.591538289260813
3.817312046722722
3.886121229667905
3.824949437124483
3.665243798100712
3.437929146482163
3.171799168058598
2.891784148197476
2.617483479911122
2.362657821511169
2.135750987271489
1.941048724335187
1.779965324306288
1.6520861825768
1.555835650997169
1.488831470749987
1.448050681404045
1.429904278103977
1.43027260803928
1.444531754348706
1.467637190450715
1.494385743749361
1.519995049853972
1.540977680049058
1.555640251652632
1.564109083215752
1.567730330371102
1.567848658864428
1.565118736818232
1.559480471243689
1.550473201852098
1.53723524469567
1.518150337644964
1.489391824114653
1.445421208630229
1.380534991055572
1.290480575671358
1.17396428198258
1.034006924000916
0.878949306143408
0.7227197967080313
0.5839735794168615
0.4841071934860392
0.4448325389972722
0.4861256997655836
0.6230609488688521
0.85460002632139
1.140591491417324
1.407698354953927
1.619467010566573
1.768331017310544
1.864647295705678
1.916867016343444
1.932905588373923
1.931202574950805
3.295590576390147
2.866916198537907
2.620344555715679
2.624418804549593
2.7339294376807
2.879302649240172
3.101369888104276
3.486407658990947
4.004973244508803
4.312788352361881
4.404034093125876
4.325649302915403
4.119137077300779
3.822410872984598
3.472417422079292
3.103151891919937
2.742671390839861
2.411360596969046
2.121863406130402
1.880211507772536
1.687511280577775
1.541647070312637
1.438625211024227
1.373427328596567
1.340488979500472
1.333995828980092
1.348092102928566
1.377005348943348
1.415092824353769
1.456891115845131
1.497211955169549
1.531308953506832
1.555575830472614
1.569704430805698
1.576312842242623
1.578803212307316
1.579391879346907
1.578849427125459
1.5769669151122
1.573490155210059
1.569009321208905
1.563972069133854
1.553160684251991
1.528877599165567
1.482687266836272
1.406803096894298
1.295629140023541
1.147504506938797
0.9665164142366909
0.763965853475683
0.5587022598713175
0.3755829826110779
0.2422047914316718
0.1858138325495218
0.2335304441183693
0.4134053667969783
0.7209169671068419
0.9498583161045547
1.078224944029102
1.15125000977255
1.197483613071863
1.222641368377138
1.218714373972521
1.17001986138216
5.43745614795634
4.397623906752332
4.102361916582099
4.118678641826978
4.144372904520748
4.12913421617424
4.109248722228497
4.374004647437694
4.861795615513608
5.006502450016324
4.944181840742303
4.718129984767638
4.36682642400683
3.934376828024807
3.465372425979439
2.998849417537871
2.564784097780151
2.183343487560533
1.865797706553443
1.616056959375009
1.432379361653376
1.309120188962543
1.238326794823654
1.210928621814204
1.217509203193969
1.248866595010052
1.296451073180257
1.352606560943552
1.41070847816959
1.465375431777237
1.512591403928145
1.549232831756403
1.571244859200221
1.58056308968846
1.583494908325288
1.584182374782154
1.584520507633942
1.584822256891359
1.584754085121889
1.583885958999632
1.58608803079566
1.592942065167884
1.598065851350879
1.593491690156269
1.569578683372433
1.515804264207188
1.422227421600539
1.28145037759544
1.091036035252435
0.8563063925715826
0.5927897143282006
0.3267883486357326
0.09265259544947818
-0.07313480615471292
-0.1380754665768506
-0.06979115727203665
0.2155914924119432
0.3762601759616608
0.368855664762016
0.359138841695583
0.3575831187773108
0.3697350407945232
0.3888050991277998
0.2838901781256216
5.151688468449361
4.81666377121956
4.701587902659868
4.646326564792688
4.606760934017659
4.591317597549811
4.49677201330476
4.788546761169073
5.380353475621376
5.51969057715894
5.370237573502286
5.020848822246393
4.538374722286824
3.984288620074424
3.412351162690745
2.864480406714898
2.370287649995525
1.948933462849154
1.611077129379554
1.360037520509524
1.192527430357266
1.099759787942899
1.069260752542941
1.086887234988306
1.138380823974892
1.210388536352562
1.291145281876931
1.37074211746517
1.441554669621765
1.498923373125673
1.541283876365086
1.568990574015959
1.581695180682148
1.583953299927236
1.584406826358199
1.584586892326804
1.584910242881625
1.585114962843068
1.585408760839232
1.585522148107193
1.590521497243607
1.602359421758491
1.61678916395016
1.627856204644371
1.626662555076582
1.601313606441632
1.538102223744366
1.423570013884717
1.247120884073877
1.004559187876038
0.7028605140106079
0.3647564811406253
0.03048317695287559
-0.2457472007413365
-0.4019047803035002
-0.3645396713842762
-0.02197641208914255
0.1550728814727059
0.1039831634412238
0.1049617414400681
0.09544819562774229
0.08752952792718079
0.07817654040372465
0.08080441433861013
4.720252945740377
4.58451410848288
4.510335802211287
4.466668651534146
4.443409108999108
4.457872394886078
4.373984637208037
4.760518055203688
5.560520436017473
5.790915345719539
5.618291620510836
5.184243240450662
4.60245315764184
3.95973466008547
3.317026905257848
2.714757261398969
2.179897821851687
1.731047189120823
1.380463270608139
1.133739057194948
0.9884759751968126
0.9337320883947444
0.9517498870736644
1.021652829480371
1.122928754111098
1.237215240610266
1.348834046239456
1.444959683164571
1.51708854931571
1.562603018581089
1.584585410001853
1.589731234468805
1.58567093105323
1.582871806445873
1.584262275829597
1.584251904985501
1.584598926749326
1.584631919821332
1.585310163804379
1.584535845477459
1.584890298733939
1.591041408045882
1.603660499965482
1.621460129074484
1.638863770307637
1.644707909573005
1.622761863849155
1.553987908864523
1.419363145515919
1.202975775227987
0.8977158006762764
0.5146256997057678
0.09423933121779918
-0.2866576509655538
-0.519286692142107
-0.4745201395487985
-0.01536554615227053
0.2205440378385744
0.1728962743971494
0.1875358570628209
0.181562368266724
0.1706372957693192
0.1469135444386567
0.1416697558679658
4.624112483685582
4.552952901517756
4.508248366973639
4.475823827456781
4.455577965433395
4.471169052083811
4.373557949255385
4.704869222332365
5.55828995769169
5.832397459856694
5.645190046335862
5.162827236083991
4.534152937206676
3.858940188435052
3.194350281754648
2.574078796227631
2.022410855712538
1.559923205903294
1.203739029033875
0.9650950139023133
0.8456760078485461
0.8344416394612207
0.9080259063673486
1.036564252237643
1.191249397708277
1.347830682761305
1.485278624848581
1.586822743012704
1.644171009235721
1.659540662561089
1.643945007937815
1.61378742649937
1.588000954125897
1.581907445723004
1.5847790155973
1.584356950589999
1.584707894278545
1.584495302317454
1.586073822708347
1.583010540069518
1.571279039350257
1.559461630433549
1.555921704053796
1.566783380632269
1.592944566629271
1.627174615014371
1.652949310408135
1.646563782504674
1.581357069753041
1.430259108392063
1.168888373106593
0.7878162806085619
0.3149191939503959
-0.1616380641619304
-0.4894871945910577
-0.4862644045229115
0.000155087562897528
0.2142443321412997
0.1572091814037278
0.171351318157661
0.1633912288808589
0.150136884267874
0.1237413106151211
0.1301057163901048
4.543152046892001
4.491953691462851
4.456927701900625
4.432373848046169
4.41856807688806
4.43995016486399
4.351119533940776
4.661349343949341
5.47356767589152
5.680339033317347
5.434511866357053
4.936708569602413
4.333145229335782
3.699418276010782
3.071663093572196
2.474397654471199
1.932460652742026
1.47233120822172
1.118942012033962
0.8912407179224192
0.797415466413403
0.8297331131974105
0.9614861357656364
1.152436934345104
1.362351801383765
1.559304890071206
1.713079553649092
1.802792782122763
1.824300288534715
1.789109353245798
1.719275483390888
1.642777521778193
1.590547301303698
1.580498399193598
1.585220059975047
1.584358385791266
1.584759598832464
1.584236842608975
1.58712166596871
1.581021250021527
1.551255713710046
1.510019601949879
1.475073177936748
1.461875315023844
1.480738756726287
1.53274255375206
1.605463645380667
1.672158255812588
1.698049495438698
1.647154154770629
1.478648273745962
1.159749839503607
0.6917920534703066
0.143446210535261
-0.3194112962692481
-0.4466007740955683
0.004495693305470261
0.2187063153406704
0.1657802318416962
0.1817246685940831
0.1734766727158453
0.1573476152845273
0.1257357845495454
0.1239346444449807
4.48849126542929
4.436256522952932
4.403110550367669
4.38291198784582
4.375122915006192
4.401903696227692
4.333393128616794
4.651095604346396
5.321457032321799
5.32195136581257
4.986111788391244
4.533895728286078
4.040497416636025
3.520973918738528
2.984668508507022
2.450525634805202
1.947547224602122
1.510645962865629
1.173709854962129
0.9624151881412338
0.8899933818285206
0.9548948659127758
1.135604622816573
1.386761060216327
1.65324598981791
1.88554931713972
2.037230606928422
2.08937499505183
2.050352138547533
1.94506646770045
1.807366327964416
1.676275055169669
1.593643547280245
1.578825921318829
1.585680682484705
1.584357469824735
1.584844888296317
1.583975672807407
1.588438639584026
1.578619825965941
1.526602794916787
1.447336838516345
1.367815996600711
1.312891518206877
1.303365538562838
1.352637355160918
1.460109242214441
1.602129613612316
1.731829534541931
1.799624073016725
1.752165421178867
1.545786417725188
1.160154770483629
0.6129444269327944
0.01443181104184827
-0.3448590334119118
-0.01285438624765523
0.2189803399303649
0.1798068950869657
0.1975816065160566
0.1894164115404997
0.1695913949317628
0.1312517147236719
0.1094398934089747
4.456831873608031
4.367766790307645
4.330090855724333
4.314236516829593
4.314675725127748
4.349694485973726
4.330918295683183
4.722666223791827
5.008282328826138
4.696011251831329
4.35338163061858
4.052008039560923
3.735662480841669
3.373962291659207
2.967759304555864
2.534782260611639
2.106051045571655
1.72278090748551
1.426231520636067
1.244812518479792
1.188948283045656
1.259217139347033
1.454489461729958
1.749463396711962
2.080003776835579
2.331847344675959
2.446533903671564
2.42773135713445
2.304670647103096
2.114956845804134
1.901491380642366
1.711940627086381
1.597004623391098
1.576970136816372
1.586071368372742
1.584323255177823
1.584953102169072
1.583769034696463
1.589940835359666
1.576026530804996
1.499828319756529
1.37833048036107
1.245978730854931
1.135199756700383
1.075432546433539
1.092409972613507
1.204755721375799
1.409108904688021
1.650031091672088
1.825730486245424
1.880663551985996
1.794133888489415
1.55828329275645
1.147059836005653
0.5431986461735566
-0.09261394142676835
-0.07576858421990891
0.2087764323281298
0.2061372580397124
0.2276498706352831
0.2221282531632058
0.2011876197387656
0.1553288248101214
0.08832346765046724
4.565277393438786
4.334834328241779
4.263308620252125
4.238570065091163
4.238566901392304
4.270803713818999
4.318129866799866
4.706888777102752
4.267839174843905
3.854346472609873
3.733786271924104
3.647981083524671
3.502909356484513
3.298216145633938
3.0443751114236
2.7527474866037
2.446647193033595
2.164251624003797
1.946664071918303
1.819069447328039
1.779585827887182
1.815779910472228
1.95208974834692
2.245074718343194
2.65591850107343
2.876254144748347
2.902728188368328
2.782560496760425
2.560528942970745
2.280811067246932
1.991570001342153
1.745895466364425
1.600144513952354
1.57504018839915
1.586262191548418
1.584234466007806
1.585102682900972
1.58373535041241
1.591551266494501
1.573611748138871
1.474340073608777
1.312062545149909
1.125427767707612
0.9515535789623909
0.8255308094950935
0.7806641557942451
0.8505095197641859
1.068489365299348
1.42382658232554
1.65395943414457
1.732159801287054
1.715132518038788
1.631985511958131
1.465857176689088
1.136565610653079
0.4941463147237628
-0.0576596545608008
0.2099789647089111
0.2564445508773919
0.273248964865922
0.2640155338545074
0.2310031999520893
0.1407465998106956
-0.01263359227526463
3.73625073943234
3.978210854433264
4.058639019783984
4.092028547501712
4.103797661258366
4.104791133827669
4.138181275568332
3.93148497073455
3.323056227365004
3.34430171809521
3.452113624041835
3.452275753713254
3.394564428623085
3.315933813180918
3.223883044466731
3.119021183095414
3.007193272204672
2.902672173808409
2.822425315297288
2.774975494331413
2.748266629157829
2.721246162142842
2.700707800787813
2.927943985574274
3.338321476328326
3.434621253434226
3.341917269650216
3.110048431840236
2.785652491659784
2.419515452645887
2.063995519755107
1.772832718399788
1.602387383619561
1.573138469890136
1.586043019616719
1.584048446253119
1.585322805710439
1.584053926883786
1.593211438088078
1.571917518854518
1.454475184139968
1.259621230562511
1.025012695581089
0.7884017985865481
0.5893502414611627
0.4679857992737239
0.4605656980484148
0.6020444777533185
0.9781859782047492
1.178017876816622
1.161918058133764
1.137410005446207
1.118368779051405
1.111516759896299
1.140326894598367
1.087893529858818
0.5244387697644011
0.3243563528913519
0.3689214768942266
0.3639140236806549
0.3610458176982649
0.3640169788929756
0.3713517142766721
0.4872361180251884
3.854239569714534
3.949968306992594
3.990836807799283
4.004838813678804
3.995822056574697
3.956264075975419
3.8897185813549
3.634171383895588
3.489904877640342
3.459837601190848
3.450386779042315
3.417837616002072
3.37802186976613
3.33599926745323
3.293233471121124
3.249833635358219
3.206246518380046
3.165941510495364
3.133417338111613
3.109190824953012
3.089721278691219
3.087588996306397
3.010462307331379
3.268556919617512
3.779013850976427
3.871858696367807
3.702344348845701
3.366675135775078
2.943431170569001
2.502621405178097
2.101435239655995
1.786238369713928
1.603205099609915
1.571375998834823
1.585108025019843
1.583702608189338
1.585666895730954
1.584994525572176
1.594905831232138
1.571581567332942
1.445349523441155
1.233635683042646
0.9656112908758619
0.6739748531653755
0.4023239265929492
0.2050922702197751
0.1423262493949781
0.2833469196897366
0.734955869735757
0.9512385317961976
0.8896158388924632
0.891904973102712
0.8820888928277374
0.8735248920448676
0.8734910596055291
0.8574716754082321
0.7414599565958117
0.5329884942524522
0.4850503269935968
0.4495848627739359
0.4365624322315752
0.4395801101452503
0.4626424405120387
0.5312314011507169
3.835274187611947
3.891141993955091
3.923372081009334
3.935338341019027
3.926344908130946
3.891784030942182
3.837542046239553
3.7096546791233
3.590487155497334
3.526099964251985
3.483603820027835
3.437798267027145
3.387574090192318
3.332817917755933
3.274035036526921
3.210994521657623
3.144617888912957
3.082545162758892
3.034718204213204
3.002007571767528
2.98190822931767
2.995189008203326
2.919409500990496
3.261530920376203
3.962090737785785
4.127571309625363
3.925000093419159
3.504351081063333
2.99526535587135
2.499875370937415
2.083512356465684
1.777689139468618
1.602495457550486
1.569881697123145
1.58296954027485
1.583094889148005
1.586226550717507
1.58697328458381
1.5967019976507
1.573446741046717
1.4531351158045
1.246651576920811
0.9662972844285326
0.6359379796229205
0.3037542321783031
0.04400298593070755
-0.04761243536457267
0.1413939374523608
0.7351527600709182
1.012425464888431
0.9492069389162939
0.9595771970283521
0.9431537352576506
0.9163869540201205
0.8764046395337735
0.8088346138122985
0.6947513090542349
0.581114335355602
0.5354469245308732
0.5038019563850998
0.4922860068398904
0.4966288386870765
0.5195049885792369
0.5622207654642486
3.80756097718935
3.852752239909607
3.879826323918539
3.888205715660497
3.876989424989017
3.842977231682532
3.789839150511024
3.700101906524854
3.611916574430114
3.548390585692758
3.496679221561717
3.446183497728302
3.395379377263204
3.343113932003485
3.288551870904786
3.228287378421362
3.159283787645394
3.092988031473908
3.046025317419379
3.014110331200965
2.994458459498847
3.0090310786847
2.919744871717881
3.227737320854055
3.998720389041694
4.199840707937852
3.967984397974669
3.483079512717632
2.914925323068025
2.391426602041559
1.989655673694421
1.731936478755153
1.597909910968669
1.568579785563294
1.578715705690309
1.582029857777978
1.587162352061648
1.590665678962822
1.598916360797848
1.5801507305922
1.487145822041916
1.307699397865655
1.035253660965872
0.6911251573550997
0.3273329934524861
0.02746217161443381
-0.09013677746467197
0.1130330920953923
0.7557724984144844
1.010231782594615
0.9372866710223605
0.9478513798710203
0.9301427535570375
0.9006564999972547
0.8569672757247961
0.78777977904854
0.6968927729734151
0.6157515043900459
0.5709147727119523
0.5417208454200656
0.5310310242012126
0.5359586983203605
0.5582769931527933
0.5968905967279748
3.785981603061211
3.825087967708309
3.848852345498603
3.855745723963371
3.845004968493785
3.814629598417379
3.767269717922954
3.698201558675917
3.6265495700415
3.564597222741235
3.509108428865386
3.456236357926855
3.405006428233837
3.354173148396424
3.302406250943769
3.24016345899037
3.15571025767205
3.071143043373277
3.020354443147645
2.987004432254589
2.969232801623196
2.987446753008189
2.9028121935046
3.199927877068108
3.957977042318568
4.103300736155608
3.809229693130112
3.289890543220035
2.712535132714428
2.190841861999491
1.810373016939742
1.618195105771349
1.573348761138707
1.565906864699699
1.570654132599091
1.580120790970296
1.588743792357116
1.597096300249016
1.602724139513907
1.601154955127962
1.562350396628368
1.414256675139552
1.156358439168429
0.8303015951184847
0.48531024492178
0.1814310896432128
0.02221824599857468
0.1668432660156361
0.7785476452621478
1.020220364488859
0.9520816668335401
0.9634429433053135
0.9455093360077729
0.9123197422436569
0.8639833368955603
0.7806330013956473
0.6890070839797617
0.6241695437133122
0.5862292482404877
0.5627745940571927
0.554896805482361
0.5608569322247804
0.581761963017328
0.6161611443818554
3.78879385504162
3.828585105945996
3.8561309266908
3.865241716456872
3.855891619385617
3.826480629648043
3.779450192471267
3.715721878620059
3.646999518198723
3.581739331915707
3.521092078184178
3.464671826753613
3.412819002101855
3.365164910446717
3.32086033456758
3.25696632857994
3.142925392912992
3.02414655094066
2.974658998319443
2.943509843265926
2.931515972426681
2.95560681897734
2.888923617442068
3.199812803118915
3.843514776643272
3.80914909487913
3.436358149061651
2.95326668071037
2.448637894451636
1.966073113688939
1.57855676982723
1.40135304364844
1.484415859624051
1.556802427347833
1.557474840387002
1.577206043945667
1.591329314874041
1.606966772986484
1.610958084370764
1.6572985982466
1.689070670896431
1.535936973268774
1.282796959195112
1.01267493954707
0.755176330040327
0.5117259861240715
0.3166093813664542
0.3196416566578883
0.8016662023980183
1.029313544129631
0.9769686341386521
0.9899741483305692
0.9752324526832626
0.9415862700300045
0.8941324542898187
0.779292928929176
0.661490632251325
0.60150639412108
0.5703065346784495
0.5520052585506237
0.5476765543723142
0.5567189830680768
0.5805776836135423
0.6148930766917695
3.696324655525925
3.733395972675109
3.750134062247059
3.750736172704332
3.740685712656292
3.719403456914994
3.68832184314013
3.64790883687679
3.603541916535572
3.559137585218599
3.515351295951894
3.472274936399017
3.431234225452049
3.396691516543549
3.383532439905977
3.350853407706147
3.209959847854781
2.973000823911282
2.9148249015322
2.882991256008548
2.877706905387639
2.909992123950626
2.890440239189044
3.276426838034153
3.564633525316689
3.247493702142658
2.88350790476424
2.55488941518522
2.211536627473448
1.823256633715522
1.414876424851028
1.133109148542464
1.299393687429545
1.531904100482311
1.541787069799051
1.574440851019322
1.595204511612944
1.618967444884539
1.628410022935787
1.759812434534285
1.822377735082437
1.600200870934144
1.360185332084807
1.186638292020597
1.070920194435562
0.9685485973613559
0.8161213189515186
0.6326148621519668
0.7970653722708996
1.030309132412996
1.013685321948469
1.029898810290446
1.020351288729416
0.9861611667507493
0.9421339823789637
0.7411697285547768
0.6167522474161857
0.6123026567651825
0.6217440488183105
0.6200271857567111
0.6203002321744212
0.6262362135823757
0.6438020930265846
0.6772886355652832
3.898139702675472
3.992406013521255
4.067139053377303
4.10466203335927
4.104815229847073
4.061928545007279
3.979768928656713
3.870276007791944
3.752097298320813
3.641030206433782
3.543896164886354
3.461168759520283
3.398504331886613
3.388923584472512
3.480370560071859
3.493323381034075
2.923564044731624
2.736715214683135
2.773820278467878
2.780387452377346
2.793574725932374
2.831673771041099
2.878639845413337
3.263922963490673
2.865712607446694
2.459734999032295
2.323904093968602
2.221305108241472
2.059864051975079
1.825996774295335
1.505113822159264
1.123106432131834
1.20031976826874
1.521918307651747
1.545356596277883
1.578656690925897
1.599185237737599
1.622631602482822
1.641672210583784
1.821577843767269
1.788733534337739
1.536389357302942
1.387565080404546
1.328772362302937
1.333675788768068
1.386573730140009
1.412811227077113
1.205608942375752
0.8306178723160433
1.034701114754944
1.069598431816933
1.091299899811031
1.097818110547099
1.093876217618449
1.144310468634129
0.9216077190736244
0.3232690100051827
0.3039111546947789
0.3623779682150872
0.3691339493744568
0.3723937786010798
0.4001333534904291
0.4616741181420256
0.5439182524496814
4.652704160985797
4.798197894727917
4.974843874968139
5.096203530270682
5.111519102830632
5.003445260271789
4.783879181415479
4.488345585021272
4.164845520587448
3.856463318623304
3.588896181097174
3.372611523822909
3.214251486911923
3.109879467155614
2.971231562161878
2.565505999109196
2.179034948395554
2.571782766156674
2.622068725330681
2.662109582496312
2.674846490538768
2.678158140179554
2.709921256344569
2.516015599842872
1.943345459550209
1.963399018659516
2.062890055945693
2.058932747292912
1.9970163639085
1.915820358489225
1.860184725988228
1.822194086859477
1.679564502544908
1.585125397461345
1.597722195854429
1.600284686128951
1.602268805854003
1.60713724534781
1.631420006472551
1.561090247732419
1.446265632007168
1.456439446323709
1.456929345290314
1.451506246396154
1.463500162167165
1.518096168137192
1.638675211617242
1.68609743968001
1.261361716834647
1.134919141257454
1.167704882256855
1.172805839706122
1.183020225206745
1.202377190919031
1.264468755692553
1.446546774104549
0.7720410078588233
0.1764452107465214
-0.08716945120017232
-0.1982986916388164
-0.2175496935038156
-0.1522865396883893
-0.03073234234068768
0.07965743704687897
5.351747399680049
5.461817353331075
5.608689556712902
5.707305392741144
5.691995394895473
5.533975960882509
5.240676249243586
4.847304512095023
4.402957244391532
3.954734291892323
3.536316437143193
3.164593905870237
2.837771827875324
2.525502058682666
2.179116527413117
1.87995044994738
2.178556066726289
2.56640387867688
2.548099599432985
2.580823763269573
2.574434214705309
2.539296118722295
2.476429588280496
2.234354197850148
2.095676887622873
2.067661846027423
2.059080594149894
2.028565322770203
1.991400998721997
1.953235307089638
1.924129308045853
1.896900178467341
1.807971381067208
1.682561407495888
1.644452002016079
1.618113819722006
1.600642452972406
1.583862312265395
1.569031162681612
1.496537335326551
1.474139741819098
1.483894030858836
1.487698462845216
1.48676353286026
1.486355287617194
1.490163930366013
1.506932532557408
1.508138333321755
1.440148221738381
1.293160904102845
1.263598762836567
1.247057133300812
1.248150898433525
1.266443797660364
1.286825780284781
1.475145427194672
1.289354831725561
0.6524182492441807
0.1251284484257291
-0.1899908693080313
-0.3291276251287449
-0.3406435415581119
-0.2823848804670243
-0.2241079866062486
5.889051252229196
5.945798677598275
6.017704027059391
6.04521421936696
5.972899568964927
5.769803589323373
5.435185478563312
4.993264187581339
4.482047072591309
3.941072034546303
3.401896876854731
2.883293676188621
2.392743551302773
1.943774431930908
1.610871225877438
1.610255040024653
2.264553090071252
2.573199211073391
2.506586239356263
2.530412535782428
2.517183836959672
2.483277138117197
2.430164225246018
2.307921855214627
2.193506046796021
2.131287112780102
2.089420805822726
2.044333655839608
1.995338545851134
1.942934401046403
1.890791324277027
1.837811883624001
1.767819756370337
1.693800921380135
1.654113994865278
1.622464926122959
1.599200930815017
1.578598400374769
1.561308489172357
1.525524397440292
1.50183733340712
1.491241098658834
1.48309305869624
1.477374043115902
1.474884788215747
1.474856930275274
1.474694390921505
1.455941793698035
1.397288576876589
1.330249160851225
1.308102499013186
1.294773051452058
1.293234433290793
1.307617577017401
1.293141705102827
1.432978404909338
1.54409569038484
1.1380638481624
0.5972988504705931
0.1528947880198238
-0.1302865436602648
-0.2722983978726454
-0.323158987029311
-0.3341628581046595
6.227221289781861
6.235556948948965
6.231755903539981
6.180685919613387
6.045192143577067
5.800042159913143
5.439223354441551
4.975061867676581
4.431910831677662
3.838274557318349
3.220840028464498
2.604198690678758
2.021879358123498
1.543325928064241
1.30469977448928
1.495948541080363
2.268297919026774
2.562705376579983
2.477643892515084
2.495496684233666
2.476625988337225
2.441045359141302
2.387432805133248
2.299980021146173
2.21411623269289
2.151922919928861
2.100838669399966
2.05083965252653
2.000548966919899
1.949118222641486
1.8970173807074
1.84158608726116
1.774242458461396
1.704370596736666
1.658077410352672
1.62103601523805
1.593155166521407
1.569525290001431
1.549328580340699
1.523468079183496
1.504574140630808
1.493180482142149
1.484383110455266
1.477340913829188
1.471610387750797
1.466061369145429
1.458700060950235
1.441553722556901
1.405783047291242
1.366088224830607
1.346220217526516
1.334303317451282
1.330716783239417
1.34326178658772
1.312783691027904
1.450316209661748
1.695961643191829
1.497798863458732
1.066008500212273
0.6013096897327246
0.220473810893199
-0.04271082405237241
-0.2002344527414983
-0.2755203654796241
6.368066942456188
6.339742640132903
6.276315893988597
6.159887737506133
5.969656948541528
5.68903582041022
5.311153396440631
4.840475284596343
4.290916345975069
3.68261766980314
3.040404660002773
2.397555514210762
1.807743071141268
1.361820125093797
1.193103123470479
1.44958265561989
2.241381261249815
2.547958540200546
2.457771356885199
2.472024551922513
2.451362099661162
2.417547608658692
2.368187212738368
2.299288916004602
2.228328300581827
2.166863674434899
2.111497974995672
2.058410548002357
2.006448797265917
1.954473463301968
1.902322214969374
1.84523480876383
1.77376879837045
1.698000762251709
1.649453340616296
1.610812418007859
1.582303419335819
1.559183644380643
1.539856328355901
1.519803617844364
1.503940500446406
1.492327734844839
1.482840971404187
1.474774774487546
1.467430966827506
1.459700631051067
1.450053318364035
1.435032298486795
1.411685180419229
1.387033298232174
1.372180195198392
1.363570972927952
1.360243053132904
1.373046472469582
1.334121577985834
1.487073728927905
1.809172867345691
1.747269838436054
1.43409489060699
1.01109555439074
0.5946326540162513
0.2539875748613867
0.01796182868195002
-0.1063796659633544
6.334184617840892
6.281609063392668
6.178081307597586
6.01641207680586
5.787385389895154
5.482522987493242
5.097264937656401
4.633304565849903
4.099631293051213
3.513040125220504
2.89962943039707
2.29851855030047
1.767058530275229
1.384011961822144
1.24812187361361
1.477056850756246
2.20715013512955
2.549544291048747
2.472355442663174
2.485576664987611
2.464711736446568
2.430514937559177
2.380724874415006
2.316398659135154
2.247967367016308
2.183168768564714
2.122626036559225
2.065365819414325
2.010671287021585
1.957485795764754
1.906555228585221
1.848548459361193
1.764961596283287
1.670926783433607
1.625666813882196
1.589841306357257
1.564573794013936
1.544681577453208
1.528186430288857
1.512580320583108
1.499577248364032
1.489035006374006
1.47997349516413
1.47186406785812
1.464118799236613
1.455958631263354
1.446459659414923
1.434194479560039
1.418397975958509
1.402586774959012
1.392067938445963
1.386431043352558
1.384039156822174
1.397723688328748
1.35397611964548
1.517450645392534
1.887803391088394
1.9114924176373
1.68829917293159
1.321088222743378
0.9095152785655121
0.5352149466690332
0.2542634060322554
0.09909166757933779
6.157516837631606
6.091364831721069
5.965369116263151
5.77847796465113
5.52878925845891
5.214193767284859
4.833970409235198
4.390991545882346
3.894093784022005
3.360442785388332
2.817792247503236
2.305863858684975
1.874996728988323
1.580938949397039
1.480606546424689
1.643743194001396
2.195121381017496
2.460409896238491
2.381132071779706
2.378438584403293
2.357704119204192
2.331471097118791
2.296332210726491
2.252904246718305
2.205947121192593
2.15909287261017
2.112900612182091
2.067479960913401
2.023463983155143
1.982962129946098
1.956609622031753
1.925865814512945
1.826284064324117
1.646940060914755
1.597054334508087
1.563220937667317
1.542367697054083
1.527209600488683
1.514739513305038
1.503228257140609
1.493101148361111
1.484228298060299
1.47617690982412
1.468640119627609
1.461253936171699
1.453568530072376
1.445119372071352
1.435403357733259
1.424435004119041
1.414143790036775
1.407147428058616
1.404093623003454
1.40293028712097
1.417531594533206
1.371585841771256
1.538072667124828
1.932936661984932
2.006674278076468
1.840422729463956
1.517250483746293
1.123045557507813
0.7403035889431461
0.43864415359995
0.2671269917887006
5.872468714099438
5.801078838863562
5.666832712467024
5.471976553289073
5.218977968692307
4.910384809997155
4.549618395647544
4.142757037640527
3.700968989344083
3.242953080379984
2.796458798436736
2.397692074605575
2.087641072968478
1.905705394934397
1.883787998993224
2.053015216164318
2.514000657431613
2.762529150388303
2.74679364794368
2.720714735449111
2.694188583764323
2.64639096765754
2.565179837745791
2.459303862606571
2.346312955377297
2.241195662212
2.15032563337894
2.072485712403785
2.003248726778051
1.949262877457755
1.943247891950821
1.919299613413619
1.618493833178066
1.489727722187995
1.51197604138978
1.512976620000122
1.509489566028547
1.504901290755541
1.49902233462367
1.492262868528197
1.485336236520225
1.47853494268098
1.471870183501489
1.465296575710636
1.458695059980329
1.451896049161332
1.444756030290247
1.437213805807254
1.429544994867188
1.422907387812332
1.418662288721983
1.417749230451285
1.417861982821208
1.433226237829924
1.387049410696648
1.551889661101502
1.951399654059322
2.045849897110659
1.905466524794861
1.603645364112555
1.218869143396112
0.8324605618061607
0.5200055504752936
0.3395647760308847
5.512042087150285
5.441615240174402
5.309990477081417
5.121099985004602
4.879974557152056
4.592443064705678
4.265557883679758
3.908843238782697
3.536064465682895
3.166810090238545
2.826958233779241
2.547319974902945
2.360720782875824
2.299545126410253
2.396947771311935
2.68711680415938
3.153717357980352
3.481170037826794
3.634711447149649
3.679759939551809
3.646622210796127
3.525358149369676
3.315355459627156
3.043332622266186
2.752257715591031
2.481309071747077
2.251220840472522
2.061880230414962
1.897112475419064
1.723714440176497
1.469273300802224
1.056082071333916
1.002268718930151
1.399610266044476
1.427689549105227
1.464673851726011
1.478217034280745
1.483737643071321
1.484030678648819
1.481531333656733
1.477526386869872
1.472732124974752
1.467490801791218
1.461987170175002
1.456304476125801
1.45048441120275
1.444596551891275
1.438800540972977
1.433459200239206
1.429355772952542
1.427254654233853
1.428125544571022
1.429518717173005
1.445558230543695
1.400518499933136
1.561603407872333
1.950965429017252
2.040033404041577
1.895615199887689
1.587831001391163
1.193703467962358
0.7957200395305553
0.4725056871755851
0.285377157290872
5.105862585495588
5.040904566899124
4.919993092122947
4.747876820762674
4.531048607600275
4.277483665971547
3.996841071099959
3.701148366484594
3.405709659264781
3.129721608448434
2.896064951784952
2.730126223691268
2.658129328924734
2.705295171044007
2.890859557451409
3.20978723860998
3.59667715417083
3.932999497313106
4.155138192170979
4.242544795637325
4.200020020891506
4.033195900054613
3.756748188099675
3.403079983953292
3.016722048601773
2.639359992470306
2.296097995538418
1.98918424076326
1.69798482327323
1.38469331499454
1.030528162514875
0.769334566704912
1.081533702911332
1.416769510572285
1.408082110089237
1.446473177144431
1.461309867695662
1.469699420633759
1.472756805070446
1.472728787503092
1.470717176869324
1.467466830043958
1.46341998713303
1.458871188184796
1.454029134459784
1.449077316923146
1.444223360183299
1.439745804068481
1.436045856694063
1.433736567521114
1.433310382971421
1.43570850776804
1.438415815072153
1.455202706841638
1.412184463953141
1.568819746745287
1.937508639706349
1.996980819060801
1.817976260434704
1.474640817368515
1.050215423603093
0.6319281811762928
0.2984261663969837
0.1075292789646041
4.679308882396801
4.623043855243888
4.518728143033264
4.371426183879141
4.18832881522467
3.978526855961086
3.753010035883475
3.52485376348121
3.309414213928203
3.124258710935219
2.988609624481241
2.922219971224342
2.94345020114342
3.065359982217957
3.287558445227811
3.58490094111318
3.906891466084835
4.201849459734845
4.414766564489473
4.503245785239213
4.451101105071322
4.263238831089574
3.959599975985751
3.572225757781866
3.1399198587622
2.698992445965101
2.273892906515826
1.872494906921152
1.490683919453187
1.134177618880058
0.8655594180772898
0.8457473485074265
1.248400737304607
1.443897729882578
1.412344034317334
1.441370424872569
1.452701091101412
1.460853264420138
1.46478926782999
1.466010892400033
1.465223643043215
1.463036095975392
1.459868965338583
1.456048761998822
1.451846905698241
1.447527505781073
1.443395950798563
1.439803836469821
1.437189653419975
1.436116351172155
1.436988539773451
1.440747625366471
1.4448890025847
1.462755990705743
1.422263236628516
1.574372567035779
1.915796726951255
1.921047448115172
1.672764401496134
1.263558674948595
0.7951470833242351
0.3605259983290545
0.02948513788171699
-0.1548603962190267
4.253251169619086
4.20791860270047
4.124294869563803
4.007391301365721
3.864447624109117
3.704683377181806
3.539110581684145
3.380362392280379
3.242432824953686
3.140188996724953
3.088507202570326
3.10079966044166
3.186457945972295
3.346713792055215
3.569829173697816
3.829935044050505
4.094023723273761
4.329111952985176
4.495558079136763
4.555787666110981
4.488079097478045
4.291600497530745
3.982510572347477
3.587767871634619
3.139111324837513
2.667164657681441
2.196873619570723
1.747520460881339
1.341425138607737
1.021922515013315
0.8667320706581604
0.9617872385832764
1.323529046481252
1.453303896288303
1.418818662511665
1.440347506442593
1.448560251411424
1.455652110530149
1.459582865129622
1.461292404281381
1.461149085262438
1.459592369659086
1.456970879609373
1.453596458783465
1.449761200755311
1.445768285152659
1.441977626719712
1.438812913123692
1.436761120977113
1.436419325589885
1.438237918707028
1.44324722739241
1.449095027403746
1.468848196155509
1.431135425385091
1.58072056896623
1.894068028285238
1.813093460929023
1.451102430742348
0.9501840728729519
0.444017140989472
0.02204863353537792
-0.2735488709514733
-0.4300182818293181
3.844137689868285
3.811188242624918
3.750864576854199
3.66776914461619
3.568558536428927
3.461637144821251
3.356840125963766
3.265071987223976
3.197816324942547
3.166398410493063
3.180855926981455
3.248243023484608
3.370301489240969
3.541028104541969
3.745762424088278
3.96351949674297
4.171050362507814
4.343567204176614
4.453265335247709
4.473006035608975
4.384147811811856
4.182337830761641
3.877406943108207
3.489347020118762
3.043632987327526
2.567691941673467
2.089636704749532
1.640524215682922
1.259977838618294
0.9997859158363378
0.9141104245436257
1.032617000950465
1.345114539434196
1.456288224840853
1.423842762811558
1.440773839343872
1.446917728289317
1.452936047967027
1.456539059183089
1.458330659982481
1.458448908661114
1.457185706523229
1.454806073188987
1.451581966552878
1.447801975927798
1.443775739821263
1.439894794647593
1.436648176392681
1.434593666475485
1.434428953258134
1.436774710474431
1.442908077724312
1.45099089186427
1.474259493092586
1.440326323181927
1.60068705546423
1.88866206112748
1.663917031045715
1.134998589111972
0.5389159794765046
0.03571393692774179
-0.3160651909483463
-0.5256178319150112
-0.6246493186523089
3.464318742682082
3.444564842687138
3.408917334643355
3.361180026967136
3.306776204044734
3.252404659150113
3.205704367070997
3.174876543105626
3.168136875361326
3.192874755913834
3.254461179303615
3.354769472445427
3.490736206515916
3.65367380895256
3.830081870402298
4.003688587319974
4.156987023421039
4.271284164778644
4.327144511868491
4.306232358353657
4.194957057989406
3.98824674773858
3.691093098420154
3.317513779107093
2.888439527253473
2.430135822045787
1.973953028672477
1.557074613296197
1.222128692792294
1.011866190375672
0.9577344041027606
1.071229989228847
1.353207363174335
1.45797661156431
1.427598587564227
1.441937584411584
1.446824362891231
1.452001789837899
1.455224186455302
1.456910889609701
1.457057345956987
1.455840750108211
1.453446487989604
1.450093205804537
1.446036693913779
1.441578770983206
1.437134739521701
1.433213366320216
1.430474701928162
1.429753404224751
1.431943947845575
1.43877484958827
1.449661962032909
1.478564959748194
1.454058140831554
1.668304563936478
1.905320195953076
1.435442213484328
0.7148453463739513
0.07843217771816444
-0.3434816762115771
-0.5567845721124274
-0.6302818658985205
-0.6434463630956486
3.122575670738854
3.116353707392832
3.105817673472655
3.093516059047573
3.08293896508391
3.078245903261049
3.084095129874514
3.105414420480799
3.146910750519902
3.212256013689839
3.303056525052276
3.417855695631491
3.551545722812952
3.695557453011552
3.838827770777203
3.968929085444905
4.072676030974145
4.136418086844861
4.14670211031462
4.091307363588615
3.960874615374287
3.751014726024514
3.464130413384404
3.110318859419138
2.70747332391778
2.281002315763869
1.863111163161159
1.490824585379245
1.201667695061369
1.027223380523981
0.9880195114557243
1.095287526607729
1.359888224151193
1.45980848208483
1.430878133424572
1.443725783869656
1.447866422021593
1.452463549126297
1.455366337982794
1.456887696088669
1.456934228347536
1.455595085327718
1.452981377129919
1.449248446392336
1.444601040713153
1.439304581041633
1.433765236854136
1.4284802742481
1.424207586390785
1.421897251989282
1.42273031632831
1.429012663229377
1.442371573265654
1.477394819530941
1.480652353643764
1.804687163464842
1.851718899661559
1.061040489682386
0.2579542839142795
-0.2810765161191212
-0.5394830143539406
-0.5804532633272678
-0.5011953945489634
-0.4147756255119702
2.824853204211251
2.832238703911421
2.846676287507746
2.868857481988369
2.899528760504154
2.939559569427854
2.990180661726086
3.052983758699777
3.12948781677036
3.220408661513855
3.324896118373296
3.439988116221206
3.560480243242842
3.679266710840955
3.787951883560317
3.877389513267884
3.938028861196481
3.960267940567169
3.934934059459739
3.853854419432344
3.710644635553791
3.501943048437667
3.229053511843186
2.899640043986716
2.529039099146513
2.140688118593938
1.76492993396573
1.435491932779868
1.184042198326663
1.035339839697487
1.00656934279784
1.111647972013433
1.365960491106448
1.461917072663239
1.434010987592204
1.446058127896113
1.44983283172503
1.454112722553937
1.456816736674245
1.458192740540142
1.458089717067602
1.456529099635799
1.453550991702907
1.449236684305209
1.443717660650588
1.437184943189187
1.429996418793407
1.422564918477836
1.415719077538853
1.410361307891287
1.407623272735353
1.40974287181764
1.419757121447054
1.448619148589611
1.488702428961892
1.833161233682583
1.446865352020415
0.5952569995228462
0.03616265684839595
-0.2532399373005356
-0.3352709857778642
-0.256696619031457
-0.08290598109419228
0.07920317435060234
2.575212410650075
2.596311170858392
2.635443203842645
2.690510621439419
2.758531206625461
2.83655681409345
2.922465373335371
3.015005574389874
3.113274380485692
3.216085910418683
3.321479233560938
3.426430004425556
3.526792603232977
3.617450858676928
3.692569729718169
3.745842909393537
3.770737632232996
3.760777666014966
3.709840891735441
3.612472237640898
3.464328637748628
3.262983241982253
3.009234821979738
2.708795483941662
2.373932317150493
2.024378707211165
1.686626508775781
1.390881573358065
1.166092418348217
1.035470332119064
1.015922116200059
1.122125168988855
1.370831755401492
1.464258515427077
1.437088473604368
1.448885965355187
1.45263307183109
1.456864070609963
1.459526282402223
1.460830731367243
1.460590638055631
1.458775570285078
1.455357178060147
1.450330345577875
1.443725730504397
1.435605509720271
1.42624608121326
1.415849410610243
1.405331343834938
1.395254344143983
1.385891273011999
1.377566154432232
1.370813242097375
1.36574418427457
1.411021234411017
1.200525302380237
0.7385224587032664
0.6413892655652459
0.5811236077952694
0.5280140597693055
0.5201545459613018
0.5607082181960421
0.6518781733247534
0.7620158157271153
2.377069043313476
2.412380990441175
2.476163987754875
2.561937693390235
2.66194505347731
2.769510499842076
2.879936337158203
2.990030319919062
3.097410763847307
3.200091045910335
3.296194596350614
3.383657586253418
3.459978939718129
3.522107616053737
3.566472137049201
3.589110715050879
3.585863060842387
3.552579709469453
3.485311671807822
3.380500761602059
3.235264771578428
3.047923890199598
2.818883775415518
2.551858104913177
2.255255066341291
1.943430149489802
1.637342659776321
1.363834954638983
1.152566204809532
1.030616887636045
1.017722483425589
1.127391347328023
1.374541950308624
1.46676847686894
1.44009170887585
1.452187841932923
1.456256683043005
1.460724731210005
1.463527818653039
1.464871184420069
1.464556588132286
1.462520559352992
1.458671326635786
1.452902109688506
1.445110501228143
1.435166398458328
1.42326466343561
1.409224712171173
1.394419278996996
1.379090563838459
1.362319360699768
1.342117963038504
1.315502811086326
1.271750510487621
1.22012320068193
1.010534999351425
0.9034622449677121
0.8942943506894816
0.8892575808601944
0.8807872834678404
0.8796875470356191
0.887431069776623
0.9125958808781783
0.9552424807625356
2.234920848302115
2.285678515904078
2.374215133708972
2.487151060255608
2.611613554993315
2.738518509201684
2.861883051801132
2.977421067274168
3.082145166688672
3.174356719677939
3.253293791633056
3.318495490214896
3.369251529145138
3.404330961917441
3.421963097820019
3.419964209132188
3.395915817784342
3.347333623464038
3.271807415255224
3.167136838309879
3.031519266366923
2.863851197225838
2.664179652062032
2.434306563865465
2.178579178285784
1.905054810076668
1.627355989206131
1.367068836929438
1.154856488890994
1.026495491157474
1.012115922560283
1.126786676741984
1.377793202077958
1.469373565774126
1.44288588620872
1.455964563818983
1.460766659152901
1.465786408170608
1.468926149288324
1.470435709266108
1.470144407932892
1.467983869514563
1.463807305594951
1.45739191221212
1.448462255570542
1.436606422079308
1.421972006617141
1.403653288864231
1.384590141756412
1.365294960210459
1.344187195453379
1.318699639689061
1.286370395203491
1.239809688305744
1.183860374687397
1.063209625975427
0.9494383150712404
0.8730678569137499
0.8199745040653265
0.7864975599632309
0.7759272830435063
0.7865254644496049
0.8197644613594295
0.8669410199714942
2.157121705574217
2.225078979272744
2.336900323245101
2.469873200564001
2.608273132204164
2.743055978453071
2.867605634588482
2.976830033597121
3.068089959933742
3.14120196519359
3.197337896475456
3.237830057983756
3.263482490857733
3.274384165787487
3.269999427205368
3.249351187662462
3.211202218038554
3.154201459521409
3.07699812531348
2.978345026103641
2.857213621771534
2.712926018776192
2.545284114071378
2.354673641387341
2.142206057730706
1.91023313226411
1.664063445937679
1.416053504348375
1.192060617452284
1.035538114500504
0.9984067372625232
1.114106250423778
1.380115585522773
1.47187746403755
1.445080638057414
1.460235511569387
1.46632776166509
1.472242728626463
1.475900712318948
1.477690257783126
1.477537040124167
1.475413676512096
1.471139546145009
1.464368848346911
1.454595449251363
1.440962237745687
1.423556904991565
1.399652137757569
1.375929305906628
1.35377970402124
1.330259551925533
1.301721607849276
1.265841504204338
1.217358978047827
1.157727511983819
1.063735165265104
0.9639616174372169
0.8825369526180888
0.8293190352563951
0.7952886891803618
0.7830696627099294
0.7906266892882009
0.8196528712884704
0.8673095399221192
2.161081310993114
2.245520444872619
2.371770051420646
2.510930272859128
2.650526147974769
2.78187637625398
2.896018810761265
2.987402543325989
3.055505392201893
3.102974659654661
3.133168107151933
3.148772188420635
3.15145270623433
3.1419906249487
3.120531557726867
3.086808421493978
3.040309717397532
2.980400964864777
2.906414913664217
2.817724436823992
2.713801490962401
2.594247448010976
2.458761834190025
2.307010978227491
2.138386853819672
1.951769521473746
1.745815642492454
1.52137817508253
1.289308420323352
1.085729017917093
0.9842359290404064
1.071475423286039
1.369983935422349
1.472844342866268
1.445752157459736
1.465014249302797
1.473267275282342
1.480418892886359
1.484697521711021
1.486802179630752
1.486864064491905
1.484958737173698
1.480897455507441
1.474198830888888
1.464011685422216
1.448746355070644
1.428369797879522
1.395610071377661
1.365839068516673
1.342568871760221
1.319748320094498
1.291601597492775
1.256633778753469
1.211470740104123
1.155854987778682
1.072978986528418
0.9647654808082391
0.8611353213331034
0.8011079896239449
0.761566031691873
0.7466557864778575
0.7532980780484466
0.7842023437095487
0.8376469854620361
2.283739086023041
2.36797172826433
2.480145709957217
2.605357520710863
2.735509018166053
2.853184524539704
2.944512709656253
3.00664988975305
3.043956459157455
3.062313183311178
3.066359642705863
3.059086499118949
3.042233545852244
3.016719676095506
2.982941312842166
2.940967511865984
2.890671208705026
2.831819660436176
2.764137615520069
2.687349752667922
2.601200415861527
2.505440129232671
2.399761551749298
2.283659314453297
2.156168151300823
2.015383716924614
1.857612076148791
1.676338231507239
1.463677596089889
1.22402200323742
1.013733199571279
0.9841134914479057
1.306168604369407
1.467033998316595
1.444448412812449
1.470875729530226
1.482420907263418
1.49092492801144
1.495679162728562
1.497960290493721
1.498254326073079
1.496844846626247
1.493635851420806
1.488163262983624
1.479329247054259
1.464949937926963
1.44494591768214
1.39883241972115
1.361781951106386
1.340654186586614
1.322592488935963
1.297045523894044
1.264532597547789
1.223741456498936
1.174579301542792
1.092574569319763
0.9522888821335184
0.8059359627050435
0.7458053968270875
0.7046296860253803
0.6894196659664904
0.6956676220775457
0.7272547150871631
0.7860756976674348
2.600313286305747
2.608688333191318
2.647602960389448
2.745194022723958
2.861509276553355
2.952670532237036
3.006324539062768
3.02972318607244
3.032998316476943
3.023083169058558
3.003892312643707
2.977617735698523
2.945533703354137
2.90836976627976
2.866505503611853
2.820098051144336
2.76917043130288
2.713670195021292
2.653505691563994
2.58856341224631
2.518705831047371
2.443749762222421
2.363429304401575
2.277341644635956
2.184838698000814
2.084756805141998
1.974731960793775
1.849331302665613
1.6952133718245
1.48479952663469
1.195631034698176
0.9329751452243498
1.143395037337209
1.441724084071291
1.443988302989749
1.480124359841613
1.495551274782474
1.504743379717292
1.509242180317376
1.51116741081421
1.511439150800688
1.510533508769445
1.508441957160283
1.504629581004951
1.497120384069485
1.482161774496371
1.454217277975492
1.348042926294672
1.296621480421217
1.285912148858052
1.280143779470028
1.260624565060935
1.236754859559009
1.214351280452282
1.209107382137695
1.179791639148139
1.025356224179081
0.7420379103693622
0.6734301275498163
0.6269145018976282
0.6094470363933524
0.613794998848144
0.6452955848181074
0.7393000962841
3.239453212794745
2.951422615886923
2.8534492406919
2.932437785496732
3.023986417944736
3.065757430838588
3.068260953730196
3.051009013078739
3.024137182253626
2.991438853515659
2.954547574773781
2.914481362279574
2.871928437464756
2.827307754140929
2.780844768905701
2.732645525672954
2.682746974321276
2.631145440850572
2.577810741893968
2.522689144120845
2.465695492024156
2.406698537902006
2.345515028110467
2.281934930597856
2.215761642797067
2.146738857931872
2.074223446311385
1.99691417037948
1.912446330830664
1.807963047126949
1.619409235855098
1.230831585202018
1.06110662260459
1.426624714079306
1.466339745496822
1.501970246918201
1.516496215590663
1.523315187241969
1.525742613241991
1.526304483758772
1.526164600793319
1.526048580994673
1.526421383826006
1.527814379010147
1.529865241234036
1.535716302792804
1.547336423377246
1.489875139040135
1.323382412078325
1.358871113563806
1.404476790360998
1.395568877097375
1.366669575462055
1.363641338986851
1.436971155438503
1.40642593533211
0.7000692794414118
0.459367127163851
0.5098817032053302
0.5060214899631176
0.5024627468664093
0.5065296388380672
0.5155009439514184
0.6732737730684553
4.304412804807479
3.375064169298629
3.14544482432148
3.17346720428016
3.187407621384488
3.15885984711798
3.114893627618597
3.068769775314323
3.022592494566312
2.975955756026621
2.928716619353317
2.881014648390358
2.832999644544605
2.784756312456192
2.73632345126056
2.687718210648737
2.638947674624117
2.590012828941925
2.540909994812702
2.491630861353324
2.442160540642202
2.392474414570974
2.342541536281305
2.292357021911941
2.242020889545902
2.191760329315197
2.141540907233428
2.090358936605415
2.039239764546996
2.006111081178001
2.033652803570781
2.031903764214937
1.668014559864403
1.524765505186972
1.553807594131476
1.553946942618385
1.551430599869042
1.54840338640528
1.545220796256006
1.542623228360863
1.541100354820771
1.541236592684242
1.543775675427188
1.55042053557871
1.562864636622305
1.59295794221103
1.611999216351285
1.902053699856601
1.934244556746327
1.799130070867967
1.739793739332376
1.678253307749125
1.578556444379228
1.426030651677994
1.12100263279552
0.4361644666286721
-0.1423237573406266
0.2898060069098756
0.3471003927200907
0.3770949838903829
0.3660043476941438
0.3209357596249279
0.1953491233939109
-0.01824087503667325
3.742419405485206
3.453968750021599
3.354710678736821
3.291597329421607
3.235185679936623
3.179644023324216
3.126241766039995
3.074735620757939
3.024408108234411
2.974721119763574
2.925398295581331
2.87630752568183
2.827380111269139
2.778577079997375
2.729876653768648
2.681267761464554
2.632746281539462
2.584312983197629
2.535972606192103
2.487734497476058
2.439614298176794
2.391637193138408
2.343843667248993
2.296300933178642
2.249125109170447
2.202509199357213
2.156728475773363
2.112082105768669
2.069327365927759
2.031357592443729
2.010266184165352
1.983504127998995
1.875794131248269
1.69179988541397
1.642709531577682
1.607741551690019
1.587262461871655
1.573565327296384
1.564064962455295
1.557679202938998
1.554023559414013
1.553170847431514
1.555463622249828
1.562149146227356
1.57352893279692
1.601682833118211
1.593369109534401
1.826428144936993
2.100252657143741
2.040171114254565
1.875377739554224
1.651847445588797
1.340804336834157
0.8934397587996795
0.2728855712391728
-0.3459336206595439
-0.1383690075041186
0.2947675205215014
0.2806134329374129
0.3150407823671832
0.3082376021749858
0.2797345114303531
0.2159375542862491
0.1228721585662653
3.447266048705261
3.354098051889216
3.30260537522727
3.254738412957052
3.211154280923011
3.16570702402277
3.118819982727671
3.071201926231589
3.023263335949597
2.975137488581765
2.926878105018751
2.878519586795694
2.830087038138586
2.781596763585133
2.73305844957939
2.684477651751274
2.635857606811274
2.587200510873601
2.538508212595645
2.489782807029426
2.441027418730014
2.392247662691294
2.343454665545735
2.294670819901393
2.245937308006238
2.197314500723854
2.14887090046294
2.100663862347786
2.052933121545426
2.005833701157978
1.960443412280264
1.905061936304602
1.816559760114508
1.720420400154439
1.674250307827051
1.637006010536488
1.611277399480243
1.592470590255224
1.57894298120243
1.569635409627227
1.563985975762935
1.561771960758527
1.562923194959647
1.567992876821863
1.57578015751692
1.595849906891741
1.572895297607541
1.704370958017296
2.005665821782294
2.021172682677594
1.802540836420612
1.415837324240925
0.8888939938298771
0.2524811307619529
-0.3664140556434616
-0.6301497741715489
-0.02753692049670986
0.3113476994382182
0.24726420220155
0.2746194053928654
0.2635390729399118
0.2363473624294076
0.1829582554840918
0.1528341931584828
3.372334830049261
3.332579627791054
3.300609561083954
3.257059529709193
3.213152822201795
3.16690537467704
3.119505304690725
3.071531486087319
3.023308843387916
2.974956465971274
2.926525956258975
2.878043892174564
2.829526095297027
2.78098193157227
2.732416947494223
2.683834571816396
2.63523713668199
2.586626462268245
2.53800422025281
2.489372020715698
2.440731529840321
2.392084643376024
2.343433753334301
2.294782158615828
2.246133749745402
2.197487118275566
2.148823195079384
2.100068960649613
2.0511585792574
2.001763879676955
1.951608150296757
1.895460489666434
1.824176565339666
1.750382145419638
1.700123347257971
1.6590684759399
1.62853565311425
1.605561631451717
1.588767766155095
1.577055320418145
1.569687454689241
1.566182217332463
1.566131293031186
1.569565292554409
1.574654295209648
1.588644914425967
1.566358940883768
1.651413749668306
1.878399136048298
1.864677027125121
1.587512306293311
1.089916685041718
0.4465308098713415
-0.2218914268508311
-0.7055572556232006
-0.7148108140885407
0.004416111421525834
0.3104787826434018
0.2300471569357509
0.2535894102845935
0.2420246330807038
0.219706028547941
0.1755379748986351
0.1732850205235484
3.372380294804421
3.332637049159842
3.300676827984065
3.25713225128703
3.213227625478348
3.166981763160657
3.119583351012456
3.071611383060085
3.023390685664355
2.975040146736894
2.926611092916914
2.878129787922914
2.829611714133384
2.781065894782511
2.732497511391214
2.68390957496421
2.635303876536293
2.586681436452392
2.538042564668242
2.489386577052235
2.440711221063278
2.392011595412235
2.343278285041767
2.294494172621609
2.24562890651953
2.196628248085655
2.147398909940852
2.097777113393618
2.047546801038063
1.996279664470484
1.943551429519474
1.887403967169073
1.82510015119163
1.763157297262552
1.713930390142606
1.672627028891361
1.640177999221508
1.615040161231406
1.596266032235348
1.58292275654165
1.574255031385397
1.569657226095569
1.568533381525366
1.570585971566762
1.573886524129631
1.583690613067263
1.565723003082804
1.635793855882304
1.778481392586258
1.679004033494212
1.334977347564531
0.7910748038961326
0.1414337888506456
-0.4651809246750145
-0.8266084306615672
-0.7257939357321189
0.000812109818817086
0.3030620745944409
0.2195796994606833
0.2398082541634483
0.2284841520468014
0.2100013359366887
0.1730412664200233
0.1821986366605591
3.447033128599497
3.353862843334316
3.302317366430766
3.254423362217133
3.21081039499643
3.165334246952053
3.118419207778384
3.070774855293374
3.022812598951105
2.974666667844357
2.926391724461808
2.878023220101253
2.829587459552959
2.781102153085984
2.732578539427688
2.684023797368662
2.635442641924317
2.586838019422387
2.538211121306384
2.489560757436452
2.440881883963343
2.392162832642625
2.343380439576141
2.29449190497407
2.245421954900429
2.196043475964646
2.146154205235069
2.095450111772133
2.04354237519301
1.989938351810533
1.934278904560803
1.876042121977731
1.815132978733375
1.755751821503341
1.704747862659742
1.66141816750581
1.626735681785584
1.599947975415006
1.580258709036734
1.566721715324764
1.558456140331923
1.554691256174523
1.554656878837293
1.55775619861144
1.562050525933425
1.571021285277982
1.561332042397929
1.632026030419646
1.695247022596212
1.506960077693967
1.118254977688879
0.590474819816634
0.01257593422885195
-0.4924858422438003
-0.7758537380855344
-0.6741772596466272
-0.01807088846700006
0.310711948536439
0.2422146639460444
0.2624513781897417
0.253706744361825
0.2382606806693029
0.20502587475092
0.1984082517763538
3.743867378075171
3.455559298748996
3.356334040385515
3.293280384822406
3.236941470284786
3.181484307748912
3.128173207898336
3.076759483687785
3.026520382701193
2.976912477554397
2.92765358177655
2.878605201810768
2.829691674362434
2.780866491879679
2.732099765125491
2.683371950777399
2.634669894738948
2.585984329715276
2.53730834837047
2.488636388379887
2.439963488304395
2.391284797064463
2.342595456968082
2.293891096676666
2.245169143358559
2.196430267401719
2.147679875011258
2.098926615269185
2.050190794549481
2.001496763457491
1.952947933146944
1.904503724730567
1.856187526176323
1.80991596679841
1.768809887295781
1.732479351482238
1.70142756451031
1.675410450938027
1.65415899968287
1.637280262194943
1.624337191254575
1.614881158972255
1.60842086784885
1.604544233734883
1.601660848288651
1.601563108909488
1.590460812582088
1.619308080825252
1.59049218550058
1.344546583822967
0.961483864644059
0.5049707254270528
0.04587617253704965
-0.3334642018399381
-0.5457966944428992
-0.4922633440609006
-0.02203382802105435
0.219349634164295
0.1474921505518479
0.1487188383705767
0.1352738333900333
0.1242308719826472
0.1118538480244331
0.1174588187713233
4.302046253777321
3.372982810517035
3.143418386408964
3.171331336546808
3.185098325402294
3.156364294676068
3.112215242445846
3.065920444607775
3.019591966062726
2.972831771640972
2.925504352524727
2.877756297977839
2.829744892713927
2.781563593837185
2.733261759645636
2.684869158741211
2.636407462471186
2.587894167884387
2.539343902039896
2.490768500485609
2.442175346570184
2.393562270235723
2.344905814157456
2.296137334231041
2.247097319464088
2.197452062170718
2.146555103999198
2.093263224486923
2.035815800554067
1.97202424174381
1.900017674458074
1.819397275159802
1.732989078096115
1.64819336933685
1.573738072551836
1.514033043755208
1.470534837870066
1.442073950135615
1.426222956958493
1.420405875878937
1.422539730771924
1.431276656933401
1.445837987523135
1.464934697081489
1.483600986238655
1.494321382541187
1.488565164042903
1.479755567965411
1.410947167351066
1.177755304496919
0.8614631521082904
0.5177352825036546
0.2017132978471292
-0.03188248889667482
-0.1345946039967927
-0.05806112020975611
0.3177383776840977
0.5276777573284004
0.5130295911159581
0.4986881695409852
0.4955928709746848
0.5113035209341656
0.5395520654225808
0.3912478930276393
3.213129157634767
2.92477791995144
2.82606879790101
2.90388682167212
2.993941074610494
3.034024859325052
3.034749603434611
3.015710549786095
2.987122797974697
2.952862795512516
2.914655053380566
2.873620465166968
2.830564784597328
2.786039034814307
2.740411845511305
2.693937380501554
2.646797886182384
2.599124175864518
2.551003181068377
2.502477580298977
2.453536694690118
2.40409191857665
2.353923247932196
2.302575468424215
2.249174253332914
2.192130304131789
2.128725359907929
2.054673326960478
1.96397358877339
1.849683171370201
1.706352076367697
1.534255060702625
1.343600281363404
1.154275131329079
0.9884154789468005
0.8613218072272733
0.7784131053683803
0.7371757641154739
0.7309380384997112
0.7522150598344512
0.7946920720064227
0.8538054441131974
0.9259819459307591
1.006385975268084
1.085883688150507
1.151246878240995
1.191533481743192
1.197315450890066
1.151702848304466
1.009119289248727
0.8080188656180013
0.6007525468246988
0.435881784754556
0.3572833197394006
0.4080840713018
0.6333636565165738
1.033683686877976
1.331825027070543
1.498809777671838
1.594186935332399
1.653429388929939
1.681472206902954
1.66498395268463
1.580904375277295
2.524437478217631
2.531868374167401
2.569049972507145
2.664183139133214
2.777419495555911
2.865008246201683
2.914721427763136
2.933935437471515
2.932924239623414
2.918802176884988
2.895721397099691
2.866177727271236
2.831814673964807
2.793783920105341
2.752917368086758
2.70982489226669
2.664949255223545
2.618590859801759
2.57091286518718
2.521933046026576
2.471501222940143
2.419252045272212
2.364513994470454
2.306149136158883
2.24230028672166
2.170046266340959
2.085035452956026
1.981308130089114
1.851717611198292
1.689496709555205
1.491293971293176
1.261060290665734
1.012579306715667
0.7677925821738558
0.5505402126794353
0.379300531904624
0.2631351294157681
0.2021561889742158
0.1905907005747384
0.2202248889133204
0.2828309649119556
0.3710574229146268
0.4778039052780287
0.5945858155641948
0.7102113344141939
0.8114758809889722
0.8859180613046884
0.9227475913518985
0.916839093419789
0.8668971074868119
0.7916511981134355
0.7266225026662693
0.7106896973416685
0.7794860779746542
0.9613741388121179
1.262592412805988
1.635164455154946
1.983825606976387
2.260632015678037
2.454228703628324
2.576242580280656
2.635641786354656
2.642655526210025
2.627309861727023
2.132075981236436
2.215390073533008
2.325893551465254
2.448713516805419
2.575719495019716
2.689425168023151
2.775882113837591
2.832207746246243
2.862820526472623
2.873814849206661
2.870239954541771
2.855703291846128
2.832748112741257
2.803235729325844
2.76857658494111
2.729847085324214
2.687839698348988
2.643075130974561
2.595793389661091
2.545932087991575
2.493091190214882
2.436473768172831
2.374785429366971
2.306076212865809
2.227526592441757
2.135225427664513
2.024071000774392
1.888034869483155
1.721101327217107
1.519104401276515
1.282279876816404
1.017641128967445
0.7397180591156464
0.4685832836912273
0.2255631708070163
0.02839176571961268
-0.1121723898444054
-0.1930484391089272
-0.2173088315685709
-0.1917501563440968
-0.1247963471755656
-0.02541712298725996
0.09690576288408172
0.2317224196311003
0.3675297460190599
0.4925866704304775
0.5966423288489234
0.6737835825281306
0.7263740267701435
0.765480541551731
0.8067056085731396
0.8727034673666756
0.9893028067160442
1.178406668180649
1.449246498956996
1.788523145917483
2.160769874200414
2.530906416836281
2.860534122607164
3.120561673694466
3.302323664691361
3.412396229513486
3.468634538305479
3.494244860393179
1.906510403723688
1.991257092943767
2.118030988724188
2.257689097597315
2.397302787527354
2.527578254060383
2.6388895908021
2.725118868084923
2.785437173910465
2.822584200993356
2.84048630660848
2.842875548588336
2.832873308015918
2.813010026006532
2.785328650658854
2.75144872758128
2.712579375572724
2.669499532380108
2.622523828465906
2.571464630338136
2.515591562483908
2.453582114649673
2.383454712540698
2.302484580029966
2.207129291749708
2.093038200787547
1.955278633998789
1.788948635935423
1.59030063751142
1.358311558108255
1.096312490388134
0.8130001941955298
0.5221803497541915
0.2410615895884653
-0.01247994819193616
-0.2229009619767811
-0.3793902705331697
-0.4769640538775525
-0.5161338995940643
-0.5016468147972193
-0.4410275912298898
-0.3434568293185367
-0.2190954943423309
-0.07859369823884386
0.06757269297129956
0.2101547691110315
0.3427730914340109
0.4642450489062915
0.5802773522113445
0.7024522466897186
0.8441267847787843
1.019523853571467
1.242070168768504
1.519794673528488
1.849926862778717
2.217547035567057
2.602193748831073
2.984354649460221
3.338357017588842
3.638422961196059
3.869498226228719
4.031208286863958
4.133343735390822
4.185893935620348
1.771365351930977
1.84254531765109
1.960146691844227
2.100651886412809
2.247055205029942
2.388658299889447
2.517049643586853
2.625529405113645
2.710386502290652
2.771173271518951
2.809733782403774
2.828983512910317
2.832072663807753
2.821973950777451
2.801307992079097
2.772251002120043
2.736456522037042
2.694978316539596
2.648201197901984
2.595787621864433
2.536643496558744
2.468903725750839
2.389940733253807
2.296410991746066
2.184376702966667
2.04956733442943
1.887861929709773
1.696049105788876
1.472829739930395
1.219873368197694
0.9425950705772799
0.6503068232507552
0.3555813137287856
0.07293862938227264
-0.1828699278570603
-0.3986802353752806
-0.5645166431879954
-0.6746446459417644
-0.7278587451488016
-0.7270545980613234
-0.6783515989524382
-0.5900543803273186
-0.4716060443063969
-0.3325411690469342
-0.1813937562328354
-0.02451551858125009
0.1351948223218327
0.2993415085151631
0.4740299652937867
0.6683094538252561
0.8915491496078807
1.151299043385797
1.451693800727448
1.791575869762838
2.163476353501215
2.555418023138197
2.954323921955837
3.346169223633078
3.713654736707121
4.038025116930177
4.304561161584717
4.50643084589001
4.642977232195006
4.714914420131246
1.688429795984749
1.747428275122132
1.850855997662373
1.983652498907335
2.130331437437497
2.278472954714567
2.418486475127037
2.542815998469917
2.646151145638534
2.725864768322181
2.781857469653424
2.815862701254921
2.830636352086566
2.829304653496704
2.81491521535145
2.790133968649116
2.757029867078248
2.716916764114465
2.670242044766462
2.616520632116911
2.554317203640262
2.481283817320442
2.394266689657234
2.289504271542736
2.162946051391982
2.010720497214607
1.829759990967635
1.618540852834844
1.377822295729085
1.111201431975864
0.8252959400821409
0.5294559027768577
0.2350532617951349
-0.04550021608001476
-0.2998578767955717
-0.5168693885092417
-0.6876510104844147
-0.8064585922885334
-0.871188297510289
-0.8833811809121802
-0.8477245274912549
-0.7711444411230376
-0.6616325166039896
-0.5269609278833128
-0.373435137143984
-0.2048282039636684
-0.02168691802208042
0.1787047184145107
0.4014876511407133
0.6526573743220057
0.9371875178327219
1.257241514991222
1.611114289310119
1.993146574658202
2.394755245551077
2.806190914300234
3.217501456296717
3.617827121668394
3.994727862146526
4.334470175621188
4.623802963567448
4.851958391471099
5.011199508586971
5.096394359245894
1.639258338600355
1.690247712803036
1.782542362139513
1.906732330679622
2.050498987260553
2.201404143536492
2.348594158964977
2.483311187635753
2.599092164592027
2.691983608506495
2.760550135433875
2.805515460516127
2.829133862918225
2.834492312250081
2.824889435634039
2.803348260224122
2.772262156490667
2.733152358641761
2.686515478150137
2.631748409372941
2.567150055851557
2.490011258571215
2.396813256242462
2.283556984522469
2.146235687996715
1.98143747694728
1.787022791280254
1.562773724984261
1.31087913737452
1.036128275516527
0.7457500393924308
0.4489339945002568
0.1561479782716444
-0.1216227643188385
-0.3736432148061579
-0.5901918696882111
-0.7633204163291423
-0.8875585210400798
-0.9604343167632791
-0.9826436492658623
-0.9577442927508673
-0.8913600880583441
-0.7900084493716575
-0.6597684525902151
-0.5050605636483511
-0.3278144070240649
-0.1272627250655294
0.09951969551394566
0.3564427056155238
0.6469132267088223
0.9723924802127452
1.331312014610011
1.718800518165672
2.127429991984836
2.548595749091363
2.973652591311128
3.394097403308624
3.801043913300663
4.184696845539984
4.533940272055712
4.836447862929498
5.079591709521645
5.251950634026581
5.345010362589253
1.61523460434679
1.662091462758295
1.748397081582889
1.867284959006794
2.008524884256244
2.160214745387171
2.310902929057349
2.450995017199658
2.573308726585456
2.673212740890175
2.748591820900138
2.799600062977516
2.828157646534731
2.837276221115498
2.830365437472986
2.810640384605219
2.780678496307677
2.742120821025623
2.695492581378093
2.640122972598258
2.574160365085604
2.494695978912779
2.398019238340064
2.280025063101609
2.13677218581147
1.965151624752221
1.763574479437399
1.532548735401844
1.275011855883488
0.9963353221987057
0.7040065358641032
0.4070802773163444
0.1155292252208811
-0.1604048783781696
-0.4108238888219935
-0.6267708667230153
-0.8008425470538613
-0.9277960796414209
-1.005044384882671
-1.0328693205155
-1.014191684346573
-0.9538370587086743
-0.8573907085710317
-0.7298824756699863
-0.5746330709049835
-0.3925955589904052
-0.1824173292966196
0.05876818559181515
0.3340505180813671
0.6453159775270341
0.992059070440961
1.370775106648586
1.775193190419377
2.197300682972651
2.628605915395423
3.060918845900726
3.486398761549706
3.897147088528847
4.284568366724445
4.638617539779428
4.947349124289141
5.197425522038236
5.37581775522389
5.472142057454915
)
;

boundaryField
{
    inletLower
    {
        type            zeroGradient;
    }
    inletUpper
    {
        type            zeroGradient;
    }
    outletLower
    {
        type            fixedValue;
        value           uniform 0;
    }
    outletUpper
    {
        type            fixedValue;
        value           uniform 0;
    }
    sideWalls
    {
        type            zeroGradient;
    }
    topBottomWalls
    {
        type            zeroGradient;
    }
    frontAndBack
    {
        type            symmetry;
    }
}


// ************************************************************************* //
