/*--------------------------------*- C++ -*----------------------------------*\
| =========                 |                                                 |
| \\      /  F ield         | OpenFOAM: The Open Source CFD Toolbox           |
|  \\    /   O peration     | Version:  2506                                  |
|   \\  /    A nd           | Website:  www.openfoam.com                      |
|    \\/     M anipulation  |                                                 |
\*---------------------------------------------------------------------------*/
FoamFile
{
    version     2.0;
    format      ascii;
    arch        "LSB;label=32;scalar=64";
    class       volScalarField;
    location    "5000";
    object      p;
}
// * * * * * * * * * * * * * * * * * * * * * * * * * * * * * * * * * * * * * //

dimensions      [0 2 -2 0 0 0 0];

internalField   nonuniform List<scalar> 
4096
(
2.169465166924827
2.217311105966346
2.305488049472733
2.427070222791674
2.57167964066167
2.727142630703776
2.881613178587139
3.025011753066345
3.14961623704828
3.25022004180158
3.324100672127137
3.370777656876183
3.391536908189001
3.38882560427607
3.365683126945768
3.325331967255444
3.270967002459208
3.205706726847733
3.132625485018124
3.054772520488477
2.975101072620329
2.896276491370327
2.820392518006011
2.748671300767527
2.681227951057751
2.616941525208575
2.553419668172548
2.487013751889111
2.412859738202046
2.324981034296492
2.216555693267201
2.080470099251094
1.910220729491277
1.701094667103004
1.451410828545247
1.163509088691756
0.8441907392563957
0.504451365760592
0.1585526408795817
-0.1773427831704286
-0.4866742966367884
-0.7538519670070075
-0.9652817184655168
-1.109902333499945
-1.179220493085567
-1.167092864448386
-1.069734671709243
-0.8862849081684009
-0.6197327349002382
-0.2776736152284934
0.1274790199450317
0.5789792988845865
1.057139700905479
1.541704885117161
2.014565563770385
2.461718659319385
2.873848632467517
3.245690463271267
3.574597058483248
3.858744369479723
4.095572470358134
4.281138521645923
4.410645196454134
4.479743549706295
2.193366689208445
2.245379914032471
2.339606406482051
2.46656135547828
2.613737270301757
2.768381328918212
2.91923406550504
3.057085230718436
3.174996412948964
3.268515665274789
3.335677421130623
3.376644580633471
3.393104995767779
3.387633314381752
3.363172897835013
3.32269991973728
3.269066623119925
3.204985470671229
3.133095183150024
3.056035820626934
2.976457689010881
2.8969087832608
2.819592654928683
2.746048482539175
2.676843152212428
2.611351912663371
2.547648464678931
2.482473205662239
2.411244996586176
2.328137192944794
2.226314020296904
2.098450909136835
1.937602364645443
1.738357223653377
1.498092871308957
1.218058465071497
0.9040127570034752
0.5662238851310923
0.2187908124969324
-0.1215792498462408
-0.4370846816488597
-0.7103806578660381
-0.9259965921126418
-1.071491002245691
-1.138154788225531
-1.121082319203277
-1.018753161452183
-0.8326859828755353
-0.5675794255871282
-0.2317272988929915
0.1627112153889572
0.5997514552959216
1.060676397868639
1.526404562212662
1.98023443566904
2.409682583261142
2.806686897068863
3.166532029199081
3.486342651002102
3.763524442830628
3.994707283431676
4.175589656322265
4.301608304447521
4.369036315790338
2.242313208224259
2.302420328232275
2.40793260024712
2.543658697445057
2.693822190307953
2.845611561700901
2.98903358758151
3.116160767365669
3.221329228573368
3.301543875548745
3.356301676823801
3.386897684593388
3.395637512721676
3.385229032610567
3.358400541903598
3.317694274276207
3.265385009458026
3.203498719696781
3.133915402161094
3.058525305521776
2.979376624274841
2.898726168152301
2.818913403479587
2.742042455645523
2.669550721426954
2.601796137092934
2.537761681597508
2.474896054312571
2.409065433228015
2.334619954629151
2.244643535500207
2.131473900360453
1.987521845261274
1.806329887691251
1.583751162284518
1.319102133792236
1.016114424352491
0.6834666130544339
0.3346725238238793
-0.01277916076016941
-0.3389262199586832
-0.6232295967506958
-0.8466756370687991
-0.9939853491319631
-1.055615204297692
-1.028717668454284
-0.9162500340196456
-0.7247264842232617
-0.4624234173102633
-0.1390898146043028
0.2334217736865584
0.6405148004264835
1.065906651492753
1.493742001037219
1.910568224460453
2.306656592560445
2.675957866168682
3.014422888603188
3.318215981805313
3.582682640152075
3.802687743519705
3.973621541839697
4.091872323967197
4.154847881940768
2.324932256890738
2.397416900983765
2.517433461789776
2.661166314404359
2.81112923440148
2.956162816472037
3.087527104055985
3.198302007416774
3.284586567219906
3.345716132726531
3.383272952094299
3.399876263448267
3.398368290923897
3.381427521252541
3.351420255243974
3.310340248752004
3.259782449271132
3.200962934511153
3.13482284567104
3.062243527873934
2.984352193529107
2.902819787399973
2.819985035023322
2.738651475351029
2.661538326664119
2.590545898095338
2.526070606115582
2.466540004095308
2.408248672461657
2.345521326506976
2.271179634281829
2.177221373471138
2.055596416158489
1.899001837173298
1.701719959328339
1.46062036585103
1.176411083146715
0.8549703126742598
0.5082679283828363
0.1542959567677269
-0.1842795531023999
-0.482562601121293
-0.7165487769965742
-0.8666374232245546
-0.9212720191439997
-0.879635250889264
-0.7511411365902826
-0.550603572706981
-0.2924913981329734
0.01094820607507367
0.3473134753234677
0.7037573173429444
1.069399903479883
1.435959683452987
1.796393596394673
2.144489547904282
2.47577141084501
2.786227249470009
3.069257445127997
3.315868817112877
3.5180625524824
3.671747808638372
3.776182883661159
3.831341870676785
2.459690977529736
2.546193751464123
2.676022701337699
2.819318684113825
2.962438446547601
3.095688886565266
3.209324872384677
3.297216640340328
3.358505173047694
3.395840719862308
3.413010909558134
3.413585277078302
3.400520294520431
3.376187516481985
3.342468126722574
3.300791632187982
3.252118939493718
3.19691990091546
3.1352203655099
3.066802333701551
2.991611767123699
2.91033262608601
2.82492433837844
2.738778987341184
2.656203801390883
2.581256995916693
2.516340837429307
2.46108259619963
2.411937283311286
2.362688928592643
2.305572994937755
2.232431246162243
2.135439914671433
2.007346554392179
1.84152531750533
1.632428536244524
1.376951270021011
1.076711226223717
0.7405246320948693
0.3858407185242058
0.03799873534300366
-0.2729682579873687
-0.5171588317993531
-0.6699781181358141
-0.7169361991661509
-0.6578813537410916
-0.5086243402599152
-0.2952228750169354
-0.04228368075999127
0.2332120641801087
0.5148507264307323
0.7922862580803866
1.065723254521695
1.341630396512432
1.624583407868872
1.912461833763422
2.199210440734474
2.478629515208466
2.737871128016402
2.961042303010135
3.137240129090706
3.264415607293629
3.347177697222592
3.39049136642129
2.684879197596409
2.770963512736098
2.885546351353517
3.012300124577226
3.142386031884356
3.258284327301628
3.346251886417585
3.403573781418393
3.43472980494866
3.445797211178725
3.441772941047649
3.426208310191338
3.401601727745297
3.369777180643483
3.332086401514379
3.289465801693658
3.242398019927323
3.190829296527804
3.134116861964403
3.071118488639929
3.000561903438788
2.921788671450793
2.835777028151761
2.745990690117671
2.658291569689901
2.579398086380122
2.514320090469493
2.464031757877214
2.424657638095733
2.388706766862447
2.347480358042086
2.293113901567523
2.219179113497173
2.119944162485933
1.989160777885224
1.819604026345891
1.604261209399958
1.339356560802116
1.028574486139119
0.6868189726410199
0.3410737958900179
0.02661472817281058
-0.2206615349764768
-0.3723818793295485
-0.4127222255008254
-0.3406207564502371
-0.1727826238299412
0.05568058265603294
0.3051265148037492
0.5440721624343602
0.7454097988155585
0.9069314228417454
1.048545155708699
1.198550488433316
1.380058407027839
1.598934826400998
1.841297722807012
2.089920796205933
2.320597065572414
2.511355556518632
2.652400444360254
2.74454086293612
2.797088886987606
2.823290106191331
3.077251667110794
3.089460477185202
3.13176562881178
3.230471170977124
3.345777071839466
3.434530967856491
3.48494652848004
3.504595282218961
3.50380516081868
3.489694717794144
3.466415407338022
3.436476056622747
3.401552710961403
3.362841185790868
3.321198370532967
3.277175463487435
3.23096698605794
3.182292582436197
3.130254909442674
3.073268337528405
3.009230257126911
2.936172879255242
2.853561825423513
2.763981295434331
2.674071547385736
2.593070498644156
2.528774114891357
2.483402013348836
2.452313924978006
2.426381362072566
2.396060380511508
2.354562164646383
2.298196459741392
2.22421922787839
2.128151920789423
2.002539434659582
1.837778859525831
1.625129999495668
1.361931856095162
1.057856914518101
0.7386795190891625
0.4430672113946408
0.2114751336633328
0.07276236913753005
0.03792537466709237
0.1059913559169306
0.2716572922918417
0.5095746829332768
0.7669077447080946
0.9545718626357416
1.038436442848626
1.042713098301076
1.013686139849836
1.001266898004259
1.051535864710399
1.192113129145862
1.403281622960264
1.620939461040967
1.808453401738886
1.950572458036979
2.048548245502024
2.10419421715453
2.122159527701256
2.120808931554165
3.768028263538902
3.486845893254571
3.392939761381449
3.472837457212273
3.563588267025092
3.603919588726576
3.604781737598181
3.585829073193876
3.557275574982508
3.52300446028697
3.484762716962883
3.443709130191933
3.40070333025538
3.356361314376787
3.311108607644265
3.265204133943428
3.2187039381495
3.171359452453394
3.122461483490092
3.070671899648855
3.013965102880304
2.949937613539014
2.876842993201275
2.795518552093385
2.711432571088228
2.634297777571876
2.573177101074382
2.530651579184495
2.501814069636858
2.477448422126579
2.448767841493556
2.41107649414992
2.364070888072213
2.308234361769515
2.2414610153067
2.158033550831861
2.049126113631724
1.90468728453251
1.717696455296147
1.490972699709683
1.243636493315999
1.010529668573989
0.8301029296767253
0.7266437187080332
0.6992067610686039
0.7341706883428653
0.8445774032901701
1.065971106929902
1.356155410055231
1.451205685818592
1.371599009746584
1.186531018882333
0.9623198632815623
0.7616159627660637
0.6474157259159121
0.68340117909829
0.8932084038485537
1.070106863080701
1.180128102314698
1.251726846022092
1.30207811669898
1.331398374723468
1.328935139345358
1.276928136242893
4.867178800707386
3.941002776395445
3.713280544223923
3.741568744818734
3.755222419013863
3.726369175511291
3.682163671919302
3.635832623871785
3.589468228733137
3.542675225955407
3.49532861394424
3.447587987022778
3.399625858653026
3.351551745187423
3.303427535314346
3.255280097248817
3.207092051583679
3.15877087750065
3.110094383488735
3.060634300925493
3.009701873283629
2.95643183717259
2.900131984196013
2.840756927715121
2.779663693273375
2.720604599331949
2.667747060073472
2.621562806773806
2.580262646088123
2.540608949326856
2.49961346525438
2.455595708072873
2.409627802525576
2.362466880878616
2.313562904985463
2.261315983218886
2.203071838180367
2.135515309407971
2.055976950750793
1.964357783852983
1.866011609001455
1.773753557735805
1.702948732195949
1.661452218750551
1.638734734566943
1.615361555836699
1.592702628786929
1.760231954859711
2.030841057246019
1.962117584476721
1.700569302538227
1.321750750720466
0.8995149141302139
0.509911564061417
0.2234153020765863
0.1085649104893585
0.2916779556292963
0.4145731846228037
0.3980127658697636
0.3875641420323201
0.386843250716881
0.400716286414975
0.4219370394756147
0.3082719998625264
4.315277039041072
4.025765171357883
3.926685843283306
3.863500000418335
3.807052167887198
3.751511681925288
3.698138715733504
3.646672068862769
3.596384391164262
3.546730479205547
3.497426533419961
3.448331085075909
3.399363266854492
3.350467950916324
3.301602531726229
3.252729769818433
3.203812702870562
3.154811077423552
3.105677980641398
3.05635459074439
3.006776452786296
2.956874012820474
2.906623281163768
2.855922791019245
2.804430065206157
2.752980008216124
2.703496664968095
2.655159194721178
2.607876698590753
2.560999836310291
2.514272605622911
2.466831802261478
2.420005857405666
2.373943769714654
2.328385858846888
2.283333544768915
2.238857889578868
2.194968069433777
2.15174360489337
2.109039254696937
2.067040257703168
2.028678578781596
1.997857233859407
1.974858735679137
1.956517455480965
1.95323145362058
1.888848018956184
2.102713027103303
2.464011947862804
2.366452301782336
1.983763938564473
1.435345800531899
0.8299605732884716
0.2757532196298324
-0.1247191784913498
-0.2662356841285299
-0.002067990342455569
0.1656561138489843
0.1148164120537128
0.1147493992536189
0.1040021332890623
0.09509818119380264
0.0847604672274313
0.08750143107948939
4.016842693051976
3.92358795043421
3.872286313564476
3.824443863107541
3.780833451062523
3.735329158367395
3.688378453549241
3.640695474259693
3.59269368889096
3.544508969429917
3.496197742069156
3.447796800865287
3.399332727285747
3.350821022010071
3.302265208323814
3.253655583397573
3.204963730018624
3.156132986659275
3.107065850699667
3.057609253157073
3.007567912278407
2.956709518580488
2.904896380835365
2.851890483660825
2.797074680912105
2.742433276253288
2.692211427989663
2.644673400814493
2.599407706296931
2.554681591238203
2.509617017517131
2.462169468057618
2.415004690696495
2.36828032606359
2.321152294040473
2.27317051354192
2.22386256877754
2.172501321119198
2.118529553062117
2.061224435939665
2.00112853778678
1.945014752440503
1.90182084038484
1.87225240390244
1.854239972901658
1.8652003742266
1.802479475313467
2.102183669790579
2.646187064304125
2.613884833598445
2.181033682850929
1.51191971777967
0.7638030111714582
0.09058955820752157
-0.3590801357582522
-0.4404865889883657
-0.008606534155663237
0.238120416655986
0.1890537067893401
0.2038554124702408
0.1971594832422175
0.1852798302367412
0.1595414993377023
0.1539012152996604
3.942409589319585
3.902607065195567
3.8707294997025
3.827180348975136
3.783254377504841
3.736971451848178
3.689530944883042
3.641514024158986
3.593247296994304
3.54485109802989
3.496378183144916
3.44785588885963
3.399300224674133
3.350719477239201
3.302115045311251
3.253481620452008
3.204804036694464
3.15604953409685
3.107154733993044
3.058003556933023
3.008446235940919
2.958274566837217
2.907429745918189
2.855089671205246
2.798621828740139
2.741290096983813
2.691784949347948
2.645344658822585
2.601567815222217
2.557869598125132
2.513393039862848
2.463952123772052
2.416007939130176
2.369957156435014
2.323898099224812
2.277521150669157
2.230790142006387
2.183028731384901
2.133359162201817
2.078641318017776
2.016048115868572
1.955933969600711
1.91334847645269
1.884336047757184
1.866627743907864
1.878723023588654
1.803177881718497
2.072032215981126
2.690451330019862
2.708001101189136
2.262544818919328
1.536452490950615
0.716594221989901
-0.01694045213906167
-0.4834002022119221
-0.5151079627797199
0.003303876383505391
0.2331553336596542
0.1706073609495923
0.1858541778815671
0.1771532319104827
0.1628971022971121
0.1343329870008318
0.1414714946245628
3.942429589296311
3.9026406788486
3.870698716490116
3.827140120996645
3.783218137661403
3.736946023629713
3.689517496245498
3.641513191110448
3.593259880750546
3.544878318184009
3.496421995510736
3.447919570671234
3.39938946220533
3.350844209500365
3.302292987898057
3.253744169393146
3.205206166137259
3.156681620860448
3.108147987671216
3.059513795862047
3.01065574853896
2.961397687902357
2.912053659936797
2.860509707184405
2.799161817636667
2.734500326448631
2.686037362512749
2.641711976810938
2.601131541257993
2.559978842710223
2.517213501695668
2.463300252659764
2.413649908429193
2.36892552985146
2.324248884336007
2.279279690658859
2.234697435702125
2.189944954977415
2.143932312219002
2.088175630902251
2.012061101866347
1.935708714548598
1.889857836175847
1.859654873088382
1.843715328620926
1.859273367437377
1.787352533230619
2.047005590636656
2.666319079308969
2.663518251178981
2.205177756234842
1.497011955224253
0.7089325421170131
-0.01446521448727231
-0.5018965937009016
-0.5484746755868711
0.004153098714494324
0.2406322363672029
0.1779637058455916
0.1964437695059993
0.1876468758178784
0.1705343208021293
0.1364553344575418
0.1349287821365551
4.017428160661741
3.924197269508527
3.872655588504887
3.82471361728341
3.781042300090387
3.735492750158595
3.688491066486934
3.64074732000057
3.592674412195673
3.544408469548564
3.496006804913262
3.447508332423243
3.398944268274646
3.350338343902983
3.30171054293278
3.253083682307772
3.20448794335496
3.15595099290231
3.10744965612777
3.058812823949705
3.009824525728522
2.960460709231211
2.912851067311616
2.863308350180141
2.793015949080687
2.714734948142742
2.672573934855686
2.634647265365866
2.601451915172418
2.566994314779172
2.530654781430969
2.468461929171887
2.416025544264424
2.373076268223154
2.328083028497704
2.282306351414299
2.239039950655593
2.198530734979527
2.160095637382436
2.103317480337856
2.000604023766865
1.893367351846108
1.848748831226753
1.820535473184578
1.809809051382157
1.83082943994665
1.774245407647295
2.047500114050128
2.578564155483854
2.450406566630492
1.981045640663044
1.388189623288039
0.7605252272869742
0.1432527179047383
-0.3666803823719572
-0.5350587382633142
-0.02647588002601819
0.242863151739175
0.1901564059582674
0.2125848146258397
0.2043622801778129
0.1836103130525447
0.142394330758772
0.1192755967783768
4.31286035115
4.024379618303785
3.925207076582564
3.862247490405529
3.806046032888234
3.750762060067206
3.69765986266728
3.646491268687838
3.596534796704809
3.547248511641157
3.498352115000146
3.449710071577147
3.401252575342003
3.35294443573708
3.30477790160475
3.256778356829825
3.209026332854095
3.161699598981684
3.115096872091183
3.069522895447747
3.025328185870895
2.98416256636154
2.956040370217422
2.931690270360807
2.842909994622651
2.698769587102595
2.657778094022666
2.625793762384148
2.600609996246142
2.572825759161288
2.538070090091732
2.424593071638274
2.36103827948084
2.342019204694182
2.316835905206514
2.283703596736193
2.251041246732417
2.223386270850654
2.214075019701994
2.18665317118568
2.060542844959429
1.846986039698716
1.794815446881723
1.766021867559542
1.761378719359663
1.790013917423095
1.774975723846856
2.117635683718172
2.34452694208129
1.999337074067743
1.597850125314184
1.229667566109392
0.8641745632988473
0.4676475810594082
0.01647133906192095
-0.3730416312501424
-0.1286775333489178
0.2300374476762437
0.2146039421030081
0.2439242342610824
0.239408817026956
0.2178508878216746
0.168541019958451
0.09623212901869775
4.874957300255165
3.945283001654953
3.715295319742544
3.74294014181693
3.756455850674379
3.727418058192773
3.682895240792781
3.636154229415328
3.58930631300847
3.541952690614135
3.493959025865955
3.445475072635967
3.396658552451626
3.34759134073107
3.298296377401134
3.248793783753888
3.19921477272167
3.149901636216771
3.100975112184605
3.050563802284959
2.994149788733421
2.936167487026369
2.913791633135963
2.900169220963547
2.693637306515555
2.579566453428789
2.601705984625013
2.60463551317686
2.60511589166993
2.608977026597561
2.623777345783871
2.541709569087839
2.43772052516542
2.407622334262247
2.351096144033402
2.278992420253358
2.22675354560887
2.223538866830586
2.308810280575972
2.321062497826804
1.804068549200829
1.633860598331507
1.667894311977488
1.673654310158992
1.685668904220036
1.71981115574967
1.763894971612911
2.108180217507396
1.731982885287983
1.341173679137038
1.192151491594258
1.084429011626322
0.9607505462589483
0.832708877032728
0.6404282362572911
0.2008166759400664
-0.1502410464924219
0.2238767187617415
0.2650188138148049
0.2922336056683232
0.2848158712356856
0.2504739390303149
0.1526645998210531
-0.01429295752609138
3.80876604670713
3.519213693257662
3.418582911161885
3.493977465715696
3.581073393123006
3.617573749704756
3.614041042749348
3.590055958430882
3.555835017304365
3.515269558629539
3.470120973641164
3.421574969438153
3.370519696939041
3.317579187757624
3.263170437954275
3.207604860072215
3.151162260692109
3.093833538740535
3.034113509387657
2.966425149615191
2.877875399517514
2.743422128345312
2.513638705915133
2.157078776125689
2.17400203294233
2.516135482374807
2.54563241883274
2.583449676810986
2.608785839169429
2.644233616384717
2.662135042932346
2.984843570193372
3.104371957596246
2.741302559633919
2.438760012998702
2.228751677056507
2.088497925484059
1.996979443511498
1.868573016111247
1.493954049143178
1.134761052436384
1.485444344178487
1.531362400195394
1.567144120772305
1.578750307345217
1.581821872800941
1.611688225355476
1.436198764219473
0.9167418018598528
0.9328761569188707
1.020606945439088
1.018424174504809
0.9808649042352455
0.9723524570222352
1.042031947429532
1.039301562502024
0.5315750234103652
0.3654537174744719
0.3971337049410341
0.3954547188140519
0.3929988193645061
0.3966071953488414
0.4036752161403871
0.5266684204619525
3.163498168549365
3.168428781898654
3.201019201309882
3.289677530004528
3.394661865115021
3.472247182775744
3.510219409603768
3.515986983725256
3.499875972663232
3.469076399974913
3.427859451056524
3.378913689388892
3.324165551596144
3.265116670658516
3.202955508273968
3.138572600581569
3.072403856591305
3.003726252112937
2.928892165395623
2.83834311536429
2.71326099306165
2.527183014806708
2.274958304885421
2.073961988805845
2.27792925669028
2.530262169362872
2.539368300035282
2.577070846929356
2.602749247114609
2.638260551519292
2.643776605386484
2.879523547677463
3.087258328235918
2.831769943206593
2.452578896465357
2.099128909628245
1.791800949265545
1.49723915130922
1.167384540477858
0.8777364182635122
1.133043788719825
1.479937814238964
1.464410594019994
1.493669962552786
1.488072154371522
1.456573721269326
1.400627799134428
1.182779972718447
1.059074815945237
1.035749709345056
1.030483853293763
1.006120809113767
0.9774126509327113
0.9522240823373389
0.9440649555016716
0.9173285872867583
0.8005654191383225
0.5816435706577312
0.5260316720999284
0.4909459375282595
0.4777650017972405
0.4816183610598982
0.5063823844320553
0.5797071189701082
2.83025856522725
2.908998255215286
3.010941636676431
3.121439089496573
3.232605028555231
3.327180782998234
3.391436571259462
3.422709935104154
3.425632217861163
3.406493415719192
3.37054147542466
3.321652189971622
3.262794196025226
3.196444396532407
3.124707653912606
3.049149296755732
2.97041867488891
2.887573418778722
2.79686987893812
2.690735133904012
2.560179624563968
2.408336405727123
2.280514465862611
2.279451696999078
2.464579518127199
2.556973280098984
2.551852709064649
2.576024261257242
2.593213564736283
2.615742947480627
2.61442484071068
2.696770515443874
2.812167850613769
2.666960802345872
2.319007697726
1.884121007344759
1.432047493195129
1.000752576047625
0.6678457537861534
0.6367548885125306
1.209468342208242
1.485485524790947
1.426691340517148
1.447943300238541
1.436135229635934
1.405659519992015
1.358064720183193
1.247864653122428
1.144739507340035
1.088917462981411
1.052064207462621
1.013673726978869
0.9742641513945179
0.9345864400086024
0.8951818629090305
0.8370254904041307
0.7371239752236125
0.6287450307948407
0.5834431048922992
0.552931058841597
0.5417748783685441
0.5471234083376609
0.5719681501611396
0.617920660908208
2.674485598222438
2.751849668715596
2.864799469379363
2.984545155520763
3.098628918231876
3.198311346424351
3.274571244015938
3.321895310399343
3.339986898684292
3.331981303925114
3.302057196221149
3.254146176878072
3.191700751271755
3.117902754685566
3.035760455722156
2.947792034373798
2.855480002777186
2.759172302768246
2.658779278012875
2.555596254143147
2.457140386136921
2.38520412515158
2.37669603922555
2.45229342348881
2.55065562984919
2.565836771431836
2.561308027069647
2.574458486095364
2.584548662090982
2.59592932858019
2.59946068737171
2.599481813093514
2.579977173031642
2.425001935797238
2.093713006644923
1.631624139806654
1.119483739815622
0.6605321588185992
0.4034125007272688
0.5370716635758834
1.21269563074334
1.475644545062563
1.400403295385656
1.416246865392035
1.399315496748675
1.367279514294527
1.319067450139497
1.240230459342578
1.162814805627745
1.106769445591417
1.060867619938648
1.016264507971697
0.9719657707318911
0.9270438562263291
0.8806449151221981
0.8246275474123019
0.7501617394566358
0.674038789606861
0.6290908604658323
0.5995126009425471
0.5884452952609326
0.5939916034794964
0.6183276910837788
0.6603970454205832
2.614813373094096
2.67510467691837
2.772359249905212
2.883666477506871
2.992883844366427
3.09040564294897
3.169056225553233
3.223360965823129
3.250638009883511
3.251122152093152
3.226939841092356
3.180975992567693
3.116292009721866
3.036126669514867
2.944140923305993
2.844354666817047
2.740497967852525
2.636015970503049
2.536665179995085
2.452719569254888
2.400417534881873
2.398636547682488
2.453169678324482
2.533097486080577
2.571607296943884
2.567316310527659
2.565478956472566
2.571724434122782
2.577218671123652
2.5814191624828
2.591028143880099
2.563634292912603
2.446245928689735
2.226230043290626
1.878621511722992
1.421527526768735
0.9249233439502664
0.5039597992700449
0.3091240090177013
0.4978247545989146
1.188537818779201
1.462089116633901
1.38231052578856
1.394861873336685
1.376245867707838
1.345699427175099
1.301119708580637
1.238787068765913
1.174452230896315
1.118485885082426
1.067787656536852
1.018897957941155
0.9706984112855879
0.9219693318706594
0.8717595551073485
0.8169922418978429
0.755599450925602
0.6966247030436923
0.6562591453844332
0.6300399645134775
0.6203425519091351
0.6260783565821441
0.6486358003117645
0.6865175612439898
2.608039140329184
2.651956861313617
2.727261171871975
2.819889460365105
2.915861168262298
3.004706655030593
3.079019446081685
3.133338488363332
3.164029174450961
3.169489618901217
3.149915836151309
3.106691362800739
3.041846448679629
2.957952197868885
2.858647072047747
2.749593796350045
2.638626501345136
2.534058101447473
2.446232992455688
2.387536525387144
2.371107166197751
2.405670498925653
2.481586692805215
2.557675088070374
2.575926116259649
2.567041477285774
2.565846514279011
2.568079346037929
2.570782042806936
2.570862708506766
2.58440870512461
2.548884951603947
2.378943296139401
2.104830073845504
1.740661802451793
1.311485696478162
0.8740387450525854
0.518356471361628
0.3579671418983955
0.52287664247018
1.157573648210182
1.46352159325492
1.395530092656499
1.40724397557868
1.388520899890037
1.35770731012741
1.312766549755915
1.254526474834077
1.19227565402135
1.132792765574259
1.076386614707341
1.021910583944731
0.9683144807667813
0.9142738876054841
0.8588520148893729
0.8010996574064694
0.7417695655583275
0.6870891785364417
0.6467615704302767
0.6213830569309921
0.6132835298806667
0.6216340072425066
0.6478904014410951
0.6864425748156898
2.63062376188436
2.661637817785879
2.716702716037953
2.78801364675306
2.865785528725393
2.940826838537075
3.005772886522749
3.055030679806942
3.084521205681126
3.091643140194264
3.075232471802446
3.035334615799886
2.972882695798109
2.889529505166462
2.78806625839627
2.674289014350474
2.560492419008362
2.464567562337834
2.397100799874369
2.362752841292941
2.363329683349193
2.40001259779936
2.469458806041993
2.551746972713052
2.58514664357519
2.568017125126301
2.564185823529552
2.56383327946433
2.564727174041749
2.562482972403441
2.577989417698407
2.538626550287404
2.346681633547079
2.052159220030149
1.695164938219033
1.314267948782479
0.9574665770374164
0.6844135821244339
0.5621157488167136
0.6721956756657346
1.147064765297191
1.382625100802872
1.31235309912842
1.309352602958868
1.290134887957854
1.265800228366651
1.233281770471808
1.19307851265546
1.149434028754308
1.105516302616574
1.061668428953133
1.017855152214777
0.9743096438641673
0.9312219941770746
0.8889096595450642
0.8474693905815185
0.8074747887839548
0.7717830422885266
0.7447710676164135
0.7266010504163074
0.7184164749249053
0.7197662152980048
0.7365634189345012
0.7728318464280191
2.668614580820762
2.689820078794156
2.728232501720329
2.779682583399394
2.838076971956619
2.896584019172842
2.948840886835393
2.989537604357367
3.014508311530786
3.020703363673929
3.006177160061117
2.97005553349334
2.912485891494276
2.834626810830834
2.738685254066152
2.628456449330907
2.514461666273952
2.436601756933442
2.398015115554875
2.385408183828731
2.389518568977829
2.406873744481197
2.441098489551479
2.50963158429352
2.586378190285513
2.567009273239581
2.559537895074836
2.558374146731609
2.558516634259681
2.555194407955039
2.571561655124717
2.529418184793604
2.333167985878546
2.04892441641792
1.726064435915114
1.409647525534474
1.142663707097072
0.9666662893160545
0.9195832226335672
1.041693120102507
1.438549967372517
1.657500045987171
1.643677082261528
1.62089298028112
1.597795470574949
1.555638711024589
1.483404911177381
1.388803196713327
1.287280105041322
1.191549037668178
1.106251176570426
1.029650146541662
0.9564684637798877
0.8802221116384592
0.795715428364457
0.7012769618554711
0.6014077237382173
0.5081256854384926
0.4367224892784586
0.3977679397891966
0.3956857660576264
0.4274645416998327
0.4965314653716874
0.5889034624023345
2.712981325691346
2.726714798247994
2.751903549927874
2.786390111147206
2.826668887614152
2.868245279373269
2.906328510994903
2.936451777690804
2.954802905397828
2.958339514196852
2.944832725007473
2.912918572790004
2.862215703707236
2.793625597546589
2.709939585281095
2.616212982617597
2.515968208291451
2.464980919847185
2.460474810009114
2.463104718902093
2.466592844157979
2.468017445177198
2.462606884770021
2.464569686224979
2.530573980483132
2.555067911665185
2.54936269984905
2.550612838012093
2.551690490021853
2.548462413718226
2.565199092065292
2.521147341048704
2.331068463991737
2.077682029800337
1.808163634000214
1.566030445192667
1.390019744857542
1.315339984334613
1.377947186529151
1.615950257565883
2.021471196173126
2.31129765553742
2.451591005900793
2.49805958349902
2.476272084402619
2.376520458982411
2.19769679092007
1.963045351387537
1.709821022280002
1.470904758526682
1.261619470206474
1.078282414447248
0.9046358292026293
0.7202677324288861
0.5089453624467722
0.2668022116955821
0.008651964815531158
-0.2327325315602188
-0.4173880609025519
-0.512782488815587
-0.5038739640116855
-0.3996314830177283
-0.2400795655870527
-0.1034205408395431
2.757485235681097
2.765481885327891
2.780288433684019
2.800882386189706
2.825431491346832
2.851303678285154
2.875339623086465
2.894256806357681
2.90499440273187
2.904921382700745
2.891946728563712
2.864605005830077
2.822182122781219
2.76491713951415
2.694162937410558
2.611971452024245
2.519235062866333
2.484412283878992
2.494056340817536
2.494000271898979
2.4955428268063
2.49660611438948
2.496205681460248
2.49707368498779
2.51166419450847
2.533474147011966
2.538422890283943
2.542770745540428
2.54527614429521
2.542647445875868
2.55928847776134
2.514477708644308
2.337294545627312
2.125648129441081
1.918626375301773
1.753502409342973
1.663763990724301
1.678532669692881
1.819802335851054
2.086907898119548
2.423588715878158
2.724079367727002
2.930712579420309
3.023418038642313
3.004652325374046
2.877870543882143
2.654726812571202
2.362482232524867
2.03862366628739
1.717301208049439
1.417542065683116
1.139680761037672
0.869941366143085
0.5894493626675463
0.2843891761532748
-0.04498231256717943
-0.3794253691302819
-0.6832623501528725
-0.9148354167233796
-1.040761998150211
-1.049115569310812
-0.9591381743087913
-0.8252110065737692
-0.7237249334036944
2.797654585712516
2.801236382697325
2.807954774827499
2.817459733590529
2.828985899887459
2.841252593535929
2.852506755529857
2.860707917120485
2.863766563391231
2.85974451910989
2.84698037763628
2.824142051993729
2.790195327949811
2.744208254360861
2.6848170716222
2.609262223526887
2.51275013729788
2.477763540470999
2.486912257633384
2.485310621294916
2.487344730152226
2.490385678820945
2.494693169765561
2.501914215641145
2.515611592106569
2.528428970272885
2.533947410350877
2.538112845395829
2.540802354452784
2.53845000882732
2.55431501628963
2.510326936476831
2.350669898711286
2.184064746107182
2.039664833742969
1.94584756394403
1.927471067664601
2.002250935870031
2.173831852820785
2.422068504377533
2.702897792655649
2.970636501934788
3.175987056841616
3.280062140271473
3.266695995466625
3.138169886130645
2.909867038134117
2.607528601724777
2.262392627548264
1.903120453764662
1.548138575940308
1.202346492669704
0.8595945890140062
0.5095393379647016
0.1460891375063347
-0.2255817680700603
-0.5862084511092184
-0.90544765636909
-1.15031151445932
-1.296659373215
-1.340334081767255
-1.303722244470513
-1.232568731578424
-1.178477577419583
2.830250517186795
2.83046047313696
2.830960367747663
2.831821593169034
2.83296982134866
2.8340675045328
2.834457860796851
2.833203822346667
2.829199441452153
2.821292918310639
2.808356190195961
2.789240056404113
2.762538183987583
2.72606877706681
2.67608124575849
2.606590208535963
2.509835621489119
2.477534783363925
2.488016392784481
2.48669046580472
2.489042956471663
2.492522016468715
2.49748121710423
2.505248322366338
2.516098478261736
2.525489546277699
2.531073050079458
2.53505650315258
2.537799442076077
2.535782033369539
2.55038586415048
2.509028034408492
2.369981966263349
2.246377187207245
2.157508518966823
2.12128539286352
2.151769191766493
2.25498877357985
2.424111116564212
2.638277793573516
2.869237423045738
3.088225806681424
3.259963021949061
3.350241050854412
3.338116864617765
3.220435970081871
3.008397348416499
2.722061789068849
2.385076008327217
2.019555218809949
1.641755702055077
1.259994957285611
0.8758591409228766
0.4883457527160289
0.09920450550857002
-0.2828517926265506
-0.6409906101134003
-0.9529442474057955
-1.197015763604903
-1.359767200442241
-1.442651036039063
-1.463971507017479
-1.453275977526491
-1.439242186889744
2.852961166220562
2.850647317957646
2.846477968985428
2.840802970804321
2.83400639955748
2.826397041698304
2.818116610141012
2.809096301293692
2.799063445870425
2.787563329269755
2.773933872331311
2.757157078261509
2.73551373458087
2.706013281597127
2.663695512642324
2.601040342748814
2.507595695965634
2.47566873282579
2.486042145074757
2.484785561393369
2.487293254021148
2.491279540624829
2.496846920356186
2.506371916316351
2.51737716169628
2.525097681552275
2.530037104073149
2.533495429722362
2.536010153967789
2.534326834049815
2.547232687167687
2.509181885845819
2.392751927600529
2.307210633967295
2.26208827328891
2.265122841897941
2.32107937592723
2.428569166499444
2.578047459422179
2.753354112247918
2.935405438597607
3.103064571479272
3.231870125838662
3.297187689393914
3.28098619829141
3.176824997631087
2.989649077535977
2.732153381594106
2.420560437785017
2.071129719766459
1.697705061770793
1.310567960903694
0.9168957674127894
0.5226702551505603
0.1351619150965692
-0.2352861044696263
-0.5752071534099689
-0.8700166645269333
-1.107598521428538
-1.282264154424031
-1.397266329350336
-1.46406177403246
-1.49793023667125
-1.512087123124608
2.864209671315131
2.860074825115907
2.852535498296259
2.842135119749908
2.829568556626366
2.815578848348675
2.800850483973645
2.785919640055682
2.771106348270961
2.756448348498593
2.741593018565017
2.725595576716936
2.706588802690963
2.681331429188059
2.644676247393199
2.588959328418948
2.503254053396286
2.473246996431766
2.482855080774527
2.481659556325502
2.484006059047881
2.488153715520532
2.493615982473425
2.506761201666344
2.521030451546506
2.528196528603323
2.53234839016059
2.535281370993479
2.53744309098319
2.535971511663624
2.546091137252288
2.508895190801841
2.41672270125694
2.362986056239523
2.347300261252802
2.370500403196365
2.432177730005328
2.528060446986172
2.649439764170118
2.784465379764799
2.919449005845333
3.038980641776654
3.126344763204671
3.165039429024516
3.141765695258213
3.049457322265396
2.888308593908618
2.66449620509289
2.387861642311145
2.069784257888565
1.721733752449411
1.354537669853962
0.9782929970966361
0.6027599760766165
0.2378855696417749
-0.1060165357466075
-0.4187819304026553
-0.6916271411408619
-0.9187167990483236
-1.098357576667274
-1.233041073151143
-1.328004036808451
-1.388909069295845
-1.419933969097037
2.863023813743071
2.857655746981171
2.847841837216698
2.834267671401171
2.817843101677493
2.799593120283324
2.780535779446315
2.761562047322634
2.743322200034118
2.726108123824654
2.709709207033558
2.693221278114257
2.674805139153909
2.651408204496003
2.618453302285036
2.5694737255877
2.49574747982122
2.46995335860339
2.47822832901782
2.477086443344949
2.479056351016045
2.483284879596213
2.487908677812168
2.510066001926525
2.525715453806026
2.526591222889944
2.526265344965151
2.527490153889788
2.529159431800868
2.529138988563091
2.538351733008653
2.509507250117474
2.444030574022059
2.412315809802187
2.410046969074784
2.436354691767952
2.489253847290404
2.564049780598434
2.653608665913661
2.749185604274533
2.840913179552678
2.918035291016756
2.96943098807974
2.984364113666569
2.95361795489409
2.87090934544697
2.733912289460972
2.544345066584969
2.307276373570453
2.030191077997885
1.722194534993389
1.393420693164852
1.054548498598181
0.7163233673890426
0.3890191895679671
0.08181911309099417
-0.1978405392694172
-0.4448220339038122
-0.656503939625978
-0.8324416385640738
-0.9734449906729072
-1.080414023157846
-1.153544769905089
-1.192335713341296
2.848941744435073
2.842836257208689
2.831676332110233
2.816257587280702
2.797641853535883
2.777027764388843
2.755604304433314
2.734405540752024
2.714176316528433
2.695247250388186
2.677410443878081
2.659791649563193
2.640728737690333
2.617679175785951
2.587184919450136
2.544935236795501
2.485981990608043
2.465835704940948
2.472249146540423
2.470675160503593
2.470921997112787
2.471886489334448
2.465313626505298
2.491855674316223
2.56190797623028
2.562546273115199
2.554975793968536
2.554978047478585
2.557842133498673
2.56151128152666
2.563516893634964
2.534516289114402
2.479729737913292
2.452944629016736
2.448399212066531
2.464962072431424
2.499969588312649
2.548888355320708
2.605969353367056
2.66476204002583
2.718365875910028
2.759635924652328
2.78145056128073
2.776976482984661
2.739999082900888
2.665475905457401
2.55024787391641
2.393611547782647
2.197540370134068
1.966575026298055
1.70749620089336
1.428829890865953
1.140169104109316
0.8513191762533836
0.5713613361501695
0.3078093640353877
0.06606206533628775
-0.1506796736248252
-0.3409604608055661
-0.5041819196540698
-0.6395922240689031
-0.7456083217182228
-0.8198282856833641
-0.8597377481918178
2.821940267663885
2.815527735370682
2.803827690197435
2.787720914306486
2.768376509488036
2.747091239126696
2.725108409060759
2.703446772141755
2.682763346130034
2.663259675456268
2.644626986380957
2.626022660164647
2.606083414096303
2.5830045419874
2.554738525024309
2.519368124809943
2.475622908129018
2.461320824247436
2.465878659886326
2.464037073863984
2.462874180233442
2.461079850282475
2.452108720408878
2.437568752536518
2.523782500418518
2.588806763192863
2.61479195524094
2.625898989142942
2.630361971545299
2.627701931326333
2.611923405130656
2.574037915548215
2.518096156033148
2.479416271735105
2.4613318935687
2.460624412385627
2.473274544464719
2.494945060329321
2.521068484637082
2.54700207342334
2.56814644012609
2.58002823036436
2.578331832427088
2.558875023033635
2.517603940503351
2.450766396066317
2.355353638679394
2.229706582230465
2.074062269265223
1.890855405331599
1.684692891338966
1.4619903778194
1.230303021612364
0.9974412803961893
0.7705405830892345
0.5553095978403211
0.3556710824406032
0.1739155220684188
0.01132608680510277
-0.1309522464515673
-0.2511588950514825
-0.3466257147603439
-0.4141009818734108
-0.450566347677885
2.782378803541521
2.776062630627849
2.764571196658485
2.748838376285359
2.730096399354785
2.709682224974713
2.688816385280298
2.668402278209251
2.648892202819001
2.630246541918711
2.611982092181324
2.593283707048626
2.573157758496569
2.550635801162281
2.525064657882397
2.496495730097648
2.466057318600305
2.456725762058109
2.45984245072529
2.458271979921952
2.457033367618632
2.455194455064429
2.449365247115527
2.439215928283305
2.485132941012886
2.559206021242782
2.612562729376239
2.640794503365716
2.649837204737175
2.642220257317533
2.617194766210838
2.576284406365112
2.526590265765878
2.481708772521607
2.4489869727269
2.428690686691372
2.418051700394277
2.413568985033356
2.411782536846859
2.409495566426024
2.403837970585604
2.392246504531343
2.372358792761533
2.34184865613689
2.298285851359319
2.239144013189208
2.162051145550052
2.065260236254948
1.94818886639
1.811829328061946
1.658878213466997
1.493526187112137
1.320941381266341
1.146560642107497
0.9753647828144223
0.8113376337605511
0.6572712741934825
0.5149757307105527
0.3858055986934353
0.2712832140166418
0.1735444543600044
0.09539901393976524
0.03995740885149755
0.009946193277348329
2.73095800499201
2.725169393760013
2.714673655013623
2.700400381558871
2.683575533757689
2.665508007275474
2.647336920586554
2.629802178764159
2.613107921231303
2.596928462022048
2.58056172967266
2.563185750791292
2.544148638425019
2.523237994178299
2.500907916839668
2.478433428738959
2.457883978486928
2.452066559392472
2.454197275488232
2.453070140429269
2.452244171564298
2.451253727475868
2.448435155160727
2.448356052059198
2.472552308862546
2.526447513788698
2.580014265617305
2.615345351954904
2.628135830578536
2.619550856054885
2.592559012712277
2.552227843165958
2.504828090240041
2.456223874130351
2.411802029242043
2.373908835705415
2.342073335443142
2.314437063710762
2.288826025810446
2.263268448074009
2.236173928162418
2.206321254386924
2.17272059295404
2.134408250985534
2.090255264435397
2.038884393378521
1.978769103140206
1.908521494515449
1.827286935215662
1.735103104189166
1.633085949081019
1.52336736618873
1.408795762627058
1.292488801054924
1.177376177183299
1.065875953427687
0.9598051248855881
0.8605412724408954
0.7693537115626367
0.6877504090652151
0.6176775605245293
0.5614692314806671
0.5215435762234399
0.4999301144600025
2.668699188926267
2.66396664438574
2.65541658402991
2.643872234416602
2.630424409620693
2.61622984422022
2.602262482739555
2.589079145238336
2.576673368259453
2.564485719367986
2.551606416144672
2.537139571679909
2.520618501398121
2.502321738730072
2.483375223488722
2.465601242521362
2.451127572319747
2.447318107907869
2.448865148851119
2.448096509294455
2.44760821079244
2.447116116047018
2.445473681085569
2.448102245768847
2.464310890100936
2.498893282506498
2.53865243996797
2.568776598345722
2.580567237653353
2.572096535238854
2.545861637496259
2.506473623302738
2.458636816145438
2.406152962405675
2.352641216338201
2.300801168848173
2.251751490987613
2.205294908851521
2.160599803232408
2.116778928327166
2.073209091420129
2.02961795174078
1.986002616195614
1.942449297331551
1.898928976469697
1.855144964032677
1.810493788127301
1.764164716535705
1.715350616956777
1.663495101637776
1.60848343131534
1.550707733525008
1.490989469394362
1.43039959850284
1.370055016081966
1.310973371364761
1.254037284754706
1.20006780672791
1.149957684646793
1.104788556716089
1.065863805637097
1.034625169499821
1.012467055073086
1.000495830108712
2.596958983861748
2.593984629159352
2.588633892062662
2.58146027517792
2.573193123507082
2.564597149614908
2.55630555636401
2.548654785666264
2.541545313881719
2.534382755780766
2.526191545759597
2.515962503156533
2.503157711508917
2.488133841363167
2.472219823574889
2.457366845249119
2.445541285383271
2.442473568216633
2.44378045365591
2.443258250074882
2.443026307091858
2.44276728986712
2.441929201680126
2.443346285039814
2.452979416854794
2.472946777116718
2.496534815839489
2.514992019702132
2.520778169780003
2.510279680610653
2.483810699536181
2.443998826649478
2.39412799888371
2.337323771874093
2.27652926995945
2.214343856546611
2.152596581753945
2.092195664827092
2.033385090353336
1.976166840345548
1.920653181585094
1.867250982735366
1.816676903703359
1.769842951118386
1.727666060706791
1.69086056124897
1.659770778043735
1.634288769390426
1.613877314937192
1.597685853349689
1.584718364022222
1.573999166184263
1.564692137006544
1.556157336963783
1.547960403100206
1.53986317886533
1.531812330292101
1.52392245333218
1.516441181851138
1.509690014556037
1.503988552288031
1.499582357638112
1.496599925678267
1.495056439489108
2.517500959666338
2.517232580835086
2.51677340893475
2.516169232848776
2.515428762195345
2.514510663829566
2.513369591660965
2.512002238298439
2.510382377168101
2.508262117449195
2.504989708499462
2.499588357666561
2.491214477109748
2.479789077524835
2.466334984721149
2.452691458986227
2.440794150258682
2.437511872423259
2.438847327353338
2.43848188963247
2.438459404183871
2.438279537862427
2.438268058816117
2.43763183725915
2.439323370522622
2.446810839201537
2.455767129253442
2.46125701657086
2.458082951919615
2.442444398087173
2.41297620248242
2.37052927128788
2.317302661569056
2.256023850267208
2.189424966728934
2.11998404584353
2.049710373112931
1.980018185495634
1.911803164346295
1.84568821971603
1.782311271716691
1.722546811286127
1.66760890085201
1.619024113296402
1.578486097283549
1.547621959954785
1.527719428947778
1.519477102836122
1.522840051378912
1.536966396308924
1.560338547035984
1.590991090644378
1.626791292537718
1.665699122391604
1.705956879650687
1.746189355917997
1.785408294372196
1.822918259652081
1.858141400826899
1.890413232836825
1.918825226452865
1.942186925889596
1.959149629834317
1.968480723363126
2.432649921840165
2.436342016488108
2.443011980625738
2.451861951103165
2.461655822886777
2.47093354345245
2.478450705736115
2.483613152837019
2.486596274382206
2.488007721177881
2.488240382561048
2.48692694315063
2.482977379076854
2.475351498501383
2.464052404528839
2.450443197442086
2.436561685147056
2.43240322579783
2.43396254782646
2.433725765346767
2.433922890326664
2.433783659186952
2.434649976548061
2.431814656897306
2.424807046127444
2.420920373131056
2.417397232119905
2.41101237400455
2.397906653991543
2.374583226556438
2.339144149820687
2.291719905554389
2.234003241448569
2.16842471432084
2.097476088358202
2.023389171250073
1.948046825758651
1.872972905906417
1.799373971668028
1.728253983345843
1.660591719171776
1.597536735000144
1.540569107827013
1.49157096302093
1.45276838604951
1.426526343498131
1.415019121455609
1.419842806871986
1.441665021399808
1.480009620732553
1.533249582039396
1.598828089508371
1.673651692500101
1.754536819048267
1.838579654528167
1.923364377180395
2.006984225632347
2.087883173787059
2.164558357155573
2.235221453610852
2.29756269250847
2.348762228169642
2.385818048029812
2.406129116404985
2.345556463703082
2.354827157609416
2.371475548224458
2.393355393332151
2.417260304471234
2.439563238946739
2.457233105154622
2.468730140812441
2.474377424684401
2.476037241073005
2.476088248042729
2.475995144232708
2.475249300011217
2.471647410506751
2.463072600583888
2.449383892476707
2.432509458108433
2.427100100216968
2.428994473397404
2.428946144301862
2.42943480882904
2.42939673521208
2.431160297703091
2.426003401119924
2.410315999065729
2.396512488939046
2.38287340054626
2.366371935774414
2.343231276947711
2.310380896403275
2.266574358779003
2.212434796309821
2.149726202255978
2.080540637110403
2.006829329266841
1.930306871523179
1.852533395518854
1.774983186088427
1.699043115223868
1.625993892822604
1.557045642801617
1.493457968267385
1.436720961345771
1.388731268524698
1.351875116494005
1.328937777665903
1.322805574762512
1.336002547519658
1.370172371738815
1.425644099824113
1.501211323608794
1.594220116892419
1.700980757322234
1.817392027551814
1.939541841153261
2.064056004559977
2.188128554857212
2.309297558976871
2.425044105982757
2.532335911659455
2.627319776638711
2.705412213253801
2.761889118057347
2.792800327577514
2.26060972221555
2.277518064661118
2.307624980306413
2.346579798911819
2.388254864520253
2.426207083847345
2.455279320363801
2.47267490508528
2.47848824802993
2.475721435832372
2.469426727587363
2.464624507763405
2.463505452566168
2.463729011824848
2.459901765144713
2.447943247902868
2.428296119847257
2.421542384131019
2.423761413928823
2.424092532502264
2.425029511904457
2.425279907575445
2.427910532260277
2.420389132500733
2.396808343275419
2.375481005343486
2.354400411085935
2.329132543145547
2.295402305212914
2.251373929578388
2.197769620113581
2.136543443994035
2.069605604198895
1.998320875930865
1.923653704810216
1.846537434920074
1.768148938639264
1.689966791686295
1.613644132971955
1.540809036484069
1.472917941640743
1.411248939422042
1.357056618117706
1.311840337462129
1.277618147700637
1.257064524875707
1.253387543732652
1.26991040028436
1.3094472674932
1.373637210900164
1.46240344820901
1.573710629968632
1.703803968417132
1.847954173708906
2.001374754686573
2.159803238693494
2.319525608659657
2.477043532958866
2.628601900002904
2.769681602726726
2.894708555386597
2.997324759002663
3.071288170546095
3.111640791633683
2.184083374019712
2.211252225559739
2.258835189787046
2.318730081454893
2.380851577022661
2.435893762739501
2.476890308336347
2.499697177200422
2.503492261169265
2.491504464352972
2.471123425667369
2.452190502845125
2.442846131979657
2.444266022773333
2.448476152401338
2.443575238458685
2.423767397270287
2.415691381964886
2.417983153622436
2.419095712424093
2.420765238045877
2.421690147795567
2.425038504826444
2.415340651580836
2.386207250253422
2.36120902803995
2.335044954741457
2.300417664936258
2.253893788325489
2.197108470033866
2.13391208114877
2.067369565351004
1.998686538334641
1.927738016507925
1.854104928749565
1.777872060485472
1.699961106940487
1.622063391468555
1.546322578151288
1.474921874743591
1.409718864867118
1.352049477068192
1.302777489657102
1.262595067857974
1.232494861005181
1.214248636853945
1.210666632683453
1.225444211331059
1.262574252076914
1.32548586568221
1.416112703082035
1.534096361218646
1.676563097418277
1.838750134270212
2.015206702797471
2.200789520400109
2.390774038632089
2.580298761745036
2.763826722421692
2.934742464414684
3.085441037548806
3.20808021404389
3.295680940538633
3.343149456266968
2.125242863760389
2.165966710883591
2.235038797731916
2.31808186021743
2.400690727243796
2.471923553019586
2.524000111497699
2.551535485182115
2.5521585167526
2.527971416316491
2.486839466409155
2.442426754109413
2.411129101601008
2.404216970016073
2.417730615633875
2.430346792100733
2.418907604970989
2.409572986066881
2.411156106902911
2.413839282050192
2.416738525626341
2.419063540006169
2.422714442821834
2.411612584210267
2.383040487153003
2.359682753787622
2.327823416846432
2.278946404822719
2.215585419015109
2.145802190421308
2.076090139957697
2.008629520984582
1.942276922652383
1.874706210013403
1.804086000375102
1.729900998518763
1.653098232656638
1.575825107421282
1.500944558205972
1.431443879289314
1.369845117628478
1.317750633102154
1.275666508571225
1.243202603714503
1.219656686155326
1.204874346021864
1.200125875078119
1.208589839268115
1.235095931308906
1.28515272440067
1.36358306116983
1.473095144520621
1.613405200283437
1.781140762862645
1.970710063208504
2.175849999469236
2.390426059435691
2.607597270508699
2.818931240512951
3.014399679384043
3.183860941789584
3.318944016644262
3.41373965869518
3.464534198416139
2.098506644813166
2.156347995919808
2.248828393010861
2.352784465869461
2.451672266581365
2.535293782812142
2.595638965402565
2.626178368473267
2.623269491523311
2.587299659915534
2.523853920392714
2.445830959044945
2.375058032571793
2.338079202716066
2.350042525378823
2.392123519933051
2.410754230691525
2.403077313517841
2.402276536513964
2.408093179545374
2.413111554574946
2.418147571136049
2.421279620397824
2.412071223438837
2.397824789524751
2.379056300090491
2.33200158882861
2.258420237737343
2.175134714001562
2.096406801341788
2.027176876560051
1.965299748209147
1.905943865172202
1.844669685169094
1.778798140863017
1.707710245386629
1.632655418025593
1.556353473590896
1.482467973878563
1.414949330502739
1.357269460807064
1.311659458295285
1.278558946957806
1.256511004148128
1.242654458778286
1.233840715729978
1.228253314258209
1.227042240612162
1.234982481958137
1.259563095758654
1.308945889005008
1.390364417571254
1.508887403452615
1.665583109188716
1.856251225078939
2.072822669018619
2.306387175486716
2.547111702485333
2.781638387158961
2.994335920231205
3.172141439627417
3.308204651212578
3.400818207949544
3.449764437971159
2.128085874671573
2.203737612841095
2.313369275950429
2.428034809624039
2.534989043815333
2.62498531822041
2.688111014785982
2.717326411145782
2.709921703050074
2.665835881831815
2.586577892949367
2.477795168579516
2.356254791587172
2.25733722637671
2.22920163693961
2.293165915147691
2.381815919204798
2.394692849090771
2.389507563728805
2.401423618208296
2.41016098135704
2.420118246446664
2.42195378396011
2.427488557318478
2.449958740595366
2.422453601162708
2.335920797085189
2.227090850408902
2.128804325366745
2.052196164162071
1.993370689941974
1.94355965139885
1.894827911617234
1.84190327427416
1.782234853967625
1.715573965904487
1.643555339006968
1.569336899033302
1.497200644379939
1.431986610354588
1.378272099256962
1.339324925777494
1.316051258920372
1.306333373521917
1.305143526881622
1.305630009345895
1.301281011478862
1.28905661209222
1.271916468877728
1.258522421781295
1.259791792076978
1.28879688101652
1.359606093330486
1.482710435424522
1.659286713165529
1.87922964812018
2.126949686299118
2.38729240585351
2.638427170710843
2.857143423161992
3.028788089231819
3.150939929144181
3.229493697992601
3.27053181975711
2.257999606072709
2.335682279965509
2.435597632094805
2.543029121795399
2.649933181647137
2.738716519412002
2.794973673313337
2.814706957603164
2.799984720697947
2.752499800952521
2.670302125382519
2.548733597031421
2.387419193302809
2.207087292166412
2.073352221839068
2.090876385427143
2.286864094162077
2.379575593765276
2.371419384909828
2.393594656571273
2.40820418196616
2.42580224551824
2.427942920364558
2.483161632259853
2.554723849381863
2.467644565306649
2.313001808602942
2.175883952197368
2.082267916813865
2.023607492489945
1.983639894788651
1.949307914389481
1.912472754005835
1.868863005774586
1.816864281606103
1.756761792228834
1.690381951257443
1.62093143599813
1.552836126250387
1.491400608192296
1.442116753037074
1.40950128615317
1.395542673826068
1.398224877457676
1.410917621688463
1.423197882650417
1.423173204869821
1.401393854431006
1.355937173837545
1.293557392062202
1.226397491691913
1.175514188570931
1.167357484276087
1.226671968450853
1.367507353336423
1.582699329606345
1.842960158248517
2.117800546349426
2.372117090262404
2.578144352136152
2.726198494435381
2.819922466609702
2.871869880056298
2.897775559177859
2.570500465899508
2.574894624286138
2.606470470699279
2.693631000159649
2.796570533176058
2.87138031490532
2.905440040329234
2.905322009204232
2.87962097671749
2.831878564217918
2.758952813610935
2.650159726776399
2.488152525731815
2.258925969415176
1.989019833439507
1.83005509842691
2.097018380808785
2.349337550237934
2.350820333861567
2.38572958451339
2.40742094227041
2.433887328339829
2.445527169798783
2.596434359287594
2.66266162094734
2.446786580602168
2.240717241905544
2.117582657155847
2.056375353977417
2.026098725592634
2.006283524204715
1.985976028341847
1.959946394879239
1.926016491905908
1.883670296276339
1.833519429291567
1.777205694228105
1.717463554808064
1.658178446350043
1.604308493623439
1.561496724562696
1.535124390371757
1.528569553690455
1.540836351818468
1.564717700784717
1.58729648731155
1.593104041953552
1.56621770506433
1.495782680067306
1.374801796781531
1.218580643066457
1.061507374170138
0.943295746506969
0.9027097701014773
0.9736980149519026
1.169877959304164
1.451288394266119
1.728969910415618
1.956254637386638
2.119744916140945
2.227836038962949
2.287215904513721
2.305128927683682
2.302851287304488
3.201043891978645
2.911300592424015
2.810321873064595
2.885238971559611
2.971708124319555
3.007341370330213
3.002492632109472
2.976345274189403
2.938397582723619
2.890999973513365
2.831882557593461
2.752176844446694
2.632854913435802
2.445086020485564
2.15988156336998
1.821636610947605
1.994826735806649
2.334286172053269
2.349388342307357
2.384251930689309
2.405649429223417
2.431635210605599
2.457291485997982
2.661553551114809
2.575956392861908
2.298196623673455
2.15583211002354
2.099682537166923
2.079892019730478
2.072136013700466
2.064918688565296
2.053396765763656
2.035971024668632
2.012295849822128
1.98252208264089
1.947209136366713
1.907450530315598
1.865032460283699
1.822574167257571
1.783607133206538
1.752505905853379
1.734064650297487
1.732257562684679
1.747616742606519
1.773773513551826
1.797249844436109
1.803706103531569
1.77793819113096
1.69562614386319
1.504164283040918
1.2412874636893
0.9598077112682604
0.7094149798938798
0.5372527845408432
0.4926032608089379
0.6283599639828323
0.9531234630749832
1.203499673431129
1.346026875477381
1.430775929412207
1.488040446367241
1.521528228305823
1.519305518597535
1.460042097068166
4.259386372873163
3.329638477143302
3.099583370038175
3.12717254518182
3.140629952977721
3.111499850863972
3.066793789460342
3.019689165118581
2.972241568507134
2.924107357336174
2.874782945950125
2.821230594810514
2.755077671937247
2.672434472029711
2.605998673257022
2.56431088890759
2.469488307127585
2.387502915191664
2.395254716536591
2.398548473208327
2.400027636974088
2.404004792105523
2.432503173192332
2.339938894351913
2.164760579176969
2.179138571982604
2.189446121298703
2.179889602845302
2.171300498356758
2.164939711293859
2.1577357956975
2.148678539767693
2.137967049742246
2.125901373988864
2.112691929996284
2.098572446595561
2.083900261151562
2.069213542123922
2.055270014946907
2.043073555472786
2.033889325334983
2.029239453937189
2.03063680437565
2.038433580321951
2.048586405227887
2.053564533183474
2.043274705337581
2.027818684201566
1.938005794011409
1.665063410585311
1.294623836603026
0.8847528285556159
0.4927492943163311
0.1771723997792078
-0.00741570645433539
-0.005244226103001395
0.3074157088209654
0.4909375420772285
0.4749936554030066
0.4619650447593561
0.4607869062023629
0.4777086113686094
0.5035927116692314
0.3683798312097709
3.695896611532379
3.407408982477803
3.308239585598233
3.245273075405027
3.189061183144356
3.133767092706592
3.080662763536643
3.029521963783623
2.979681474338002
2.930737437399733
2.882642027259558
2.835413046668193
2.78886695845029
2.743506576989451
2.707496235183273
2.67637403699879
2.591935277043787
2.473582432147145
2.435172532717156
2.409068678355009
2.389792982606873
2.368856716723539
2.348521725259342
2.253972527942667
2.215448993546004
2.221946523222148
2.222987602358279
2.216174698029579
2.207696855279476
2.198710710812088
2.189515350635129
2.180386486140623
2.171576264124792
2.163265653841867
2.155594540894294
2.148691107768352
2.142686590383418
2.137714809070602
2.133903563657898
2.131360955335058
2.130156318590935
2.130317879923966
2.131756420130326
2.134391039824738
2.136732674848098
2.140885447046347
2.132313461439666
2.161826586173424
2.115638077034641
1.82633303076997
1.382253395983213
0.8535847074756193
0.3184698444109065
-0.1340620420264278
-0.4135194683305373
-0.4221101502483602
-0.01328955037009522
0.2068875428906473
0.140708624992625
0.1418166641380111
0.1291556574252804
0.1185766790968518
0.1057321727964665
0.1088763978219972
3.401031550396866
3.307825653027952
3.256269444684705
3.208289553411177
3.164558379118589
3.118920424314766
3.071781189777716
3.023816385915864
2.975379839971704
2.92649569492246
2.876980773372819
2.826362009491783
2.773993303986864
2.719591776969086
2.666097803422399
2.61394375285088
2.549492943775336
2.479705388239691
2.440413596540741
2.408480321508318
2.383235493138159
2.358741402425911
2.336227217329617
2.288557852345796
2.252540202890378
2.235682707562315
2.222510947492506
2.210456447576127
2.199698068717903
2.189677075426736
2.1799459484424
2.170270343662507
2.160598251050924
2.150972467996429
2.141494057559421
2.132312245598956
2.123632659953079
2.115722507053257
2.108911442515208
2.103584277824659
2.100152578862755
2.099018507399919
2.100386853582336
2.104449343436845
2.109516970058171
2.11986150600619
2.109394612022363
2.182406148269922
2.230824672898958
1.984773249232402
1.508985471642436
0.8826254990003074
0.2160406161605974
-0.3539291398539648
-0.6805703241198237
-0.6173222432707673
-0.01617042009616725
0.289753642412298
0.2252264035615547
0.2443481132293329
0.2364091206327721
0.2223913972151193
0.1914944480087953
0.1855609108880397
3.325975426780502
3.286219341496599
3.254223314186729
3.210621256991673
3.166646133693177
3.120310557284105
3.072796082384843
3.024667571245003
2.976224108068946
2.927531985772138
2.878530841063447
2.829001883870229
2.778639852751329
2.727059920692584
2.674856345503509
2.620158081286495
2.555501091759802
2.487502382682943
2.441347003215809
2.403548062198205
2.373515784648915
2.3461391943778
2.320873572326728
2.286768678832575
2.259314649395836
2.242002315148025
2.228042228697028
2.215696859451374
2.204498041444408
2.193995259516993
2.183897539019033
2.174050105551655
2.164407266063725
2.154991637277539
2.145880439591572
2.137193964834369
2.129100959727038
2.12182158964657
2.115629219851149
2.110849679960764
2.107845211413449
2.10700896910892
2.108593530324348
2.113078357493368
2.118682937167408
2.132299547640877
2.112501719994519
2.194696281844066
2.337978760699766
2.155661130555859
1.671991203564338
0.9776188707241952
0.2137508994811775
-0.4469435007196764
-0.8119354014107434
-0.7018980544896808
-0.001886371807320213
0.2841189818071385
0.2035433494190066
0.2234763845434061
0.213228339468921
0.1963973583728222
0.162043164312857
0.1710011304768195
3.326028485410635
3.286285641285748
3.254304853591429
3.210718029469089
3.166760059043015
3.120452040075333
3.072984185053416
3.024933872043854
2.976619639061354
2.928138396934344
2.879478970552794
2.830506669895444
2.781044039947006
2.730710978170501
2.67972682370957
2.62388630071204
2.554275391692219
2.479360771202966
2.430852338970216
2.391260308427227
2.36068723055741
2.334241319000634
2.31047216090225
2.284269459933945
2.261936698207097
2.244920644688565
2.23050448862896
2.217755139101536
2.206157123019374
2.195302492881341
2.184919863899962
2.17484941611842
2.165020347928352
2.155425993494817
2.146120916904079
2.137205432813224
2.128831490118844
2.121208131592968
2.114609467919378
2.109384939226445
2.105962107218746
2.104876121678114
2.10661863602469
2.112161634143975
2.11990987287718
2.140092359343705
2.113270452616011
2.229231605264189
2.485366466165543
2.340094787908858
1.837521070474188
1.118081385947283
0.3302745286041792
-0.3772312181795713
-0.8122343757512557
-0.7430011923097749
-0.003389531743426811
0.2924049501874491
0.2115571245512564
0.2358354871578306
0.2256659530896624
0.2054969213464582
0.1645513774165723
0.1629272507414924
3.400723052705986
3.307514397567333
3.2559033961724
3.207912958326745
3.16418325371921
3.118575916315296
3.071523353625777
3.023745930449547
2.975672677016163
2.927454008346784
2.879126051985646
2.830593518885399
2.781760542363421
2.73239532873152
2.683836924541921
2.627494080376235
2.545497402112766
2.451412635064763
2.406190393128771
2.369344605830444
2.342174469956714
2.319340455679983
2.29898237436885
2.278479860031914
2.260248108252755
2.24486181120593
2.231238646502385
2.218880691055054
2.207412645822128
2.196546398166882
2.186081704284124
2.175895181073729
2.165926785470534
2.156160000162101
2.146633651104504
2.137425896807921
2.128662649012427
2.120527663140579
2.113278760295481
2.107274594998866
2.103006405941424
2.101182609416983
2.102655964254574
2.10915614720763
2.120169728812912
2.150118299363375
2.12216960337101
2.331608100190553
2.68821883127297
2.472970860049195
1.92148325594175
1.252287353154404
0.5646419467626125
-0.09552650874678267
-0.621563079452758
-0.7369466144165072
-0.05099351141401638
0.2934318065428853
0.2250294134168729
0.2549664513968803
0.245825334885099
0.221386803235846
0.1718572296368309
0.1439241244698934
3.697616464253658
3.409322067440742
3.310212647687833
3.247350459331681
3.191282470512755
3.136191823402203
3.083375188844734
3.032643011807376
2.983383627003448
2.935252417292791
2.888274152890916
2.842642709547226
2.798874138952948
2.759047846810637
2.733697088815286
2.704855411345296
2.608437237382739
2.427510533655118
2.377761827593194
2.342831645828272
2.320226418944857
2.302424170510123
2.286549000098758
2.270896714880319
2.256282012897624
2.242987234608465
2.23063389356378
2.219017792655814
2.207946714929608
2.197258453980832
2.186830806097436
2.176582070755272
2.166471485814322
2.15647970815224
2.146627729121493
2.136967331094576
2.127588279752501
2.118632500330287
2.110316797492929
2.102974034376862
2.097116721590602
2.093585321383583
2.093631670199452
2.099950842063348
2.11448506445524
2.156004806315938
2.151280397139149
2.541883037681188
2.832331116157055
2.393014552243022
1.831896339435992
1.328518326140955
0.8725215902214977
0.4080517982055517
-0.1143353323155595
-0.5548416401192133
-0.1982644205118518
0.2739389938730313
0.2531228170003106
0.2925545127621036
0.2882550638388376
0.2629049264849029
0.2036007285203082
0.1159789205460103
4.256049292459732
3.326713605632035
3.096793013706111
3.124264726538436
3.137479567256229
3.108073926735668
3.063120518495587
3.015882845502734
2.96855307337758
2.920981212302341
2.873132867644322
2.823994016676861
2.77222418422513
2.727780516007445
2.725851240948272
2.704236474202552
2.399379330397514
2.268713462978718
2.292902350423507
2.293246472712615
2.288314031134159
2.281375931361358
2.27244148614333
2.262011586450215
2.251050309262987
2.240095825197965
2.229258959085135
2.218596594957361
2.208094273239614
2.197711744299944
2.187407752341982
2.177145450618899
2.166903340270273
2.156666627616009
2.146433414286626
2.136221171527545
2.126067871932783
2.116045889920794
2.106284940628081
2.097014201837128
2.088636435111762
2.081899525631018
2.078098993619774
2.080205389823579
2.092014570415126
2.131154988682114
2.166451812812988
2.637986492565993
2.515123597529499
1.956160338464329
1.596182663679675
1.34852481222847
1.148984104330402
0.9736278028986495
0.7209518211119387
0.1617444697973727
-0.2345773374058291
0.2649722975553563
0.3156376429436617
0.3521143532999097
0.3440356516679824
0.3028232667866667
0.1848918892848094
-0.01700124988112298
3.169019851056201
2.879118659530498
2.777565277603703
2.851348982091271
2.936232794009937
2.970010479088709
2.96319706593715
2.935145924315408
2.895645063882621
2.847783291345379
2.791459642964474
2.723472259291423
2.635186443522584
2.503430466967125
2.26350243480822
1.843850807903475
1.781336220897305
2.18202219364381
2.210898499839623
2.246891489337912
2.258965078878562
2.262209026441642
2.259621560062826
2.253704612560488
2.245909934378329
2.237106126068019
2.22772332782625
2.218015012092338
2.208109946980662
2.198072258389065
2.187928507732535
2.177680880085213
2.167318753995177
2.156831396094443
2.14619199537894
2.135372943316838
2.124344483218592
2.113080327229176
2.101561230473313
2.089793056366463
2.077824708781353
2.06579527598061
2.053936137035522
2.042841355174586
2.032522646177865
2.026217138341428
2.04947445048066
1.8791198385918
1.487822153043648
1.446835502994958
1.431765091050275
1.359657141002241
1.28278391592956
1.252157842832379
1.320458260662681
1.299348062622099
0.6619407610193687
0.4487552224491224
0.4851400649148598
0.4815648348847012
0.4771516145060144
0.4809339429012806
0.4903030690308691
0.6416745726212826
2.484502488080226
2.488099808566016
2.518106528947225
2.602913325930114
2.702863624804774
2.774305176536463
2.804869271562512
2.801322615038571
2.772489777168321
2.722518864312975
2.649759040141884
2.545536096737695
2.390812211206045
2.155610933286003
1.831342421300615
1.566454094019206
1.86826338583537
2.201632769972376
2.194376031428561
2.231320911514869
2.244634392145564
2.250739929324657
2.250995677263384
2.247673786204332
2.241986597038435
2.234776777001592
2.226552363635466
2.21764731577626
2.208269743277838
2.198548465885936
2.188557868636344
2.17832943043482
2.167865657236002
2.15715123852685
2.146132377831016
2.134734911190099
2.122852785679559
2.110346732053674
2.097034059016884
2.082672296521396
2.06692258456391
2.049267903555766
2.028800462806731
2.003836724050246
1.970760813599875
1.920262312679381
1.850664839905964
1.619417785354157
1.491325134183451
1.449160711232952
1.413362513026785
1.360767294217555
1.305964374566511
1.256399386604413
1.229060654339615
1.179057014739431
1.014322210551324
0.7267233335292627
0.6495925374096901
0.6008336756659496
0.5808076107246186
0.5834575180113338
0.6137839140781521
0.7053554940366782
2.098117219387846
2.174624540180423
2.272315789314669
2.37654790397667
2.479466786389295
2.563768377722735
2.615333771412283
2.630317798142535
2.61069798905571
2.557665001657969
2.467719669937714
2.331809147290596
2.139819488839404
1.899914505678994
1.68366749904164
1.667373264489622
2.045352757515543
2.230940374878202
2.202679930358711
2.229524280931641
2.239224683753188
2.245005864931384
2.246138659045874
2.244093752895637
2.239654531813207
2.23349366958754
2.226080903603313
2.217762091847072
2.20878003965737
2.199301048366903
2.189430515136001
2.179220818820845
2.168684452126399
2.157795310561552
2.146475669397057
2.134606642163592
2.122015162893751
2.108463800928749
2.093637801855402
2.077118151798288
2.058342604723826
2.036539464751526
2.010603932417796
1.978876903211224
1.938981620128224
1.885220665966117
1.820155215276883
1.696137146457513
1.585301104160756
1.505387512207444
1.434961729381854
1.363347647215981
1.293207754559837
1.224879485639084
1.158568097840648
1.070534943901524
0.9319395280859941
0.7852558988339995
0.7201711574507362
0.6754620850995677
0.6564251805979157
0.6596318160380183
0.6893082884341312
0.747506531335914
1.879693494595414
1.95432050940895
2.061950592857671
2.173609348371197
2.276601418909367
2.361813841206416
2.419468379507015
2.442458534201081
2.427436109398743
2.37249263314108
2.275179766512553
2.134656238774157
1.961358768827159
1.794735861075183
1.715777880161352
1.819383224902235
2.133799141811606
2.242631712115193
2.214010463894473
2.232363570723595
2.238817144433322
2.243407268743514
2.244486033488613
2.242893069150899
2.239056648192845
2.233466603184266
2.226519749263488
2.218543976790128
2.209792965323285
2.200453784934816
2.190652307050457
2.180456334718991
2.169883994308582
2.158899919668568
2.147406241607456
2.135245561530021
2.122186026914141
2.107907605982468
2.091982753931396
2.073848916282491
2.052769089121506
2.027780087200763
1.997616027891935
1.960567523410965
1.914592000579715
1.85582269235432
1.78550393930694
1.686835793228173
1.592329305174088
1.512044349518281
1.437447414299001
1.36339149236654
1.29001010435978
1.216491696867768
1.141965692049458
1.056534827605601
0.949376171370118
0.8419869086849437
0.7756234458017403
0.7302280064176432
0.7094841669419968
0.7111298656329399
0.7383828802526091
0.7901605239536905
1.752047299363265
1.809822606663753
1.901933505835952
2.004837745599687
2.101561987932094
2.181493801089818
2.236234495418017
2.258759671471674
2.244455398219256
2.191714632355156
2.102919525583083
1.988037979903999
1.871039324558643
1.793615781229982
1.804819106607413
1.9331842297578
2.170313307408859
2.247867954268255
2.224366357153718
2.237033986766102
2.241344174653243
2.244748276297626
2.24544303067873
2.24385510178134
2.240182871546049
2.234779362533931
2.227982219427792
2.220102653729574
2.211401285765098
2.202081185490788
2.192284981512942
2.182093826654409
2.171530917721311
2.160555903945564
2.149057232649696
2.136849258839912
2.123656208312128
2.109095539244006
2.092656470529152
2.073674606797591
2.051304394388868
2.024493144207016
1.991968954413488
1.952207568203249
1.903662882663245
1.844114839406597
1.77440222575397
1.688702554817178
1.60223141953949
1.520701897206556
1.44180675793368
1.363597711745091
1.285694135037052
1.207166305420202
1.127221482425792
1.042391334101741
0.9504283613318144
0.863048494930147
0.800687901220949
0.7577160279485292
0.7369572642375282
0.7371845142236504
0.7602763822166814
0.8040004744863442
1.676023490203323
1.718728033020807
1.791013939322945
1.877500348016844
1.962417535373399
2.03329283528668
2.080928292866778
2.098872244200416
2.084099839406831
2.038461706213563
1.970434917491554
1.896864994190759
1.84286045498251
1.836092585220456
1.894474783851736
2.016909061137482
2.193390659656908
2.251597628257696
2.23347316912424
2.242563073522745
2.245706919443383
2.248253959326664
2.248547076711208
2.246751037293873
2.242948470095309
2.237422030447026
2.230488090921726
2.222461854454327
2.213620652471503
2.204187521237133
2.194323300601782
2.184123421683928
2.173618570696271
2.162769245267463
2.151458446331681
2.139484492027486
2.126543585912968
2.112209747824989
2.095910323102455
2.076900073032276
2.054239325869073
2.026785074748471
1.993216419497538
1.952083712759747
1.902073199710073
1.84186017948932
1.772146565634802
1.6916252802239
1.608222698811294
1.525778827147932
1.444368603412068
1.363364737640933
1.282310899386136
1.200440566788748
1.117284209226031
1.032115713135318
0.9460366122678117
0.8667353050609974
0.8059359563680841
0.7638467692714581
0.7428388884060553
0.7419280124050011
0.7609110366365317
0.7960069509798612
1.632214340879208
1.664754521151122
1.721619329730647
1.792779382824452
1.86531314709722
1.926610491691592
1.966710467888399
1.979688443718667
1.96493432058441
1.928442312869673
1.88333169515525
1.848381849465689
1.843465637848405
1.882177078036369
1.965277557205983
2.081115824433744
2.215173317084459
2.256117482286967
2.242054813318981
2.248816790352576
2.25166204714837
2.253842707742508
2.253884186026845
2.251773980366882
2.247584504443712
2.241612292444638
2.234213070836041
2.225744855470464
2.216523703842985
2.206803659806467
2.19676884917561
2.186531902753388
2.176135276979464
2.16554797666105
2.154658997922588
2.143267360353575
2.131062601862983
2.117599680784862
2.102267893493677
2.084257583545504
2.062532417608292
2.035820796468655
2.002653976823983
1.961463575682423
1.910870493883627
1.84984337791071
1.778969337183771
1.698861396382704
1.614888974823157
1.530509496706412
1.446724550237285
1.363310430106408
1.279579405135576
1.194577618387885
1.107768774432147
1.019403838681366
0.9320531581226645
0.8525840382937164
0.7900026454589095
0.7472551262506228
0.7265522401363249
0.7266118899259632
0.7443182137193159
0.7723935722409426
1.611209040810289
1.638457285389279
1.686925591038075
1.74897127171059
1.813557574351501
1.868543227390804
1.903742666690321
1.913619433817449
1.899243425802817
1.869282706345961
1.839171334938
1.827418109770033
1.849333974392838
1.910904409365152
2.006623785149509
2.121711285161398
2.23287546308216
2.261089863405362
2.249298348860743
2.255506977428826
2.258919408892328
2.261327393343713
2.261332745327259
2.258850744670572
2.254044316040456
2.247315360959765
2.239125183986975
2.229917716364784
2.220072334784423
2.209886329184231
2.199572489101063
2.189263500741854
2.179017767779606
2.168820131653346
2.158577055200381
2.148105324781026
2.137109657854244
2.125150684864277
2.111602815701079
2.09560513887255
2.076013797668848
2.051373147135382
2.019940628404277
1.979802706056759
1.929201670927499
1.866918282974456
1.793404943615163
1.710253168266438
1.622875213364829
1.535332626226737
1.449034074256286
1.363560761306146
1.277608891263343
1.189509678812794
1.098074486341746
1.003500786849273
0.9091937394866317
0.8231419783534142
0.7551708298907165
0.7101968780526299
0.6907818394900762
0.6952975439139444
0.7177627048557167
0.745303732449532
)
;

boundaryField
{
    inletLower
    {
        type            zeroGradient;
    }
    inletUpper
    {
        type            zeroGradient;
    }
    outletLower
    {
        type            fixedValue;
        value           uniform 0;
    }
    outletUpper
    {
        type            fixedValue;
        value           uniform 0;
    }
    sideWalls
    {
        type            zeroGradient;
    }
    topBottomWalls
    {
        type            zeroGradient;
    }
    frontAndBack
    {
        type            symmetry;
    }
}


// ************************************************************************* //
