/*--------------------------------*- C++ -*----------------------------------*\
| =========                 |                                                 |
| \\      /  F ield         | OpenFOAM: The Open Source CFD Toolbox           |
|  \\    /   O peration     | Version:  2506                                  |
|   \\  /    A nd           | Website:  www.openfoam.com                      |
|    \\/     M anipulation  |                                                 |
\*---------------------------------------------------------------------------*/
FoamFile
{
    version     2.0;
    format      ascii;
    arch        "LSB;label=32;scalar=64";
    class       volScalarField;
    location    "5000";
    object      p;
}
// * * * * * * * * * * * * * * * * * * * * * * * * * * * * * * * * * * * * * //

dimensions      [0 2 -2 0 0 0 0];

internalField   nonuniform List<scalar> 
4096
(
2.192450583483489
2.149250336284572
2.069079376728992
1.955743616669261
1.81447473909706
1.652642302321056
1.480461740969623
1.310698310315362
1.15739743002952
1.034261788962503
0.9531509456189741
0.9229524728231105
0.9489902830707905
1.032941432793004
1.17292247957983
1.363405624288837
1.595062407022801
1.854918772548081
2.126966001338188
2.393102120849403
2.634453123067201
2.833284873685205
2.975273146714957
3.05145064505089
3.059246965296682
3.002472406512507
2.890450801076831
2.736628517137651
2.556954127784825
2.368246915152148
2.186706767623914
2.026670803614798
1.899686221237092
1.813940920231082
1.774074148911407
1.781371220485866
1.834301289745665
1.929259014216098
2.061261774469018
2.224366512471916
2.411769351215673
2.615741874450515
2.827523942620982
3.037227578945913
3.233872742048356
3.405741023225654
3.541123138821572
3.629332470200289
3.66175710923442
3.632749231038438
3.540210134944041
3.385785853494249
3.174665720673117
2.915073505492649
2.617608745319358
2.294587415396808
1.959450900906434
1.626216408314657
1.308893701833201
1.020822767740407
0.7739736153376082
0.5783285923814527
0.441472530081701
0.3684404111176254
2.258867882035187
2.222766194383845
2.153636711491876
2.051042831237934
1.916296159293605
1.754677618848443
1.576171025538415
1.394546121542815
1.225787479465
1.086391834157778
0.9914962823349395
0.9528986290360106
0.9774395754830636
1.066344406693499
1.215636524567292
1.41701746107104
1.658579687001465
1.925373723674919
2.200097600570177
2.463875464489438
2.697726939984952
2.884834163129949
3.012780042815256
3.074941314899329
3.070820292226483
3.005533390563571
2.888775854654513
2.733524915963905
2.554667880161083
2.367683361372062
2.187460412897766
2.027309776981866
1.898202659087223
1.80825908504639
1.76249601607505
1.762841219402104
1.808424361042848
1.89613484268152
2.021321955160861
2.178347540804884
2.360733291704507
2.560995188303674
2.770452076817245
2.979094885402366
3.175708340180832
3.348387788439638
3.485360974101371
3.575912452613774
3.611285398399887
3.585497423074647
3.49597867858363
3.34391054789977
3.134184421215313
2.875000346210089
2.577223951695211
2.253654907091716
1.918309753444903
1.585728998828972
1.270258264424883
0.9852746310573033
0.7424220637309011
0.5510122009711974
0.4177390938047017
0.3467008462014965
2.383474252800763
2.361507607870597
2.313762798886167
2.231216687898497
2.108480050081174
1.947767106821875
1.758591949331516
1.556070040684903
1.359436326655783
1.19026569237618
1.069767696318999
1.015291355976638
1.036863072792952
1.135158069111121
1.302141118439969
1.523913150769185
1.783546717505706
2.062462559832706
2.340867611032102
2.598235465616634
2.815600526337574
2.978503843320263
3.078680276017574
3.114095715940935
3.088006297516527
3.007715070950284
2.883356561620632
2.726818040749602
2.550829847243203
2.36822428415761
2.191332155028326
2.031470931925665
1.89849129245604
1.800374577220541
1.742886637954246
1.72929636277922
1.760208460093554
1.833663121626603
1.945674029082717
2.091046598797383
2.263817799851272
2.456925085958005
2.661736240680115
2.867853242309268
3.063554378945522
3.236704354320498
3.375623244644497
3.469727751162318
3.51011755131459
3.490253938278232
3.406679819030573
3.259612409923714
3.053232693389144
2.795557274449254
2.497889577160887
2.173965531535205
1.838954375271585
1.508423811843502
1.197312920471423
0.9189542551820366
0.6842543501068767
0.5012027732356591
0.3748589411362946
0.3078389221943454
2.56467515091113
2.564747252665114
2.547832406049027
2.492354429323274
2.386276683276146
2.228829688414973
2.027788447913553
1.798864416710325
1.565452527973619
1.356194216941235
1.200539483647063
1.123452679784325
1.140006253101942
1.251141663631558
1.443353909000752
1.693959609989845
1.978189169764457
2.272344448840656
2.552318067247415
2.794780090392197
2.981954891792373
3.104629905087244
3.161690869380493
3.157863473178793
3.101340602126049
3.001937496411776
2.86984170443676
2.714898252430623
2.546351943696153
2.372920134165465
2.203013981497432
2.044914471555211
1.906760531823381
1.796299428788813
1.720430057806874
1.684587568040614
1.692008719038881
1.743041468446721
1.83499067246619
1.963020671605981
2.121489950976951
2.30381333489881
2.501093542856377
2.701983660077099
2.894024230421313
3.06513913370337
3.204240941901003
3.301295969742527
3.347489784446211
3.335709073760813
3.261282272405316
3.122860277679706
2.923235286883692
2.669784507289542
2.374244434354761
2.051740406125197
1.719274545301609
1.393999546522322
1.091589075661499
0.8249706892358987
0.6036289014450524
0.4335341151033492
0.3176037236402477
0.2566172695597701
2.807376192408173
2.834851056565454
2.850938558883657
2.823543894069396
2.738480747629283
2.590257523639417
2.380991631545078
2.125657105419853
1.852938210396914
1.600094195266506
1.405529063440437
1.301906478183172
1.310159141924653
1.433688733687853
1.654881951310331
1.940184271675924
2.253265226300429
2.563010788165354
2.836789721146704
3.04821305389988
3.184847335650721
3.24746267810323
3.245188740654015
3.190941684512448
3.098212259643947
2.978992506368166
2.842648979148575
2.695695850774392
2.542353115701719
2.385626231089128
2.228551828394393
2.075249312217484
1.931490367118765
1.804649724449721
1.70309931533147
1.635235010795739
1.608252233133115
1.62662419086775
1.690530595102182
1.795585152547075
1.935266254061138
2.10299594508132
2.288658300308275
2.479284489062213
2.662003568560619
2.825617107199978
2.960309221059005
3.057128143059057
3.107857615760451
3.105165893544551
3.043105203050227
2.91816860095601
2.730815505184937
2.486912221903361
2.198281073051879
1.881774794819342
1.55696060891923
1.243138834634036
0.9566255210435648
0.7091265337636151
0.5075910245943681
0.3552002617343175
0.2526681396248615
0.199263048856357
3.135160049092796
3.178620328235963
3.208719520797132
3.202868582889655
3.145786231530492
3.017128512316364
2.808540485076958
2.534873973625854
2.231262631782178
1.943548219176631
1.717600417252497
1.590604919725692
1.586364496558771
1.712651132212103
1.955635077907275
2.275657113225145
2.62091418498889
2.94246917395063
3.191655955489269
3.34503771825214
3.404371696252347
3.38533158891968
3.308814551244807
3.19598887525455
3.065124796969027
2.929458668548907
2.796251341475693
2.667181913670307
2.5398675693874
2.410057331385895
2.273993139273188
2.130461085499252
1.982101999732647
1.835677391981726
1.701281365197579
1.590867341553405
1.516593980560074
1.489020363360977
1.514372056119704
1.590889092252175
1.708725882808575
1.857861076263615
2.025129692451813
2.196477185185841
2.360560683236367
2.508062432800077
2.630660454627418
2.720920374228027
2.772079975458719
2.777440176104762
2.73018326392292
2.624375995728384
2.457227554172094
2.23187835347448
1.959339416054754
1.658081172167696
1.350703719620878
1.058950491374082
0.7992405919805968
0.5807236065669494
0.4063595056208449
0.275771224594242
0.1879599921514699
0.1423489048067456
3.611409137882994
3.598596173586031
3.588716505618972
3.599615765347963
3.581276457776909
3.481768966922694
3.28727603689543
3.016680203957623
2.709056965319577
2.414365336815482
2.18189967516419
2.047633185260852
2.029318140716219
2.134479887866843
2.367956319750377
2.708858506126318
3.095348693131343
3.412926509682106
3.600620830358177
3.658653991674299
3.612161580423976
3.492482921669521
3.331165806167845
3.156562006649839
2.990526656920291
2.846062728838314
2.726743969575317
2.627951971923766
2.539429025642379
2.448521947711559
2.343565171396308
2.216914539318674
2.067132589740538
1.899824919105817
1.726843216478887
1.564141842613095
1.42927973098455
1.339663151448992
1.310925330329689
1.3512591146842
1.449024470099775
1.574602970885377
1.710976161302532
1.848393981963797
1.981086636618221
2.101171987413008
2.200972533946167
2.275024746303526
2.319148929333557
2.328418851161068
2.296110154728852
2.214471189099502
2.077375119950358
1.884259319392558
1.643789597943945
1.374768747912171
1.102100101860185
0.8491673092106633
0.6311141952892666
0.4530216157896925
0.3128859454187835
0.2065902062367246
0.1321286323959524
0.09167062637973827
4.357456029356181
4.067054961575069
3.950718335628054
3.987681280929593
4.005603352967569
3.93288277760544
3.773378337329404
3.550195591101774
3.294631970349023
3.048792300080473
2.856757621998352
2.746961211110057
2.721230989473334
2.771437037048222
2.926387260619989
3.245519259638875
3.690645516525719
3.951456824581286
4.022193576002401
3.948400590606358
3.774312838400097
3.54240596230966
3.293101217310699
3.060502731994178
2.868031055593725
2.726297392727111
2.633518890412438
2.577804776782959
2.540551911726373
2.500421068189251
2.437449089605745
2.336828255834764
2.191907652770609
2.005913367758765
1.791766230253411
1.56968064744545
1.363268049244599
1.196341572815197
1.093035889839173
1.079525442547448
1.16677313611926
1.260607713728004
1.344245699740346
1.428119959145304
1.514240760318188
1.593006126562795
1.656491534378084
1.701962886661487
1.728403802019754
1.733332858901149
1.711569423594189
1.655751648552013
1.558542609715321
1.416437952577275
1.234154946157006
1.027105100151802
0.8183916917699181
0.6291323257450283
0.4704742507771161
0.3429901003808049
0.2411256922984474
0.1589625800333768
0.09480466076199938
0.05210685847770707
5.478192849539548
4.552359798472589
4.321719010555486
4.342116794761028
4.340479555678564
4.285597426080319
4.201924972739328
4.102728253027813
3.996030254770362
3.895473770917234
3.817828311815574
3.771933739864494
3.746221845987424
3.720841209431396
3.705899091262168
3.94369125568848
4.367131160605783
4.473753623117806
4.389734760340871
4.167068070030487
3.856226117969676
3.511151875619619
3.181213287248917
2.903650264668787
2.699783094170988
2.57496187219699
2.520787031838816
2.518226582907169
2.541203963308143
2.560746975999029
2.549411878264713
2.48534364609667
2.355626825775806
2.158907254929901
1.906765796644764
1.622656210060127
1.337719341096778
1.084728050008613
0.893837741178368
0.7969800269572256
0.8605204598438688
0.9166063667081198
0.9196840075426806
0.9315848290102425
0.9512565468619301
0.9702294009770672
0.98202972261537
0.9858764142005816
0.9818696132465807
0.9693322022156158
0.9465056335594961
0.910820503279325
0.8596307144961527
0.7914715044384774
0.7076292287207182
0.6126025847275804
0.5157355480887921
0.4248745851396554
0.34320279855862
0.2702277983133965
0.2033846968138018
0.1404254215187088
0.08575642327544494
0.03150426118548357
4.928817161204844
4.640342074665646
4.541944601191537
4.479424909485378
4.423837823996153
4.369472029310324
4.317751728441184
4.268359172737678
4.22087145331064
4.177971205706694
4.143724328533118
4.118385797739323
4.098399040764544
4.095687116395553
4.020781797685849
4.280132528829809
4.780140794360319
4.84384083172617
4.637526267426258
4.268725831256415
3.824752922583049
3.380358917829235
2.991940392824805
2.693743444141046
2.499386512628593
2.406053002096534
2.398636229536069
2.452722660127387
2.537411533650258
2.618943709962089
2.664850371185523
2.647684829256705
2.547909791267184
2.356720769921087
2.079500684868375
1.738445710158002
1.37191921809942
1.028927782064865
0.7621788902757324
0.6306097708362572
0.7197714933830469
0.7926294809080963
0.7732275738921521
0.7759267253887776
0.7741443456454042
0.7709731045544596
0.7642687308307395
0.7536227183043946
0.7385399740100933
0.7185893423823142
0.6933499444600355
0.6624470095921959
0.6256534649705382
0.5827776239129195
0.5344725548168
0.4804042953486762
0.4242235889249034
0.3678293571108525
0.3113694056203223
0.2547699997421061
0.1980588512621038
0.1410061641879394
0.08510887582683624
0.02812359236742155
4.62888014692723
4.535626897583967
4.483048275169598
4.432391200669389
4.383973941023531
4.331012821205613
4.273487309917165
4.211416296057228
4.145944977883661
4.084588483750598
4.037283089697342
4.004944018291864
3.985467649713443
3.998556661823344
3.927734134668235
4.265059257899541
4.920853659190901
4.999515280141167
4.700920006244011
4.203429386924471
3.650663491768867
3.143026865531865
2.736784791780169
2.453580659344343
2.29327197707701
2.243311357545127
2.283389057855447
2.387001877556623
2.523127941321682
2.658487852922158
2.760014975342179
2.797473582159213
2.745549528981983
2.585628487548644
2.310271833589834
1.931190042267599
1.488207540344124
1.051731219906521
0.7129591333143455
0.5694304253671711
0.7198056318044385
0.8284150548604766
0.8129644399889042
0.826694355673571
0.8325790241447755
0.8361376613074999
0.8351371523097779
0.8291734984577447
0.8176555029087759
0.7999786768405095
0.7753613166383224
0.7428748347504748
0.7017028142953927
0.6510403161093143
0.5919753612617504
0.5237621363772721
0.4542408634039374
0.3874307278852801
0.3234055417693554
0.2615960153851429
0.2016619199643734
0.1430178498833462
0.0858837334304425
0.02887803842993559
4.556439153879351
4.516748611300055
4.484395552347181
4.439688066294369
4.393707300584421
4.343848248628913
4.290526007467319
4.23095280347061
4.16256811962483
4.096640306488086
4.049811059484421
4.017854097182846
3.998490482049558
4.011712994232426
3.930313929248578
4.22665334949825
4.903676009987159
4.937009211285937
4.53505780904386
3.933261702471882
3.322438682153298
2.813564413693779
2.447060702047194
2.221538030873209
2.119299865246882
2.118961658398824
2.197109496496516
2.328996482406462
2.490517854687396
2.657488398836079
2.803059515547815
2.897564644969134
2.911255601933417
2.815311944757781
2.583522653651386
2.204757873938358
1.705628667374933
1.170116795306363
0.734878447527239
0.5482655678800862
0.7200149573033673
0.8199419489196567
0.7982321038073268
0.812483580869001
0.8174122597757723
0.8198878423101373
0.817819638045131
0.8111225359034829
0.7993727345864203
0.782100549793519
0.7586193123351322
0.7279876720591614
0.6891912902521423
0.6405695821603873
0.5832041438727321
0.5119957758606846
0.4413567213476612
0.3769807772845386
0.3162629935362027
0.2571013406716554
0.1991295092307322
0.1418379393160961
0.08527514191949534
0.02883351465142781
4.559056371023745
4.519190753577378
4.487136620291163
4.443401049179921
4.399238887210335
4.352201821101172
4.302494461405006
4.241475147594818
4.158221582135694
4.074328207893585
4.023683898787871
3.990134835113882
3.972460330306115
3.988092003269938
3.915539938185731
4.194711489546354
4.79564295658846
4.673864589092814
4.129478981046143
3.463053978176255
2.872126093120817
2.440343424156556
2.175147266423827
2.047642967143587
2.022339920634796
2.07070464228218
2.165731588054653
2.288345630424622
2.431103122780782
2.590928451750004
2.757061532622737
2.90409427181788
2.996666255578751
2.996511180394122
2.85586893276063
2.532773481095414
2.022798056824723
1.395080625014764
0.8158442447233697
0.5187698020258976
0.6978212891116962
0.8150145820868546
0.7939115197561234
0.8128003885231295
0.8199476098403964
0.8236848394751156
0.8224195257580994
0.8165198037424168
0.8058353175182966
0.7900488500111756
0.7684852343974227
0.7399923779155727
0.7030351470257057
0.6543969583237009
0.5954632171934431
0.510995242067374
0.4315992072182893
0.3675321874524092
0.3097646762733286
0.2527748200158907
0.1964271339304957
0.1403099700478042
0.08464119844753662
0.02902873214976097
4.634502595634041
4.540709512240272
4.488915024503148
4.441815539219336
4.400606496830004
4.359540353713232
4.318801066974221
4.256979082412382
4.145181561942585
4.02754822185673
3.97806581071898
3.946365592590257
3.933872904915584
3.953358681411823
3.902894090353253
4.181586827971352
4.594966348690353
4.200505120114734
3.518110300374106
2.877123761627312
2.401875259853812
2.1130206352203
1.98915155464365
1.985003346412069
2.048682780217734
2.136992792537821
2.21402104698517
2.274323085576866
2.33872380101174
2.4363782579271
2.585069191545567
2.772276672214023
2.950921664643327
3.065083667612195
3.046448661749199
2.831792958651791
2.385971520681049
1.726222377989189
0.9826335631250193
0.4712491787576434
0.6236102604763701
0.8022343668257708
0.788273360293392
0.8138448775785554
0.8240504307863584
0.8289876423146788
0.8283518652137328
0.8232118099746683
0.813863363683263
0.8002842391961889
0.7819753404312901
0.7578131969195536
0.725900102544657
0.6813140888336302
0.626469734181845
0.5174639552865958
0.4221070437590405
0.3591318967266914
0.3061409123523904
0.2512969333238147
0.1961237204206577
0.1406524219817854
0.08570307316630878
0.0301954204474624
4.943806062583572
4.656008579019903
4.558769815117523
4.499544331629441
4.449682184325502
4.407708770811318
4.389458067609223
4.354148283146082
4.214303421415352
3.978058027356047
3.919091182888089
3.886107971603238
3.879235760878584
3.903951950120523
3.901443817981443
4.220298786926854
4.217735639726618
3.506893858067746
2.837792975279821
2.3734568987331
2.089744443127899
1.957231313500835
1.963374435801476
2.079340239145186
2.242652856141189
2.347922793880271
2.354723483225349
2.29150525395735
2.214653733779876
2.185897967012405
2.260024110467103
2.460270077609814
2.732781203930537
2.951288847202583
3.03710409042542
2.945076006031444
2.644589152456044
2.095930223455243
1.301939120806787
0.5008584363326503
0.4739982034011995
0.773643651522178
0.7874682709337207
0.8210044575310887
0.8346011828417652
0.8400898547185441
0.8395243726337758
0.834849180901975
0.8268752597930566
0.815886849651001
0.8015564102548586
0.7827021019851261
0.7561399712446493
0.7135893878236358
0.6529071953805881
0.4415760275806099
0.328545431947219
0.2981911622624895
0.2730952106696664
0.2296404326763926
0.180914663255828
0.1297844666238178
0.07869825232415703
0.02581806528100449
5.476790217293082
4.545864255304332
4.313841484503155
4.338635630726586
4.35663422191166
4.375600046207161
4.472834443079989
4.487371287221712
3.927129539668247
3.743790107910125
3.779274076159849
3.784351427174817
3.794743044335283
3.822464474506032
3.881245891101969
4.165198487899067
3.480588870754062
2.77362457452561
2.430366094602291
2.253631333731243
2.155725749350831
2.122297015620226
2.178541985355097
2.367444811532402
2.641033357429647
2.702861025522733
2.574067130584816
2.335927354755968
2.071385302071262
1.86176837919096
1.789424174206956
1.93515061502861
2.313544171642774
2.580496885286685
2.68183151157912
2.663738827308175
2.535470946429053
2.250837844911128
1.725125157070797
0.8910744284250187
0.4293716724833033
0.7622222289100058
0.8138236542865697
0.8433158362011202
0.8547006730472035
0.857392471800932
0.8550576296422772
0.8499732879927143
0.8432575576101465
0.8356861789542788
0.8279176509741372
0.8208074310011809
0.8143651514097635
0.8122479874420808
0.8368483916086408
0.6822595524137733
0.3086503037463401
0.2966544672269503
0.3118264613221964
0.2673930401308476
0.2070642528303258
0.1475875634250265
0.09544054252585422
0.03932409100268271
4.264363908051188
3.961272551112854
3.837175572255698
3.885019451169162
3.953722625551963
3.987091073239077
3.917677598413642
3.545120013421187
3.184018293525903
3.583002003698434
3.630741303230759
3.670381886253077
3.682628027675693
3.682296765421524
3.733727741356987
3.487296618334539
2.806768290990014
2.768392862680282
2.824906253724074
2.82455214237215
2.802958113872806
2.7738497694293
2.749025473113038
2.928988328810987
3.215566899474647
3.132186317352186
2.830227518094058
2.398180980255369
1.928291692893982
1.517810396665093
1.257914766027055
1.236523979564867
1.617102241422334
1.844755585874232
1.820320622091304
1.788216313380084
1.753075561673312
1.702341423623239
1.660619579085271
1.572301444255311
1.061156029393637
0.8457145237684728
0.8974146864638362
0.8934084494889853
0.8882614004057815
0.8815196985273954
0.8742663599318435
0.8671058797490411
0.8606406239154943
0.855739546540356
0.8537438254328003
0.8576145235776594
0.8706583367350957
0.9105231442998841
0.9437898872818632
1.393584074461298
1.285849573450476
0.8298690795882251
0.5836583040204809
0.444095501917314
0.3392455096082183
0.2512292016368151
0.1791522052730459
0.1285416713340155
3.37832134395422
3.351583706002303
3.326401893968451
3.334958372144809
3.336030043472798
3.263083915924422
3.066602263112326
2.849621345244818
3.187702915386469
3.58142491321669
3.559886156439831
3.59250538969848
3.585602871000991
3.547957587920401
3.491461732811507
3.246794596432742
3.104163443515903
3.091643954502061
3.097429874696735
3.090387981729708
3.08067984185111
3.083501964911929
3.021082028103728
3.24601787019468
3.620474326156789
3.506153542669809
3.079705384541542
2.470468826684046
1.803743680621426
1.209450840130673
0.8164538070315085
0.7628646942033696
1.244578168148899
1.515384364855702
1.438203071475379
1.439132656069637
1.423771635597684
1.407346795614014
1.396802269425228
1.38047511574042
1.258282388041331
1.043591329028886
0.9930184494556249
0.9498463623460415
0.9247163410673063
0.906771847237237
0.8934856502641706
0.8833386158574823
0.8759289638335505
0.8715895034906564
0.8713205373625241
0.8776850720683718
0.8919139335916991
0.9333851533131541
0.9234493243270324
1.3041055284341
1.645036956311759
1.35834213455059
1.006662546450824
0.7449247802568578
0.5614408930747882
0.4288815021905621
0.3359642576910222
0.2844699325015105
2.74850631006146
2.776161907047506
2.781539328355636
2.749984171436147
2.673355803371385
2.547813326847769
2.439060205843755
2.569476780986177
3.277528655373239
3.59202629863566
3.521782281148765
3.545656039915766
3.53138254428205
3.494270450574998
3.438153766211024
3.302572713768056
3.166081325467396
3.091365048667697
3.049412633506097
3.021416154844488
3.004183518281773
3.015776032054135
2.950328236401581
3.258108960979957
3.814029558461135
3.758007255601489
3.275322315265736
2.540056588162246
1.722264915672743
0.9954813458159935
0.5406061300157883
0.5517531928978842
1.239258410705271
1.604438703892404
1.525697755114257
1.537590058575474
1.512896201143519
1.472202793490673
1.413580522626458
1.330918186907075
1.206089108080895
1.080940844644921
1.024743899879531
0.9786693717550734
0.9478327220275591
0.9250463616150613
0.9084248064988362
0.8962242005741996
0.8876967600567121
0.8828059088482738
0.8821609512279402
0.887459169393084
0.8973251726425613
0.9280439236851945
0.8914214327706367
1.114581083347585
1.577869820928528
1.576157931237797
1.3361720643853
1.058592009891455
0.8263735630801737
0.654691731477746
0.5406363145111296
0.4815043485773902
2.276461689724397
2.287826549812139
2.275960466060757
2.216810892534572
2.118296073924407
2.032727419237505
2.081727066633084
2.447707641047432
3.286269207703429
3.585485193486809
3.496684997573186
3.51516053818393
3.495966662753761
3.458736786166936
3.402155118639792
3.303744781299363
3.195068026491259
3.115952201488822
3.067766394661481
3.035964079648255
3.017250198143394
3.029836771091373
2.95154449949705
3.237003118375714
3.876786534385581
3.868450231616503
3.374065735148302
2.589706107012973
1.709557494551538
0.9255792587285581
0.4483160442882983
0.5004402129497161
1.269021539126353
1.602028316931017
1.509274294319674
1.522466747524617
1.49798704526333
1.4571438018797
1.397494708821824
1.30985178338277
1.202081454817134
1.105273168160655
1.045287260217769
0.9973091977312006
0.9627474177580854
0.9368641187564465
0.918230791640378
0.9047210744631525
0.8951810551196819
0.8892205173753561
0.8873430694091343
0.8907861172750716
0.89676117786939
0.918602441833702
0.879312018535447
1.026346040913856
1.444451302525525
1.585184030808614
1.494212432890404
1.289516264978023
1.070765827253978
0.8897651044575103
0.764810796330215
0.6994183696228483
1.9164447738443
1.907065505827573
1.876587217346998
1.817813006801772
1.753764031605608
1.752372699877176
1.924909780020042
2.397431837975844
3.266507094984317
3.575024884377481
3.481575004509559
3.497522970162025
3.478111179529805
3.445213309893049
3.395018038452747
3.31423553295682
3.204629226129822
3.107635260960689
3.053239356298507
3.017124979588671
2.998380302012541
3.013119204177765
2.937874551325412
3.214546924912301
3.856398587440262
3.829532260095251
3.337096704101728
2.598840493036042
1.784097679874158
1.036349368063209
0.5414574778266713
0.5499109816899955
1.29937446979078
1.617212365575778
1.529861889337984
1.545385526150928
1.521502287630602
1.476852070340324
1.41126243400879
1.302205012908942
1.186479986281441
1.103113808295903
1.048142049843357
1.003634968899046
0.9694635223634649
0.9430629789181948
0.9242268567849019
0.9102804086536318
0.8997346168410024
0.8920132495254774
0.8882326999299648
0.8898671503699715
0.8931559874547081
0.9090309192270148
0.8740633646247415
0.9925797836363685
1.340137254443568
1.513423266063253
1.520602904791815
1.40994073246298
1.249435876531049
1.094975099942192
0.9791114815003206
0.9159406117970679
1.660333349918655
1.645268231352838
1.618561183629523
1.591032759713833
1.593284227871344
1.680293600030536
1.925398041962613
2.413251285076163
3.240366175449497
3.577293119983368
3.495332060385818
3.510891834311201
3.493350598717523
3.464568123141271
3.420693924083773
3.343681911056192
3.203281502011382
3.068967282099749
3.015724683498223
2.979825709857495
2.965612730525982
2.984575321112021
2.925510530794881
3.204551274015587
3.742858212953366
3.59943269468187
3.127605408502122
2.549251898638049
1.945917606804533
1.352402966249185
0.8576340699400683
0.7105043931690161
1.317873598158251
1.63018340675308
1.563117148194476
1.582925620931733
1.564359610177128
1.520321845229259
1.455599113942674
1.304399119620093
1.154279182591374
1.075060487282868
1.02858781224909
0.9885519563638649
0.9554529343813595
0.9294194285859976
0.9130733504260645
0.9024372819336274
0.8945386237587756
0.8874707966755075
0.8833212883862166
0.884795458490927
0.8869481812754727
0.8990857277568174
0.8700028409978482
0.9681787832660009
1.251561028457633
1.416667384370023
1.473534579535357
1.4399914625446
1.350678236154471
1.245900126033999
1.15831498101889
1.107803668642483
1.514646067221818
1.508795601920015
1.507128518702839
1.529771197668764
1.6070362650903
1.775057081438433
2.069108476899941
2.527768849951308
3.222839740135345
3.510997571889891
3.429942125505192
3.434113194887147
3.422602731744971
3.41312693435526
3.415465464430354
3.399764351747495
3.24931587504092
3.009848623939726
2.959204851656646
2.923437388734877
2.916162534322971
2.941794484329145
2.925114142720145
3.248205430903872
3.454356002009437
3.119837636401413
2.759316502031671
2.448713360137259
2.152797570915481
1.833845579199328
1.447377477255459
1.070168423249007
1.278947878383265
1.629036188785849
1.611612159049877
1.638388623910106
1.62731635172793
1.582329770163978
1.51490434660453
1.236076432837117
1.066986425029743
1.046838117260988
1.047460926221229
1.026639023668569
1.002198363711877
0.9797894758215731
0.9655447777016548
0.9478702506019866
0.9177187780116929
0.8897680615301015
0.8775816135994308
0.8781091466958496
0.8793117818369669
0.8886459367501048
0.865906487844649
0.9412740049365994
1.163195146117578
1.310715075525557
1.391515881617885
1.411895221042839
1.386046336474902
1.336445955580745
1.287002994822079
1.256105796350305
1.484466949004344
1.495662422982561
1.528204452353076
1.603232934831849
1.746913536642277
1.983759751459523
2.329720942455883
2.793996682379161
3.431542648856133
3.748269692533539
3.743994938233821
3.716454519752098
3.694789829338283
3.694597526067037
3.752189208129613
3.714149417076388
3.016143403941828
2.764638534085019
2.825153279328543
2.826690557149857
2.838733710820137
2.87128516369834
2.916419323254857
3.226813778223568
2.804250679278329
2.463962385346127
2.386379788413266
2.351847777144385
2.30850055109556
2.280916521880742
2.203343322946892
1.81889045247747
1.305760472063742
1.635291161437215
1.68975523523572
1.725523824338853
1.737042349560503
1.735460497937529
1.78839143696648
1.518750535538902
0.7707461611140745
0.7689825198329934
0.8644561485484112
0.8590580849554931
0.8143293377617951
0.7777666898533595
0.7788864643642505
0.7996006746788513
0.8547231927899367
0.8725089730430566
0.8598531000869021
0.8663004643706456
0.8694461594150461
0.8775802500624894
0.8616161213564236
0.9132967434667842
1.075382148786963
1.203684203026296
1.296283703958093
1.352173978773392
1.374623802939376
1.373113341883983
1.361059660855469
1.350966508328864
1.565174124258792
1.593883707076815
1.658082693978048
1.775187866554528
1.965828928909225
2.250102392344481
2.647335574041606
3.174476795838398
3.795932458942522
4.186916892107075
4.335509409500561
4.344338148808785
4.273535654196115
4.120001865655276
3.795802722661735
3.092848638845763
2.362473554240747
2.621436746910697
2.690207690591642
2.719550253743118
2.733143277995719
2.739405128888142
2.776133347062751
2.610207000174962
2.090754257716741
2.143821517618096
2.274171857442343
2.315854179492721
2.323628491239368
2.372675199828562
2.518303345250493
2.571905607806376
1.971793670105254
1.787164518575668
1.835529465476969
1.845405574298022
1.862054059078703
1.897861447656031
1.9689521831109
2.306560350534788
1.597461177369029
0.9518545101025848
0.6888366290998289
0.5435106122781823
0.4269177906698804
0.3487314453651342
0.327677471274393
0.3838500099726439
0.6407600393150371
0.8275224038946054
0.8290570232239188
0.8494507159972384
0.858074211580127
0.8667105459219875
0.8573939327868882
0.8882437111794115
0.9967521771455493
1.105192397682907
1.201708165071516
1.279000627385259
1.333906710131027
1.367695371083725
1.385242341989451
1.392468258398792
1.740492736266637
1.782387944851923
1.868693633912501
2.011540648490365
2.225512040995742
2.524529501527906
2.916026600093844
3.382977135454929
3.849840528020494
4.191366373013358
4.350288989507856
4.322065083357127
4.118833763350949
3.722099295797429
3.103093986840413
2.40241243882958
2.321347683947891
2.602570540297884
2.6122888871568
2.639590415300616
2.639644328789011
2.616219723786324
2.572995729890323
2.375646834156457
2.281523692557251
2.284627609900408
2.306719185225007
2.310819543441054
2.310801379249799
2.315208146815172
2.338502053943297
2.339944808487783
2.234444558443237
2.018503966351628
1.97556487512699
1.952753576753955
1.954868528673612
1.988280815749623
1.993390914662295
2.335436552045109
2.352499430083942
1.732752855567754
1.16874050050007
0.7771223025203557
0.5184108946009351
0.3738348765189368
0.3549245656770093
0.4806175714496191
0.7131674214754555
0.8347579288993023
0.8303382617210406
0.8465444352795422
0.8534968104899205
0.8599646785281008
0.8549442147484022
0.8699280471965063
0.9358502029965104
1.024063078730489
1.117403504438899
1.204249745076217
1.27726745458508
1.332632420059536
1.369382334881256
1.388256523706343
1.984352870166049
2.033202726332904
2.129493725837734
2.27929323543462
2.488801108518093
2.75995384033397
3.082252167905186
3.422082477568257
3.722761124385451
3.928671684752441
3.98438090511044
3.8500318333318
3.512130140148316
2.990832946219465
2.395812252308986
2.027629946090765
2.362543461224213
2.601932922970864
2.562560293889417
2.585727487543856
2.58180215735315
2.561999784988083
2.528907191785673
2.437504925306713
2.35802861389666
2.329395671135523
2.322686615838736
2.316114484949545
2.309294798726798
2.302623913033713
2.295071200343743
2.262408325295408
2.173116924407915
2.073571872920155
2.040447779141415
2.02130174573904
2.018705176052278
2.046215415840881
1.998774646208446
2.26963819135023
2.710342876921346
2.428100520136166
1.874275475063507
1.341369457565501
0.9379657066320687
0.6942893158276514
0.6210172687107114
0.698527989129607
0.8143662074398403
0.8446696753077421
0.8395091963288079
0.8478042627198739
0.8519269569257922
0.8559671477694255
0.8535279376566351
0.8587572841772284
0.8957269117733243
0.9646825122268454
1.048860855652039
1.135261436565269
1.214262207174921
1.279026814621282
1.325067732105799
1.349850301187903
2.264204132062755
2.313851095271248
2.408280216528061
2.546736063600604
2.72543706121183
2.933927759089447
3.150934559982807
3.343837671497812
3.47581431385487
3.512718113583203
3.416720816338461
3.158892324964662
2.744817807984688
2.24650211911276
1.834770455495937
1.773738419185098
2.331130425287581
2.585800143103249
2.520537018873263
2.542451237622018
2.535333705100292
2.516684430140889
2.485797641719052
2.428401821345417
2.376254345705318
2.348172438263336
2.332077381140616
2.318252564034934
2.304999965795131
2.290856747847898
2.27386896199863
2.243502572090275
2.186939875721452
2.125993707931709
2.095013969174277
2.076949374643938
2.070605443702049
2.095449868226843
2.023143557904496
2.29819238782664
2.93348073740427
2.930202337491407
2.531701797422617
1.997012522380326
1.504437749323861
1.143900453030342
0.9430307610143965
0.8753249377935062
0.8572734715480206
0.8451335895223863
0.8467804957498879
0.8494946696575898
0.8517097713656628
0.853910054661792
0.8527830851285905
0.8533457022369103
0.8737104102017262
0.9260164148146099
0.9972923926305139
1.075754294790191
1.151363056146356
1.215971067601089
1.263367726987327
1.289379567216262
2.544630233017058
2.59021806283257
2.67354371157933
2.787093658007519
2.918069351116944
3.047372763273744
3.150106672214409
3.199073631760256
3.169646119222281
3.041437276514901
2.799472602747619
2.445246813589007
2.018404421278593
1.618185157385353
1.404797708228642
1.566515078073844
2.277111243362727
2.568732785037213
2.487102825825131
2.510457666607541
2.503102006210699
2.488034131595777
2.46277593138328
2.423717376275507
2.38596441192504
2.358806567747604
2.338276755619289
2.320173490125443
2.302815257170668
2.284489895189513
2.263412655083383
2.235156822434083
2.195629873248032
2.155410995182809
2.130604056913847
2.116421917031135
2.10976826678493
2.135234710102949
2.048644403696416
2.35645105332172
3.1130516908038
3.290219365172494
3.051197654277551
2.583168955361602
2.056230694070849
1.586773392412783
1.230874231095201
0.9965883909186511
0.8690316828934652
0.8425009248243928
0.8513467446000164
0.8507714822760251
0.8519801746500288
0.8530356814211792
0.852430767343559
0.8517106568012213
0.8642702178783456
0.9033879208044403
0.9605387281703004
1.02654772460363
1.092468691713274
1.150294294667321
1.193487546057678
1.217436531391353
2.791117602527542
2.830007945422127
2.897641887149797
2.980960605151576
3.060678135462306
3.112866436020897
3.112113031366967
3.035871429281294
2.868362701753736
2.603535508792721
2.24989669156289
1.83886769085584
1.435179204427959
1.141298946271956
1.086782817918796
1.407046784595443
2.233433015380298
2.554988855454727
2.461895716235504
2.487291975582162
2.48041949573435
2.468273690372982
2.447413410794969
2.418326719359452
2.388602189891804
2.36324011834638
2.341350652316423
2.321215174469291
2.301701686096763
2.281574019248805
2.259672172555184
2.234250575413128
2.204427279706589
2.175689188071736
2.155884940527918
2.14496502821116
2.138903194032882
2.165858202806494
2.0699441148386
2.403256066777643
3.247714430909181
3.543625411644841
3.42367099644635
3.027336333813383
2.494040596412334
1.941147730907127
1.451463312715156
1.080081808001697
0.8741457676580742
0.8399532412723546
0.8541641559974529
0.8516940687650318
0.8524041509515138
0.8528248815794027
0.8523084217226664
0.8520278796752633
0.8618374988479874
0.8910506845437157
0.9347033361912752
0.9864606570292954
1.039323905049291
1.08648797270083
1.122119739519647
1.141998228772543
2.973833667321756
3.006107758707827
3.059060639203867
3.115938142021532
3.153578356095049
3.145632315302708
3.066882787364663
2.898048836151696
2.630484609863464
2.270960933317223
1.846738291894803
1.409528046213183
1.036051261654776
0.8228030198572274
0.8757509780878865
1.301470083479379
2.205863563374997
2.545685831542265
2.445231159567324
2.472333830104181
2.466087286878436
2.456021951889652
2.438118217256362
2.414313424078161
2.388869900093745
2.364942347000444
2.342767882842515
2.321753042046143
2.301244887411207
2.280472413296784
2.258776344758722
2.235582840733877
2.211132420266695
2.188692128432905
2.172429002758296
2.163950820855904
2.158715562429411
2.186952794420398
2.085660161582008
2.432046953553257
3.331229140761372
3.701956790096064
3.657113783125758
3.310719114534224
2.778876051418042
2.173284271600615
1.594652562642034
1.133791823799732
0.8783767836748668
0.838422530750447
0.8559463790464037
0.8523789824516885
0.8528187602338541
0.852911420021898
0.8522999005706033
0.853006732312948
0.8622552540266768
0.8840219803939999
0.9156718654141811
0.9532744950700203
0.9920031151659687
1.026839437074569
1.053314269195051
1.068132526263589
3.070929074226126
3.099154891715528
3.143351175207841
3.184978147108896
3.19911555664517
3.158394013366586
3.03776037921704
2.819706143342744
2.499833477614282
2.092485926559645
1.635086525294546
1.188866859776723
0.8344266244318504
0.6633906320589131
0.7704195141567068
1.249367245747071
2.192634053852231
2.540925572813832
2.436886216365561
2.464904230488217
2.459029511127484
2.450004908947962
2.433538774712995
2.412017616150999
2.388454057909968
2.365293379827629
2.343141481097356
2.32185072075657
2.301023759095019
2.280169647665461
2.258906738800095
2.237114180030646
2.215374285854448
2.196023835283263
2.181763170159395
2.17470024511762
2.17007165878635
2.198887193940291
2.095721365446056
2.445485078742441
3.365386784802876
3.769946518428438
3.759583885874336
3.436576262064783
2.906303077172618
2.277153959050464
1.658248088699354
1.157422382845853
0.8806339908188401
0.8380646182677343
0.856912373838975
0.8528392647016136
0.8531140860134959
0.8530485149497452
0.8523192666286874
0.8539168226231602
0.8630040375737035
0.8787977059047799
0.9000093460080898
0.9244936117344649
0.9494333709163532
0.9717760132905846
0.988733415178527
0.998220774858313
3.070885759897129
3.099110254465244
3.143303649771265
3.184925226182277
3.199052986456686
3.158314749726546
3.037653479056401
2.819556042366298
2.499620419223274
2.092188479045723
1.634686868073832
1.188358622184658
0.8338237393921361
0.6627347580853856
0.7697839991089185
1.248857257103796
2.192384181748114
2.540775781938124
2.436704224148327
2.464721023972339
2.458831221873838
2.449784931491178
2.433290108044649
2.411734155822492
2.388134040846643
2.364944548720012
2.342782922571447
2.321526731730063
2.300785777188278
2.280097200962278
2.259156482026667
2.237870468627638
2.216825765511457
2.198206928619847
2.184505758638897
2.177826477377002
2.173437045966951
2.201996507474661
2.100128879295256
2.445582023372562
3.353615837093645
3.751192391471238
3.73705490819359
3.412569947182003
2.882877992284082
2.256625132586557
1.64319197395482
1.149670238522318
0.8797511326006093
0.8389351289798217
0.8571231618781162
0.853066386142176
0.8532234172224862
0.8530864652665043
0.8523044095173253
0.8544267137460417
0.8628253668686594
0.8732695216482965
0.8851980691557554
0.8977493846084709
0.9098478740038594
0.9203419415750163
0.9281656233770095
0.9325053115967946
2.973701566366235
3.005971403159756
3.058915155320491
3.1157760574237
3.153387423443875
3.145392692098013
3.066563994297784
2.897607627725467
2.629865756480211
2.270103523117192
1.845589791079824
1.408066283001899
1.03431083723927
0.8208993151475297
0.8738949230913663
1.299971272439857
2.205125179853824
2.545241721029003
2.444692668739318
2.471791398976547
2.46549991159597
2.455369369304018
2.437379031051976
2.413466939457284
2.387907636168147
2.363884521963233
2.341660743850007
2.320692199440979
2.30040090011855
2.28011990369271
2.259357855546878
2.237711554981516
2.215469465357133
2.195367967854534
2.180834122408769
2.173532207749734
2.169001153631671
2.196477579484745
2.09895796748064
2.43276955145148
3.297155818520215
3.647434402504108
3.592398333773721
3.243352140001582
2.714427523427603
2.116848311962157
1.552306009054301
1.11110302605294
0.8756305050186879
0.8410737969507071
0.8566644187409154
0.8530769860655102
0.8531257275220149
0.8529522931777055
0.8522154116921012
0.8544357413150446
0.8612371945451103
0.866277238016925
0.869418810976735
0.8708652461042229
0.8711052116234855
0.8707133244880386
0.8701760775852568
0.8698139935556797
2.790890647798511
2.829773079591452
2.897390487396443
2.980680387038642
3.060350226862723
3.112461617090298
3.111587572999223
3.03516381253642
2.867393667889469
2.602215037435332
2.248141863103803
1.836633804396629
1.432501968219977
1.138339039977829
1.083860114218356
1.404655490785145
2.232240205484727
2.554265593704132
2.461022967119788
2.486411936002218
2.479466075732924
2.467211413901323
2.446204966994366
2.416927204162999
2.386983031337316
2.361423549936998
2.339386143582258
2.319231386130787
2.299948502467517
2.280504181534349
2.260042086501226
2.237277502457076
2.211580562413801
2.187275945876129
2.17051244735033
2.161627061561502
2.156685826025215
2.182361411953197
2.092382757064406
2.406140645836805
3.194747145596989
3.4577891807589
3.324711668095171
2.930069201559634
2.406043955976862
1.86526295120783
1.391812532070974
1.044794171762806
0.8689495618036498
0.8444367907833453
0.8556523804630894
0.8528788751589131
0.8528066081408312
0.8526034627428508
0.8520197200738114
0.8539856588334064
0.8581326039007977
0.857042003814933
0.8510985083749532
0.8417191782433708
0.8309047690647478
0.8206960297140687
0.8127857283305958
0.8083280958138563
2.54429955844068
2.589875012704066
2.67317545044719
2.786683369348126
2.917593343254424
3.04679686092066
3.14938212514566
3.198133414229203
3.168403562584032
3.03979046115022
2.797319463612717
2.442516571290539
2.015108810559985
1.61448530960377
1.401070789223855
1.56339928803208
2.275520838427118
2.567753800102708
2.485931977899678
2.509274953156962
2.501820019115705
2.486598257898227
2.46113213338979
2.421774388678746
2.383650286691303
2.356133575870905
2.335258804935409
2.316925979018305
2.299597073929403
2.281851169837375
2.262431160887554
2.238025214482377
2.205450823688866
2.172816887136557
2.152541029266654
2.14131976689156
2.136055454333829
2.159583710166182
2.080664274226394
2.364274423328653
3.045233505154451
3.178861805158974
2.930265264793354
2.476775260229081
1.972351921714842
1.520697580667429
1.175845218117362
0.9565536493643504
0.8606872158744352
0.8490222649139404
0.8543955730099402
0.8526169565042779
0.8523817035491529
0.8521028573528224
0.8517532766156846
0.8532682772464636
0.8533564001145376
0.8445138818470628
0.8284156968076641
0.8081033476773999
0.7869970163933007
0.7681912461070058
0.7540879722657872
0.7462687797804001
2.263759673976062
2.313389327222481
2.40778390946773
2.54618434693561
2.724803238806638
2.933176845417039
3.150020510860712
3.342700491136375
3.47437777566772
3.510890094062797
3.414400466633651
3.15599114457387
2.741305690464706
2.242488126424315
1.830611860668287
1.770144999129556
2.329224678566951
2.584596453808237
2.519118540705915
2.541016817603779
2.533782402470692
2.514944419815341
2.483808264152786
2.425997593073836
2.373294421640729
2.344671793353289
2.327971810326154
2.31357435816022
2.299855998863226
2.285641032253203
2.269734108503329
2.244217722732396
2.199076669447186
2.150847962963408
2.12596490702173
2.111802191756749
2.10677484571287
2.128550941792614
2.064952237317938
2.311751371780082
2.851812575941691
2.802147711182257
2.407701606610213
1.907079527887148
1.456516611823592
1.126965431594514
0.9328975953911604
0.8551444701982478
0.8494533005237871
0.8539631924987097
0.8525158239726967
0.8517101115413312
0.8514144474076465
0.8511321231699994
0.8512497473330989
0.8523154067700487
0.8458731676593871
0.8266676572671923
0.7990058819691086
0.7677902492337584
0.737478127733764
0.7116132794431109
0.6927264924627543
0.6824000856470311
1.983785143725653
2.032612947826953
2.128860619826819
2.278592659426203
2.488004960718159
2.759029322871263
3.081161229624548
3.420781041054097
3.721197548444146
3.926784231074353
3.982095982042943
3.847267663085705
3.508820054838252
2.986995163448194
2.391689715589206
2.023886883014516
2.360437484673988
2.600540313565854
2.560952493535055
2.58409757071427
2.580044175575979
2.560015201327091
2.526634654891724
2.434605224000474
2.354192233492474
2.324650515685186
2.316780220176705
2.308837083102475
2.300266986239096
2.291622412712777
2.283071139083963
2.256591532571632
2.187417859763156
2.110293042968456
2.084014744796129
2.069149889698508
2.066887986168366
2.089054764871722
2.048880539555787
2.275603093763952
2.612834800837653
2.306917628572063
1.779033757404268
1.294849124108299
0.9513722163234368
0.7631537677057465
0.7123581314219625
0.7576511844888804
0.8321482742833783
0.861235162917487
0.8543095766633901
0.8535009393124766
0.8523549434559509
0.851184844486274
0.8511824539291344
0.8495768918696722
0.8324998504479417
0.8001564613312243
0.7601693092238037
0.7189164160466253
0.6811661311308925
0.6502125438022045
0.6281764768852218
0.6162899417131726
1.739794542136999
1.781663882614977
1.867919343442396
2.010689892418394
2.224556724827154
2.523440682061018
2.914776326116661
3.381540491032943
3.848196676786436
4.189496395198577
4.348167229173614
4.319647302186395
4.116051667272151
3.718888297535187
3.099510332301708
2.398909439399088
2.319185548171414
2.601035770842874
2.610562828248926
2.637840819835475
2.637785746930203
2.614157056545015
2.570840710108028
2.372957667381059
2.278039942755782
2.280830678710345
2.302235992593276
2.305554044325738
2.30430723756977
2.306011076536545
2.322966949474531
2.323317582314326
2.237980567401741
2.068971948618654
2.034175580251663
2.01643711804185
2.017415432974267
2.04199180782501
2.044534761848143
2.297794872366695
2.264282120279183
1.678781173147709
1.148645504048478
0.7992332129022479
0.6062336728202065
0.5419909844785601
0.5887004219344462
0.7077839022779149
0.8217724535612351
0.8433593710581708
0.8352484214380559
0.8389064995610001
0.8423107159555037
0.8449222212051675
0.8478387409495667
0.8392997756296802
0.807842798824209
0.761071510308161
0.7096968400128298
0.6605859116288714
0.6179483493390875
0.5842390671773274
0.560806199844479
0.5483279979328944
1.564341965672152
1.593023305317732
1.657168039886639
1.774192191396395
1.964725552095777
2.248866948778305
2.645949673610882
3.172932504100858
3.794236271450712
4.185092349644172
4.333579924220885
4.342307402573056
4.271374790552765
4.117631740787484
3.793123831685283
3.089969506348337
2.360314932510772
2.619764991897726
2.688413947271014
2.717740807130442
2.73125960111591
2.737382167030635
2.774475680578846
2.606856684748359
2.083827505304256
2.134241219726523
2.26129643702143
2.298900844818492
2.298173997173293
2.324819394894114
2.428655433782901
2.469922515980932
2.02973112465481
1.890933861441098
1.925518457163309
1.933762451282433
1.946065039206608
1.971103167814144
2.024622184288043
2.25010228342726
1.6450110754304
1.058862199415602
0.7895774674006792
0.661837930130729
0.6028027107434279
0.5997042043270109
0.6619493860400508
0.7990040318372295
0.9422194373009884
0.9224274247496732
0.8806988562215339
0.8642119762405103
0.8600815449453516
0.856472059736843
0.8462080973349744
0.8166971903983514
0.7668070899229792
0.7067730712796046
0.6470367473960752
0.5934436283813953
0.5489633171917494
0.5149110329430996
0.4917443638705307
0.4795527879514946
1.483502044649932
1.494668392071132
1.52715520248612
1.602102950121129
1.745679111244596
1.982401495446561
2.328228016590824
2.792372707152358
3.429811560957523
3.746481066868207
3.742193299526115
3.714654583638392
3.692993257291985
3.692769410984519
3.750234124852166
3.712056380987647
3.014262890801054
2.762888354141053
2.823332259841563
2.824830073997271
2.836767658741922
2.869119286620883
2.914270636887073
3.223051571796998
2.794971060069644
2.448105150380762
2.364854870301784
2.322973742264212
2.264680187754046
2.211243873402811
2.120384622866213
1.81287471212189
1.477415816985105
1.768730261807567
1.81061104870516
1.841981175419744
1.852920215471236
1.85291081552847
1.898695976596528
1.684263044092322
1.096748449141968
1.07028008032407
1.124542121103704
1.127614523073595
1.112928021449555
1.093292712581946
1.071021133388684
1.189332917365078
1.347657509240416
1.258003601199252
1.136790030813355
1.040816018902337
0.9687457851996278
0.9077250645890879
0.8477076965930305
0.7813957329046676
0.7093084239645635
0.6384850622099022
0.5743451694061008
0.5199651006553977
0.4765496422755626
0.4442158548773004
0.4226221341582737
0.4113735312695985
1.513554777509343
1.50767532960395
1.505954326807193
1.528520468573581
1.605689935370576
1.773601404197589
2.067537978186184
2.526090829329615
3.221080097739008
3.509213786331539
3.428166738132131
3.432341933419893
3.420837486883427
3.41136436886693
3.413691586686936
3.397967681197408
3.247605703072452
3.008098950292049
2.957408443552605
2.92161170436267
2.9142688251241
2.939861013964363
2.923003007264123
3.246012867716003
3.451897674891686
3.119118134506908
2.765681487756146
2.466872808719597
2.187080573366868
1.896321658184513
1.569710290066013
1.281386645835965
1.47558834112932
1.766036588527234
1.753454887233395
1.777485420788007
1.771475123562696
1.739391171574676
1.692383563309184
1.48540474760341
1.360938858826162
1.350765815961346
1.355592431504175
1.348882313937134
1.339566762636369
1.340713924445385
1.287639678914564
1.460645468232024
1.745879928806819
1.692951622254755
1.517869006816792
1.319799115702849
1.136856132349696
0.97961661213609
0.8474058277600289
0.7359015954853029
0.6413845140848571
0.5620486226531554
0.4967073714661683
0.4443616505920707
0.4040053098017504
0.3746196658613082
0.3552760344658017
0.3452771192478418
1.659126806715597
1.644033078587841
1.617274178310765
1.589675203972638
1.591843025202424
1.678761624005809
1.92377451927541
2.411543035785713
3.238590383182883
3.575500269165346
3.493543054414431
3.509099809494669
3.491555674004429
3.462766288895287
3.41888049975549
3.341858072788976
3.201501615872611
3.067192450458959
3.013938518767055
2.978033395947473
2.963775128122293
2.982845034622758
2.923144734414887
3.203492051176109
3.749798598835204
3.624515027875139
3.184287412679399
2.652638527386045
2.112625375336035
1.599319623380893
1.187652743268507
1.068970749332121
1.532510280090785
1.770610831350125
1.720912550884977
1.737796540761622
1.725463939714301
1.693505549132515
1.645802772133588
1.530256488192515
1.412920448930688
1.350142251987898
1.315391240473157
1.292502861352278
1.278599094992336
1.289273412981447
1.232769286976322
1.491400493830667
1.982675741642171
2.03641987630332
1.852620116292977
1.572540889346715
1.284648988995586
1.034165708062899
0.8350279991371475
0.6838153009873876
0.5706904156398487
0.4856728537752628
0.4211348261202342
0.3720145034740583
0.335189930350185
0.3087549972509306
0.2914858969713903
0.282593055211643
1.915137339138005
1.905729391997963
1.87520062482299
1.816361100087852
1.752240004441964
1.750776964362949
1.923247292407724
2.395708604675848
3.264728080212659
3.573231357108663
3.479786413609453
3.495733268989448
3.476321665629688
3.443423056333209
3.393227132991269
3.312445270369944
3.202861957666041
3.105875332115605
3.051479466605524
3.015376254198298
2.996597254482471
3.011572961828991
2.935139745045314
3.214064930845701
3.873202457389485
3.884245410263916
3.45208224715398
2.79668626588195
2.083471416344936
1.440484663479788
1.015148408712363
0.9919569757703731
1.532216766505079
1.762568273508505
1.699341833498151
1.711813532043596
1.695367492362808
1.663227459278831
1.614942207290748
1.531095441316715
1.438571057940243
1.371794469238568
1.331312751233506
1.304947279812906
1.289649629685351
1.301894981472821
1.232302803132557
1.482536505575353
2.083745259295466
2.214388238882309
2.030766827631989
1.697940383133449
1.343589423899956
1.037013040526428
0.7996725119179818
0.6268094521835411
0.5042651488547055
0.4174062849844092
0.3546989813641044
0.3083950843682702
0.2739701057235894
0.2491301349825293
0.2327917388457588
0.2243554062141236
2.275067928525349
2.28640369429419
2.27448744469139
2.215275316970898
2.116696062660218
2.031070918874176
2.080026749317335
2.445971204876418
3.284488540773409
3.583689541635908
3.494893685803647
3.513368680430899
3.494176119782249
3.456948187087607
3.400371217213793
3.301968208490042
3.19330983364662
3.114207131996815
3.066032432063876
3.03425753755592
3.015518797722603
3.028458751319667
2.948453195773229
3.236953093295622
3.903263089114237
3.951375339472477
3.540941918776764
2.863419359342406
2.10192140819949
1.423656713371614
0.9952566601083226
0.9811479975301072
1.514417213743552
1.752189175993415
1.686556913505985
1.696782676120697
1.680155629239188
1.651585678541732
1.608510489228179
1.539540252166059
1.44717231354361
1.365254777404951
1.319370798416204
1.289444121084347
1.274284850960158
1.289270718416494
1.220313126258105
1.468112468348293
2.093119972962866
2.211546829369926
1.994813815759391
1.63812069962647
1.276402124292652
0.9711317527559357
0.7368334369281231
0.566689320429552
0.4468002455459927
0.3627565928650183
0.3025782701543266
0.2578266373710625
0.2236144888355839
0.1979129320034852
0.1804161083226615
0.1712658113872707
2.747036290351146
2.774663677452867
2.779991816928434
2.748374665461838
2.671684297629433
2.54609331847044
2.437312735583121
2.567716286395052
3.275741966610631
3.590228512544136
3.519987817988858
3.543861834976643
3.52959051780635
3.49248157486657
3.4363721318205
3.300800291460006
3.164323294411416
3.089618748393224
3.047680837099486
3.019726436443869
3.002507418100449
3.014593616806315
2.94705245871493
3.259084538034095
3.850114064651723
3.863889907236508
3.477306496559057
2.854613432786249
2.150907924932682
1.515609746126532
1.094230704271153
1.034833761046506
1.495964179235831
1.754048580416272
1.699314305271448
1.708566847262587
1.693050734748302
1.667489561100371
1.629161023615422
1.562949919080702
1.445979093641404
1.332661936502758
1.287597273636325
1.258008032853668
1.246965128659142
1.266804628459935
1.21098183239101
1.474375579391858
2.021418400281216
2.0038143962222
1.72462687045745
1.393563167166894
1.093624779937834
0.8456910682376383
0.6513863403101914
0.5057250154934153
0.3998911040289186
0.3234648934475806
0.2667637022563649
0.2224544412386616
0.1862473480191664
0.156861793350332
0.1353729430382796
0.1237509482482499
3.376774777808614
3.350014888513762
3.324788719803941
3.333284441445796
3.334294437576431
3.261301892160211
3.064799041969518
2.847821116063613
3.185904646894284
3.579624626629303
3.55808753323094
3.590707945193017
3.583808687653791
3.5461684334935
3.489688029509431
3.245048456216278
3.102459935713782
3.089982086711639
3.095813019939688
3.088843335686294
3.07918166802587
3.082366790057452
3.017607002019341
3.250930789483137
3.667466001987723
3.627976889150311
3.295970112346823
2.787957718640229
2.213947518785008
1.685326208859631
1.309671876111814
1.198670790628974
1.505948518000749
1.693823903313861
1.641271843035009
1.642806598617229
1.633377323620113
1.625339122971562
1.626848629584367
1.612317141815846
1.48880917393695
1.284259691808982
1.239826167160106
1.210156820504457
1.205152277703752
1.232096210404226
1.21501140390584
1.544936448564844
1.800288602352261
1.543319376466555
1.260318567146716
1.038188482187005
0.8527223430861602
0.6911805812686768
0.5552704558332899
0.4466862281723472
0.3627021640151042
0.2977407189959551
0.2457168479209922
0.2015992105417571
0.1623137584629805
0.1273384836322844
0.09898970689734604
0.08216512787099753
4.262725207127205
3.959627181363149
3.835498047821079
3.883289581681045
3.951939258123244
3.985267073524712
3.915832006523423
3.543277591155222
3.182208594387014
3.581199378329339
3.628937761220721
3.668578888862539
3.680826591882238
3.680495177499318
3.73194032073537
3.485507414699801
2.804952591376367
2.766518418506103
2.822959776312969
2.822538206362241
2.800770306851058
2.771580274081484
2.748865453697479
2.945491975456175
3.276429176759909
3.262474678364186
3.040890233694728
2.686828995913449
2.278475897367765
1.899247762909554
1.628713636042624
1.544145236271319
1.777582664731187
1.926707177678663
1.90597000876709
1.881960031951705
1.863436039907052
1.860244347104572
1.901268961629374
1.860862451882757
1.282540295666335
1.076726824195157
1.124736253528407
1.126623977012144
1.137249411298934
1.169125933417839
1.208006851395549
1.53939731523656
1.216259829378371
0.8755291831577264
0.7686922592604182
0.7080216131110481
0.6303959652966622
0.5446811117130042
0.4642386194661681
0.3939333026625749
0.3336530711903835
0.2814427010722677
0.2348617452472934
0.1915855188777121
0.1499227771662316
0.1098355510588934
0.07400976436773607
0.04755239660599111
5.475030738582771
4.544117757884477
4.312083594470018
4.336856580474007
4.35483459190573
4.373783669973868
4.471006091932307
4.485539954447721
3.925318597905162
3.741984226706985
3.777465990967413
3.782542107635872
3.792931803305732
3.82064402707239
3.879439816424503
4.163292681258856
3.47840280012813
2.771094153596986
2.427543040101185
2.250710354178957
2.153321343754504
2.122694087432976
2.188495246102379
2.401007424880817
2.71633250964833
2.833212072033607
2.762529839142211
2.573234098635604
2.33575659723317
2.119734489899164
1.996581139601082
2.036888499544547
2.260544800773209
2.417628036057408
2.466420304100823
2.440703817226829
2.358645996888189
2.204749727483203
1.903233419766238
1.291474182718339
0.7108601694940648
0.9549739337906105
1.007718879849308
1.032240973948004
1.040562667945186
1.042223761798049
1.068610850636329
0.9072931114767607
0.4296915371183141
0.4452861151198775
0.5276501022555232
0.5276072757350841
0.4888853048626755
0.4432708462744033
0.3984477423819197
0.3546629507604334
0.3116566792654048
0.2693632180659592
0.2276549216342659
0.1861786248828698
0.1443415987097406
0.1022655155674086
0.06447568578674678
0.02498753469236919
4.942012280140139
4.654227922884964
4.556981769232735
4.497750813454445
4.447882611670098
4.405904183287172
4.387649017441513
4.35233605278096
4.212490519736602
3.97624724537349
3.917279400478901
3.884294557032022
3.8774198430875
3.902125336261136
3.899640482566975
4.218388564193566
4.215393922749586
3.504060331812727
2.834874013319022
2.371447252711929
2.090785200687898
1.96570102380481
1.98687625947026
2.127809218422896
2.325048742922964
2.468089665016287
2.508300546336027
2.463952177550924
2.380932005574737
2.311497813687698
2.303800396419857
2.382626216302999
2.514372539569858
2.609984284636365
2.615684766830555
2.504948000636574
2.26428104614236
1.866437312050437
1.291023007651037
0.6797395542689216
0.6722471610180373
0.9421156767899849
0.9418929968721848
0.9628491830180217
0.9561738129071512
0.9256493605042262
0.8723695825051523
0.6685207020303986
0.5524148809325342
0.5278876491978017
0.5191110874903115
0.4914143175574943
0.4575269811544435
0.4213297352283574
0.3838456425992002
0.3452831935634923
0.3058651310233324
0.2658220689156861
0.2253496966397848
0.1845765187953325
0.1435684059795951
0.1022731731597111
0.06184240839510214
0.02075394282548271
4.632726213670654
4.538949726491804
4.48713659982495
4.440026438635178
4.398806730725337
4.357733528511157
4.316989479163553
4.255165237869462
4.143367982366189
4.025735225106988
3.976251813816647
3.944549784365816
3.932054640852521
3.95153123418362
3.901090229659708
4.179693437428583
4.592671508416238
4.197960436601337
3.516303000018517
2.878010181218236
2.408722349237828
2.130645317506799
2.023389931982936
2.040924561596984
2.1282156703293
2.236856709321785
2.324079049314338
2.376551990934844
2.407414768948718
2.440162286910893
2.491725183265697
2.557023728308669
2.605168222625407
2.598904316159469
2.493200166359391
2.248116079125745
1.843778793848027
1.296715301774652
0.712657711139762
0.3715066655468766
0.7121723210830907
0.9445988977255828
0.9032256901409026
0.9192128922694478
0.9076603613952215
0.8785601742312812
0.8337621298829796
0.7311156334318037
0.6354445940938434
0.5831114187386585
0.5481142993509628
0.5112419416240152
0.4723923597933394
0.4320924700731662
0.3911866614856238
0.3500413131551757
0.3088321848322506
0.2676375770068595
0.2264795305183174
0.1853418624295839
0.1442234212892629
0.10309772584317
0.06244288692208029
0.02162792639788765
4.557291256662682
4.517457803466752
4.48536252937225
4.441611879024435
4.397437143253192
4.350394066359669
4.300683100729723
4.239661964217914
4.156407929521383
4.072514294164223
4.021868961513366
3.988318168431128
3.970641224417382
3.986266567115933
3.913725343497723
4.19283475078486
4.793596925329867
4.672178749941819
4.129694087813299
3.467706193646525
2.884643102001534
2.464554921829039
2.21415918601846
2.10222861401233
2.08940514955001
2.142202998167155
2.228029631906107
2.322213655732126
2.412788549559427
2.49485616168155
2.560295796743866
2.591427707316212
2.563995373485546
2.452503164667104
2.225594713695264
1.857587636846966
1.35388905047843
0.7850096366243976
0.3182514469844898
0.2075388125428774
0.7047533098502506
0.9363780776340407
0.8762263236939614
0.8888153526470447
0.8729788654873034
0.8427268315797292
0.7975344861337444
0.7240035377412856
0.6519706886977629
0.599575374205226
0.5566005352038673
0.5149065655903444
0.4736046151144818
0.4323019358125548
0.3910497864320106
0.3498319020589945
0.3086457387029368
0.2674878472840778
0.2263525102089019
0.1852275380184077
0.1441254460279268
0.103031264322021
0.06220376212459054
0.02142679421422541
4.554676685526706
4.515052242817553
4.482607039499149
4.437881105162954
4.391890303747486
4.342030540184423
4.288708427062853
4.229135609277824
4.16075144332849
4.094823928039128
4.047994330330273
4.016036380508269
3.996670896109256
4.009891377305824
3.928483804856041
4.224809844191385
4.902018032507073
4.936433051476551
4.537378461285987
3.940986198496811
3.338304579330612
2.839719022565311
2.48392143930742
2.266602304121253
2.166230425362386
2.157134058765652
2.211697684077929
2.301725965310394
2.401283742731364
2.486911015831517
2.535547747764773
2.523902533496205
2.430087815375827
2.234209853698945
1.919824386932774
1.484699633062219
0.9624555963350057
0.4467927618836055
0.09902291297193122
0.1178918157522202
0.6790200480642083
0.9254718038252863
0.8577501675974988
0.868269698602148
0.8510972960829934
0.8224910950360332
0.7809025562570511
0.7229046694975841
0.6632146178021103
0.611367514037472
0.5646647602722262
0.5200789957208811
0.4768237659978766
0.4343137935455957
0.3923031238266894
0.35061148150349
0.3091310052191585
0.2677905896177219
0.2265403457042137
0.1853398863721409
0.1441897197294573
0.1030740689129742
0.06229958396730161
0.02146885446587633
4.627318715388033
4.534164371086843
4.481340391561158
4.430616664234227
4.382172386850038
4.329207751102859
4.271681285623088
4.209609543411779
4.144137584388696
4.082780488303118
4.035474147027636
4.003133600247819
3.983654542334559
3.996743344914383
3.925892026994842
4.263261862040617
4.919567153583876
4.999809591465938
4.704496894775319
4.21223742887814
3.666278549536945
3.165814813007574
2.764985701213651
2.482532086889511
2.314963472771387
2.246393628883238
2.253717251894109
2.308753534599582
2.380452651083005
2.43746404058623
2.450467633422116
2.39422497837823
2.249078453466629
2.002346103359617
1.652313382087473
1.216200398948812
0.7409696825348077
0.3112434555392303
0.04842695216412529
0.1036807404026864
0.6470810758309546
0.928760938734879
0.8698204260399991
0.8802482550138128
0.8630497706253668
0.834300314794754
0.7924399222009779
0.7383280794624443
0.680747055834551
0.6261044791796122
0.5749820393107495
0.526700541724896
0.4807645256766904
0.4365162272220814
0.393435383424495
0.3511130776743835
0.3092694846991326
0.2677199454849358
0.2263414838583643
0.1850435264281353
0.1438143524886766
0.102670017880375
0.06231305640562201
0.02152250922360546
4.925571756108555
4.638326580097127
4.539780734833456
4.477378446652181
4.421876757749342
4.367563890549366
4.315870082837129
4.266492332705378
4.219013871874014
4.176119896381592
4.141877643163038
4.116543474223676
4.096561414864217
4.093858170030293
4.018923438821449
4.278364533368578
4.779005631036984
4.84429616911818
4.64081719063384
4.275928136569328
3.836164620216216
3.394813774246255
3.006178535575398
2.701990126440232
2.493259945128432
2.374879431863765
2.330201333378321
2.334408811442124
2.357559555802568
2.368175758163683
2.337088000371407
2.240752681527446
2.063809863253028
1.801720055287776
1.464328659547972
1.079406849329424
0.6938772848631829
0.3705539766269698
0.1833375920764862
0.2240101243062695
0.6352446879329653
0.8504958710917712
0.7879152388317934
0.7850874897011368
0.7676015679471339
0.7452280323272367
0.7152442400042319
0.6781034463045618
0.6377487498643117
0.5970533286276845
0.5562873842082814
0.5153352168841019
0.4742874872833164
0.4331699617847193
0.3920237098261918
0.3508694126234323
0.3097253745586136
0.2686021181228078
0.2274968904920727
0.1863644422149965
0.1451416776360574
0.1037650315588893
0.06390816156971556
0.02220808639637759
5.481425540492681
4.552701757242751
4.320217245471205
4.34022430262407
4.338671282304862
4.283866487085455
4.20020074176827
4.100988647735315
3.994278155254806
3.893714553884045
3.816064307460512
3.770165489765521
3.744446127714844
3.719042985139362
3.704053409144011
3.941896730485907
4.365736247932533
4.473353927687839
4.3908981404833
4.169892193880919
3.859848187899984
3.513274892320794
3.177751728753934
2.888594108455135
2.665350805507316
2.512072643604225
2.419826681044294
2.370008105109489
2.337955734390725
2.296947069829536
2.222362185792718
2.095511548889044
1.906897405998208
1.658991907026212
1.368179236383377
1.064715187191686
0.7894992800679701
0.5877090768610085
0.5021291905875505
0.5776257176623777
0.9228506036089874
1.117733223365577
1.104641919321989
1.083560755856615
1.061758539651789
1.021838056414106
0.9538336178446518
0.8652461443381401
0.7708020702434915
0.6828187326299981
0.6065572851988205
0.5420527041213555
0.4868716797496603
0.4379441384296102
0.3927287652700045
0.3495401062676147
0.307419906937573
0.2658703898349451
0.2245627621847376
0.1829997302895602
0.1405923571083459
0.09850977969855518
0.06367681603868477
0.02429343753789701
4.371520118563047
4.073938876126632
3.95282904387085
3.987751035157361
4.005001518659425
3.9320392295611
3.772385576084659
3.549087558428613
3.293441759169595
3.047545480029587
2.855463978712356
2.745611801500052
2.719794611929848
2.769858282336396
2.924604809347432
3.243510790343844
3.688443100789336
3.949111249700168
4.019479498047504
3.944476765876721
3.767387554140084
3.529474430083583
3.269824509711622
3.021283934695064
2.806316575722364
2.63509267854321
2.506060885542657
2.408289535048521
2.32479837335892
2.236384782426764
2.125581852003421
1.980378470673714
1.797342684031323
1.583713843335435
1.357836665384555
1.147398661465127
0.9857637198378574
0.90841920085505
0.9528119201802214
1.15808707028349
1.520935461910502
1.782808750769658
1.911021374047278
1.952884610482535
1.929848678864107
1.832805332196391
1.661744134298293
1.43971300496718
1.203169446141787
0.9853381977703288
0.8046922251839375
0.6642643939172591
0.5576775748625409
0.4755579206455906
0.4094427679194766
0.3531631212773766
0.3027490565032359
0.2557898968239144
0.2107369212047035
0.1664338434678387
0.1223713027516567
0.07999942974044946
0.04330352009888976
0.01665041889618361
3.628087346215306
3.61055886437408
3.595687818952439
3.603201526259338
3.583006856008401
3.482550083685602
3.287545912127063
3.016648599071239
2.70883798556684
2.414022535068413
2.181453966116361
2.047059986992247
2.02854251391909
2.13337400825017
2.366339289987779
2.706481301208593
3.091843942544886
3.407703646532992
3.592667928772302
3.646321543400558
3.592989410613278
3.463123733091951
3.287446776033905
3.09370641570233
2.903530804762482
2.730191931201794
2.578082322607591
2.44392655606978
2.319243773468354
2.193483829040735
2.057353726567473
1.905912844102824
1.740981568531996
1.572352395558354
1.417404592696168
1.29918001453384
1.243651235138019
1.276910123753973
1.420182652963733
1.674124949588463
1.988250432974359
2.26702996679745
2.457907872056723
2.541294750047725
2.518335362654726
2.392389471589923
2.175797871961783
1.896462896629944
1.592845303607829
1.301750454622382
1.047907821553851
0.8408526162186234
0.6783643092481495
0.5522424475825952
0.4530252078129194
0.3725485445908532
0.3047256638187409
0.245353999749332
0.1916355167477539
0.1418910588792785
0.09573721965819569
0.05457381516010776
0.02184566999177077
0.002914554064333078
3.152319120900225
3.193166180685714
3.219478651163933
3.210106163123862
3.150443924153072
3.020134558861168
2.81055452306476
2.536304464156015
2.232351152192677
1.944428721338656
1.718322419293634
1.591134154880741
1.586572870084308
1.712299998603441
1.954346561426617
2.272862121497654
2.615771756659421
2.933760185917944
3.177670534006745
3.323486350602713
3.372361290117501
3.339441909891325
3.245294746952726
3.111072913146172
2.955441399209226
2.792489865784165
2.630781264265178
2.473682253325813
2.320792650004781
2.170065753201242
2.020161436962719
1.872589492179782
1.733210312700541
1.612722616060996
1.525979690870672
1.490272357384865
1.522728595134673
1.636201346708999
1.83198246626163
2.090280500725662
2.370039535240387
2.629632528304014
2.824378342342338
2.91891614992978
2.898780267865781
2.767258479208962
2.540992964086715
2.247632647319854
1.921448116512427
1.596010218636039
1.297110866385895
1.039172516276509
0.8259435548863554
0.6538851055422154
0.5160074008285742
0.4047270847090969
0.3133969906491237
0.2368286808916741
0.1713256322887385
0.1146439547013355
0.06604000351269057
0.02629741296982308
-0.002502125483281964
-0.01795766067090094
2.824560769743736
2.850538433173851
2.864052388407573
2.833702110442692
2.745974749878175
2.595709868674985
2.38504261974983
2.128818370002464
1.855568202166505
1.60241487904834
1.407637356149418
1.303767798712337
1.311584683478792
1.434298516502149
1.654052260393498
1.936978831182676
2.246356817529827
2.550610734214556
2.81661175800846
3.01749356348027
3.14044425449764
3.186049542425329
3.16354676052093
3.086335033505011
2.968814269478888
2.824317935658389
2.663945023822668
2.496255660285964
2.327739696167071
2.163825569802202
2.010100680567287
1.873389990792864
1.762373348278219
1.687517201328919
1.660229280919808
1.691202142647467
1.787783512766012
1.950177025036854
2.167373115315824
2.416462108915904
2.66900977887977
2.897467471164235
3.069459708297474
3.154402573255091
3.134535871693978
3.009297648971651
2.792540324958836
2.507766703547562
2.183395964626398
1.847953196038201
1.525606521242485
1.233151717438554
0.9792262262421559
0.7655556766774698
0.589264419907962
0.4452072889758141
0.3277108771185259
0.2316129597233407
0.1527828980430939
0.08834593159313861
0.03671750086473452
-0.002569354460122452
-0.0293054256603766
-0.04328933553326914
2.581802199563584
2.580928949038211
2.56227117112189
2.504524646313163
2.396081910374857
2.236546097438811
2.033883415991815
1.803829045904384
1.569703541098831
1.360028629132661
1.204107454712499
1.126725829787022
1.142733247003122
1.252790627350943
1.443044972499877
1.69039537448572
1.969597497956432
2.256454613841419
2.526393143273461
2.755723166729043
2.926500041643412
3.029620637981938
3.064437683296756
3.036559381493118
2.955502215887905
2.832832637212087
2.680865088297334
2.511864765621835
2.337690134847429
2.169761698615424
2.019180933358431
1.896794808125398
1.81302476662376
1.777335862719146
1.797268068622207
1.87696833194404
2.015266795272041
2.203823483948177
2.426747607693109
2.663105295444929
2.890906709190792
3.088103421401627
3.23137302072031
3.298782885098351
3.27575649583873
3.159561571214286
2.959220570244871
2.692313949648593
2.381102801205792
2.049012534193386
1.717611259671872
1.404249149781028
1.120721794876138
0.8731651982555867
0.6629790573962232
0.4882755337841458
0.3453494120689172
0.2298668370189353
0.137682781161198
0.06531006979871304
0.0100852499304675
-0.02991721927413401
-0.05611823028898952
-0.06959576217108707
2.400535814309278
2.377908467037813
2.328920726899428
2.244652107653601
2.119943880576472
1.957296348640661
1.766458689187817
1.562672311893473
1.365187589825313
1.19550577389351
1.074690247146265
1.019875442564538
1.040801063156155
1.137779192497322
1.302336663252123
1.520075263543155
1.773537861662255
2.043635420848445
2.310153631144582
2.552314470799323
2.751155496429355
2.892555794642026
2.968989140300345
2.979604740139953
2.929300998989382
2.827464090973715
2.686700663334014
2.521673528174552
2.348071241770352
2.181705683531211
2.037695421408139
1.929670925477218
1.86894459711744
1.86361348203098
1.917592310652033
2.029642270691286
2.192651790683058
2.393722801831032
2.615623880797397
2.839291593861253
3.045793967588541
3.21679346189292
3.334992625473218
3.385375838568686
3.357689422961579
3.24898915116283
3.064468555390449
2.816232982243147
2.52100855617745
2.197722866081757
1.865293303306512
1.540694651401609
1.237464405481731
0.9648780057756099
0.7279005787092397
0.5277923664322521
0.3630874685094892
0.2306495994722285
0.1265887164469201
0.04692611567593744
-0.01201273303026669
-0.05341843397518673
-0.07990326543125865
-0.09335135533186935
2.27587598951831
2.239264816388683
2.16917311660675
2.065209808965234
1.928810142083453
1.765451815892705
1.585334663853603
1.402398475004247
1.232708144921974
1.092734287818292
0.9974807930289521
0.9585093616289733
0.98232622732011
1.069730503391728
1.21624158818619
1.413005885264089
1.647553050723609
1.904423961821964
2.165935378299264
2.413041897212128
2.626888475807585
2.791151889850915
2.894337369296942
2.931208616372392
2.903131501810017
2.817546644700404
2.686885920409257
2.527186667632113
2.356575376436567
2.193728043242455
2.056368367637207
1.959840773137217
1.915797136230693
1.9310625136311
2.006793822349125
2.138115049644221
2.314470551147217
2.520865134599858
2.739807229544457
2.953276517326003
3.144031975947784
3.296357114509276
3.39675220422461
3.434555152134654
3.402733737202587
3.298897909845624
3.126026749171543
2.892378011792852
2.610559678057582
2.29608944699275
1.965741474269898
1.635862199873093
1.320828115834517
1.031864826078021
0.7764222028545273
0.5581708470351953
0.3775198446690712
0.2324427669043967
0.1193779590469715
0.03402732808504658
-0.02802459625288706
-0.07085657200033452
-0.09785855035052937
-0.1114402404754074
2.209427309624475
2.165788657595819
2.084787794620397
1.970259173577778
1.827514097616228
1.664069281666422
1.490332554911967
1.319251397042058
1.164983769247088
1.041235388594595
0.9597439362357005
0.9291512968492084
0.9544208480251843
1.036768308394593
1.173769960312194
1.359313201634967
1.583490470439909
1.832820284553501
2.090936279125207
2.339612405895333
2.560165611969981
2.735439000706709
2.852126744968308
2.902755795169338
2.886738061482693
2.810341067007331
2.685775447045847
2.529712507777993
2.361503475740256
2.201288274529997
2.068116189002547
1.978169341408809
1.943184106153802
1.969205147817513
2.055869408478264
2.196452381377299
2.378819410035133
2.58714155142014
2.803882208064633
3.011486024642215
3.193580109715914
3.335871291877704
3.426793005712397
3.457817380670538
3.423579306441018
3.322151516651802
3.15553573300389
2.930010390719186
2.655936121749971
2.346918280113755
2.018489381810857
1.686553128552124
1.36582281668345
1.068483763368204
0.8032945563566449
0.5752621958114779
0.3858840914017164
0.2338094511983822
0.1157020909832307
0.02710841114536068
-0.03678309725673451
-0.08051948521254156
-0.1078870859851826
-0.1215412358812292
)
;

boundaryField
{
    inletLower
    {
        type            zeroGradient;
    }
    inletUpper
    {
        type            zeroGradient;
    }
    outletLower
    {
        type            fixedValue;
        value           uniform 0;
    }
    outletUpper
    {
        type            fixedValue;
        value           uniform 0;
    }
    sideWalls
    {
        type            zeroGradient;
    }
    topBottomWalls
    {
        type            zeroGradient;
    }
    frontAndBack
    {
        type            symmetry;
    }
}


// ************************************************************************* //
