/*--------------------------------*- C++ -*----------------------------------*\
| =========                 |                                                 |
| \\      /  F ield         | OpenFOAM: The Open Source CFD Toolbox           |
|  \\    /   O peration     | Version:  2506                                  |
|   \\  /    A nd           | Website:  www.openfoam.com                      |
|    \\/     M anipulation  |                                                 |
\*---------------------------------------------------------------------------*/
FoamFile
{
    version     2.0;
    format      ascii;
    arch        "LSB;label=32;scalar=64";
    class       volScalarField;
    location    "5000";
    object      p;
}
// * * * * * * * * * * * * * * * * * * * * * * * * * * * * * * * * * * * * * //

dimensions      [0 2 -2 0 0 0 0];

internalField   nonuniform List<scalar> 
4096
(
1.558292535226992
1.513890705949245
1.431264225922643
1.313869814527434
1.166399022574108
0.9955057482796111
0.8105655794647328
0.6234898891325518
0.4476450249183374
0.2964990778302648
0.1824406576074714
0.1159490448503584
0.1051916518707528
0.1559501920498805
0.2715216487466353
0.4522936059523934
0.695152890228014
0.9931716390154126
1.33578143589094
1.709384322172469
2.098492248245138
2.487548128004028
2.863020924450283
3.214924794632897
3.537210254009357
3.827105505878718
4.083798907519801
4.306887730917992
4.495024392495377
4.645160667417343
4.752594241564172
4.811724135020654
4.817216469847625
4.76523183176703
4.654411219935502
4.486415516471235
4.26595254271639
4.00037486335687
3.699030702651864
3.37255572111075
3.032216831211083
2.689319641571045
2.35462956006507
2.037762647964708
1.746565199029763
1.486578613218437
1.260724479649244
1.069311690086476
0.9103780180841229
0.7802832452553056
0.6744161291370691
0.5878781545932357
0.5160473620332319
0.4549776855944244
0.4016305660210867
0.3539565259540255
0.310847895433307
0.2719814597969107
0.2375753410074846
0.2081047938903456
0.1840466334409498
0.1657243394227567
0.1532833509057488
0.1467583902477597
1.623801391901872
1.586533265801609
1.515034350583615
1.408546764788794
1.267897027070005
1.097732804282458
0.9072965507488644
0.7095892265592072
0.5199396405908436
0.3545157838809112
0.228734946270129
0.1555932663001708
0.1443048693947449
0.1997542395596105
0.322816505586898
0.5109560051307437
0.7585385623030474
1.056944275095399
1.394788703128275
1.758257507953397
2.132206762267913
2.502193262144268
2.856581665543885
3.187717221857174
3.491752488148945
3.767474268940576
4.014764869991056
4.233070729901383
4.420284095477094
4.572348163594421
4.683598074669633
4.747621381241907
4.758387931573802
4.711421743358406
4.604790826158468
4.439719579937766
4.22071902659614
3.955260236231169
3.65312943201193
3.325644110486162
2.984861631189613
2.64282066065198
2.310795661363253
1.998557345695079
1.713701762648933
1.461175226292211
1.243118411136122
1.059072891349796
0.9064885206208697
0.7813997649174175
0.6791273958721491
0.5948955631393664
0.5243051765277419
0.4636497701211906
0.410088665118287
0.3617032044090752
0.3174592205660656
0.2770894784824858
0.240902949615816
0.2095344516885362
0.1836743376932701
0.1638514088631047
0.1503454782199286
0.1432400493047004
1.746786854837297
1.723735202094892
1.673795320285503
1.58767216843942
1.459581415939814
1.291240097766391
1.091590207152591
0.8751379295789362
0.6605340013089042
0.4689065176499417
0.3213499373164592
0.2357224741668914
0.223538403893708
0.2882437224669
0.4259684310889609
0.6282256901247683
0.8844068718543427
1.182729963385337
1.510185777198918
1.852419896389453
2.19531761973805
2.527324920204321
2.840912734312707
3.132793081073472
3.402959099448271
3.652785319977211
3.883093629779788
4.092692132795958
4.277852347765432
4.432690939151031
4.549986334964458
4.622099482649325
4.641949407243407
4.604033048370742
4.505385659672593
4.346323022852015
4.130812789165445
3.86637611715827
3.56352461566633
3.234853660584939
2.89396012390448
2.554307911030428
2.22811506866998
1.925353506320625
1.653017639866911
1.414827766744764
1.211426896678424
1.040971512953354
0.8999174167166027
0.7838042041003054
0.6879111883256711
0.6077371367128033
0.5393114623590548
0.47936974633747
0.4254313946655628
0.3758128896658878
0.3296014441082715
0.286599531459022
0.2472293460129049
0.2123670360662487
0.183084680924968
0.1603376502754521
0.1447265187283709
0.1364827137220972
1.925849171905076
1.924970675685402
1.906136192898649
1.847551161778521
1.736882600886638
1.573017528625315
1.36336259924883
1.123238448704083
0.8756086082037796
0.6486264881039731
0.4712403267533714
0.3680873615833367
0.3544867686135433
0.4327545435420821
0.5923675303511583
0.8153721331965301
1.08323839880284
1.379602378292331
1.688300839754245
1.993830814051744
2.285030845078456
2.556807419756665
2.808877760565468
3.043961981501405
3.266568982746027
3.48095616160029
3.68835660644872
3.885798318062287
4.066888045839202
4.223407058913169
4.346506027794156
4.427445972076498
4.45823435470629
4.432324762302987
4.34541604840175
4.196333215160406
3.987840156543366
3.727079123535077
3.425329901453391
3.096997439320355
2.758018369422102
2.424007376268487
2.108468407901607
1.821395657888025
1.568575863415426
1.351729218847783
1.169328303179013
1.017728807599746
0.8922515106073279
0.7880045909417756
0.7004001697143025
0.6254209484485743
0.5597235144049221
0.500652378590386
0.4462139691353503
0.3950410269478202
0.3463688452399996
0.3000369540957623
0.2565076100573641
0.2168482305198533
0.1825831291049133
0.155343722453216
0.1363948467109042
0.1263438526256492
2.166127900904459
2.192841438974181
2.207387545424376
2.177499104083794
2.088776299636034
1.935515499219493
1.719654583372696
1.456013949203699
1.173082448971774
0.9077516095013464
0.6977372098945844
0.5746517158388642
0.5582775128501836
0.6514832432086247
0.8377450344875227
1.08697657308716
1.368738339152155
1.65977673409663
1.936760966725142
2.183120309919034
2.395412166985899
2.580775150347672
2.75018464578428
2.913394771186962
3.078251050985867
3.25096000678225
3.431407367064868
3.613084735334733
3.786179507433185
3.940269733499396
4.065379403278461
4.152347094504071
4.193003037197164
4.180270998780078
4.108514814713199
3.974470901903396
3.778715168332092
3.527094912274699
3.23128250882989
2.907830512571372
2.575787061309463
2.253579703802514
1.95608666085906
1.692749293918342
1.467222951268194
1.278406502388302
1.122169522910058
0.9930480479079716
0.8854784969589131
0.7944819309661048
0.7159187413111276
0.6464912624460136
0.5836397158955676
0.525418463275712
0.4703912213745574
0.4175580024241624
0.3663222059476778
0.316514926151966
0.2684948910274965
0.2233039154013798
0.182764387540842
0.1493140065662781
0.1254084846817271
0.1126305102818082
2.491451550549737
2.534382234497575
2.563397636994181
2.555773063439829
2.496069707720633
2.36381316392222
2.150594809201997
1.871306814854758
1.561152674716993
1.265887654863048
1.030834764071123
0.8918336636891507
0.8704136568010458
0.9716541512034818
1.180036356544568
1.457072296775841
1.755969074748353
2.03624884487694
2.260117390725366
2.415886562801408
2.516478338734345
2.586816900989247
2.652892755062329
2.733342415013744
2.836236902641227
2.96525667781783
3.115585324625566
3.275961849600904
3.43390125890386
3.577602607154339
3.696684906292865
3.782621538217875
3.828356465480817
3.827342047601494
3.773060581372637
3.659848389529124
3.48508869796202
3.252018132074129
2.971713098492296
2.662692867952285
2.347531021054591
2.047737459007874
1.779083625289138
1.549345866728795
1.35896431010853
1.203511881720386
1.07642153015297
0.9709974542120686
0.8814797666012558
0.8033720573311673
0.7333541006480669
0.6690375130042417
0.6087132901177091
0.5511526382376112
0.4954714327140554
0.4410470683885506
0.3874757982931434
0.3345773858994529
0.28248994617755
0.2319187671800804
0.1845293591331333
0.1432711632634655
0.1122015272473149
0.09520612295151612
2.965448204804664
2.95234743311027
2.94186071064213
2.951733168424595
2.931827176713422
2.830113425587971
2.632759938797786
2.358781069366043
2.04751850285679
1.749164367973696
1.51286554032957
1.373558245467385
1.346470586868363
1.434824939995306
1.638392517039845
1.933446831515855
2.261052405905705
2.516227044261001
2.650694999719669
2.677916380841126
2.634996189601518
2.564113681766496
2.507114073134334
2.497622230886709
2.544817269226569
2.632287990745844
2.747011508778456
2.875851509863534
3.007137318620084
3.128246688246982
3.228836755794182
3.302333296582991
3.344319766562646
3.350037494771359
3.313042930847433
3.225815008486011
3.082360523378201
2.882208393155401
2.63417657297441
2.357340922331819
2.076935361860472
1.816573083354982
1.591369125441847
1.405943478477622
1.256956622445633
1.137195455478435
1.038851286337889
0.9552784649572676
0.8815261979016191
0.8141985735427765
0.7510769367738691
0.6907399814189868
0.6322700675538359
0.5750571638598865
0.5186820649826746
0.462853416982602
0.407373020956032
0.3521106100866296
0.2970078428331032
0.2422342677770757
0.1887127556040065
0.1390472875064439
0.09835252915398111
0.07425164558195943
3.709695598515598
3.41920662915294
3.302659695633933
3.339233747154774
3.356508246629562
3.282794548470835
3.121914952289325
2.897076660862981
2.639870061066852
2.392786961908049
2.200103046949762
2.089881315260423
2.06237576637431
2.105384947461651
2.240282762344988
2.517764785083953
2.89777952209093
3.081276509116587
3.076711379248578
2.943465633708576
2.737047807998101
2.509457463524337
2.313650821491379
2.20445304557502
2.21671532332739
2.266848782789031
2.33295319481786
2.413451915307788
2.501561403495812
2.583250159025082
2.648889967179698
2.695194911365122
2.721085579202146
2.724235636877359
2.699667420657313
2.640154829044934
2.538399381056291
2.390907194258059
2.202509846774578
1.988938355507678
1.773770238853544
1.578519496341007
1.414529337898569
1.282498398815886
1.176814625551053
1.090037852429516
1.015572260607552
0.9485894395238772
0.8859486611912056
0.8257635119835808
0.7669618094674263
0.7089544493988813
0.6514194703773943
0.5941742784768114
0.5371077011112709
0.480150924048549
0.4232694491877982
0.366444939587305
0.3095978516989621
0.2524880122808468
0.1950092688235155
0.1386037304886495
0.08806398314008181
0.05122759011257783
4.829336620709578
3.903503776504269
3.67284524414238
3.693196072017329
3.691462361050517
3.636403323153254
3.552452196281686
3.452887946865331
3.345808458170433
3.245009504348981
3.167353955547022
3.12169727326267
3.096383199688929
3.070199261859111
3.047558034762438
3.257208878416751
3.622999775951032
3.651215475936791
3.482864561287738
3.181894480467232
2.809217517402976
2.427982819579518
2.097823116706994
1.877694071500983
1.86135008076823
1.88403458227727
1.879548106305448
1.890904185322544
1.911201345962324
1.930647164059334
1.942594105647981
1.946187378098674
1.941509176418828
1.927900072802021
1.903629703965205
1.866139750555705
1.812770936588521
1.742046280083888
1.655290298191062
1.557109098890446
1.457077306289463
1.363206860268255
1.278738207528121
1.203393944380557
1.135228323702757
1.071865217671377
1.011344513645238
0.9523533024914882
0.8941241399704505
0.8362453027794421
0.7785104597048352
0.7208237735557578
0.6631451373478841
0.6054598830976492
0.5477632866024666
0.4900558661888764
0.4323498586601108
0.3746778003615064
0.3170468093791995
0.2592243045582517
0.2005875934138931
0.1413737440605765
0.08805433053417262
0.03320221385353141
4.27974354007298
3.99127383452107
3.892881449925333
3.830361540804786
3.774770530633861
3.720392369967872
3.668640645657146
3.619180304269171
3.571557832198927
3.528498145030756
3.494052739139943
3.468465391128257
3.448064986239776
3.444936626297424
3.369710373973251
3.619418831015973
4.085374371946694
4.094557849553699
3.81754337528354
3.365995661577328
2.837101202883206
2.322933308763941
1.904907451936406
1.659662083100468
1.687927815379532
1.74796418497189
1.729201764749265
1.730750528579523
1.727918943086079
1.723810257364268
1.716183010494902
1.704606134397981
1.688549561813272
1.667552366434049
1.641165471143555
1.608991163209911
1.570786874139993
1.526349086910153
1.476349741768375
1.420445138127821
1.362398654127931
1.304171912417075
1.245923946925056
1.187620192210648
1.12937801376925
1.07120304046409
1.0130957027609
0.9550443434050904
0.8970423221689251
0.839081070578017
0.7811514444527219
0.7232447852682491
0.6653539721117273
0.6074738084878222
0.5496008488244503
0.4917330863062893
0.4338702813977096
0.37601439705879
0.3181669610440023
0.2602981197783264
0.2023409028187431
0.1440944433679073
0.08708441293643923
0.02915360069032003
3.979891392155879
3.886639815445879
3.834052482817681
3.783370724333014
3.73491227427354
3.681885490371338
3.624255080390843
3.56202077381429
3.496294698548635
3.434721812027148
3.387245481955421
3.354770764820453
3.334900313458869
3.347891445983053
3.274635662378943
3.614065000439764
4.276105903670874
4.356295768137349
4.031781748034596
3.466054963245403
2.809611845896226
2.198069194214223
1.745245756258869
1.54359812991647
1.67671072011036
1.78693306358589
1.770249699612172
1.783418393451331
1.788595806586657
1.791611291282404
1.789983649434584
1.783277867984314
1.770864013081738
1.752124498623368
1.72626691314149
1.692349795050203
1.649542927434612
1.597019323834888
1.535898677631966
1.46540295438252
1.393597544461606
1.324616170482483
1.258531410419964
1.194778595012978
1.133008745366282
1.072673348665097
1.013319739375211
0.9545925047053422
0.8962503813505566
0.8381376090568209
0.7801589887400948
0.7222580241015081
0.6644019689883411
0.6065721109824599
0.5487578869665592
0.4909535909976009
0.433156700588659
0.3753656512949629
0.3175766333844877
0.2597719886813587
0.2019663205754942
0.1441426030090744
0.08699761150157384
0.02965332267667954
3.907457122594396
3.867764430152916
3.835402619698113
3.790681520011992
3.744686104181473
3.694806197818463
3.641434073105605
3.581727493085363
3.513020289234045
3.446864796156033
3.399932390712383
3.368004988983208
3.34839017624835
3.362517175960406
3.275360315302928
3.579767681520221
4.316408971646946
4.439728290879448
4.09060692885797
3.457080569382961
2.726000579011109
2.061654802280205
1.604831443981109
1.459591475781495
1.67253089531026
1.780473755636655
1.753894239963378
1.768345792027816
1.772540851352975
1.774504808322007
1.771796052171719
1.764342027660935
1.751694977578411
1.733387480258963
1.708726284411948
1.676753700006598
1.636430587660534
1.586042748282656
1.526703499083875
1.453147451024208
1.380211489828924
1.313756631975892
1.251088365650908
1.190048674254436
1.130248534484289
1.071203764708489
1.01264189346604
0.9543665105906132
0.8962658257099685
0.8382715736041489
0.7803436803229385
0.7224578320272981
0.6645990767317784
0.6067581261615077
0.5489292219286244
0.4911089167293599
0.4332954898286565
0.3754878373663142
0.3176852187021364
0.2598803526247299
0.2020934330641766
0.1443076360211471
0.08687089833542251
0.02947790576267139
3.910108004137137
3.870232042336629
3.838165823134034
3.794421488637882
3.75026663461073
3.703258060977676
3.653573935459973
3.592438292165619
3.50864659380082
3.4244486952797
3.37380361306611
3.340536700866978
3.322856423776829
3.340705301889591
3.258064584400705
3.551617132336066
4.280016172846304
4.361300325700856
3.971553267513477
3.328520579681046
2.606932100630057
1.942977275943173
1.47821237485173
1.356932274682178
1.648719639331669
1.77876903744173
1.748326675698418
1.768310871848972
1.774778338956295
1.778168432767638
1.776350505893528
1.769737508519286
1.758178896941151
1.741388525205492
1.718696241086262
1.688931726805845
1.650519013686251
1.600135180549692
1.539210101803568
1.452023397893659
1.370090219122827
1.303973526025035
1.244346197874957
1.185518399559115
1.127327743852549
1.069367568995552
1.011523142257631
0.9536957919316159
0.8958672076338403
0.8380362404064285
0.7802068305802297
0.7223811692141658
0.6645598416919425
0.6067426445708608
0.5489291323316872
0.4911189393513055
0.4333120826539608
0.375508449702883
0.3177076215465657
0.2599022779567443
0.20211213506523
0.1443211928098849
0.08687549187667823
0.02948923742988617
3.985612995667614
3.89178008106678
3.839945786170757
3.792823672911144
3.751659031704735
3.710748408891308
3.670249299136711
3.608389575668998
3.495542142213523
3.377373354688793
3.328036150285129
3.296997604934461
3.285070331995256
3.308817696950855
3.243805179027115
3.55124393387359
4.171019527421543
4.089918577384442
3.652907087983727
3.091957462646058
2.496174355260773
1.907692192159262
1.417072414049866
1.225679880919455
1.571686194555579
1.769026485484967
1.740784359267753
1.768652441441022
1.778420301498033
1.783283584442596
1.78222501395812
1.776410098987681
1.766197629153855
1.751649861458687
1.732293790273903
1.706995654757147
1.67380353745341
1.62762381080278
1.570957599194521
1.458531751673275
1.360177707675906
1.295195689774303
1.24047643250295
1.183830959439968
1.126806354733772
1.069430403012605
1.011845805477178
0.9540704013655842
0.8961801348362939
0.8382436998323
0.7803046105116606
0.7223821861515524
0.6644818334577354
0.6066026682065452
0.5487416328379557
0.4908955450189688
0.4330621824118384
0.3752395214828377
0.3174230279551912
0.2595944266919133
0.201768063836001
0.1439330340293218
0.08678639666279947
0.0295639989092725
4.294850872709831
4.007052530271986
3.909882078099556
3.850731856617625
3.800938281780541
3.759084625632898
3.741168823764776
3.705866681843393
3.564136662209727
3.32696904185686
3.268406063879144
3.236544564109244
3.231219437077141
3.263166714729355
3.244840763770438
3.627420366381316
3.898249035397442
3.552554732342937
3.155615774711289
2.797136032905551
2.431762554952065
2.018379738572984
1.547503949960461
1.163984324403123
1.404617673575988
1.740823273286403
1.737122217375467
1.774848858911508
1.788625739186323
1.794435443493915
1.793593671346617
1.788226070401223
1.779334413106337
1.767384247752596
1.75208919643664
1.732260840018853
1.704617636973654
1.660578184003925
1.597987224812378
1.380243639733503
1.263825217233941
1.232643431504575
1.206817553429388
1.162014463244969
1.111769638605125
1.059119525441572
1.004879248636009
0.9494751315431723
0.8932949808162171
0.8366074111168371
0.7795803200527049
0.7223196155946443
0.6648964130022615
0.6073601069611559
0.5497449243535852
0.4920741366639179
0.4343637924322992
0.3766255761001996
0.318865785271668
0.2610548027712301
0.2031190219122154
0.144847212475326
0.08773712556345088
0.02974339808945948
4.828270278314246
3.897038866142912
3.664625906416644
3.689028472701978
3.706959777571411
3.727105122086934
3.827569749190105
3.844026821843872
3.27655024023784
3.090759688453663
3.127231129712811
3.133899183627646
3.147034457915926
3.184884114974507
3.232629402561306
3.615057251349337
3.206536194958978
2.788970186583669
2.643222228370629
2.54046416533662
2.402998004384974
2.226532443983479
1.958540814240589
1.495029303562943
1.322074158401221
1.720359123795195
1.757919720939048
1.795098014867845
1.808242449236192
1.811984129272285
1.809589161164296
1.803681340270815
1.795893521765848
1.787338795134205
1.778750545855022
1.771027869944649
1.764168050563047
1.761828558695456
1.78723506938606
1.628051203457351
1.243145227104699
1.230683393054072
1.246106901162047
1.200332686315065
1.138960704198452
1.078538190809442
1.019053847023639
0.9594189458412588
0.899765631055415
0.8403968139462473
0.7813971536265867
0.7227153434774373
0.6642724854040536
0.6060015800637837
0.5478518713014081
0.4897880850259358
0.4317969287142717
0.3738944701178703
0.3160780812517353
0.2581072353189821
0.1993448060779207
0.140017143806274
0.08663213304997895
0.03225805066405946
3.618757941896474
3.314020355776002
3.187315864289085
3.232616883411198
3.300360959875958
3.336053411745733
3.272355373819467
2.903639767356459
2.531614594185916
2.926405076562424
2.97532396986367
3.015644134445202
3.028354190895366
3.031642610260225
3.064018848278318
2.869449166548216
2.294774752457991
2.314353423399958
2.41412921165759
2.41388241371675
2.367311367174039
2.329086683704523
2.347083627055315
2.333972977363913
1.959848648711567
1.816467457588986
1.847067235393356
1.84773873861402
1.84375268527018
1.837756950005875
1.830102002027777
1.821513356547917
1.81348627983667
1.807430904541433
1.80471348064409
1.808325809306548
1.821631824148271
1.862593283847387
1.8972565506159
2.36064965917207
2.247682629661938
1.774990999861694
1.518526606191901
1.372219085186891
1.261499420110218
1.165818262343322
1.079080282437837
0.9985283404532606
0.9228971578305627
0.8514438606770587
0.7834521083414023
0.7181860036323645
0.6549784550963069
0.5932847592566387
0.5326889526702659
0.4728922339514425
0.413698998935996
0.3549848940045089
0.2966040981823854
0.2382768529011515
0.1798831961545103
0.1229111621598121
0.07231782470044575
0.03605825764613524
2.73944568586455
2.708867009086535
2.677431950785114
2.679408835915963
2.676274217785263
2.603604494284836
2.411282783541156
2.197420496546866
2.530476635148903
2.922069832189116
2.901121990863675
2.934335815707278
2.927893079867137
2.892837237770243
2.830368389713688
2.588619346643317
2.450984289428643
2.424445665568133
2.417722982068193
2.389700896399651
2.356373079684768
2.325117010457354
2.3086980244564
2.284675497526135
2.184460505902892
1.991131143234401
1.940307689349061
1.9041707641681
1.881927371712392
1.865196057094753
1.851287317335841
1.838634056629193
1.828729757232471
1.822908824702468
1.82190509651928
1.828158288184554
1.842823572819389
1.885434800677527
1.876045154596727
2.266444715844604
2.610642418692875
2.307274795336662
1.936231150648974
1.656048337889213
1.452670514184793
1.294307310401667
1.162722290939497
1.049093949768152
0.9487748792481105
0.8588401322445718
0.7771046934546298
0.7017765783500404
0.6313672413671487
0.5646734196623749
0.5007592477486082
0.4389259604281983
0.3786710801364549
0.3196407069875476
0.2616100819297433
0.2046262762201398
0.1495364848243461
0.09892114936058106
0.05787001460153242
0.03379929288514355
2.120274630549568
2.141724292325893
2.136581012604175
2.092765059018026
2.00560612982546
1.8744893676759
1.766337623570198
1.901555614073131
2.614429912339107
2.929903947396316
2.859186758281725
2.883796658256103
2.870471153247979
2.836636489741181
2.783682260304006
2.661498901687602
2.54729501970526
2.485624593166486
2.444880924673633
2.4019977073079
2.356970886468348
2.310425296420273
2.264360470025175
2.207510463858314
2.119388621633913
2.019443675150583
1.973154123307479
1.935673637226635
1.909043152633153
1.887499318677469
1.869563698065569
1.852582550115018
1.839836477299675
1.833071325868755
1.831772960031041
1.837163007464787
1.847622413901664
1.879207499608596
1.842840726860521
2.068297779519319
2.532334084551853
2.515793163565214
2.249989870138172
1.938937380627914
1.665317452530696
1.440817148861419
1.25649014443592
1.10241208361746
0.9713473010454912
0.8582175796871429
0.7592550495298545
0.671491982556611
0.592520770072916
0.5203913103657574
0.4535559736206446
0.3908204320923117
0.3312949370984903
0.2743728291441968
0.2197999502049229
0.167912967295443
0.1200369129947407
0.07880997716450079
0.04798964902662164
0.03118595162755394
1.661921136609585
1.665260996645881
1.639169197935959
1.561830244060387
1.444732717619372
1.344893311497387
1.388772825632979
1.76143088541142
2.615954222771452
2.920353553112019
2.829759774131507
2.848720148579104
2.829739435653515
2.794244935090462
2.740718003145797
2.653310486660782
2.56754151722545
2.505544689033721
2.454797791878266
2.405394740831499
2.356112937031376
2.30612709725775
2.255582997647659
2.199287334614682
2.127514485892272
2.05057167461224
2.001479422288785
1.961746218407733
1.93182372752543
1.90665230724289
1.885421388065832
1.862501791838203
1.845382926079924
1.837182020558851
1.835033212242871
1.839006007676847
1.84603082375341
1.868781564097927
1.830183669947502
1.974824708013035
2.387582658579758
2.509881945424023
2.382903580213125
2.125478249242635
1.83847424215496
1.572499283639621
1.34249015982797
1.14784703881915
0.9836374255852173
0.8446556975281558
0.7263669321698588
0.624943686017193
0.5371663872071868
0.4603530191365799
0.3923113645868193
0.3312915264930229
0.2759438172749086
0.2253168521558987
0.1789381339229278
0.1369744646902791
0.1003628460058096
0.07070221323981904
0.04973857867270319
0.0385863010075935
1.316708661348138
1.29877192640489
1.252469115576411
1.17180068348095
1.08242122825242
1.05727141822132
1.215555524480755
1.692375425041444
2.587734400855574
2.906392652942775
2.809421745424659
2.825048936512144
2.804244536355087
2.770478617723257
2.721087603322961
2.652076800039406
2.580922064390323
2.51915696105165
2.463321603710888
2.409500284481729
2.356365680987578
2.302759460195975
2.248987665942767
2.193204082925309
2.128618799019452
2.061063967808701
2.014844644446115
1.977376699998059
1.948092904617331
1.921823565447371
1.899264837885409
1.867579350890389
1.844186595724668
1.835625262139624
1.833717021974443
1.837243124364413
1.842655919272968
1.85991002427831
1.826119459355392
1.943397180027562
2.281467953439469
2.425892967706982
2.37914642477604
2.191039827015665
1.931642195690856
1.6573808899281
1.400111712517977
1.17265812277744
0.97749269085257
0.8126468183149382
0.6746250375333693
0.559618953063186
0.4639937053694138
0.3844914208903333
0.3183046380689914
0.263076094961776
0.2168687253531823
0.1781505452291571
0.145817322280686
0.119221724087124
0.09812225854369849
0.08247948264603841
0.07216609987201661
0.06685784259799582
1.073951203658021
1.051668998669916
1.011025174542339
0.9627090338957736
0.9381108678843748
0.9953305776676387
1.21521209563075
1.696033574088721
2.551063323062011
2.908318567180946
2.82348873900131
2.83849400875918
2.817652250864311
2.783596590873644
2.733819354586331
2.669369558329581
2.600593868033327
2.535082782454223
2.473184449344402
2.413444747369542
2.354399952916088
2.294797078304776
2.237183185867403
2.183228164459265
2.121746419096882
2.05558288112747
2.016488926163667
1.98512133042872
1.960382013543076
1.936089846541087
1.915837382007304
1.86688012365305
1.830359451665701
1.82089154906921
1.819599041733491
1.823887378783472
1.830139788046645
1.845695178118577
1.820888420244656
1.933938468185855
2.204911316955936
2.322232002618953
2.300614607096561
2.161088000814798
1.939930258843221
1.679083026217561
1.413270493922625
1.16471647541692
0.9445730836541556
0.7565927334948552
0.6003354670071077
0.4732780430624254
0.3720552500989079
0.2931472115066598
0.2332149591934668
0.1892160178093431
0.1584052837914229
0.1382999095439283
0.1266447469172971
0.1213699215226758
0.1205194893371466
0.1221827753181283
0.124544426002512
0.1261565715306373
0.9377940606778684
0.9281812655174977
0.9186168334690521
0.9279428128212478
0.9853060519633529
1.126858330557165
1.39098770104801
1.826081741870123
2.525888349539643
2.820207360371352
2.732265997655317
2.73048260013756
2.709456678594366
2.682924627103341
2.647250417971698
2.603061354469313
2.555080463816037
2.506913951753596
2.459091647095437
2.411583275337573
2.364211868291489
2.317075629664869
2.277538747617435
2.243239807381742
2.161426856088215
2.052150592649045
2.013658144258024
1.988391387461974
1.96953381023318
1.948273467499153
1.933882477292152
1.840832158568574
1.810963301324215
1.831613501386432
1.845221447119608
1.852636677712875
1.856996631961223
1.864591907770366
1.840780494872021
1.930942880021023
2.129737559368526
2.209662627641528
2.18872865805427
2.074626252436671
1.883060715330878
1.640475960011076
1.376646674638308
1.116955665850208
0.8788918812532843
0.6722222696117272
0.5008000683371245
0.3645824467115557
0.2612829256719328
0.1875274456069546
0.139536798282995
0.1134365152037634
0.1053432828713704
0.1113609790426313
0.1275596777455846
0.1499635974939373
0.174571618510258
0.1974846667780941
0.2152248097570132
0.225214959713312
0.9120400823290816
0.9248854832812915
0.959518266056124
1.035097323092587
1.175320402583176
1.402345289955494
1.730841455754879
2.172575092536302
2.799698574896554
3.110099055642166
3.102235486214735
3.075949171990989
3.049178953500484
3.001829069509044
2.921265754455381
2.816042757349693
2.703492094361534
2.598359385216049
2.506496253683959
2.424337411738456
2.338751962131753
2.238124633722828
2.149277448590344
2.09394648663965
2.046888017478406
1.977867836335466
1.978958782079718
1.981476041239929
1.982203837634562
1.983944175023682
2.02529507545487
1.906253306683686
1.653697604426857
1.673984714036073
1.706480502920223
1.727567833134593
1.746476974998317
1.758674447928197
1.767382060689426
1.863836636288755
2.030006700079034
2.092328731333314
2.069465655826367
1.964946302060533
1.788110894258237
1.557290225225886
1.29660176952272
1.030581675806474
0.7797864040352858
0.5587147821858719
0.3757228007651887
0.2340411728453246
0.1331790866297108
0.070269189305995
0.0410822275455504
0.04062032412560258
0.06339497013757986
0.103565508700114
0.1550390438626898
0.2115660475114233
0.2668815517585397
0.3150145411716416
0.3508191832778005
0.370597744521345
0.9926266790195476
1.029852475853528
1.109176872409865
1.245939123161775
1.458006765952446
1.762602691664757
2.177222810672892
2.720099081938397
3.361606367601913
3.784331924534528
3.977013916975745
4.035994287399121
4.00976045966997
3.895065721491006
3.69275077659393
3.429458625763431
3.14748394598101
2.884525626190209
2.657838936512984
2.45919014010176
2.2576514863622
2.009428923940096
1.681488037836493
1.341901267029981
1.584847229791883
1.928086697228693
1.936136171356516
1.968976951448124
1.987182897864419
2.005143186749185
2.037617664360246
2.158211927068053
1.881806472863107
1.559773329374599
1.445859661929463
1.44943542605416
1.499463413151425
1.563197151673462
1.643255500538574
1.764688384437726
1.915869116874849
1.984401165788253
1.960618509372262
1.854598996399732
1.679040093137115
1.450119356670812
1.188152929601735
0.9155906211616716
0.6538771751156128
0.4207886278222837
0.2289167428794017
0.08526707860885624
-0.008270053375561474
-0.05385315666650936
-0.05642511293454128
-0.022672325819144
0.03964595678969299
0.1221368550555586
0.2160920921228595
0.3126888311590654
0.4032346834541966
0.4796938688837042
0.5354331594940164
0.5658909356883495
1.166162713455991
1.224118980001351
1.340222491636367
1.525175091756131
1.791681061051234
2.151849348990656
2.612251568430136
3.156982612501523
3.714193660336299
4.165091797112939
4.455391457090839
4.58099298372543
4.5627569458618
4.416380552804883
4.161036389014077
3.83032551714273
3.468106291160843
3.113726490605957
2.787802641055594
2.486362555425012
2.186128223422135
1.864503195030069
1.546689278062201
1.388504680311984
1.686282041957364
1.943303601842155
1.940714148453049
1.974073506529547
1.993220659516508
2.013283809631307
2.031474561557384
2.126595576058704
2.048321076916929
1.745881637429447
1.543867315526023
1.485364355229645
1.517012339128167
1.591132546892606
1.68633788638494
1.789900240979994
1.879732032217217
1.914918285037245
1.874021570631447
1.757172618431425
1.57427935799499
1.339675980071485
1.071150408782269
0.789223283700116
0.5154433134829532
0.2701015214727781
0.0699726923467465
-0.07353191212342061
-0.1554341664345992
-0.177061489150961
-0.1446979655640457
-0.06772846650207748
0.0428653669663814
0.175441298201509
0.3182366259682908
0.4595326521144468
0.588079842440641
0.6940359699042981
0.7698943092495586
0.8109096880672507
1.411939642142872
1.484092953535141
1.624668573457509
1.839728519003022
2.135511093728162
2.514209897253235
2.966108731256234
3.459242223192254
3.93971952439033
4.355885937222305
4.656387022857679
4.806746345817281
4.80121054584344
4.653832317532919
4.390315085509972
4.045117229958485
3.656950236453065
3.260319555062551
2.877274161226886
2.515323106456857
2.176317887548474
1.878282724697758
1.681938002055081
1.680751202337072
1.879307831548682
1.974871258008515
1.965157546264755
1.986385897035039
1.999562522645796
2.014022163983708
2.020009076603622
2.057570803137851
2.063138725873629
1.927864492449759
1.791239888595972
1.726826036134659
1.731820482922505
1.777176944819326
1.836266485818602
1.887078073475139
1.910976922862308
1.892927761836753
1.81875396049639
1.682812042013064
1.488389197003799
1.245090294425842
0.9673227531582066
0.6736044172193838
0.3855020072768623
0.1257595152783852
-0.08429049841888474
-0.2278187851617088
-0.2955548073555125
-0.2875446613015534
-0.21226363606868
-0.08338397981103433
0.08355627955593134
0.2728985457909754
0.4692687421531717
0.6575046274856813
0.8238012922930156
0.9573504465768713
1.051056223486709
1.101119169851225
1.704990662999656
1.78374264626522
1.934566327418585
2.158795328407135
2.455408708989359
2.816987160895469
3.225158364207894
3.649728857965763
4.055638132099592
4.409718405326901
4.673816318351511
4.814076916362258
4.814639955187035
4.681084135519418
4.434623813037219
4.104978952210561
3.724549853967695
3.323507042133053
2.926739638002329
2.555182961170264
2.232906250274985
1.995453951347351
1.884164892004617
1.906921557277698
1.980710227512284
1.992679413671666
1.98763328782365
1.999098341091361
2.007276611008846
2.016923827798326
2.017024455725305
2.024155404408736
2.062879937213387
2.082741886302401
2.075104816916492
2.059524996059463
2.050169216022331
2.047192962207905
2.041805099871726
2.022378765195644
1.979224946955053
1.905669605482777
1.793978532089662
1.637256877375335
1.432715259527812
1.183267880050704
0.8981870144146745
0.5932632040646182
0.2900628382421223
0.01401094574709303
-0.2085938854008339
-0.3545567883389958
-0.4086588319644096
-0.368187760426346
-0.2440303037015601
-0.05609469881230474
0.1736502901521083
0.4246962132165789
0.6767784077372317
0.9103035073749821
1.109607166838782
1.264868077384305
1.371368569974852
1.42753480108859
2.018989530832605
2.096831950301464
2.243891744920266
2.457325857597276
2.730403971002541
3.050400041008553
3.397843432630607
3.748782108541692
4.078519810896307
4.361956590570008
4.571948145937864
4.683190447666891
4.680167572897644
4.562395937239638
4.343215980531649
4.044861787311136
3.693631813443041
3.316903774273457
2.942346986346554
2.5990063797183
2.318116260996185
2.128278488932155
2.03957747501195
2.023320222170993
2.015474264276953
2.004137120045638
2.00473608917286
2.01068410582335
2.015937325153579
2.023368221564739
2.018195567125069
2.022328691475767
2.10981232972556
2.253407951777369
2.358875800029312
2.395299555583114
2.375770080172302
2.32222488308829
2.248094059451256
2.158080589767184
2.052957430873135
1.931607672978141
1.789770759004276
1.619911018560977
1.413973456172914
1.167414821925808
0.8828978215173857
0.5725360954148805
0.2578325789723224
-0.03282568450078469
-0.2682977298617564
-0.4194272231801039
-0.4643111103005506
-0.3946922936505208
-0.2212232116506334
0.0293286027731677
0.3259143574590719
0.6414360572198291
0.9470735350275699
1.218138736364491
1.439958573972752
1.607016075226092
1.718985714363504
1.777304127333944
2.328868160445215
2.399392422241706
2.531069038517524
2.718336778661602
2.95160979848222
3.217031317194286
3.497441551704963
3.774304775451788
4.02896554285595
4.242425279463228
4.395645430783101
4.471385279997824
4.45784663197551
4.352195990507425
4.161499160837266
3.900978429460131
3.591455331440389
3.257557661989131
2.926814868352241
2.628299356537733
2.388483750736077
2.222744429467389
2.125678409073512
2.070699556969929
2.027655301693016
2.013866938181537
2.017548959049535
2.021197528425807
2.025453628945035
2.033763971252363
2.02292588165602
2.052079817081392
2.22243250302392
2.454500761225996
2.611266994975659
2.659876285018053
2.621117273541422
2.525944685060241
2.39808743365025
2.253171444735732
2.101436996109727
1.948115802661811
1.791916382244171
1.624399229315128
1.432597990759671
1.204487421589762
0.935327762773837
0.6326423187672358
0.3176409896463517
0.02191280663768118
-0.2193330454890678
-0.3739945460433485
-0.4167902148967704
-0.3320745939577179
-0.1214824528710835
0.1878786405001641
0.5537583077835827
0.9334610363870743
1.282406251851585
1.57468707204781
1.802985019378619
1.969386099118105
2.078625888157449
2.134906879013956
2.613105135796958
2.671833893959574
2.780431595464847
2.932399202159875
3.117865833953748
3.324295063352339
3.537693220759551
3.743742125785807
3.928271409000286
4.077390824440724
4.178027414550981
4.218864887904614
4.191856841737066
4.094084962489198
3.929079058512785
3.706980031218418
3.44379823222361
3.160261092621349
2.88010238315742
2.626924144543513
2.419051907180659
2.263835549572783
2.155711194606504
2.082093222763823
2.033957948879583
2.023152325640358
2.027434020958929
2.03054832015909
2.035086208369742
2.04655315789976
2.032502265873261
2.118334559225309
2.393459141972852
2.637270613010099
2.756895053577114
2.770013093144862
2.707053049978886
2.590552651412432
2.438434501293705
2.268268281627174
2.096799845871119
1.935586280780216
1.786504698057491
1.640690533953165
1.481777091074945
1.292086014159671
1.060217125884885
0.7883564406654857
0.4961972735515507
0.2177014499995918
-0.009370734442441367
-0.1550224669592286
-0.200215915536973
-0.1279698193027004
0.08301554838449791
0.431577126037022
0.8729657672265053
1.307193455561349
1.67470368513106
1.963601912373017
2.180220524983598
2.333946576959444
2.433051127150211
2.483571680349287
2.855346153230708
2.900095112821064
2.982231746874046
3.095750570509026
3.232100395749658
3.381099612870671
3.531905757921994
3.673704553787855
3.796058745931098
3.889189933873623
3.944359952394648
3.954321627909465
3.913934277538537
3.821087382130511
3.677767945006012
3.490818290831778
3.271993955848402
3.037095704209892
2.803977572593178
2.589407732584619
2.405538029190155
2.257894399094121
2.146888748143527
2.07231840246254
2.036648507258447
2.03184467920523
2.034965115815047
2.038169362398544
2.042963990155925
2.056148770256067
2.041625514534194
2.170158223142498
2.517799795729099
2.64874552774031
2.666651493473264
2.632193347250224
2.561505216864446
2.456177561176931
2.320962932908006
2.168762046479344
2.017452984654582
1.881302426229038
1.763906704214031
1.65759848270776
1.547250311256811
1.415456535830004
1.248619696429492
1.044182534161076
0.8168213379744769
0.5974852139236672
0.4212380614496679
0.3109941497690275
0.2693230278080488
0.2962887233162504
0.4360711091164636
0.7736153157502962
1.30167226177524
1.750449397764401
2.096863350640712
2.358129202446596
2.549001251242238
2.681192878609699
2.764563234883426
2.806442070803588
3.045073284506524
3.075774935780383
3.131817070712573
3.208490309654032
3.299264637118381
3.396557903379607
3.492429736467794
3.57906955445085
3.649122533902448
3.695957575766418
3.713899236020063
3.698435222985476
3.646484336223528
3.556869528317575
3.431008906744123
3.273561054769717
3.09259280882743
2.898916929891333
2.704549031150954
2.520719627734912
2.356405940239452
2.218433554795991
2.113266691490846
2.049022709582
2.03586461954868
2.039370896853604
2.039730809214226
2.041883440687332
2.043328248238486
2.048081058178219
2.025510027206682
2.076213493024194
2.225956117171316
2.225348975309799
2.198614689852628
2.160705188331848
2.116905056077977
2.063161055387393
1.998154438946587
1.925033276855164
1.851256998885176
1.783039552762229
1.721728323639549
1.664970936307146
1.608200440132566
1.545989124825242
1.473832865480271
1.390140220256366
1.298865627515987
1.211866714701479
1.143078312655738
1.099702056440988
1.071641444057534
1.042212723965492
1.025594770103334
1.282984174207485
1.817974340728003
2.203406466172821
2.503061501872622
2.727378653692025
2.886128711512988
2.991734168464239
3.055927013687627
3.087390310731328
3.177372934467606
3.195560807823624
3.228605011187266
3.273330475971732
3.325317844938712
3.379419393779401
3.430221169007845
3.472402616120802
3.501016182652145
3.51170775797483
3.500877206814616
3.465800037727215
3.404770551373622
3.317344766066265
3.204696064480146
3.069945581755881
2.918216128588604
2.756229936899512
2.591547846546291
2.431883039077162
2.285043596705046
2.159719614420588
2.066640055093989
2.019241986571313
2.03353394040977
2.046721648047401
2.044326779717958
2.046863017457436
2.048141470318578
2.05154142354481
2.044614797868355
2.050684109914843
2.041222028604267
2.018408304581191
1.995971915551792
1.969637090762451
1.94055563705254
1.907770285206418
1.871346398548517
1.830841326367466
1.788846289246879
1.747305689750976
1.706124986374642
1.665231433615581
1.624684860453407
1.584492885873144
1.544660651565086
1.505024405828205
1.465342834774193
1.428936562097596
1.3991983230166
1.376529792916589
1.357732636574807
1.355592308502955
1.276173798779021
1.532580724720608
2.153751160862913
2.566051574463288
2.84947524937523
3.042402594905745
3.168552482366657
3.246512698956963
3.290905989839865
3.311713113324624
3.252110812748091
3.260322674344418
3.275145967080829
3.294807462906551
3.316730419054082
3.337799369862521
3.354624752612617
3.363787652359475
3.36206400984287
3.346618900137575
3.315159739333816
3.266054080657874
3.198435075199516
3.112316913492372
3.008714381774962
2.889715634067523
2.758444583891161
2.618924389432185
2.475995638493465
2.335525535420323
2.205028114167991
2.094515703761153
2.017168951017286
1.989525725262442
2.031230130652288
2.053604990787942
2.048503504402746
2.051555594722887
2.052917977432844
2.055701731272843
2.055402327332386
2.063497749338825
2.070574093707438
2.06339254767249
2.047633489653716
2.023426499728837
1.992392384882378
1.954202141616801
1.909849985280634
1.858777092636249
1.806608938070704
1.757317921589551
1.710181969305045
1.664144549832439
1.618168584038515
1.571022144742284
1.521615508987251
1.468909182114788
1.412332738989113
1.35928488807617
1.31745009259282
1.287506273917666
1.267276113279761
1.278156229080761
1.198405753504162
1.516279335026184
2.297542655762707
2.792027326454908
3.092599224891561
3.270542552933393
3.372198035653121
3.427287437266324
3.454967180813569
3.46677170491038
3.272868280860854
3.274137628982797
3.276337181906522
3.278768765457533
3.280238053469532
3.279108036789787
3.273402156891253
3.260957506391153
3.239615653222907
3.207421015605472
3.162797417774121
3.104688912152505
3.032662343651699
2.946966656151991
2.848537865730153
2.738948864867606
2.620345407789004
2.495476630709344
2.367968909791298
2.242928973818614
2.127780099936941
2.0330538868334
1.972856517956575
1.964911039965346
2.030208762154607
2.060077071252795
2.052639461625358
2.056048718593781
2.057067028017717
2.058502797849196
2.057770924151886
2.058889157700248
2.057616821209456
2.048172248844466
2.032651575025025
2.010471835980765
1.981846236425157
1.945614335886147
1.902924610936401
1.849861559496656
1.796564380628609
1.749788147823068
1.706263912155193
1.66383474589144
1.621695951069767
1.578845027297247
1.534096587466149
1.484376617819761
1.424992177643818
1.368463279015429
1.327386597917917
1.297704070117917
1.277057410466083
1.288077188924073
1.195266665913569
1.487017276313689
2.328876157518855
2.877168089253727
3.203390401584818
3.383292794506869
3.475275488138942
3.518233181024261
3.536132923168096
3.542480222079941
3.245902830923964
3.243400550187154
3.238786518240516
3.232026106288604
3.2227461998648
3.210134496187846
3.192941746212717
3.169600834281047
3.138427198620367
3.097839448613374
3.046554276351541
2.983739526738708
2.909123874588366
2.823057813300571
2.72651706102873
2.621055732000798
2.508759147350324
2.392300097264502
2.275226025622058
2.162544326521757
2.061518322395202
1.982426649736283
1.939017084305011
1.948530913239995
2.031314061384066
2.066276714857942
2.057171825721523
2.060965832313866
2.061944589457859
2.063041460312202
2.062666023394911
2.062132140666279
2.059126023367269
2.050699400961718
2.037023100305587
2.017134861031439
1.990457832454026
1.954547107535157
1.911186348047664
1.848432572920416
1.787413998370015
1.741842024114397
1.701960929334723
1.662737730756252
1.623848441611547
1.584767607485745
1.544429176900441
1.494983371062381
1.421824795997523
1.350850802449077
1.307278069856306
1.27580066369441
1.255338282812509
1.267012679879385
1.175661456165835
1.458223960750678
2.288867383257032
2.839654166301025
3.177690548442029
3.367888544348027
3.46494874248739
3.50896758591726
3.526183871584888
3.5317697851244
3.179278969212675
3.176103818899402
3.170332877244155
3.162140884182892
3.151345398241512
3.137231736608138
3.118559433867668
3.09374031943532
3.061091423691184
3.019066985986793
2.966433712446631
2.90240088601245
2.82672617756311
2.739807209794394
2.64275750973837
2.53745822776582
2.426577830818567
2.313575678002663
2.202762202448851
2.099545030112591
2.010956992474471
1.946375668013055
1.918114868691893
1.941559102174357
2.034791868980032
2.072218936185493
2.062161182466538
2.06623439389582
2.067246376408012
2.068237651235923
2.068010239654137
2.066900266844694
2.063601383514004
2.056539228205149
2.045311212584177
2.028862272995713
2.006152784746026
1.973029194458734
1.932881811116169
1.851129334479146
1.774205392854689
1.73096757774051
1.697436170012874
1.662650000559551
1.628316160820625
1.595631553429274
1.56474470989651
1.516782025844003
1.41467593723316
1.315247365985599
1.27332320362438
1.242140303404628
1.223975373563726
1.235682443818837
1.151980746665904
1.413106005402291
2.176304563279176
2.694279149825387
3.028742323323753
3.230297916220112
3.3417936583599
3.397476553131949
3.422121539258561
3.43131472653885
3.082234160396261
3.0813311696507
3.079744828106473
3.077342196973199
3.073408309658558
3.066533862345337
3.054794963350082
3.036092531171678
3.008457246276953
2.970236763796459
2.920194313149852
2.85757409277603
2.782171384094569
2.694435748206268
2.595629917655335
2.48803450688908
2.375123711785417
2.261586458701233
2.153117194505747
2.056098179791993
1.977522612977474
1.925465242878126
1.909924719625915
1.943354387666164
2.040413979369206
2.077951417265259
2.067637086129718
2.071954997990898
2.073198671237688
2.074461991225838
2.074739778541123
2.074075922687718
2.07171731187203
2.066785690902318
2.058770584714458
2.046552094073075
2.028306568130562
1.996875106177492
1.955963539591679
1.804318464950753
1.711095242866023
1.694541542970545
1.682935741212029
1.656270804673225
1.626774231846563
1.601984660983182
1.596940076112486
1.580326132317173
1.45216239779506
1.268957247064044
1.228013530180259
1.196026804713493
1.181041059292791
1.192271453242419
1.1213515757443
1.34172620369353
1.993363415938707
2.458933745901476
2.780130934592826
2.990425205962126
3.118845935807323
3.190841263228642
3.22719045583515
3.242498240457978
2.964808461402984
2.968997731019148
2.976625797772814
2.986578254036619
2.99671930615759
3.004114891484098
3.005607080640885
2.998336074069105
2.979992651012837
2.948869986278345
2.903846875124908
2.844359864259569
2.770385956976619
2.682487426585525
2.581993619253484
2.471351171167761
2.354552550908141
2.237395588202009
2.127251740994695
2.032210449488304
1.959994478493316
1.917550790974183
1.911930039632179
1.951733837973013
2.047511946667252
2.083464851341643
2.073436365625052
2.078014091094826
2.079669710924061
2.081478081914839
2.082556165416992
2.082952485179695
2.082361153343423
2.080579941524761
2.077771736748425
2.074262962178568
2.070669975090417
2.06698819084658
2.092516800375633
1.962657497537684
1.629793620412249
1.6444108229844
1.685794365672909
1.665057727719834
1.629884665126141
1.636084048222488
1.739873014068794
1.783536725316324
1.267005316441116
1.081685784818608
1.126475938290656
1.123012817131332
1.122921574630387
1.13776427387406
1.084433379076583
1.251596207085768
1.763187253503272
2.163518073401032
2.463385038444936
2.676210878888594
2.817352145141739
2.903515256268579
2.950872571748785
2.972213253800982
2.837772353722974
2.849879379307276
2.8715542138012
2.899667092439328
2.929533102713523
2.955970847488182
2.974387218138447
2.981247897801621
2.974065439454198
2.951275599576481
2.912127811335844
2.856540624213791
2.784921995978466
2.698062262986478
2.597242155856385
2.484646389219194
2.364050709658138
2.24154463857359
2.125784653073762
2.027147807040995
1.955610292401416
1.918430724542054
1.919801971868856
1.963399028626085
2.055101410556556
2.088713631296085
2.079289875920154
2.084245190642783
2.086492060771394
2.089041310761508
2.091075915625712
2.092729540018621
2.094021727225743
2.095266627437589
2.097307882492521
2.101967520846122
2.112384570165249
2.136854439104442
2.176440299527177
2.434952983652023
2.207091159672446
1.901000278031825
1.775490581401806
1.711446280589253
1.66966124032017
1.656375857505935
1.607662274461346
1.289169845872723
0.7602932131208207
0.9538237984046226
1.024669722556536
1.048984037492845
1.062671004480413
1.080272312528338
1.044941356660282
1.157194594024295
1.521811758500263
1.847030892916073
2.11470365141863
2.318716230061954
2.462119606837796
2.554493996396458
2.608008666098785
2.633160264890869
2.712941999150646
2.736014831121408
2.776463242144006
2.827410763923754
2.880369388428321
2.927708361031292
2.963774534838912
2.984721016456542
2.98813337522344
2.972877644641741
2.938942758609288
2.887095230559188
2.818445670236488
2.734140644385515
2.63534275922433
2.523587923173046
2.401564408027499
2.274264373771045
2.150152883446076
2.041417698377022
1.961957026804746
1.922772174784403
1.927638158847179
1.974376525190495
2.062267946698114
2.093626537147703
2.084840541019051
2.090445062444633
2.093474064863803
2.096895819414621
2.099882462569933
2.102623454350654
2.105269940416231
2.108265517981701
2.112423666819397
2.119352661458583
2.130968160994791
2.155617592638003
2.168857532340736
2.365845102345912
2.420284284870232
2.175313004457218
1.948476641976129
1.795531564023877
1.682953541492028
1.557887013208615
1.341207925566145
1.004141885158277
0.8100307509474765
0.936488522183752
0.9769904103693685
0.9991388943808361
1.012704025346239
1.02744067032321
1.00642715585206
1.070961459837972
1.302144995244901
1.546679837225946
1.768616462839959
1.947299766863074
2.077549530087131
2.164731949967504
2.217656676488195
2.243576229308474
2.604117080166107
2.641632100429606
2.705134906773127
2.781316191753964
2.85728836204449
2.923936420023415
2.975373044483505
3.007711142255897
3.0188277717267
3.00844775148175
2.977780363541462
2.928769682713334
2.863373397365395
2.78313562065095
2.689099277049981
2.582033941331629
2.463031264607045
2.334649822410149
2.20277585514277
2.078795329670399
1.980182933751119
1.926185509831762
1.927680997933133
1.979431394054873
2.068707662298645
2.098156704599532
2.089641654373045
2.096431966775347
2.100507544804186
2.104948447444693
2.108853335153869
2.112464391651982
2.115980509222147
2.119828663806643
2.124586870360349
2.131249194232756
2.140076039957567
2.156673078561898
2.151735321942748
2.234131706520952
2.363614872500943
2.26795056387357
2.065774243275029
1.855059704052004
1.654215260122869
1.437997881960571
1.193912505929567
0.9838007266209802
0.9174461760563225
0.9294725325715621
0.9456147879635042
0.9584003442505433
0.9682575360986873
0.9790511595842641
0.9688258229401572
0.9970855009257387
1.122701652079172
1.288424429211997
1.450784548398187
1.58454947005828
1.684694126643032
1.755659664567156
1.802126766836896
1.826287624029553
2.529230316751219
2.584766298377795
2.673231244296837
2.77226788735482
2.866580223376795
2.947648339593209
3.009541725349242
3.048094567277242
3.061889945966731
3.052262522612828
3.022132514330055
2.97469647889584
2.912606865801505
2.837663106757156
2.750802215318409
2.652221297616677
2.541617173424629
2.418764962658485
2.285016307098611
2.146543330768514
2.019170447940159
1.930648687535264
1.911032496376185
1.967989600888604
2.073200425461723
2.102186550725134
2.093029149373769
2.102071786608361
2.107622976021598
2.113269656763893
2.118041858041523
2.122295447195683
2.126287780622837
2.130409151464298
2.135062995340656
2.140845062261334
2.147306723430425
2.158145708353596
2.151132208031306
2.186131813192225
2.280969105008719
2.241305862124285
2.077695089445742
1.847117194339653
1.594175992003218
1.343741945446033
1.12706599477472
0.9865763958276835
0.9234574479787306
0.9008003151485368
0.9106059001007409
0.9184465996659156
0.9261887342448666
0.9346264678609987
0.9320860544107846
0.9345614966390848
0.9898949548469267
1.083661780262031
1.171720122094789
1.242380248288613
1.300590513240715
1.349308462496658
1.386047841071212
1.406703976439637
2.515108832778831
2.589260961271717
2.696245009931068
2.807636028009886
2.911576978486643
3.000125398838434
3.065191617998675
3.102254553268227
3.111980621189688
3.098326136354633
3.066004872149867
3.019016276091934
2.960207376472856
2.8913250766059
2.81317128494601
2.725688719995683
2.627921852324903
2.517901820098517
2.392816913958442
2.250739926857203
2.096662147883889
1.95464278226481
1.876569983029865
1.917325705601429
2.063291054605131
2.104358609071393
2.093814378920602
2.107260701641759
2.115079937275345
2.122167265912014
2.127716020106538
2.132341571790039
2.136441635608446
2.140441264530264
2.144666475614572
2.149500969110106
2.1543508350462
2.161863936057606
2.156179480819615
2.182167669650931
2.235155941467384
2.178442855369846
2.014129351932518
1.772455756099892
1.500829595299577
1.247825725543467
1.054024304907939
0.936991872160011
0.8800892007892216
0.8653616375560208
0.871328950002625
0.8779699023402043
0.8855422199796291
0.8943561385959529
0.8972842251615568
0.8881111179749444
0.9094993610178582
0.9262268494364272
0.9220817554097068
0.9232286106032848
0.941655267228024
0.9694866896073731
0.994692792843212
1.00963032626305
2.607700009095002
2.684510802768558
2.78284909486323
2.888288900273201
2.993331417597107
3.081234569594095
3.138880358879165
3.16426843975806
3.162675294005806
3.140924395560238
3.104563192136657
3.057393584320315
3.00181686868983
2.939216935139537
2.870198817144249
2.794667664783768
2.711715827245123
2.619232693392734
2.513100956152553
2.386084200749329
2.2285470822571
2.039383082242572
1.859405833039293
1.805841897395892
1.995853644584027
2.099472062405791
2.091290950512533
2.112485966265829
2.123683670854621
2.13227435517578
2.138305118921543
2.142909512443341
2.146726739863658
2.150279737868156
2.15388459574516
2.157843569079615
2.161612495104202
2.167361705199296
2.162666096884536
2.188691086227343
2.214689911152365
2.116016587877016
1.917366503422075
1.651583819212475
1.365811114059091
1.111795219313045
0.9293969484023565
0.8340666170199018
0.8207191757384809
0.8280323398186433
0.827933288578812
0.8361344622822954
0.8454118211589153
0.8582698942066025
0.8689273165096755
0.8908139684570003
0.88264164249569
0.778118037177148
0.6762679489210188
0.6316194916162914
0.6295534626118017
0.6411501681555014
0.6510179475152018
0.6561285288228489
2.890742479051652
2.894663030981486
2.925380920222407
3.011461014210026
3.113372938510447
3.187653008902611
3.222407132243223
3.225403659249498
3.20732284207403
3.175637634963593
3.134751740202165
3.087258952044427
3.034718973763143
2.978008639687462
2.917494479761809
2.853108627708059
2.784286543827983
2.709669734128314
2.626431442882684
2.528686209331886
2.403276282800922
2.223390461333619
1.963364938996867
1.705222564793597
1.823970579339887
2.074583575153105
2.087877306775405
2.119907638185712
2.135188638023763
2.144672598816949
2.150417130036802
2.15432612561849
2.157354601785063
2.160115216653325
2.162923680793975
2.166045113576871
2.168996867425546
2.173771974397739
2.169383183596966
2.196770174192094
2.2062964877803
2.062571859740543
1.812565577206058
1.503881652774993
1.188786623184479
0.9202383566519512
0.7420153305215406
0.681536150361574
0.7499978747478591
0.7900804872360823
0.7806532764979098
0.7920172968497591
0.804466169891441
0.8255742598664461
0.8613749012425627
0.9941562898645695
0.8350376329782569
0.5595128616432676
0.4232500859066261
0.3921379121045921
0.390082483852922
0.3846235060314036
0.3730480928673631
0.3630345970936578
3.50095918257772
3.210905343919014
3.109474729452544
3.18390878234379
3.269937187569197
3.305319691572004
3.300720496614216
3.275850921305674
3.241059195262654
3.200339283852283
3.155493954758279
3.107662877366411
3.057593961820601
3.005692652644956
2.952096364821352
2.896760866774099
2.839490969692803
2.77976137909808
2.716230556294852
2.646521402371185
2.567703079515513
2.469022273838377
2.292516240985381
1.92356564999807
1.73191246787753
2.062120329386496
2.106481365577969
2.139120466379333
2.153686089147892
2.161034930624819
2.164675355381652
2.16678210091812
2.168359710943025
2.16995059746662
2.171792243741825
2.174087239607425
2.176363325569342
2.180594348648281
2.176061196139501
2.205821305368547
2.2049312510546
2.018548802779061
1.710644276708119
1.344187425192194
0.9813665849413552
0.6821995350843735
0.5012730780175411
0.4846332098343057
0.6667845635213363
0.7515982149118889
0.7290992054760023
0.742643030422806
0.7546108596916998
0.776596317134107
0.8425682000749984
1.038460308436811
0.5253972422314273
0.2355787734518766
0.2215532983925545
0.2439502376211016
0.2356401978778612
0.207826264431215
0.1753941469516954
0.1468998107266296
4.549298133412817
3.619288479523602
3.389075827749803
3.416592273704877
3.430008827892982
3.400873180759113
3.356257614735616
3.30944209736024
3.262551402342267
3.215196814924719
3.167247504741883
3.118848048176429
3.070143546795504
3.021200976817613
2.972030281817174
2.922636372509464
2.873092911128967
2.823515770069278
2.773549718512693
2.721526346161997
2.667787804923572
2.631148786151998
2.658100148114977
2.659012282417911
2.302207019165475
2.15896742436712
2.18787998586502
2.186995855994326
2.18523070292346
2.183284592014663
2.181494574356251
2.180199696385935
2.179543469024591
2.17959264568529
2.180323365886183
2.181798757686296
2.18348861147795
2.187430603247792
2.182468198505195
2.215607751419095
2.208579020724968
1.983818098664494
1.617943578573831
1.186742845086466
0.7644310268226411
0.423155062473474
0.232828666422658
0.2614615365678921
0.5751697454507986
0.7125688713286985
0.6731056268179075
0.6834523177260161
0.6812496759652001
0.6741624348619871
0.713213389833104
0.5244501836820967
0.01071650305963056
0.06169845693701081
0.1720933201231971
0.1829332227752354
0.1491284600328579
0.1084149935405077
0.0728724672933813
0.0322961925726342
3.984200247520439
3.695623743814625
3.596462118766379
3.533523958510331
3.477353213076751
3.422102887866009
3.369030830260578
3.317883165571848
3.267933072255781
3.218634588238267
3.169705604950499
3.121011972975881
3.072488297836057
3.024107269724053
2.975871035134534
2.927815690361952
2.880028535292555
2.832670849046338
2.78597226622538
2.740154655984976
2.695896007374974
2.656159548016399
2.633539260452805
2.605928666728558
2.490876721279291
2.315677652503561
2.269092295105172
2.23555054543457
2.217031178581598
2.20535497850217
2.197816218718413
2.192949993801009
2.189988072076053
2.188491049187707
2.188153986875858
2.188891951515195
2.190090297529254
2.193899524600147
2.188351880967334
2.225253189726656
2.215590134758086
1.959344500887056
1.541709983092608
1.048099055194949
0.5644245583986592
0.1772303910721469
-0.02605095469973066
0.04474124237392494
0.4874588348227676
0.6765025133442328
0.6202870881282694
0.6269529545218807
0.6100229900948334
0.5743527499285465
0.5285922691542831
0.3407238527279361
0.2119458215120207
0.1955853249468102
0.1894203358113897
0.1614662160459951
0.1267005171184934
0.09004404430311048
0.05398452919186408
0.01694916883860326
3.689943879964648
3.596712057331434
3.545163845203901
3.497194488270495
3.453492494242199
3.407912715170687
3.360881739336368
3.313111560648607
3.265016850898178
3.216734939229161
3.168323000129201
3.119818315978592
3.071247995420566
3.022630398849192
2.973978600975912
2.925305374740582
2.876628013544751
2.827961243598351
2.779298521739299
2.730596884558992
2.682040185052
2.633857182448083
2.587394165187693
2.531093327787122
2.438219229879221
2.341755494872086
2.296025783384978
2.26025375336705
2.237148100869886
2.221273501296297
2.210520418340797
2.203324304900701
2.198711318856169
2.19604774932939
2.194886755488314
2.195059438508235
2.1958861316763
2.199653073021556
2.193488718016792
2.233762224181988
2.224463943928093
1.9470530269913
1.490934410241493
0.947070096578434
0.4102150188084192
-0.01938795917776124
-0.2361043416219911
-0.129778450490625
0.4177998429075966
0.6469472217569938
0.5784934079114347
0.5858234496477067
0.5661978965319984
0.5320461006983824
0.486728647516433
0.3845394650186196
0.2819070969006898
0.234646002084036
0.2044147712117192
0.1715892555075482
0.1360769387588285
0.09874407534830756
0.06100103470273944
0.02225297906744057
3.614723671603428
3.574959311032309
3.542969404495924
3.49938568013153
3.455442015320796
3.40915310599041
3.361708374611119
3.313687793439628
3.265417770434204
3.217018855082842
3.168543910609062
3.120020469334799
3.071464669256514
3.022885349113551
2.974286464199892
2.92566713999173
2.877020556665131
2.828322372149679
2.77950878672029
2.730430943841391
2.680955338324027
2.63070004777526
2.579520987715655
2.521584070821257
2.444206561857866
2.365326938550263
2.31554048041888
2.276924540087566
2.250565064654075
2.232122982423398
2.219462898256839
2.210891974030998
2.205295105846814
2.201924761958336
2.200254284913418
2.200071412837031
2.200656350916258
2.20441958609028
2.19771802364639
2.24033700356915
2.233944911822691
1.948821064362448
1.474335679548699
0.9020998827992083
0.3300409791952796
-0.1330215953475419
-0.365613242510629
-0.2388365523827003
0.3731406769382021
0.624418801341744
0.5485270327829355
0.5561018104539202
0.5345726576436556
0.5006698170085836
0.4544189330461724
0.3809773413136503
0.3064520050948608
0.2566247601268195
0.2162036285954575
0.1770057468111751
0.137994449038132
0.0988764307635023
0.05996991188107537
0.02105390413642219
3.61471581694531
3.574981850281299
3.54301378593473
3.49944106092608
3.4554980345707
3.409205095249098
3.361753629735642
3.3137246902589
3.265445137831195
3.21703566051278
3.168548950793334
3.120011905239152
3.071439269613529
3.02283719246905
2.974204059214743
2.925529464984343
2.876790256032195
2.827934952833886
2.778851743253786
2.729300611006297
2.678978067499215
2.62735264587027
2.574436220253594
2.51623693022945
2.442752122686437
2.367588727350616
2.318734487339349
2.280971645961281
2.25485898296435
2.236486112868602
2.223775943547589
2.215105135157272
2.209384775598074
2.205883143120551
2.204082840001983
2.203783014150837
2.20426327084802
2.208025533926646
2.200953377297019
2.244465628785803
2.242944197524218
1.965186718390044
1.497128151133568
0.9264774803717259
0.3470880772013207
-0.1342153030112953
-0.3907013505346336
-0.2774453581473477
0.3430551755260875
0.6056852126939984
0.5282132826103587
0.5353643868888536
0.513930839040292
0.4822687324767905
0.4390690732234188
0.3804878799904035
0.3196820088357705
0.2692888449011887
0.224427393526376
0.1819443211285655
0.140808274724304
0.1003603996330086
0.06059502711071401
0.0208137752663563
3.68936817622926
3.596213894664727
3.544671449108868
3.49675751892406
3.453111460595537
3.407590391936145
3.360620702589238
3.312913657098122
3.264882213064395
3.216662026661151
3.168308805231654
3.119858052354812
3.071333714514337
3.02274651273833
2.974092173741189
2.925349033865345
2.876470716706694
2.827358519527486
2.777794731641825
2.727329797700773
2.675425791251679
2.621706012017123
2.568244128532944
2.510981757425391
2.43272161429721
2.34993122763967
2.30647150347981
2.272984947236048
2.250342932820659
2.234526308550609
2.223541417279105
2.216003228262069
2.210997603495308
2.207926778447253
2.206365306467029
2.206174660212579
2.206675518863833
2.2104130635814
2.203187864306262
2.245965600101862
2.250574739807207
1.994713214394672
1.55855671878719
1.023003005778983
0.472307683454618
-0.0005486602633709332
-0.284128050621769
-0.2360686604834077
0.3143223041317014
0.6042104837025879
0.5396960920075845
0.5467694485825512
0.525805770209903
0.4941666416981532
0.4504708908166647
0.3955151883925387
0.3374184731694153
0.2838262694411559
0.2342957774455661
0.1879595187693837
0.1440813637862489
0.1018826848267332
0.06143634898003709
0.02084087834571648
3.985992269371639
3.697690927112818
3.598466439354117
3.535400014485194
3.479044622625742
3.423570726062388
3.370247440613583
3.318831019822845
3.268603102102728
3.219023894335112
3.169814017793842
3.120837353883588
3.072021200856899
3.023324820831818
2.974730116354006
2.926244576558422
2.877919126823822
2.829878874856997
2.782325537914755
2.73538591171061
2.6891259428852
2.644692513636617
2.611250699238881
2.577063942964936
2.477001614465783
2.332093742468604
2.287480251002915
2.257584445723598
2.239465353095577
2.227671738869209
2.219631641043097
2.214136954480308
2.210489241247406
2.20828938168724
2.207257691750061
2.207352394648293
2.207968755056346
2.211640285312232
2.204485136278893
2.244997904913167
2.256369985613634
2.034502109956072
1.65211768886126
1.181965252764002
0.6972372760569855
0.2726865768587167
-0.01082052168749042
-0.05038849167167057
0.3162724545206197
0.522283278372452
0.4579387039400865
0.4530635734721613
0.4333774916333928
0.4091697900647963
0.3778957604595626
0.3400546331932379
0.2993047256100283
0.2591057634367167
0.2192271351788576
0.1794155506519578
0.139564224718475
0.09954183540358989
0.06098227564377982
0.02041051530229967
4.544681067873055
3.615626172876451
3.386053223013238
3.413936496459969
3.427651752507948
3.398838193094787
3.354581236067779
3.308151334913767
3.261661754007586
3.214716645697899
3.167185021622036
3.119219767531908
3.070981635773489
3.022553719326655
2.973946468357566
2.925126340882694
2.87608448885827
2.82686093314734
2.776982984954976
2.723545743991908
2.66055731967134
2.590676567828754
2.548930745113428
2.50858789203946
2.319841582736316
2.212922933377297
2.223611330497724
2.222251075782058
2.21854669189294
2.215328124886407
2.212374928728007
2.210008396767102
2.208307628471084
2.207319857326785
2.207021518250625
2.207515444897226
2.208303973567342
2.211861667643847
2.204959662805108
2.242007870097982
2.260422565079571
2.081286062008373
1.768378131966796
1.385419868916659
0.995493358573444
0.6598304818714287
0.4365009425554019
0.3883590779062724
0.6489321170671862
0.8023898643817244
0.7734052799810608
0.7449838580309922
0.7177366880803046
0.6733194991735978
0.6023718471234769
0.5125454868512853
0.418394458645759
0.332438964019532
0.2593282553097087
0.1981860437742347
0.1455458896616793
0.09900529838485198
0.06253645569976503
0.02340917165116269
3.458348563025601
3.170038613607013
3.071357701586565
3.14914040029884
3.23904497809042
3.27881282895694
3.279002709740483
3.259156873043492
3.229442525092213
3.193702414656384
3.153648185521603
3.110404403586192
3.064772962003152
3.017243793386226
2.967995417086082
2.916877807215795
2.863309650933465
2.80582599330847
2.740703121774089
2.6593728292696
2.545829053260603
2.374460464031623
2.104934297759939
1.734621390413935
1.790125025063782
2.133782452974415
2.155045524134438
2.185373192402647
2.196892724570558
2.202342876529673
2.204408134204401
2.205125800878283
2.205360334990241
2.205593576502187
2.206043967910801
2.206945716778202
2.207907162565673
2.211299655876931
2.204758907244655
2.237608440905007
2.263272389696831
2.132157579830369
1.897900243678555
1.614350218059874
1.335113165270841
1.113775654483864
1.006359924215969
1.07143232205215
1.323040742532333
1.509704484568986
1.592077770512715
1.604794944583971
1.561191171492833
1.449356205225165
1.268901270663245
1.042671163617037
0.8067832424985523
0.5940054954650453
0.4216488712280123
0.2909449046784576
0.1940073649019683
0.1219711144038605
0.06978817009244957
0.03599513258901507
2.773870809653016
2.781388702479009
2.818674209015866
2.913824930664503
3.026860577869738
3.113875602442506
3.162468825233722
3.179834658601881
3.176073764474961
3.158157725516426
3.130142753148778
3.094470731401219
3.052729463398051
3.005914979368609
2.954437385464513
2.897951742739027
2.834940846411627
2.761845750882997
2.671542109475967
2.551362774508243
2.382061508816837
2.143431426689594
1.847416002649313
1.636135472874213
1.875029200581771
2.142287786997589
2.142910243158602
2.173846809565224
2.186768451183951
2.194528127565665
2.198687086954416
2.201089258742436
2.202577869572649
2.203693738659865
2.204721266132762
2.205939377009174
2.20702358675755
2.210202875799202
2.204046044282427
2.232454731375867
2.265644554002159
2.184672218784648
2.032307832014442
1.852030843006584
1.687766987287616
1.58315828190055
1.577244523157559
1.687513225869206
1.876529727512029
2.055975098878399
2.173293295204484
2.203554430704683
2.142057138266562
1.988486577560416
1.753492523927153
1.464152865892589
1.158247154199446
0.8716642951972545
0.6278113449920711
0.4347218193753101
0.2893514486348602
0.1844686955855963
0.1141951647857109
0.07705243748120269
2.386658398192923
2.470130848292145
2.580855215495502
2.703800434941059
2.830609500413681
2.943509672740044
3.028216592406329
3.081480447346489
3.107349873552526
3.111582436207443
3.098954139961569
3.072867280677356
3.035677570834185
2.988937598727005
2.933364341623
2.868526490298851
2.792264420952745
2.699921369617048
2.583775553794897
2.433934832949536
2.24396472257191
2.027464521936261
1.847945369090596
1.829340667269235
2.053180886126319
2.166583280370534
2.153622096095909
2.173919571915843
2.183383647927671
2.190477975990408
2.19502484047176
2.198106490078988
2.200260793338259
2.201912699285187
2.203313457194071
2.204728836113691
2.205869675270591
2.208804890758929
2.202985458762854
2.227140093874987
2.268160822694317
2.236579985918835
2.163845599215493
2.08210281133331
2.023028480043919
2.014443633342093
2.072638951993274
2.191484651532002
2.340740555259286
2.486134202543868
2.586519641037092
2.606433525547101
2.529101962616972
2.355172172922745
2.099301094477263
1.787825856858958
1.453992747499786
1.130327716843821
0.8415514669906446
0.6012963045347813
0.4133885030874173
0.2758658961081368
0.1851744877523786
0.1385756307488723
2.166536726621937
2.251532086372082
2.378675732616022
2.518610857617305
2.658086321656119
2.787382996777204
2.896358406276037
2.978308239348035
3.031781736795481
3.05890684520019
3.063054930563352
3.047485550460622
3.01489940870977
2.967325281045555
2.905946751444274
2.83074544592086
2.740071341304058
2.630550553451364
2.498224858244067
2.342446887806466
2.174085566239132
2.026255122596258
1.954789405019748
2.003776683561526
2.138817440306319
2.175278526308403
2.1644466844621
2.17639941939968
2.182881572363696
2.188680086992095
2.192918051789574
2.196103439303497
2.19850535291491
2.200406017355498
2.201991958617545
2.203489060087944
2.204624231519218
2.20730533322403
2.201740321660282
2.222137215357577
2.271069142294563
2.285314439118906
2.284613190484572
2.288700638127395
2.315215921106599
2.375772875193605
2.471122895897282
2.589412943840527
2.711739201451449
2.818173406607791
2.881799395049125
2.875070352539653
2.780989001730041
2.598290261586746
2.339594024940785
2.027189980313802
1.688437114653007
1.3509607690941
1.038309500773134
0.7672072015311957
0.5470910045610944
0.3815860116870878
0.2707828518700998
0.2132156455606794
2.036553822772414
2.108078858650768
2.226211549803196
2.367169123308998
2.513535394161205
2.654056654347738
2.779628367168175
2.882737570467057
2.958771736965627
3.006341356100704
3.026368264417313
3.020923116181699
2.992416377173755
2.943146332537173
2.874994681124436
2.78916750687028
2.686145047691031
2.566339617105677
2.432204020166995
2.292185919155961
2.165034884737623
2.07906523183129
2.058619474041233
2.099921888132365
2.164345083134474
2.177736072203053
2.171816872853979
2.178851635630524
2.183469891078518
2.188109427025776
2.191853879310629
2.194875997043125
2.197274445061959
2.199221784894257
2.200847348719899
2.202333725312255
2.203419479385035
2.205855818686929
2.200467824489895
2.217806249999354
2.274165044537766
2.327967613689212
2.387376415458107
2.459849938786834
2.550072772239539
2.657508014364411
2.775153820383534
2.891195038249385
2.992344800091885
3.064386290748167
3.090562220252051
3.053826466079105
2.942564581299932
2.755267224893563
2.500990113762421
2.196756728999107
1.864124033168257
1.525967435494778
1.203708919663807
0.9151810289610411
0.6734376015163377
0.4866568625776271
0.3589371711001832
0.291627181761861
1.958002623271499
2.017434565987278
2.121544680833372
2.254964951549115
2.401725925120231
2.548743556003607
2.685581519058522
2.803664762953795
2.8965127153107
2.960219051458819
2.993364051315594
2.996416001691881
2.971043136416376
2.91960471684463
2.844874057177546
2.749995434687875
2.638774386546492
2.516511003070319
2.391447780432634
2.276143847326423
2.186669237212163
2.136882900928713
2.128590690379273
2.146891420767716
2.172313744541371
2.178632573881414
2.176218131324967
2.180705140626398
2.184323655479841
2.188159000944654
2.191461804323428
2.194234159307048
2.196495025702614
2.198357453349194
2.199920179649339
2.201332457998037
2.202356577012575
2.204571410716686
2.199329169075787
2.214473016388065
2.277026919855572
2.361928750109469
2.46706699656565
2.589437471035949
2.723823485384605
2.862056481947862
2.993557806676059
3.107005880483605
3.1916075138486
3.236971825157195
3.233019380001213
3.170731806350652
3.044268287589224
2.853423112960954
2.604695560635497
2.310529141259117
1.987539179861886
1.654551273063462
1.330742729335066
1.03394032104082
0.7792153041071039
0.5780110319059419
0.4379573228597929
0.3633208015937178
1.912041260637684
1.963532203778968
2.056627868860363
2.181579815088149
2.325534489018687
2.475311077329084
2.619097074306812
2.746957455477804
2.851043785026058
2.925841279606239
2.96824783679037
2.977347736123619
2.954010010124675
2.900548627844351
2.820621969012041
2.719429854177838
2.604130350647824
2.484215264275862
2.371318978234806
2.277690197812177
2.212775166355973
2.1787904512125
2.168702806584338
2.170642096884094
2.176915281903746
2.179198692691432
2.178672034560781
2.181951653300395
2.185168544672643
2.188581828460315
2.191580393973632
2.194089758099666
2.196123506347265
2.197792904322563
2.199204581621395
2.200489833693672
2.201460388028316
2.203395637186143
2.198307961587018
2.212269560454216
2.279248410471753
2.385489485730128
2.521311886207976
2.676198397766853
2.838500340090487
2.995730819770711
3.135522219926541
3.246695374197316
3.319778584258775
3.347050817468467
3.322604872586098
3.242427444937534
3.104785791547322
2.91104355675031
2.666461062326621
2.380432251567222
2.066036941704245
1.739101389834031
1.416958533564762
1.117030816280689
0.8553957157752071
0.6455727462112493
0.4977450861160213
0.4184371118125861
1.889774827023668
1.937174744153581
2.024350357946648
2.144080465393517
2.2855728939177
2.436140548361655
2.583310520229485
2.716222010566131
2.826182966420157
2.906833502770081
2.954181725244554
2.966512970579833
2.944185372520889
2.889464157332022
2.806588461452543
2.70212605574813
2.58537568773147
2.468214967796631
2.363601180504761
2.2823471208199
2.229148855522565
2.20055144463009
2.187517697284276
2.181630218630446
2.179328201946404
2.179365285157709
2.179657058206935
2.182630462675014
2.185915854873852
2.18926158358016
2.192100879070333
2.194352193233547
2.196085901456782
2.197469524703896
2.198658281239627
2.199791560345958
2.200730133412088
2.202586762113703
2.197810073534108
2.211291285169058
2.280376323272785
2.397902475971191
2.549708190288429
2.721246031706994
2.897645648456703
3.064386862970972
3.208250669588628
3.318056047392114
3.385006265679133
3.402820318363491
3.367704345291147
3.278098178192109
3.134376954361123
2.938892312712661
2.69646569456605
2.414985292905472
2.105646631515222
1.782615234860954
1.462148469887369
1.161337868439181
0.896682373919513
0.6827327634243123
0.5310288403006823
0.4494556018690168
)
;

boundaryField
{
    inletLower
    {
        type            zeroGradient;
    }
    inletUpper
    {
        type            zeroGradient;
    }
    outletLower
    {
        type            fixedValue;
        value           uniform 0;
    }
    outletUpper
    {
        type            fixedValue;
        value           uniform 0;
    }
    sideWalls
    {
        type            zeroGradient;
    }
    topBottomWalls
    {
        type            zeroGradient;
    }
    frontAndBack
    {
        type            symmetry;
    }
}


// ************************************************************************* //
