/*--------------------------------*- C++ -*----------------------------------*\
| =========                 |                                                 |
| \\      /  F ield         | OpenFOAM: The Open Source CFD Toolbox           |
|  \\    /   O peration     | Version:  2506                                  |
|   \\  /    A nd           | Website:  www.openfoam.com                      |
|    \\/     M anipulation  |                                                 |
\*---------------------------------------------------------------------------*/
FoamFile
{
    version     2.0;
    format      ascii;
    arch        "LSB;label=32;scalar=64";
    class       volScalarField;
    location    "5000";
    object      p;
}
// * * * * * * * * * * * * * * * * * * * * * * * * * * * * * * * * * * * * * //

dimensions      [0 2 -2 0 0 0 0];

internalField   nonuniform List<scalar> 
4096
(
2.853494216630469
2.892589657015229
2.962562552590212
3.053398724452987
3.150183640429981
3.235084986675843
3.290016783107147
3.298862381148557
3.249081050247003
3.133024962335685
2.949028721303582
2.701997804581627
2.403216806405408
2.069316602223025
1.720564621150527
1.378765977786383
1.065077241871261
0.7979931598146786
0.5917475320774811
0.455382219646441
0.3926545180269874
0.4026429317145568
0.4805480646639577
0.6182195335826568
0.8044394750175811
1.025321268971736
1.264961989391522
1.506231902132104
1.731785208515702
1.925577341455721
2.074763613057021
2.171405829384601
2.213478801112986
2.205052394545376
2.155796896363399
2.079957574868803
1.994830679077374
1.918799372777322
1.869184258600095
1.860284351322655
1.901859409569181
1.998105960175658
2.147152816457314
2.34121788007849
2.567575129553094
2.810215727072662
3.051709352094075
3.274706332284276
3.462960968751697
3.602155997261821
3.680601298730795
3.689678233532225
3.624158981667394
3.482759336837399
3.268967794976291
2.991699636172358
2.665281783251741
2.308622929317382
1.943730316151137
1.593834330926621
1.281389565674007
1.026228133858045
0.8441130336499685
0.745836061705459
2.863156884340454
2.906946170783273
2.98417262143069
3.082480772234173
3.185150107372337
3.274131362988637
3.332217967771261
3.34424581091192
3.298183245272909
3.186398367804519
3.006780287860668
2.763367320186139
2.466333348086961
2.13130413889692
1.77804405132083
1.428650080035881
1.105479910100756
0.8290450949613343
0.6160420878331947
0.4777096098338313
0.4188486502822878
0.4378804000259063
0.5279026758702491
0.6780822634752441
0.8747412590028352
1.102155351588058
1.343312561088121
1.58057041681792
1.796807004427107
1.977241889958521
2.1112403400501
2.193423417789166
2.223935458141906
2.208072750375234
2.155535195140579
2.079461855489666
1.995230676056874
1.919006964558422
1.866182067837743
1.849929448125731
1.88001443670905
1.961835459858085
2.095671184703141
2.276290525847014
2.493186658279207
2.73164328297845
2.974495344403093
3.203922308148546
3.402600138880608
3.554387765227084
3.645131838677484
3.663515324314981
3.602184424022189
3.459169697180573
3.23897547689227
2.952695805928145
2.617124855507234
2.253225477568798
1.884270270590973
1.533830094067794
1.223797678446831
0.9727223076232456
0.7947055102977398
0.6988805088838854
2.886257068509148
2.93916855656071
3.029846522031818
3.140657602235014
3.252201998669244
3.347031458400122
3.409770144351649
3.426771503851553
3.386916571801502
3.282850777032339
3.111868222916879
2.876414082606105
2.584403263175229
2.249291145674511
1.889611844513199
1.527778552499761
1.188208516214827
0.8950098802394821
0.6693970478931078
0.5269003631727186
0.4747490280562193
0.5105319826145234
0.623321839838783
0.7968657119281913
1.012689551666706
1.25168667777161
1.494667654869373
1.722765008575439
1.919399660323436
2.072711721379233
2.176723405095816
2.231030214688688
2.239765709767781
2.210426094687768
2.152740911101028
2.077698735525615
1.996808786706225
1.921689931742518
1.863847334257841
1.834272726870864
1.842721189485375
1.896748193158562
2.000583377331443
2.153947256556956
2.350995216288945
2.579973596450925
2.824334677800108
3.06511845852281
3.282893134541996
3.458173861031448
3.572014778048394
3.607651099664711
3.553649763011611
3.407140610088206
3.174995103039492
2.872568832775614
2.521189274545554
2.145478436869594
1.770863586963268
1.421307979745758
1.117409561560175
0.8751488345823273
0.7054875352716133
0.6147763183971021
2.933999189486528
3.00066230911144
3.108705742796281
3.232409039010048
3.351429748832709
3.450861776043295
3.517412897645731
3.538943149787572
3.505921036556084
3.412126351325804
3.254509087697311
3.033276769142337
2.752745612376903
2.422634378324736
2.059014861261982
1.684167351873919
1.325028110792017
1.010454328574133
0.7677326998603867
0.6185180193753776
0.5743313574507853
0.6328271621147767
0.7777357485407097
0.9843017429121704
1.226544711720048
1.480601395875365
1.723372860102369
1.933631654510293
2.096470037197145
2.205807676135456
2.263384239504314
2.276099663015612
2.25350762727664
2.205990789093851
2.143303942948252
2.073208475553761
2.00102893529724
1.930948909928386
1.868273331269966
1.820735741935887
1.798072140178612
1.81067077267348
1.868124253649363
1.977408636620361
2.140375443216549
2.35107965348683
2.59473670918603
2.850163417429699
3.094151749152532
3.302550146524621
3.448942473603785
3.508026304618122
3.462916900633664
3.310665475442341
3.062325887292075
2.739351677479736
2.369195953864854
1.981320530412184
1.603752890690536
1.260362945656452
0.9692368035987213
0.7423406616264437
0.5862775276118923
0.5037681138449911
3.028385871448747
3.110612420991645
3.231668612633424
3.360356078960566
3.481006330160252
3.581189501114719
3.64764868827285
3.669869034216448
3.641645651316224
3.559376282233492
3.420120651733321
3.221349380569946
2.962531952704961
2.647886320065052
2.289219236387591
1.907514683759282
1.532118207468067
1.197292232593326
0.9370675753589349
0.7796870402582897
0.7421176745661124
0.8244412127018601
1.006481153490203
1.252973271222808
1.52686282822093
1.797428417529483
2.033557596263946
2.21120399847729
2.320805799299088
2.366334719131489
2.360185604457635
2.318230984193656
2.256309008928716
2.187985667640102
2.122954251092489
2.064547877794517
2.009361960211332
1.951056128025438
1.886208128828647
1.818112092171683
1.756409284037028
1.714616782731405
1.708537096232081
1.754033954546789
1.863542345479128
2.041147562901998
2.277481128805371
2.548720934698092
2.82388047860432
3.072136324978801
3.256112996349924
3.339963121956639
3.302687402968491
3.143498315331307
2.878726973646471
2.536422451893124
2.150925104212918
1.75725558865669
1.385888741727123
1.059289077046679
0.7911208678612176
0.5877669230350825
0.4508384484760731
0.3794673510219815
3.211917160356667
3.29525409837509
3.404213701274216
3.521655950732843
3.63749786936451
3.732473133036109
3.790455772748344
3.805477283919165
3.777555207399035
3.706744428764005
3.590336502117407
3.423032129030258
3.199082664393444
2.915992836253932
2.57924137344627
2.20640995747332
1.828145972545429
1.484089439373528
1.214675558132036
1.052621989319513
1.017881108175686
1.114966148633107
1.327650368504104
1.614961059916265
1.925107030713244
2.210512938769
2.424687536628587
2.546260487549009
2.57881335755306
2.540201681236636
2.454498433080482
2.347042121713491
2.240581464461842
2.152060204936339
2.090114546851069
2.051503409706556
2.022084146862208
1.983614501376904
1.921974561113159
1.833920080379095
1.728032729067977
1.621160398208424
1.535925574880813
1.497532572401245
1.529961297098381
1.651078902535885
1.864647040479928
2.149679735980176
2.460178942571521
2.748850157371833
2.963820402420468
3.063475592116697
3.030410797721524
2.867875856449631
2.594983132332673
2.244331502744994
1.856940499609323
1.473471948700617
1.125714250664774
0.832388419540719
0.6003244080710287
0.4289915642405474
0.3153537769941703
0.2567183470070258
3.565974199576284
3.576752961972825
3.61614506100203
3.710085900666372
3.818159694296697
3.896295906421877
3.931376075043448
3.928977391345814
3.896351640588733
3.835883850646767
3.744738935525147
3.615958454176409
3.440151241431304
3.208789600761158
2.919851523608248
2.584691050614687
2.232225646407509
1.90546597217747
1.64942672062846
1.496807636480177
1.462120621476453
1.549657238231696
1.761835102916206
2.076867588011832
2.434120216706871
2.72222088987289
2.882874478178322
2.917156185629785
2.849501783787912
2.710728075314462
2.534444540173368
2.354956399665035
2.202970590916543
2.10044250394193
2.050058297284956
2.03683457710258
2.036526264349689
2.023407386148575
1.973339564531798
1.871449858620073
1.720431128638925
1.542102106084724
1.36693295483695
1.228930422598558
1.16142582495309
1.195073475258721
1.354356557636923
1.640732548654644
1.996791051648447
2.312313441722206
2.526873493971697
2.617839070139894
2.585982561476775
2.433962397928633
2.175312630929954
1.842758081536342
1.482252999866447
1.138168204730229
0.8405741843264475
0.6014452198681791
0.4191739562205098
0.2864282701237842
0.1969417683422243
0.1493589948122016
4.226612826570347
3.944905575569944
3.849997548905245
3.928367525350673
4.016841042786096
4.053790910652147
4.049645711586284
4.023194959514702
3.983127815322694
3.930641827064176
3.862940998962951
3.774070494665781
3.655062712611354
3.495540900640703
3.288273827439443
3.036712354155915
2.762176278308632
2.503252465920823
2.302448556370733
2.186673999760411
2.155625272297406
2.198159800943118
2.340249380902722
2.641102139787828
3.065910591217295
3.310237961243177
3.369843671396152
3.288581341723932
3.106236515147033
2.860440636353099
2.591064301911005
2.340373629122979
2.148464405622008
2.047187918804728
2.018896110363939
2.027373874153184
2.045926780531724
2.054410647744018
2.026298405332914
1.925694884906306
1.735150822041878
1.486333741368623
1.218952717213327
0.9747859644606044
0.7932129291068046
0.7114928754337602
0.7692743618371346
1.010581598646853
1.431970172480523
1.73203020547408
1.876165075287636
1.922055442554084
1.893858086865618
1.778873374969127
1.575955916743777
1.312186567445938
1.031201951304525
0.7730763774701979
0.5601828163297069
0.3960937405127671
0.2729965481088886
0.1806382027002209
0.1127709510958251
0.06918375121661971
5.308701800391521
4.382291045332155
4.154398999660526
4.182566312982393
4.196075055537604
4.166977115159103
4.122350606764193
4.075286500794767
4.027597554459597
3.978323935247229
3.926255499369807
3.86964472640741
3.805764338204721
3.731193229203046
3.643158496325351
3.541657261326881
3.432670303102782
3.330390565507369
3.25179715667721
3.205569658381564
3.179743357075975
3.153059347118799
3.131853875393974
3.360023416601318
3.77896060445359
3.892715329194566
3.823990000240288
3.618971713629988
3.319721947555493
2.971232224527318
2.618935908059512
2.310240724177812
2.100994562631242
2.023657040739986
2.021730096490747
2.031335632115064
2.042032761277529
2.051602628222176
2.049643685761291
1.972848386550803
1.765291794723825
1.459271117920938
1.109990084561026
0.7641978864866456
0.4666344916486071
0.2616789001218013
0.191075516488179
0.3011574050443592
0.7149286014573875
0.9407642395262863
0.9203876384977014
0.894481636973449
0.8688310952170686
0.8216910359475158
0.741013594804122
0.6357021860637647
0.5233711944442103
0.4188954684465288
0.328633738604836
0.2524170464633549
0.1867014653199939
0.1278381427548053
0.0782410540528805
0.02938343257550928
4.753639494997305
4.464061555777244
4.365012431843111
4.301845937038364
4.24542316659528
4.189910963446716
4.136571758874875
4.085152581699793
4.034943013218063
3.985427567260153
3.936371088715538
3.887698422431217
3.839427681135169
3.791597896957232
3.744343098165261
3.697548419601353
3.65146178874918
3.609353450418686
3.575549589167064
3.550437950000991
3.530344374839268
3.52788418861475
3.449467331437763
3.709590301719723
4.230559764845436
4.339064073076112
4.187363960478974
3.868627761746696
3.458165854736726
3.022298162113179
2.614400640125321
2.279197104152611
2.068939865491745
2.020202137786593
2.03478870146485
2.035376932918243
2.038012528080301
2.038618824917756
2.053036494863128
2.00470159275444
1.796462848469243
1.464666981549632
1.060749200239214
0.6286388854208831
0.2208961164393947
-0.09699975540449074
-0.250464500818014
-0.1466662976351644
0.3668355609260734
0.6235580508824836
0.5456991340806702
0.542361967147118
0.5211764173104229
0.494349891518179
0.4584929318927184
0.4141611828783458
0.3660326759700537
0.3175872907034151
0.2690950185555387
0.2203529993820686
0.1713744940422622
0.1219777225800636
0.07353181340374315
0.02400472575996354
4.45638155102741
4.363141143635303
4.311844626234383
4.263931723183433
4.220194855697709
4.174483745900983
4.127206569539577
4.079009326145983
4.030189679716005
3.980691419756957
3.93027128479023
3.878521486645332
3.82490189723706
3.768705553063467
3.709410765269625
3.646294579571836
3.580021672288086
3.518111314355123
3.470448366954311
3.43789551154025
3.417926447249456
3.431536576373148
3.354994481288347
3.700730602814573
4.413687502538585
4.594276326277875
4.405420742187033
3.994317420843839
3.488774659595807
2.990276845371197
2.56469194811801
2.245232416233717
2.055278638626778
2.018052771416045
2.03219526162321
2.034151014121771
2.039229728591518
2.041218240158841
2.055154154231301
2.018325889883017
1.830777320018664
1.515394627037097
1.094524426234756
0.6005000209804354
0.09843723055174773
-0.31104702153294
-0.5013137895322186
-0.3263969925860777
0.3760696148486798
0.7172766657004367
0.641796297142339
0.6546712478364956
0.6338207666524502
0.5995555775495083
0.5496671432148015
0.4851954860730136
0.4166028361985512
0.351682676723431
0.2910569862045353
0.2338569945063001
0.1794461643328725
0.1269483993114104
0.0762590782460367
0.02585977503771448
4.381764931023241
4.341970373291461
4.310070458877099
4.266462317800794
4.222445394098783
4.17602661344681
4.128388799484958
4.08008637077492
4.031403505007185
3.982390299114033
3.932984644817584
3.883019982354237
3.832241457006289
3.780000267785418
3.725435694990932
3.665158460205396
3.596124056840828
3.529802002651772
3.482823032735865
3.450902478640806
3.431225848843489
3.445945903682651
3.355788318683113
3.665733348206611
4.447029980134326
4.661443462827783
4.440601047375494
3.961005668309809
3.390945400011319
2.859705417555462
2.448715916291729
2.18466153149943
2.046438056830266
2.016546384386913
2.027754480372232
2.033081927155661
2.040303470725489
2.04567488190056
2.056617722258739
2.02722078414979
1.891956513979796
1.632630612782143
1.226731785809264
0.7000056805325322
0.1333850957368957
-0.3443428078383757
-0.5660571501252306
-0.3574077951087055
0.4109027660214368
0.7151129993206229
0.6262944572122111
0.640155632569138
0.6194246751900039
0.5854421890458056
0.5358902129542032
0.4667402869290074
0.3955351574228474
0.3339840162240886
0.2786865863735126
0.2259549241546203
0.1748145357109223
0.1244988339133479
0.07494130082879495
0.02557940674566066
4.381906610063812
4.342114091255088
4.310155608719168
4.266560283604022
4.222588701408276
4.176251323165135
4.12874044544599
4.080635353374593
4.032263861093183
3.983746506838638
3.935128861762416
3.886410232999129
3.837646914200616
3.788367727964106
3.737546670880722
3.675884114622947
3.591749937885294
3.507376141858505
3.456717362839867
3.423450307751427
3.405713900868658
3.424081972756812
3.338862628000607
3.637318481202857
4.402683703886182
4.558498350908513
4.273848176256958
3.75911753118202
3.178856893104945
2.646969027301484
2.254426466725175
2.057181076946164
2.017316168422612
2.012943839536855
2.0185846313661
2.030918296380182
2.042476824597501
2.05486857876614
2.060167295212461
2.05651437962414
2.020352404328077
1.828348123873305
1.44081185716059
0.9127140197020092
0.3347097413506925
-0.179206769049892
-0.4647922665384073
-0.3137945435720519
0.4381141265829529
0.7300373150849274
0.6463273219911781
0.6638709774871233
0.6449686020836558
0.6092463143965052
0.5554795389914529
0.46776524111755
0.3816577650860398
0.3195690305621762
0.2688693250999146
0.219719599781944
0.1710510810007866
0.1223690484397899
0.07401204688297292
0.02571041907508646
4.457023799691771
4.363712894030139
4.312073619358999
4.264001750122456
4.220166136077008
4.174410951346569
4.127164022464119
4.079153464047704
4.030848272931191
3.982490527030914
3.934333793555222
3.886798646642486
3.840816616845177
3.796893047896651
3.75479104065793
3.692147424155303
3.578699059103192
3.460220766349048
3.410918835934663
3.379868934813652
3.367916011335318
3.392109599578128
3.32506498643377
3.636702325349437
4.284760913670379
4.257782429073951
3.89351467212734
3.417248014500693
2.913726374958187
2.422429282955732
2.016873690169005
1.825069361049629
1.920305591906474
2.001969820654695
2.003510044501023
2.027382218369289
2.046039575019452
2.069978316136119
2.071098028263517
2.154007158063703
2.253618999664925
2.066955703989498
1.665787219884978
1.177146176659679
0.6738819594101727
0.1956200996829389
-0.1718457754435451
-0.2031699194900803
0.4342032542325898
0.7406713447830389
0.6752843218856613
0.698854980904776
0.6856176913278273
0.6515784398342505
0.5983508523184897
0.4757666254723351
0.3610581920937062
0.2993692106642459
0.2586410995227123
0.2156274472282469
0.1702080079752788
0.1230179488184579
0.07566642634386246
0.02725544537221734
4.752663030471717
4.464145951655293
4.365137112923351
4.302509351414497
4.246827543576039
4.192304197245181
4.14028108357028
4.090614614964053
4.042729017197582
3.996260543815487
3.951104314996066
3.907304584676419
3.865942716780974
3.831411819984925
3.818447905512546
3.786208889564407
3.645707766340126
3.4090210281303
3.351033457784756
3.319276099318492
3.314022202125824
3.346360195540596
3.32664933662118
3.712832393992453
4.002630518004153
3.689787843730656
3.333108765525683
3.013908860517657
2.678975154303478
2.290797092883063
1.86440421987772
1.550634639014457
1.724393776301891
1.973856616253096
1.985190949841255
2.023078269495095
2.050398996653257
2.088316128604098
2.099174445901317
2.350708407944086
2.528707699418667
2.218773914121527
1.795667555499658
1.40921132038821
1.072855902644955
0.7480678421401542
0.3829329478936644
0.06295507260590319
0.3481314506287119
0.7340605603580809
0.7168612530549876
0.7493961820525441
0.7430295818690079
0.7077408517806468
0.6447856998521505
0.4019265930735542
0.2619913956271657
0.2332461953697386
0.2231939165751041
0.1902180725277536
0.1498082967866778
0.1068075429018244
0.06413090380019235
0.01970708933090078
5.315047772029223
4.384880682582847
4.154348361594106
4.181360610729223
4.194013813502846
4.163771563059115
4.117600443311615
4.068709765656624
4.019259071173522
3.968927766707047
3.917333875191054
3.864763945514892
3.819991767716803
3.81997471441559
3.915858385597747
3.930532543583079
3.36000259607323
3.172748110346215
3.210048391826705
3.216648944063226
3.229836242604793
3.267942517949491
3.314898789281198
3.700012839572897
3.301157879876061
2.897039338454644
2.766150364634693
2.672282072337294
2.523391793312498
2.301745922701152
1.979635829949959
1.564529555420942
1.613825614957221
1.958347975902367
1.985460658882023
2.023395858024787
2.050060411006059
2.087882248399889
2.114353943763672
2.460842788921168
2.512740854736292
2.099310443288092
1.779191206144182
1.55863865578322
1.408012588285334
1.307049942668347
1.162910400229575
0.7454342255612141
0.349610281884297
0.7399521798534963
0.7910282881438204
0.8309083468785811
0.8437332813251052
0.8470084855313708
0.8791833970939553
0.6836373747977734
0.1084054418182753
0.1307731257275238
0.2337131908780899
0.2362370985927198
0.191094214461223
0.1376936960360694
0.09084739632437454
0.03942112636315938
4.250968833745405
3.959392674800243
3.854985368671128
3.924627126291452
4.003412384677264
4.028202808058807
4.008540390334654
3.962921042012792
3.900626487068963
3.825142721445998
3.739381253544685
3.650267742290092
3.572834454217717
3.515311297180643
3.400447346284231
3.003629429885944
2.616934374407593
3.008409953159604
3.05845937471823
3.098425990762051
3.111095823679225
3.114387476614669
3.146246009521549
2.951981841173714
2.378504271981216
2.399234689374495
2.500289637844106
2.499398409611012
2.442770450996905
2.368726332943733
2.320791494729251
2.290741389248836
2.119976802081926
2.013228586683503
2.033419669478497
2.036421926546749
2.036667040691451
2.039125134313397
2.058135442379917
1.95011159459938
1.778980299383266
1.749338904384414
1.701883692242407
1.627596403885295
1.569562755007505
1.564459894291739
1.65727479839847
1.668591383203909
1.094491267538086
0.9051707676328552
0.9428117434046901
0.9493234565375397
0.9627170401645755
1.000894747859676
1.048430801728867
1.431835892601113
1.032711669048287
0.6404899997167791
0.5330980875810496
0.4804494742058837
0.406363953397597
0.3219883890703962
0.246012916391043
0.1910333096572876
3.609806942367096
3.610109007660341
3.633612110457482
3.707992336999305
3.792226063218993
3.840746533145198
3.839011154450132
3.791800657088622
3.70695550659803
3.590229641021929
3.446871488207004
3.283184551558537
3.10095631611321
2.880652648947011
2.586113055330991
2.310407440508262
2.615481633201516
3.003239842340607
2.984315825093113
3.017061294451911
3.010592881918372
2.975420285760011
2.912557222593685
2.670370512100065
2.531722226927315
2.503962309657632
2.49572997782888
2.465765533886864
2.429505521470841
2.392758898804483
2.36583549834071
2.342849016476757
2.259294979139185
2.121583718545629
2.081493024436537
2.049613450443916
2.022968203945496
1.990404393061511
1.948850399196628
1.809187680803667
1.724920582144493
1.701529428268125
1.673941100537937
1.636101500823494
1.598407351791272
1.56627223877207
1.554558099381758
1.522592663002833
1.379898461889931
1.141862802645078
1.083754476551058
1.052015926880218
1.047150606513224
1.079717096119323
1.060862609729686
1.44374449378728
1.736026305570954
1.453880252909154
1.160747743901002
0.9491853555722799
0.7829446393082425
0.643374668206238
0.5354928075931137
0.4728313916636535
3.279953399305766
3.350563226652655
3.43646566615827
3.521725171183856
3.596424925139882
3.640501827264639
3.636712804492168
3.578399124736075
3.466210141275666
3.303269911210536
3.09320077122443
2.839624572319803
2.547061788377558
2.234442710622214
1.985929197505682
2.029307188073792
2.700019210034814
3.010328265014909
2.942529559035045
2.966540323514184
2.953238746203338
2.919315026630767
2.866196468083457
2.743921142264666
2.629555853728992
2.56763044089297
2.526303055589169
2.482075506796313
2.434295194670577
2.38337378621708
2.332718581188586
2.281198730761483
2.211870566337812
2.133665945266068
2.091440381770973
2.053255663145912
2.018831513526399
1.980098861786326
1.936888470525705
1.857633338578457
1.787738064459582
1.735900724232233
1.684773257257702
1.633071410374129
1.584138776339504
1.53817426921716
1.494486979972142
1.430252624700932
1.313753301584163
1.192785076108929
1.143095813997556
1.112285212828715
1.101108853190711
1.125899454000336
1.060179307477719
1.368290905068205
2.022438278235374
2.050135766716491
1.800605269143453
1.506588989858447
1.250405331815762
1.048524349968106
0.905997166498987
0.829098904883679
3.124396750742231
3.189523882813901
3.278404305207699
3.360527360147928
3.420832105861479
3.447122854577128
3.426172748166186
3.347751796351737
3.206767525377011
3.002200831071927
2.736185880424981
2.416905017017495
2.070332686948863
1.765694727796408
1.643838830431699
1.902436310882858
2.702684968688892
3.00022708815507
2.91329429845094
2.93150729245961
2.91257121121555
2.876989442285477
2.823361775491691
2.735879448741828
2.650014457514022
2.587910671975691
2.536995537364455
2.487266955198877
2.437368069996709
2.386532792154738
2.335397548268103
2.282168663785416
2.217749953564974
2.148377160764086
2.099902531867501
2.056107148542151
2.015716542821331
1.971487936633169
1.922243247312127
1.851931474986302
1.786809128208214
1.733171221204834
1.68165728556701
1.630337957538589
1.579829193655085
1.529344256646922
1.477796479958797
1.415206194514035
1.327052112845247
1.238733450455161
1.188153643709017
1.155894567646297
1.139758764275043
1.159342744329792
1.0764204502373
1.371405524042717
2.142184975011761
2.37953246989502
2.26561406768048
1.999373373826861
1.714769947011919
1.475658953182149
1.306625594364475
1.216385006087814
3.059909693647057
3.103597174409776
3.168358545329272
3.229338770231245
3.267556801949106
3.269805693169574
3.224755619036226
3.122576447033271
2.956663061877129
2.725099511422996
2.432847166704489
2.097976072892544
1.764679348037706
1.519651980061277
1.495866996923562
1.843152063403244
2.675096450031202
2.985876439024179
2.893122240954282
2.907898655720503
2.887162628910595
2.853339652260483
2.803932570197186
2.734960322241884
2.663908779487771
2.602352219014121
2.54686576454115
2.493589947842451
2.441291962944157
2.388967841080015
2.336897407218121
2.283074617726635
2.218359099788247
2.148814574367454
2.100128436209278
2.056230109049141
2.015729131459113
1.971396922067134
1.921964127000148
1.851430963328393
1.785987849216028
1.731912319822104
1.679721320126131
1.627259803599777
1.574812213158096
1.5214779064836
1.466891776920364
1.406239394727365
1.329510227277314
1.254900598400134
1.208493593041369
1.178661280198898
1.161908182823747
1.179158289315623
1.092833755246068
1.387208479760796
2.172835901300559
2.509060320655005
2.519348074494947
2.340253983146424
2.093567197416293
1.861781496920567
1.689141349111029
1.594963219737229
3.042262357851433
3.065335628266678
3.100084517659715
3.130545345110094
3.140092905982122
3.115142810980326
3.045110784948906
2.921950809648279
2.741199788424799
2.504376159392392
2.222725306298159
1.922750174074288
1.652475254888556
1.484662699449958
1.51425538822045
1.855338013180001
2.639325866150408
2.98766644451419
2.907358095047392
2.921407026106135
2.900603805462183
2.866504082609126
2.816757976361391
2.752433205061128
2.683941210996499
2.618983984705557
2.558080760108313
2.500047395871348
2.443788380156218
2.388248479486076
2.335209265995583
2.282522167850872
2.21290155755358
2.134619350042279
2.091928255921272
2.053577434392886
2.018904310157449
1.979960412455379
1.936319603218789
1.856660864749141
1.786156104300492
1.733404749711189
1.680466961734642
1.624966715996481
1.56875712361533
1.511370856012744
1.45512762885477
1.39747600011352
1.321731098952509
1.249065758047446
1.209518524084838
1.18432468575749
1.16976639123011
1.18581321983316
1.104419524724806
1.377442122285021
2.116426661656237
2.489216987091866
2.590584983333074
2.512188514559504
2.343635804006768
2.159700111009085
2.011489161651172
1.927435354955587
3.047869020908171
3.054330559741989
3.061926739062901
3.061290918421443
3.040657223446943
2.988883757056465
2.897355368417977
2.760963568189896
2.579476685590084
2.359941944209564
2.119747270824029
1.889012789428199
1.71002454596831
1.632232335646487
1.707270977679461
1.998539823763205
2.619777344375356
2.899276793580105
2.816076103058216
2.813642949527771
2.792597359814852
2.766015806653847
2.730396389358816
2.686367792421595
2.638683758871335
2.5909866849715
2.543856473814583
2.497385077480033
2.451809408869098
2.408275220944426
2.376038415581828
2.348767721677481
2.262497040938597
2.123777926801302
2.082383457280984
2.050199988454759
2.023101156930665
1.990175936385392
1.947596870329724
1.80654613294212
1.719815071775211
1.693463600619507
1.662303270502425
1.619828118457104
1.57529353186676
1.530528855925413
1.49428772098386
1.4567606743066
1.353738264881544
1.238307386165033
1.199277549915476
1.177894989806906
1.166430965523376
1.18126384447533
1.110861601161949
1.341079348237316
1.983852177371015
2.357741410166153
2.5231047044844
2.53754833871152
2.460051796987892
2.347006869678959
2.244427569366014
2.182923366933177
3.063734368683978
3.057605110804012
3.043533231652985
3.016418600907244
2.969295214546965
2.895137210458461
2.788959170912013
2.649656940606328
2.481756558545708
2.297252177248293
2.116989392018048
1.970316470938842
1.891760956786754
1.914818646943695
2.065710170431346
2.368756611678787
2.913010895668572
3.194437289320665
3.183888639489952
3.158063739426476
3.131566837199143
3.08416543522089
3.003482111788658
2.898172078286556
2.78572575160289
2.681141391401052
2.590768909660743
2.512372359488739
2.436581308987034
2.359463857111082
2.312305380556059
2.284153302471643
2.120232770567918
2.015872858123573
2.034067877411948
2.037130999671443
2.037016945469494
2.039458360231458
2.057348111666859
1.949850720637977
1.780047045262146
1.752659006545947
1.707282679660392
1.629375959492852
1.545839259597314
1.457769801971707
1.396313103254243
1.34762203933995
1.233305488400475
1.150808943615205
1.15169775915283
1.1522753394169
1.151163425324342
1.167316817938174
1.11247599410017
1.288815799158092
1.804817848531756
2.155867031410424
2.362991343029301
2.453639269795793
2.461489227150968
2.423739853152554
2.375339759270517
2.342727114537969
3.082673827739351
3.067551565858671
3.037757010107575
2.991072020358462
2.924551883161314
2.835605052512435
2.723649458374783
2.591915411692836
2.449017754523155
2.309970376820393
2.196141990053929
2.133635893711155
2.150306533724857
2.273272031632215
2.529979529470748
2.948358787234524
3.506243025073926
3.885866169144423
4.063117908991424
4.118712768925901
4.092412163805406
3.977968383755114
3.775668161498923
3.512320317542338
3.230768958560472
2.96982963848313
2.748995640632764
2.564328894939637
2.391448031242621
2.189509617278896
1.902997178719295
1.524662356556873
1.606809565479215
1.960818805559057
1.985319245532681
2.024069953617251
2.050646420790621
2.089064961501844
2.113858299608421
2.466746216429334
2.538767670997306
2.154210302938105
1.864114513404506
1.655780267668945
1.46642344501261
1.246729936670665
0.9636880017959583
0.648781569013002
0.7748995762440773
1.074319911743742
1.091789215396525
1.120216875880746
1.131662465594553
1.14974981315806
1.111423166914353
1.233903542082057
1.616740795074803
1.928017189084458
2.155231792953129
2.300436215397092
2.37687583250236
2.405022831784735
2.407496114060696
2.403306814826363
3.100925602697156
3.080034386919101
3.040263980714879
2.98153153630362
2.904114773318867
2.809361620363639
2.700801229026679
2.585402780727274
2.474546055332868
2.384272498741836
2.334541822648078
2.347584394284582
2.445939196222104
2.650516756236018
2.975776485387036
3.412057947083873
3.890663651780736
4.292183818592351
4.557063960329861
4.67273643691623
4.652104820248066
4.506058617736524
4.251746763083819
3.922393507128241
3.562484591440473
3.212924330586791
2.896915377844334
2.613463043767482
2.339284701982115
2.04071759463094
1.713709222815518
1.487668844734996
1.717072806314214
1.977872654565992
1.985019156500782
2.023962725142165
2.051113896687935
2.089854616393399
2.09758128958341
2.357658414472505
2.578012327801885
2.339679034971661
2.001864232858623
1.693141226041947
1.407219988906885
1.114187173494495
0.8244485432088204
0.6579808474799247
0.8566643832875611
1.077171216436982
1.082274278231273
1.109750761569895
1.121342887207381
1.136338580292018
1.110960065759171
1.1877002618272
1.451548896792592
1.712698154092374
1.938885265278179
2.114458834251047
2.237207394724203
2.314078103944224
2.356460102811142
2.375367307974886
3.116745105242962
3.092973371537273
3.048507575955059
2.984916199638738
2.904955182759066
2.813022264145954
2.715766260610339
2.622692988346432
2.546467075272574
2.502622187778686
2.508578770294695
2.582072123641762
2.738925698919753
2.98910442002799
3.328873970046809
3.730133597307707
4.14050912631499
4.507912571773152
4.778769743465814
4.914378381951209
4.903671943726067
4.756178890754087
4.494837286297307
4.153018352628159
3.76957557988354
3.379917331592677
3.006989425356354
2.657425746611332
2.327431997178835
2.022955237676976
1.793231350905786
1.741170384254461
1.91383290992512
2.007710461304948
2.003537597476952
2.028540774837655
2.046837981844896
2.071678548685424
2.068224924958436
2.160852244847388
2.323762892580575
2.256189686974925
2.013571453679938
1.706501035636879
1.396252089561826
1.116696762676822
0.9218892159031877
0.8917413373542928
1.02734639857278
1.098320452714319
1.093144745687161
1.109214393239144
1.116689209862968
1.127052855996753
1.110926765276124
1.154577524046908
1.326129009850862
1.534438823198801
1.742149883505115
1.925049592071653
2.071090859274997
2.177225726638891
2.245648584899123
2.280247109542381
3.129409631684613
3.105277203438725
3.060725272568474
2.998541844165237
2.923218480408482
2.84116041212534
2.760870481763217
2.693006273059787
2.650154330568484
2.646177488927574
2.695052477724897
2.809085511088123
2.996166058351357
3.255661535171477
3.573883454963796
3.923327199906668
4.269972000734724
4.580549596139246
4.81591261613627
4.940109211331031
4.934165752276127
4.800330210784767
4.557167288972308
4.232801021852193
3.858867576972563
3.464937883111769
3.074421435394804
2.70471119354276
2.374085267232778
2.113089208164706
1.965746766452372
1.954269299540144
2.011211760715506
2.020207742015135
2.018933660655976
2.032377038225938
2.043342669006384
2.056611374587527
2.056176847104684
2.063238102026725
2.108761578998326
2.081482317985951
1.927135553400717
1.684521311924377
1.421216853396519
1.201234944945676
1.077399380362047
1.066310950518354
1.103474074215656
1.104743938018568
1.102311431172738
1.11007497961576
1.114381212478228
1.120915073164649
1.110961907459838
1.13376217467897
1.242054473616382
1.40180980141983
1.580149247949631
1.752424475830049
1.902383528548994
2.020545758350627
2.102161502599007
2.145358037571964
3.138439059306606
3.116033268058657
3.075163857978937
3.019384944001919
2.954169848555724
2.886883731775485
2.826634356199207
2.783944310532026
2.770176092635372
2.796634238373036
2.873252274431746
3.006748179263901
3.198241916300616
3.44089995244879
3.719205394017805
4.01148463592952
4.294078730814873
4.542095539455795
4.727972296301801
4.825317628012124
4.816822239014606
4.699758963956353
4.485252626504815
4.1936629872205
3.849624235766396
3.47851015202563
3.105030969502002
2.754356303891666
2.454517565459601
2.234742246564922
2.111762198635604
2.066548021654429
2.04050031562596
2.025017361654363
2.02855660700459
2.03484911489619
2.041237103366095
2.047339208702343
2.051749092672285
2.033874550693747
1.995945529870038
1.938141153876094
1.819774022804275
1.643261128465104
1.449621272428584
1.288906953318522
1.191172961824476
1.147525252897922
1.11945616436551
1.105691257543881
1.107693831468711
1.111054123426803
1.113553285127638
1.117440286388599
1.111167628965078
1.122419232838101
1.191745079813477
1.310972030316074
1.456236496308979
1.607806849332144
1.749316557779631
1.867694132015096
1.953277391471349
1.999838325676794
3.142996609378533
3.123928860160385
3.089584301307267
3.043808870146812
2.992321395231111
2.942484617470021
2.902925257945888
2.88297994174887
2.891939992802893
2.938057866328804
3.027282272646211
3.161775549395738
3.338529275474335
3.548777343354774
3.778922336217444
4.012662917005225
4.232565957364172
4.420123317819474
4.556213231843609
4.622975308275829
4.607445967180137
4.50515245721645
4.321241814732592
4.068905404541641
3.766773114912322
3.436874944106914
3.103649879422545
2.793214347436224
2.530772541107567
2.333734051549325
2.201925994315648
2.114838191006678
2.047389334207792
2.02736722413311
2.033857160109105
2.036315788193649
2.040173268155012
2.042452723401065
2.049710506721765
2.027322249797789
1.949662262320526
1.855689824610519
1.73993009818617
1.602342776205835
1.460153694402708
1.337025818387502
1.244477770269937
1.175492048233206
1.121511038294923
1.104255115256449
1.107894052092564
1.109219461947144
1.110997924564924
1.113672386799204
1.110236669249089
1.1181246577781
1.163904790536933
1.250670170173789
1.365780291279886
1.495611920782284
1.624912985617594
1.738590123485339
1.823682136712503
1.870897714650439
3.14148733467294
3.126905345430331
3.10103740412891
3.067550503304728
3.03172530116492
3.000092289998375
2.97993413272472
2.978656161833596
3.003021262507607
3.058250881591262
3.147042867751927
3.268680337487023
3.418566501942933
3.588534175304142
3.767908319311003
3.94468937827951
4.106173747359438
4.239235265583213
4.330960171758061
4.369626245905616
4.346221764926992
4.256332826076683
4.101568128016964
3.889880990426204
3.634959447716586
3.355148176077667
3.071865607499994
2.806829854603316
2.577519685742589
2.391979870311076
2.24694698854397
2.133755667281166
2.049719384686306
2.028956666572138
2.036703919321953
2.037217744045287
2.039716522739012
2.040096068034448
2.048387368078543
2.025796011935214
1.934855009609243
1.820557081267166
1.697453542755359
1.572359530075255
1.451497404259501
1.341839627222102
1.248167877292955
1.17353330932034
1.124500849359803
1.114799305020295
1.119823067449969
1.120784405245002
1.121594536594797
1.122367716047658
1.118826817378487
1.118672489247105
1.143651248108171
1.206393321084422
1.301184180855682
1.41685065017516
1.538192986981919
1.64871541796711
1.733381659838809
1.780959284083683
3.131376302211634
3.122043624762171
3.105874144177115
3.08590453600526
3.066362529094552
3.052263736369703
3.048925548561325
3.061413784238215
3.09392672678986
3.14914069587358
3.227605318415431
3.327359703364841
3.443959777250662
3.570964483189347
3.700656219755111
3.82463517466093
3.934168309747424
4.020503845068497
4.075274963449123
4.090946362368895
4.061411229212609
3.982927764329753
3.855299784234325
3.682897042179936
3.475097614732094
3.245794340877967
3.011557131751044
2.78826055801574
2.587037328240581
2.41201992137746
2.262597157941164
2.139716285432324
2.050891873000721
2.029987225944474
2.038112044221537
2.037775738490554
2.039640041207697
2.039240476308827
2.047606855491014
2.025761761293927
1.933849368596768
1.813751661151661
1.684943985238887
1.557481968725003
1.434488022163461
1.318127682713951
1.214612278402013
1.135911349839226
1.095022033202517
1.088576876926765
1.092821388891081
1.096599033093841
1.100411276293744
1.103315913816159
1.101018008785749
1.096519532472756
1.110378728765452
1.165504053461103
1.256819310450998
1.372154789265177
1.495308936486559
1.608721504664286
1.696216034875345
1.745573215755812
3.10923523964499
3.105667986529007
3.099944553824124
3.094030801217896
3.090544254621811
3.092440559682717
3.102688712611775
3.123936512121562
3.158149564078078
3.206237661321507
3.26774557309031
3.340725400548393
3.421865360635904
3.506824585180773
3.590614582751807
3.667899060051322
3.733221404047776
3.781217086990607
3.806793719380309
3.805271595353525
3.772580951814482
3.705710150858122
3.603505172260417
3.467652780868554
3.303441137137628
3.119785423828006
2.928052075985654
2.739595354562605
2.562862551516116
2.402048990657738
2.259161126631458
2.138726528413971
2.05110263458205
2.030432854523734
2.038519897315959
2.038078299365111
2.039839587988521
2.039422560863952
2.047397825704211
2.02681316921997
1.939651927554089
1.82403836718607
1.695618767072371
1.561158141462748
1.422177238828864
1.282414908669035
1.152658735677077
1.049125718740735
0.9841516574990822
0.9496302567245741
0.9364146000798743
0.9379051204968955
0.9494005010995311
0.966402528929704
0.9855801300307181
1.008802337840276
1.046685438750778
1.121633708087201
1.231293418521527
1.363078111182209
1.500053257884123
1.624130662885226
1.718877551308962
1.772033872416889
3.07101685147137
3.073649755478664
3.078938709144761
3.087311414851188
3.099238357273993
3.115185123886463
3.135615767909096
3.160981604933475
3.191624555886808
3.227588841083726
3.268413348684598
3.313003869869368
3.359637470680608
3.406072208273098
3.449696337185467
3.487677099587293
3.517101956069836
3.535091649458252
3.53885099910117
3.525664538635538
3.49290942061501
3.438208378251689
3.359818705734529
3.257234235086473
3.131850589090203
2.987488648106038
2.830545137508211
2.669459880696597
2.513188317069126
2.36893786586998
2.240846798853315
2.13211778177587
2.050316439791491
2.030258594491702
2.038008323981885
2.038134638599519
2.040287145234081
2.040544356916398
2.04773795723965
2.028590869850233
1.950777373704191
1.849627164670276
1.72966279969203
1.587835388301642
1.423618330146621
1.245514505884229
1.070163606980125
0.9161144385007818
0.7959345411217993
0.7123547397113085
0.665258160724938
0.6525804483022857
0.6698771044083069
0.7113621252104882
0.7721158020176723
0.8505211059248836
0.9497673020084696
1.076096332561038
1.227258538905091
1.391971732900423
1.553756124369441
1.695018080735798
1.800331154580029
1.858639662438204
3.012561556552095
3.021897129304554
3.038826265903984
3.061682131114041
3.088226172867297
3.116111276323892
3.143376956469091
3.168780476892948
3.191845874415958
3.212657799464773
3.231532624203064
3.248712447561722
3.264168043170862
3.277523844598863
3.288077738918472
3.294879632847266
3.296827822430481
3.29273687629508
3.281345480354176
3.261266823837964
3.23091643572505
3.188467423955722
3.131877646928786
3.059025993141752
2.968038022806436
2.857997130973437
2.730272875225884
2.590274430894602
2.448311946251901
2.317271639993135
2.206522191971514
2.117298442219206
2.048081376993349
2.029389304796442
2.036347847742343
2.037886251473313
2.041031215546159
2.042868242225881
2.048537679137266
2.030657124908578
1.971000911350264
1.897639487492683
1.79254797603709
1.639799409606882
1.44088588047838
1.212892175540593
0.9789551927552126
0.7603544302301113
0.5731688101702537
0.4290854864404494
0.3367661256222155
0.3013732560688542
0.3230865091645704
0.3967210421339676
0.5135319300470621
0.6644703851871694
0.842333979992159
1.040755284583698
1.251500274231648
1.461580890722071
1.654838380770282
1.815643447691974
1.931610551371348
1.994630232898775
2.930367545068686
2.947033398080367
2.976350159368146
3.013846988089551
3.053982171684857
3.091440884588516
3.12222067321786
3.144169254473191
3.156919679560009
3.161408028965357
3.159246039733628
3.152169571674782
3.141672072943561
3.12883392800819
3.114304232528352
3.098372351981296
3.081065557672631
3.062221042947722
3.041503432204729
3.018361747855878
2.991931576147978
2.960886027210764
2.923235526004082
2.876102466699494
2.815603902323248
2.737206088387733
2.637192018951307
2.515821236873693
2.381559167624461
2.252826035996856
2.15118187728697
2.085190250831755
2.041659021715975
2.027551224725995
2.032927665369682
2.037187836244514
2.042243588770598
2.047220622565699
2.049854384942845
2.035435551567815
2.014647100730592
1.98280176725581
1.887272572173272
1.710373627633829
1.46800653734369
1.188218246205346
0.896985663251386
0.6153374608548436
0.3617266889565764
0.1544029773798652
0.0111300978140029
-0.05310639573794117
-0.029935243892684
0.07848514583482355
0.2587706636840864
0.4911396103015979
0.756062586778163
1.036571128683756
1.315572092842235
1.574822457353763
1.798145125910771
1.974124486409028
2.09614131398105
2.160978628378185
2.822701316148973
2.847287771688777
2.889513281744431
2.941246421285155
2.99314975296339
3.037144683401123
3.06798449653442
3.083642431312816
3.084772731227726
3.073731922671892
3.053594790902975
3.027414613949191
2.997795581683493
2.96673261000967
2.935630580111812
2.905413972202806
2.876655388370935
2.84967545809542
2.824589420424335
2.801290789228721
2.779366896131284
2.757936312016105
2.735390814702032
2.709028524720751
2.674612365247423
2.626049758484003
2.555773793189248
2.457047434313417
2.329810571677001
2.18980036971824
2.073062300444753
2.017943461298727
2.020938822015903
2.023654642845875
2.026705610500112
2.035777008559918
2.044308043730638
2.055301237794611
2.05315947775499
2.059604997093835
2.114999011068546
2.117777454522789
1.999467010185293
1.777361571880515
1.493055381452608
1.177156477549989
0.8475895854419528
0.5191884428747299
0.2108245147588123
-0.05319781602812933
-0.2459470869317354
-0.34223878166853
-0.323848380270972
-0.1862447704456161
0.05567617000296046
0.3707640678908502
0.7247793104137421
1.089134677480129
1.433601360855782
1.733000639375518
1.97375345877754
2.152439907435609
2.270913755376651
2.332243973385018
2.691183249807664
2.723636865664329
2.777939821084694
2.841581223474616
2.901480036290596
2.947687963818055
2.974977386082672
2.982543400010662
2.972683268827383
2.949278380135352
2.916575256140588
2.878426376131245
2.837942706791987
2.797431810136167
2.758495564324102
2.72219105172819
2.689191377579218
2.659910598854729
2.634575621788714
2.613237937344181
2.595721884165444
2.581506511456696
2.56953308690955
2.557909522175305
2.543439224902259
2.520873837854388
2.481936688221408
2.414853676953359
2.306946041656672
2.155724081413426
1.992639282261224
1.901045852130109
1.963868812842242
2.014935678852476
2.01695437285043
2.033317983467624
2.047398699728473
2.068456699107038
2.063372829230512
2.148357913267284
2.311324860339921
2.280322918672214
2.08122408600852
1.806493893912477
1.506280570074337
1.190463518393036
0.8568777905160823
0.5105101510524253
0.1705324845196487
-0.1319646235399793
-0.3615495230508781
-0.4861656520031203
-0.481305049959134
-0.333182016439406
-0.04746114434285131
0.3415134623425449
0.782614946398053
1.224959317550832
1.616959297121806
1.931497048805384
2.16535881883819
2.327258849347703
2.428750461173173
2.479449755729514
2.543025385723343
2.581191945978256
2.64286541887927
2.711636837656592
2.772178094477267
2.814544736177118
2.834995446320287
2.834613858630798
2.817234221031753
2.787651044561256
2.750463803194258
2.709510025562455
2.667702432793841
2.627092693987516
2.58903532309958
2.554374164488439
2.523609292725453
2.49702446183432
2.474767391017893
2.456880700450685
2.443284511297728
2.433716297374337
2.42763736035453
2.42409991362351
2.421494601365037
2.416933824361692
2.40484420259146
2.374439128704737
2.306788157678735
2.17620387152893
1.972714889170335
1.777323523321493
1.858377034217772
1.996550525446605
2.00503233593491
2.029583413426206
2.050373910818209
2.084061462602804
2.08967346188583
2.333703562110389
2.555025686371911
2.362457254055422
2.060381081321807
1.774553481598201
1.510709203830461
1.242124545158691
0.9471183554183861
0.6227436805717984
0.2886611827891902
-0.01791763715137026
-0.2552004366667859
-0.3906251231718891
-0.4047489412465637
-0.2810012488604965
0.001429700073765367
0.4363907739811292
0.9655111419999152
1.465271299655644
1.864720567381281
2.15437114584081
2.349801765282356
2.472138513165956
2.541491401179949
2.573578067653232
2.394070486213608
2.430568654701286
2.486352530637495
2.545264741662889
2.593881705010744
2.624883325174542
2.636818907351102
2.632069303314961
2.614672457916094
2.588845090967318
2.558240073075315
2.525695568089433
2.493246599273841
2.462251930460422
2.433554698493879
2.407635564699189
2.384740270955306
2.364975751872752
2.348374494930004
2.334928611198376
2.324595739532056
2.317281504726022
2.312811316572731
2.310914335461293
2.311216317096437
2.313078428721081
2.31475620290445
2.311094723878755
2.289575810225121
2.225360956479065
2.076977080846941
1.823798357396361
1.795774685754151
1.982832569323567
2.00188306357759
2.02592351697003
2.046369978417694
2.080166291897696
2.100743959516583
2.431213270860829
2.536366542380094
2.189627860007077
1.907128679976895
1.698645657435795
1.521491830080788
1.339088271416746
1.126559713239662
0.8776440932958171
0.6089986916666761
0.3567197810045337
0.1616619169484798
0.0500170902846364
0.02356854978407252
0.08108212665392003
0.2719292434952686
0.6887074810171488
1.310362192406303
1.806674332658262
2.151439782165558
2.372667661807508
2.499574832415626
2.560745679105569
2.583397156555364
2.589204492864439
2.272510512965051
2.288158435043568
2.30949129596159
2.330989120670396
2.349049774690628
2.361056050410023
2.366484736279267
2.366181587120494
2.361473923313015
2.353674764207474
2.343892203412463
2.332985887002446
2.321584256051047
2.310124181205829
2.298895315225613
2.288080738005306
2.277790625183831
2.268088342934122
2.25900939563651
2.250573878157662
2.2427926746542
2.23566728192698
2.229184914359554
2.223326679668633
2.218128369740385
2.213787376763513
2.210508219175965
2.207309464511058
2.200275353155026
2.186781491500009
2.182198026636796
2.187958184765329
2.06743728917427
1.994863582042224
2.018892175712208
2.023466931378652
2.024777287315223
2.026653935691353
2.036756987609539
1.941994209853626
1.80207679160958
1.765911739953923
1.711703289346962
1.628371993668543
1.548791624879184
1.469649836667968
1.380959621803387
1.279582226878178
1.170984048167901
1.069269127423522
0.9911341345546592
0.9447999334384238
0.917812667141174
0.891586573738427
0.8866452020235031
1.197621750114653
1.801912176148866
2.184323023473296
2.426146007894751
2.550943014896882
2.586813655692265
2.569438235840764
2.534151969453171
2.508177728711741
2.24375451616713
2.249425457944179
2.255688997990415
2.261952466109787
2.267826675217083
2.272766888506049
2.276468819610713
2.278812997322398
2.279791225065884
2.279466202118522
2.277944835716015
2.275358553482032
2.271847839943473
2.267550784966504
2.262595390410705
2.257094902030262
2.251145449568707
2.244825539819696
2.238196803249571
2.231305691264299
2.224185715309682
2.216860910481205
2.20934863856276
2.201665771215874
2.193845575194727
2.185969753613855
2.178200053830535
2.170725060385605
2.163661439748954
2.157612380811339
2.157176994102453
2.163132939388346
2.135844128993901
2.059703651370048
2.04334010334083
2.02545495335358
2.006818791741804
1.979014607770186
1.938183856341108
1.809309388120214
1.716985277260425
1.685475642342365
1.650934277612673
1.605934598640035
1.559651743081497
1.513135331699546
1.466529436891907
1.419900082868159
1.373768659717119
1.331581563672965
1.297747194661432
1.272718905799082
1.252682534027565
1.251309775981229
1.166554143465937
1.457882529292447
2.12155024075105
2.479397452891512
2.636410853572491
2.653642431850561
2.583836717620173
2.478592441547943
2.381770877030209
2.323338945755189
2.252524436645065
2.26194104605123
2.272932735312822
2.283969461810318
2.293422452141169
2.300481414321988
2.304854550321858
2.30664530022145
2.306161377791002
2.303790512670081
2.29992188486591
2.294906865276421
2.289043010746704
2.282571612906202
2.275682406832939
2.268520948360892
2.261196536721251
2.253789500883926
2.246357205239065
2.238938600528252
2.231556978762847
2.22422251697968
2.216931439155382
2.209665216583392
2.202390199750266
2.195044411343863
2.187491425199387
2.179415641236501
2.17025773011777
2.159390342215898
2.147095763546382
2.132971317701184
2.105834970307551
2.067461893398852
2.048573680649787
2.026677611306877
2.002174906683786
1.969089249099095
1.927554184721309
1.85184849051727
1.78064655765659
1.72622007600204
1.671732230431924
1.614982213619197
1.558119671931739
1.500220905639078
1.440189783854678
1.376839424294357
1.310601968398793
1.248859745462855
1.20140331656319
1.169070386455415
1.149177431716962
1.164150637639115
1.082140266165394
1.433509860289628
2.243123950202503
2.63128883766346
2.725244581818605
2.637111473153399
2.462348394297235
2.275393453402947
2.1259241126093
2.04140629223523
2.240165000728823
2.253336219126353
2.26599197288523
2.277873438708953
2.287361220447082
2.294153394238947
2.298273844509235
2.299986177869676
2.299636416364882
2.297585238549235
2.294168580517088
2.289680767775461
2.284369843629566
2.278438913878285
2.272050404072497
2.265331662856826
2.258380572997956
2.251270640347285
2.244055205804891
2.236770718764766
2.229438596376862
2.222067973064989
2.214654264976737
2.207177071931309
2.199599676936704
2.191859704944628
2.183848005845854
2.175363873245759
2.166084462483811
2.15558973719342
2.143562631485607
2.129191816085047
2.107467325732566
2.079264150385155
2.057296865871381
2.032172123874441
2.002920479953074
1.964366106616962
1.916481926760957
1.845130210889924
1.776697271926759
1.720430861127492
1.667409518901765
1.614605504564424
1.562199708096758
1.509128015996679
1.454221840527031
1.393870674591662
1.324925860052009
1.258768924524825
1.211973874966092
1.180235804564051
1.160568885086596
1.176261243420383
1.082151137937303
1.397313008770502
2.247255152837824
2.623997059050116
2.644145837068552
2.458549089354402
2.201075486563518
1.959866362695136
1.780804817929474
1.683320687950625
2.223913677276096
2.246106487986134
2.264183806750846
2.279194519660021
2.289979217845421
2.29702794591795
2.300879096912305
2.302115493719518
2.301255876336506
2.298743744850169
2.294946477956467
2.290162923237528
2.284632765779207
2.2785457395967
2.272050127384095
2.265260292375026
2.258263036637318
2.251122806951384
2.243885697042502
2.236582363283752
2.22922917125455
2.221831158156013
2.214379999794913
2.206849599207866
2.199195206861412
2.19134294592804
2.183174817608557
2.174504680935587
2.165063188698405
2.154501663519711
2.142438608122446
2.128328353397194
2.110080458017646
2.087921966769256
2.066811423187406
2.04209884195409
2.012147028446412
1.971976948545554
1.922143337991847
1.845413440845931
1.773739349083782
1.717310930510256
1.666228960937799
1.615834981997376
1.566303329247607
1.51673902495309
1.465917184165503
1.404412269002699
1.320549898442966
1.236466428435968
1.186074515868019
1.153000865908988
1.135279092867998
1.154303145262463
1.066026749636922
1.368699830955373
2.182565531072449
2.45737624645629
2.361601245429359
2.096086852569707
1.803034925465494
1.553457505318099
1.3759884909683
1.281042638829241
2.198880383377297
2.23710852314591
2.2632880386439
2.28245496793791
2.29461036214971
2.301567402293847
2.304690422980189
2.305018181196829
2.303292819182253
2.300049377502232
2.295677983816468
2.290467797755868
2.284635336818599
2.278343955759875
2.271717122400633
2.264847890636553
2.25780574865839
2.250641651250318
2.243391582587794
2.236079062227825
2.228715383020414
2.221302696853297
2.213833223090274
2.206282645942581
2.19861195713201
2.190758932245574
2.182629147616957
2.174083770240862
2.164931017137715
2.154923211355071
2.143761137757234
2.131087036305644
2.11599641128687
2.098439687066043
2.080153491170808
2.058538767626091
2.031665021544081
1.994007047555642
1.947383588250432
1.852459507928849
1.769211878794377
1.712976293620261
1.66475844829545
1.616209466395867
1.569667838804957
1.525460399161333
1.48324863088722
1.420649610811171
1.307444339989127
1.189262578157435
1.140265979330639
1.109377967758109
1.097450045487439
1.122083513602421
1.052937516699145
1.367304919750394
2.046590142690452
2.09775254742546
1.863488156821134
1.573665543256306
1.313262152428859
1.103540433940313
0.9536296478861066
0.8722922943173311
2.150528471030813
2.236077674126531
2.274241383715217
2.295230368852489
2.30614407486713
2.310978797677948
2.311966516094952
2.310436187894223
2.307195779840662
2.302763713968695
2.297485888938513
2.291600700453731
2.285276669347771
2.278635243700304
2.27176488477971
2.264730346638494
2.257578853603261
2.250344377573394
2.243050367252739
2.235711947333963
2.228335278649659
2.220919468610143
2.213459301450569
2.20593557296926
2.198320018292675
2.190568596342049
2.182617808953994
2.174379554142634
2.165738268962167
2.156552800053603
2.146658133198656
2.135879615883825
2.123854012408213
2.110502118085224
2.096269230934506
2.079341764234902
2.056840805526945
2.02094709369565
1.970386506484176
1.791576095294105
1.695648122072072
1.67074840618392
1.650431813645263
1.616849893907784
1.581821060486908
1.551823635036171
1.541987679776298
1.511946372437477
1.373209696515264
1.137673303177998
1.080381144012877
1.048835099730423
1.043660857581771
1.076280623815313
1.055278040401925
1.443008519008241
1.750164103478054
1.47972502651249
1.194779134052305
0.9866314680624227
0.8191364791646412
0.6754320614539338
0.5629385572620665
0.4972226526790308
1.956131902790173
2.195392899591671
2.273777414586415
2.306098394380944
2.318828892148043
2.322187182871828
2.320898479039466
2.317175095887856
2.312093339149306
2.306207533765134
2.299821229356958
2.293111053920979
2.286185206762138
2.27911332649
2.271941234351853
2.264699633684117
2.257409537943953
2.250084937322104
2.242735042281921
2.235365616532623
2.227977884716972
2.220569370777162
2.213137217569109
2.205670652906784
2.198155197591091
2.190570106875338
2.18288803290838
2.175074024635487
2.167089642380383
2.15890235699863
2.150496332996572
2.141906900921373
2.133188836727579
2.124644536386739
2.116983986299232
2.110499461585331
2.10517493418663
2.103335110887387
2.125183375969419
1.991785611371441
1.68779877889692
1.664635153605487
1.658867163956375
1.608037180818001
1.557188290791248
1.553823293655919
1.647505114174427
1.660592303900692
1.089457445317558
0.9020421231912438
0.9399782371911207
0.9465063456672171
0.9597124675248379
0.9979402764711388
1.044125170794793
1.43017611108313
1.039767908978421
0.651282750977363
0.5458003004472302
0.4943593891436349
0.4203084326476999
0.3347640006358819
0.2570628810257284
0.2005736603987854
2.704484509920106
2.479925314009995
2.407908409547024
2.374609837561219
2.356503275209529
2.344466973585393
2.334924040137075
2.326375583840609
2.318254718184617
2.310344903897926
2.302563497093269
2.294875301508467
2.287261368143803
2.279706255268324
2.272197567432905
2.264725691666569
2.257281409218953
2.249856883227936
2.242445917753155
2.235043276282752
2.227645770557583
2.22025143304024
2.212857098042621
2.205462847917528
2.198068868781039
2.190677506978408
2.183294709043957
2.175934157293379
2.168625092642148
2.161426934871567
2.154451483674695
2.147910781921908
2.142161631317973
2.137905630327803
2.136409980033463
2.139959508318951
2.151544955113875
2.1849594123989
2.214933667921398
2.594892006786627
2.502214558026081
2.052259560806464
1.7615678291879
1.566652790984174
1.422538672718164
1.318097320908796
1.169878548078993
0.7511595486641965
0.3511719327785515
0.7380459893612329
0.789176629451687
0.828667722723416
0.8412788630422047
0.8445671907047008
0.8759985950456408
0.6823740722112884
0.1109716228825549
0.1326843999552711
0.2347846459383607
0.2373211975624403
0.1924194732805681
0.1391565369739985
0.09235734323422123
0.04050836239556695
2.523387467397983
2.448270122931606
2.414185820894296
2.390139383282242
2.372378101675569
2.357808433896035
2.34523771731779
2.33399250119834
2.323700725913812
2.314127502763841
2.305106179920097
2.296510875179799
2.288244409471349
2.28022903040532
2.272402227978702
2.264714163202584
2.25712636754962
2.249609859688547
2.242143316297907
2.234711744388481
2.22730720911603
2.219927213679096
2.212570410187009
2.20524602153169
2.197967641064043
2.190757943751901
2.183651535145617
2.176700614770022
2.169984090256452
2.163622462844649
2.157799675279357
2.152803469011273
2.149070581381747
2.14732430793523
2.148659212095901
2.15516233454482
2.168353473586555
2.202873872452505
2.200879801780622
2.512305167638577
2.738965738260501
2.375628811876784
1.913471985196605
1.503474636459111
1.14485066680773
0.7967004666223984
0.4109640920771203
0.07554709664549836
0.3500398327694607
0.7320571702024172
0.7154089231368983
0.7474981154706918
0.7410175223798303
0.7058009223372465
0.6427620899083339
0.4007577407058073
0.2615949944088392
0.232664071456051
0.2224268678260459
0.1894601230724114
0.1491624175744271
0.1063340393728465
0.06387429847877742
0.0196734987034275
2.497199174963989
2.464146626575881
2.438072951114121
2.41191374646631
2.390046370348349
2.371278526032671
2.355141418669517
2.341075008596199
2.328639247691784
2.317475555269324
2.307296175220712
2.297872353641351
2.289021811527139
2.280601437194969
2.272499114844364
2.264627668724547
2.256921070984977
2.249330285313069
2.241820109315888
2.234366852734993
2.226958002915677
2.21958885724451
2.212261849961077
2.204992745490158
2.19780630642799
2.190741455767476
2.183854717834
2.1772261354629
2.170967598860301
2.165234809448236
2.160243039282443
2.156291977490212
2.153789133305343
2.15331814342326
2.155588003447848
2.161913484332679
2.171862885227306
2.19646688176817
2.176088998712184
2.339572981414801
2.608937043983106
2.414253140349566
1.946714802178947
1.386919322228665
0.8206212506753429
0.2886620153861989
-0.1222791258206646
-0.1852896111349064
0.4346834624380178
0.7380833355362457
0.6739222739411715
0.6971179492733439
0.6838784555260516
0.649932601314936
0.5968194921228439
0.474812863456227
0.3607815388417065
0.2992837651200106
0.2586474294713516
0.2157418951858543
0.1704352911929423
0.1233419875759123
0.07606371903036793
0.02772174861384921
2.509900861896651
2.480829540685876
2.455350493265898
2.427028640562309
2.402385577016302
2.380690955815348
2.361953666777663
2.345777108926959
2.331732462330642
2.319389423374345
2.308373693916902
2.298374092714961
2.289139425328085
2.280471493057487
2.272216253732662
2.264255661094499
2.25650098139641
2.248886987183598
2.241367458720919
2.233911856849239
2.226503745552987
2.219137170412852
2.211817675927277
2.204565715626271
2.197414553423559
2.19041517462249
2.183640002844942
2.177188448203989
2.171193662974336
2.165830620858389
2.161324392803547
2.157959681620231
2.156081637567029
2.156115801708375
2.158450337561277
2.16379261685659
2.170868521545286
2.187261592648724
2.168059255362664
2.255272871414184
2.43721638926182
2.288098537847491
1.845520803672879
1.225871355327642
0.5538560826981956
-0.04264734835571773
-0.3943362551976911
-0.2899069436819351
0.438351197705414
0.7270944921133733
0.6450714114342985
0.6622487339960885
0.6434044160764121
0.6077730362003796
0.5541519253504289
0.4667919933129838
0.3810842241937211
0.3191849693740683
0.2686196972130632
0.2195964565472203
0.1710558758434265
0.1225011052389948
0.07428733181449315
0.02615565424087118
2.56182081591807
2.513624304109523
2.479567833285134
2.444880333923916
2.415883651824229
2.390613378464531
2.369028949708565
2.350705312184611
2.335096376078703
2.321631886224639
2.309819595737354
2.29925964640702
2.289635819090805
2.280701656835647
2.272267424632314
2.264188985742445
2.256358661211477
2.248697720257745
2.241150594868478
2.233680603722939
2.226267403860021
2.218903684975622
2.211596243422041
2.204367868408583
2.197256698320859
2.190320564598393
2.18364062955664
2.177326225147547
2.171519927303879
2.166402151983639
2.162193411267
2.159153555000501
2.157566899531151
2.157733824530419
2.159836524820408
2.164189812562374
2.169390405223109
2.180321170012719
2.166879774873318
2.226641294604294
2.31451306516978
2.128080962747609
1.689379442267403
1.074591459361574
0.4031871288444996
-0.1736731118665758
-0.4775052662181137
-0.3272670698782369
0.4115774247590426
0.7119490119632788
0.6251617953147113
0.6386252664868741
0.617978437321687
0.5840832629752303
0.5346841290923731
0.4657967596120978
0.3948841908496598
0.333536084657106
0.2784040282325056
0.2258151963159547
0.1748132829641718
0.1246463931395085
0.07533345917330891
0.02610716881128319
2.652101919464448
2.541776205121921
2.48192535848139
2.438051833284669
2.406442153280727
2.380289577140286
2.358553049172334
2.340635680798472
2.32582600164101
2.313366732217192
2.302624190571774
2.29310986725278
2.284455673925223
2.276386058472891
2.268696756794598
2.261238561484006
2.253904498840523
2.246619673341442
2.239333578840722
2.232014541624745
2.224646278698752
2.217224922491898
2.209760034484511
2.202276474796955
2.19481575373134
2.187441501121115
2.18024519661094
2.173353187523321
2.166933668090723
2.161201970100549
2.156421139719134
2.152894665704816
2.150940850389309
2.150858619167105
2.152779944197385
2.156786573401211
2.161543912481465
2.16987044483119
2.163920669492984
2.216401124988101
2.227371080264457
1.98677373981107
1.549981328437335
0.9847328296593288
0.3863951445988643
-0.1223267802249179
-0.400061816269541
-0.2904495894615115
0.3776253000673289
0.7140335459687753
0.6407693163134908
0.6531774379580578
0.632389666961042
0.5981993396333002
0.5484587215683128
0.4842065571460638
0.4158582522890419
0.3511401206722917
0.2906793126493942
0.233603630495473
0.1793084970065295
0.1269833099554141
0.07679044028271692
0.02644280776819817
3.011731690234035
2.702319592485209
2.596330863162945
2.5374804513275
2.491121257932146
2.451223614661555
2.418207792098424
2.391014660511358
2.368246265022695
2.348806412094473
2.33194915036586
2.317140485921876
2.303969576681926
2.292109681797333
2.281299759714821
2.271332352556083
2.262044248104724
2.253309236284729
2.245032647808641
2.237147261425749
2.229610419164183
2.222401229787359
2.215519989563977
2.20898741113654
2.202842730107604
2.197143272206176
2.191962727878275
2.187388527966929
2.183517630035091
2.180450116045797
2.178279509938575
2.177080478721773
2.176892743427397
2.177717550171817
2.179461044042458
2.182014633315697
2.184233315081758
2.187458572036342
2.182665153403105
2.199643306078361
2.135979095206378
1.863127565413343
1.456317736979483
0.9768914649888386
0.494594558425186
0.09156444017585294
-0.1432047243579977
-0.1047347600889738
0.3711947243909766
0.6202765070460097
0.5447328381383379
0.5411059776674556
0.5199813858099709
0.4932249559856169
0.4574968770324306
0.413342358580894
0.3654189450975651
0.3171775139078084
0.2688907992866305
0.2203376234558427
0.1715289972620275
0.1223977208158904
0.0750281440369069
0.02517308968517101
3.448336216171827
2.470361425446214
2.214159175967886
2.239306026070229
2.265054112153412
2.261297081109092
2.252147205953789
2.247343770281833
2.246280842772576
2.246784166210134
2.247575997120096
2.24806230246867
2.247933051743713
2.247005568805746
2.24518236152178
2.24242889916724
2.238751590044764
2.234178595604723
2.228745759779289
2.22248735952031
2.215430748412364
2.207594317956017
2.198989836738449
2.189628270841093
2.179529332716371
2.168737322806506
2.157343415285875
2.145515053348004
2.133531624490741
2.121822491543713
2.110998935014915
2.101870622860331
2.095443529947046
2.092893434630753
2.095334924273885
2.102913068691455
2.112424667157101
2.117901681606984
2.110412788469591
2.089870917848974
1.99509940005103
1.744309381860786
1.410363479292997
1.044972834299805
0.7009195580759483
0.4338992277756003
0.2978322864747451
0.3506926933746605
0.7273882890129708
0.9395975695282587
0.9179064237335857
0.8921690384080733
0.866670142432951
0.819654415876349
0.7392139386469376
0.6342427158786426
0.5222934930392055
0.418154415208189
0.3280712803288255
0.2516479907251398
0.1852847811752747
0.1265979752693724
0.0807363898496876
0.0311002385113906
1.885557213278698
1.541592712677615
1.387599207713592
1.442334749341285
1.548560453167144
1.638709179464002
1.713820487569232
1.783839062014202
1.851226398200275
1.914393002079397
1.971507426502717
2.021533692297489
2.064097978898922
2.099232788108749
2.127214865492689
2.148462498404657
2.163458057563634
2.172687318299301
2.176594862053159
2.175554497056152
2.169853212028273
2.159688126442855
2.145177180909902
2.126384953993236
2.103366457076179
2.076233253513084
2.045245553541988
2.010931338726788
1.974227704396018
1.936629140445261
1.900312730909626
1.868192678189068
1.843827880157512
1.831026169262701
1.83280747854021
1.849316363575479
1.875074286562737
1.8984246418687
1.905517410971983
1.88018889597067
1.801260636347508
1.631959986941947
1.406259873733373
1.171078485550901
0.9722820580609544
0.8553030314727267
0.869392814258551
1.068393065340602
1.457212672639359
1.739098041870572
1.876108425846069
1.919883111161382
1.891100988484015
1.775976499831228
1.573197304001514
1.309766274032367
1.029146572329936
0.7711670735405248
0.5579195169663304
0.3927116700928046
0.2678021675783806
0.1737991722533528
0.1052718200389234
0.06067023749938961
0.7333196157050426
0.7070839752660956
0.705192982790697
0.785264260455561
0.9230820684962164
1.075361709950279
1.221859917673041
1.35929251826962
1.487946272342594
1.606981468890515
1.714835672196584
1.81022443834337
1.892505733693664
1.961628603038944
2.01796973109261
2.062176629822689
2.095039111929673
2.11738795278866
2.130018599881319
2.133638605527037
2.128837851379032
2.116081329991054
2.095725276816086
2.068058778245877
2.033374246605534
1.992070604352189
1.944791390795343
1.892594597346358
1.837140633936186
1.780868271066553
1.727104892154951
1.680024614674606
1.644320496495951
1.624402102398482
1.622947507769665
1.638940286003768
1.666063607219666
1.692883528179618
1.705438688657428
1.69001992838786
1.638809062606825
1.549367060089062
1.437527172068045
1.334840159496856
1.277855104326156
1.302937623208336
1.441663466171728
1.702877350950178
2.035473813400646
2.333464433000268
2.537355746577355
2.622797735556855
2.58816725287609
2.43459019025524
2.174925233863239
1.841597276994452
1.480322510202902
1.135207740226931
0.8360678476684704
0.5947426670694024
0.4097657935997144
0.2742344521259866
0.1823710886033716
0.1334250661624809
-0.06913748725677309
0.0027639575712417
0.1025901218600875
0.2332820677511168
0.4007673806818426
0.5920956602160121
0.7894421844192505
0.981449425195227
1.162856445246482
1.330941562937154
1.48369733722136
1.619582209761081
1.737678620064614
1.837735644218714
1.920067608861687
1.985395712971865
2.034690274686807
2.069035707865252
2.089524555909796
2.097182249644957
2.092923039696349
2.077537277006308
2.051710466244598
2.016075234271872
1.971297872111766
1.918200500207779
1.857916779654567
1.792071658614771
1.722962359915929
1.653697715752678
1.588225975262818
1.531150422038335
1.487211731457644
1.460347895908189
1.452399262020126
1.461836380215325
1.483181457987917
1.507724443622349
1.525786644813276
1.530460768586267
1.521766484345376
1.507205023497205
1.498994845604899
1.51654263658242
1.583230819949221
1.719707337031539
1.934291066408053
2.211152530332087
2.50912012321922
2.784811016801115
2.988925221733366
3.080683163173533
3.04214452276951
2.875641078711512
2.599581196765077
2.246142011767046
1.856070957852725
1.469814221570201
1.119003447450352
0.8223233684499003
0.5867327347205309
0.4119888888242924
0.2955334624632053
0.235306666004887
-0.6359852527741151
-0.5454334777309269
-0.4031871600867982
-0.2299089649170443
-0.02988515121254519
0.1921588496324926
0.4255346043076281
0.658553823245194
0.8824894593900089
1.091810305845672
1.283043984736242
1.453958547305745
1.603245441923931
1.730399247280297
1.835598712739209
1.919551191710224
1.983323275524764
2.028183365312688
2.055471702185178
2.066505470582246
2.062522070057486
2.044661108858634
2.013984339498269
1.97153213969435
1.918414533042001
1.855933120754024
1.785726339753169
1.70992263323582
1.631273193630511
1.553217935420885
1.479818552657763
1.415481427182166
1.364413368637929
1.329835546665681
1.313134718067796
1.313291496216654
1.326961330259803
1.349449941032229
1.376642139607791
1.407561583705019
1.446124975984374
1.500555871392617
1.580505706089171
1.696584268688499
1.858696295650976
2.071205243004514
2.326973525084028
2.60544149358858
2.879231535200664
3.121017211206889
3.296431650261838
3.371681766646096
3.326693509107015
3.160793123744067
2.890093778623506
2.542396556955156
2.151853300065341
1.753355316357734
1.377309469714787
1.046193369555887
0.7737827449659843
0.5666890708583544
0.4268848084800574
0.35389354919518
-1.040530780926862
-0.9513418360976732
-0.7982582056402771
-0.6019251884804977
-0.3757242375583906
-0.127901732930003
0.1327691062806948
0.3960696653695008
0.6524212709100031
0.8944141878656175
1.116955078118272
1.31678594664859
1.492012848225568
1.641797102580046
1.76614089920516
1.865696752483049
1.941580093598326
1.99519392103806
2.028080719795029
2.041812772011327
2.03792611027016
2.017898606827619
1.983169467498226
1.935195148290952
1.875534806509352
1.805955983926005
1.728547511700232
1.645820738916369
1.560771916108691
1.476869342475787
1.397924089246678
1.327813513793813
1.27006630697425
1.227390907122353
1.201311374184612
1.192110502270857
1.199226051687256
1.222119623781718
1.261451762339449
1.320091939593903
1.403222500399597
1.517213439218537
1.667664203972893
1.857699254572852
2.086383809129515
2.34667248431094
2.624310789009849
2.899867584498743
3.152668306245484
3.361485969788588
3.502835047165216
3.553938969418141
3.499725846703201
3.338299590946463
3.08120076905585
2.750057631796305
2.372365986085592
1.977589566904318
1.593759452947385
1.244776174023769
0.948804779005375
0.7179561864060392
0.5590341475321313
0.4749556188984326
-1.32286888931634
-1.237720749092234
-1.084944451627679
-0.8797511024545701
-0.6374299741194079
-0.3703282057943197
-0.08897664091499795
0.1964572615846943
0.4763354983194382
0.7424701447842212
0.9886740575728641
1.210732494637663
1.40609132400707
1.573516649807323
1.712805436214303
1.824537627663513
1.909853251066036
1.970254475214875
2.007442162173185
2.023196168968294
2.019303912154517
1.997536486728612
1.959667193909757
1.907523681389386
1.843061703133905
1.768445643185894
1.686118427193013
1.598841629626646
1.509686308490316
1.421958398894845
1.339052885594437
1.264252480120186
1.200519034097405
1.150358467254548
1.115849283032205
1.098889234145393
1.101635100355473
1.127006356929529
1.179012372455729
1.262602234788471
1.382862913229975
1.543691009498383
1.746240431054464
1.987427710650011
2.259037314855067
2.547786065789614
2.836701114538664
3.107509323178474
3.342409984288488
3.52422593588047
3.636662227456418
3.665585390056823
3.601843349000972
3.444291256112942
3.20094540467825
2.88783637776065
2.526649185910978
2.142175106336941
1.759911522599454
1.403850687538378
1.09461675736663
0.8482338761635803
0.675722490832965
0.5834903445378907
-1.504702138948759
-1.422625230556216
-1.272345581557573
-1.064940819151303
-0.8145382860088681
-0.5352750455043845
-0.2398236646201732
0.06062380698555069
0.3561677801614881
0.638362256779138
0.9005027560824933
1.13774432198019
1.346990880920455
1.526643890370376
1.676304220305167
1.796479917208443
1.888322573011965
1.953403226425102
1.993534975198402
2.010646870141935
2.006710225253898
1.983714349921059
1.943684213927517
1.888728029864976
1.821098555623829
1.743248836891719
1.657862206708436
1.567839186575568
1.476232121649191
1.38613315956949
1.300541906609279
1.222261381179264
1.153884743257406
1.097926699502646
1.057111749166145
1.034760066913085
1.03513206924898
1.063535646934862
1.12600215272377
1.228439050950494
1.375359985925342
1.568451562177313
1.805270848348836
2.078375521829045
2.375345934230146
2.67996267152288
2.974229967486921
3.240377702901122
3.462063366802913
3.624938955020738
3.717205451816399
3.730139456466699
3.658888457332363
3.503620174967048
3.270461361748179
2.971599850608506
2.624479801351993
2.25039468756104
1.872746764888593
1.515126965784465
1.199399231726329
0.9440690876317035
0.7631948564683116
0.6658753724360814
-1.597454870295883
-1.517293642798726
-1.368741690387238
-1.161115257548112
-0.90743996218803
-0.6222559443790271
-0.3194152214854113
-0.01099892755563228
0.2927642001476088
0.5833247672598871
0.8537974158171395
1.099042744370863
1.315661375757087
1.501829406883688
1.657021136427575
1.781697043045973
1.877013094307159
1.944577794686942
1.986265406139987
2.004086406058837
2.000113173505839
1.97645594137326
1.93527998295781
1.878850108349984
1.8095838312706
1.73009139690607
1.643181148411394
1.551814707207643
1.459010183626494
1.367713260899783
1.280681590294026
1.200447687919227
1.129425085127718
1.070189052588188
1.025895123989658
1.000711957824527
1.000072587626153
1.030531667442697
1.099091395343736
1.212021071274675
1.373372605045737
1.583499607684702
1.837925218487389
2.12692491048771
2.436129285352135
2.748129193613497
3.04453588387753
3.307754123920323
3.522171434440205
3.674963723530615
3.756605916034485
3.761021616473717
3.685572126139288
3.531310344719627
3.303601779389936
3.012696502896933
2.673750322756578
2.306105126980432
1.931935719569409
1.57448560013448
1.256145057957353
0.9966509050851977
0.811668474099844
0.7119113460625355
)
;

boundaryField
{
    inletLower
    {
        type            zeroGradient;
    }
    inletUpper
    {
        type            zeroGradient;
    }
    outletLower
    {
        type            fixedValue;
        value           uniform 0;
    }
    outletUpper
    {
        type            fixedValue;
        value           uniform 0;
    }
    sideWalls
    {
        type            zeroGradient;
    }
    topBottomWalls
    {
        type            zeroGradient;
    }
    frontAndBack
    {
        type            symmetry;
    }
}


// ************************************************************************* //
