/*--------------------------------*- C++ -*----------------------------------*\
| =========                 |                                                 |
| \\      /  F ield         | OpenFOAM: The Open Source CFD Toolbox           |
|  \\    /   O peration     | Version:  2506                                  |
|   \\  /    A nd           | Website:  www.openfoam.com                      |
|    \\/     M anipulation  |                                                 |
\*---------------------------------------------------------------------------*/
FoamFile
{
    version     2.0;
    format      ascii;
    arch        "LSB;label=32;scalar=64";
    class       volScalarField;
    location    "5000";
    object      p;
}
// * * * * * * * * * * * * * * * * * * * * * * * * * * * * * * * * * * * * * //

dimensions      [0 2 -2 0 0 0 0];

internalField   nonuniform List<scalar> 
4096
(
2.36501887748461
2.412119126364048
2.49890129794179
2.618505826853023
2.760672009550692
2.913409286155525
3.065136149299667
3.206134294827086
3.329152664979948
3.429573199728153
3.505376537099345
3.556879298084116
3.586210349247868
3.596618861824814
3.591769375002634
3.575143386334616
3.54959458967813
3.517050419264382
3.478331084476056
3.433059486390706
3.379647652853975
3.315358206168238
3.236447881974898
3.138401672843282
3.016259952843408
2.86502925040769
2.680158000460377
2.458065768031831
2.196753886349915
1.896601057669558
1.561530072018674
1.200739488214423
0.8309937481806151
0.4789313640174349
0.1820349052209198
-0.01370611218548806
-0.06089330430042919
0.07804571622530687
0.4179258634103493
0.9361026269703828
1.548315864483159
1.714177683951862
1.636144636171259
1.633611675963092
1.604543479451872
1.560386733342199
1.499349728627415
1.424821226627528
1.344224149841846
1.264069179845963
1.186850104736792
1.112344320063548
1.03908520526344
0.9651913246011798
0.889266863008136
0.8111808943011662
0.7335434630190338
0.6628277758708067
0.6070329386618661
0.5701316415692284
0.5541890751568419
0.5578322456363919
0.5761481890238456
0.598615418296955
2.389128812607316
2.440437349196735
2.533349217785481
2.658442069397015
2.803320019482736
2.955403554168687
3.103681915973364
3.239282254174364
3.355703098841425
3.449034521811382
3.517954178717854
3.563350520675682
3.587678162142043
3.594247785970899
3.586596654819525
3.567995921893357
3.541093260065625
3.50766786868692
3.468473891265542
3.423155359597551
3.37022509703836
3.30710897529279
3.230263899423469
3.135381387858422
3.017687241400495
2.872341019670381
2.694928698088069
2.482033951370048
2.231878541001023
1.945050577448906
1.62538964520565
1.281143039928832
0.9264888749628432
0.5833484587877591
0.2829561453779467
0.06583477837544179
-0.02202270533129951
0.06148165952445506
0.3413369526077474
0.8158937153693278
1.463818406180966
1.68117602802071
1.60255081261248
1.602932251503141
1.57444279683206
1.532846350078965
1.476163183148161
1.406824722247868
1.331725935093067
1.256601639028627
1.18322768949893
1.11149455818846
1.040621346569383
0.9695055111268115
0.8974415693852562
0.8244351841586407
0.7524503361413033
0.6870679345425474
0.63562679782854
0.6004911845664089
0.583453040436289
0.5834245484905829
0.5978339759854483
0.6207204242722416
2.438454152762703
2.497932336886596
2.602274129431831
2.736345950613581
2.884472634216274
3.033997968623801
3.175148869200914
3.300292670686729
3.404142138819436
3.484162694159397
3.54039011638107
3.574720376732578
3.590091960441984
3.589829366431635
3.577189774769854
3.555054871310975
3.525709655190437
3.490677565707461
3.450601083421548
3.405165585621961
3.353067846658432
3.292033871513639
3.218895438876244
3.129740674281129
3.020159640654946
2.885607753006317
2.721901791275708
2.52583887143117
2.295887390233434
2.032855061439188
1.740426608471856
1.425527169241404
1.09864238489465
0.7745062746503297
0.4737963334827692
0.2260952031839039
0.07253741760231341
0.0638884804490684
0.2513769336278641
0.6796025704100174
1.402025468109189
1.665944976493682
1.580508094714695
1.586170451255725
1.558777667350226
1.518786952677001
1.463897958118417
1.394819826239528
1.320790055367169
1.248592277308944
1.178637404926878
1.11001790657717
1.042093432544113
0.9739870263914459
0.9051608438208936
0.8348977958057745
0.7639857104028809
0.6987357911401011
0.6487362368912583
0.6141064980580846
0.5967926565968186
0.5959452534965997
0.6113678940932681
0.639944024312824
2.52159021216163
2.593548951387048
2.712589158931971
2.854946552706363
3.003222061541009
3.146386925746174
3.275882788385889
3.385028114012115
3.470220363796715
3.531151399151075
3.569810533742612
3.589261119543628
3.59280779248664
3.583586791427749
3.56438994230811
3.537567118206315
3.504939620442161
3.467712404556391
3.426393189126457
3.380728737172654
3.329665918370158
3.271343659515682
3.203124108615218
3.121678314514539
3.023152949607823
2.903456097665128
2.758701691511698
2.585826696069079
2.383325947203919
2.151940063064205
1.895031399053434
1.618392521470216
1.329462073057198
1.036442608223828
0.7486599192760262
0.4804832527671222
0.2608556876311571
0.1458989768947619
0.2232681397595597
0.5977287661701541
1.376048380294717
1.663980540380321
1.574535168377963
1.584493387693194
1.558981160942168
1.519613689332167
1.464144692534306
1.388896099004703
1.310309981533663
1.239238125951815
1.172849813593893
1.107900630710617
1.043556576187142
0.9788333040472383
0.9130405925977496
0.8433003042186484
0.7676555195127174
0.6958252138066808
0.6445663795748269
0.6091933145294083
0.5920663987943903
0.5921197919380878
0.610849944555806
0.6463899863151921
2.656959971172353
2.743056471597614
2.87213366825342
3.014375548021335
3.156208853080726
3.288041777721196
3.400266092808267
3.486927168598929
3.547378694856587
3.584516256603125
3.60239637083277
3.604869630917238
3.595175821003628
3.57596886910138
3.549419726533797
3.517275068720871
3.480860797479367
3.441049718908361
3.398213913023483
3.352176811791641
3.302174179166939
3.246829199850653
3.184146608298014
3.111536079392257
3.025887154067125
2.923735608231138
2.801577241483575
2.656381589924229
2.486305553671282
2.291478596660363
2.074543147225596
1.840496433718855
1.595487733181792
1.344712310123683
1.090448425516672
0.8330373294682729
0.5807022652811678
0.374842517466521
0.3233510355209774
0.6007139950242621
1.375761353161552
1.668198990557981
1.582482102278611
1.596799235641047
1.574144520363711
1.534605676866598
1.476816796026015
1.385866875852863
1.295059425606831
1.224967537857493
1.164477553500451
1.10484266588263
1.045416111743454
0.9855337088624077
0.9246770314734223
0.8548054990788976
0.7668392781571693
0.6787152301548038
0.6242613285976905
0.5869035980006553
0.5697957333245851
0.5709808389658259
0.5930401605597219
0.6350198857363845
2.88279864061766
2.968600494750017
3.082663673107501
3.208694286674185
3.337904341201638
3.452843774193431
3.539860128527605
3.596350475849915
3.626925050020891
3.637803384165861
3.634127056176741
3.619584693507546
3.596799814349926
3.567716603163057
3.533830089646736
3.496298197749911
3.455983302875878
3.413452836470772
3.36895793921269
3.32240330592929
3.273316058739056
3.220816694155928
3.163592565297402
3.099875864599708
3.027435746947722
2.943610452017412
2.845431168055048
2.72991897725798
2.594644985230025
2.43857789736999
2.26303498109936
2.072206932190545
1.872483902977688
1.670128560787124
1.467728730467937
1.260782442017178
1.03839992016363
0.8009434563357629
0.6158977809410533
0.6968482726257443
1.36781275643699
1.673834468660587
1.604946360059136
1.625643335552327
1.609265006623537
1.572500386115834
1.516506813684419
1.394107708194427
1.277496093264955
1.207763922225817
1.156303097906554
1.102611980769148
1.047770730627348
0.9928540726919887
0.938973722136824
0.8670848304777077
0.7531531213476698
0.6327437461341595
0.5793563421925667
0.5424873234549997
0.5267850853947746
0.5292265568285242
0.5531916248490227
0.6002164211596681
3.275796863795146
3.287837859986482
3.329838579850624
3.428126756563858
3.542933303220694
3.631144941709163
3.681023719907633
3.700198054286377
3.69905772773341
3.684781765368055
3.661572485901485
3.631972226916119
3.597670318580729
3.55986452563269
3.519432338058774
3.477025582197351
3.433119507908907
3.388029484542997
3.341907489791812
3.294728399698548
3.24627159323318
3.196098581762036
3.143523506710675
3.087571305305203
3.026919587653232
2.95982826827471
2.884083214225056
2.797027518323013
2.695828575155568
2.578190375160669
2.443636186293304
2.295048178920815
2.13931379586317
1.985589519164317
1.841289081522617
1.707619021407434
1.573775208737111
1.407779236331959
1.170733331179383
0.9559818612969287
1.292106307309929
1.664746395040026
1.6405363257436
1.669565438682861
1.660306118881859
1.623461340577422
1.559374866346054
1.324367018216876
1.184307426573461
1.148507006025292
1.130945755205694
1.093218270699575
1.051011626125582
1.012561422657853
0.9923823083114152
0.953622552684303
0.8194612754276108
0.5846073761233787
0.5219717902535181
0.4818488822210642
0.4654823105208156
0.4675576566666906
0.4920146845611136
0.5656420563307852
3.967101040379654
3.685843176841627
3.591807235072811
3.67153363001045
3.762084115038375
3.802200404797768
3.802849229681426
3.783702386001893
3.754989665200214
3.720604250954252
3.682292003489419
3.641194603403798
3.598136669710513
3.553686659013551
3.508229238846536
3.462032014593072
3.415285557975926
3.368120340663032
3.320610560431525
3.272771716863383
3.224554410727303
3.175833462938015
3.126388165424686
3.075866365276258
3.023722552710845
2.969119639389924
2.910791954780219
2.846901013437002
2.775005298418752
2.692414066178541
2.597295903893624
2.490685195618093
2.378516609151566
2.271066256957939
2.17826598653545
2.10613046842148
2.059442319183385
2.032715931316615
1.94712856952429
1.604949701284926
1.296677516376937
1.666961131774232
1.707193896032553
1.743283801203965
1.752986260246225
1.754030274075711
1.781260921224457
1.596525855219389
1.062265007252869
1.061838948581488
1.132563584659126
1.110563659084766
1.052686120490964
1.024379071710581
1.078189286539273
1.060493566391743
0.5345445231811928
0.357553753790236
0.3882801924936946
0.3848645430088402
0.3813587495562229
0.3844768934106711
0.3918937044314632
0.512800534187974
5.066596823300462
4.140405421092661
3.912665306934429
3.940934286714545
3.954567171012378
3.925693568073112
3.881469706319377
3.835123190668419
3.788746061635395
3.741941061246172
3.694578323082213
3.646808878035952
3.598792970188504
3.550626194645148
3.502359487381251
3.454023581449937
3.405640264380724
3.357225920916795
3.30879247519941
3.260347560308696
3.211893647653053
3.163425589957763
3.114925106662484
3.066349853735498
3.017613801115884
2.968553494233666
2.918872525056181
2.86806432950811
2.815361197389956
2.759835224044016
2.700798015693922
2.638348865122293
2.574205912270338
2.512567051397804
2.457636590877982
2.40990602912053
2.374769623479131
2.38071766737717
2.468974799619988
2.480779096990092
1.978739228796515
1.814712134716246
1.845162377454826
1.851133089535481
1.862888479243805
1.898654407119248
1.942928884019287
2.319719812235621
1.95912650638868
1.529476969329557
1.340479849582453
1.196203252746304
1.036615661874794
0.8709300175081495
0.6380006341330345
0.1579654853994103
-0.1919588605979553
0.2063433230049611
0.250368380051991
0.2795636933560948
0.273637226072954
0.2411210927618273
0.1468489464337884
-0.01464951672042415
4.514766707273858
4.225254033013375
4.126178292796267
4.063001110116489
4.006565501838136
3.95104076883383
3.897686946160831
3.846242728332706
3.795980956457016
3.746357125661239
3.697089042843205
3.648038327722014
3.599129358418882
3.550315591559015
3.501567041586182
3.452864094888021
3.404193733553674
3.355547198542154
3.306918659297987
3.258304409300804
3.209702136860824
3.161110079665397
3.112526067945623
3.063946382588544
3.01536451971429
2.966769528910305
2.918144017262791
2.86946022086943
2.820689656514864
2.771803548333255
2.722841382708464
2.673789716314812
2.624463762453366
2.575945631257677
2.530473390270998
2.48741903450225
2.44777782159524
2.41470774950569
2.400978763791018
2.368510798767
2.242095202491774
2.027075190701762
1.972787857468534
1.94382349533121
1.939216457061494
1.96975471722978
1.954005338182585
2.321987820374753
2.574223769467735
2.209288421244188
1.77095063669264
1.3629963895225
0.9566922017909859
0.5167594867069969
0.02168968183081442
-0.4006331570117577
-0.1608689840217814
0.211060125373639
0.1989785383920952
0.2305346845349915
0.2279917127805591
0.2086052828862964
0.1619589424080839
0.09363720978355977
4.216296228440158
4.123036979711754
4.071730537642461
4.023885282078508
3.98027337141993
3.934769745496969
3.887822591789686
3.840146764168703
3.792156373722062
3.743987715852009
3.695697466223863
3.647322806438918
3.598891434739403
3.550422144263395
3.501926975136904
3.453413634028603
3.404887118542128
3.356350407828648
3.30780457993647
3.259248471502952
3.210677878762729
3.162084055134476
3.113451240268159
3.064752625683274
3.015944106499572
2.966954698227244
2.917674781059977
2.867942466570651
2.817560214680276
2.766300763254666
2.714053773177886
2.660628452687226
2.605551167898548
2.551070858616959
2.501852432009293
2.456415575268512
2.415123516775189
2.376374671839211
2.33912465399426
2.280776236438162
2.178477371209788
2.071422808526618
2.025979049604103
1.997599789888492
1.98685535611078
2.008911630274981
1.951233656508433
2.23373138927036
2.781186570265711
2.647758548578095
2.155457173431892
1.532357666484613
0.8719354777905228
0.2193871462892882
-0.326749007189439
-0.5255166498281618
-0.04094996744895995
0.2242959986586511
0.175490263753297
0.1992898343216113
0.1931335613976005
0.1748236616311289
0.1362708537848977
0.1174874655804286
4.141861356493385
4.102056578464106
4.070176764472178
4.026627760091759
3.982703441056569
3.936424698456808
3.888991636682865
3.840986250994126
3.792735886434443
3.74436144317835
3.695916058503527
3.647427515553898
3.598912507321105
3.550380964038317
3.501838693521412
3.45328907694757
3.404734072053404
3.35617464064304
3.307610779275519
3.259041406323504
3.210463979158589
3.161873807261615
3.113262937379212
3.064618235244053
3.015917860728065
2.967123702893379
2.918168914812173
2.868935364460677
2.81927328202127
2.768966380260603
2.717945948209942
2.665337588833988
2.608564624354543
2.551133074359426
2.50220095108638
2.456812850321515
2.414688795829993
2.372422072978651
2.328496017328883
2.268966194655867
2.190571966185981
2.11386798396364
2.066952193273915
2.036135309359759
2.019867826922277
2.0355564668317
1.963568187896842
2.223227639414068
2.841714777010675
2.831244978094529
2.35788960913078
1.632139149935067
0.8274998979905313
0.08686926651062182
-0.4248075606755728
-0.5083964749996313
-0.003815225926100818
0.2199124551493236
0.162908613155779
0.1820437280279313
0.1753164587144669
0.1608320402531338
0.1293489700031054
0.1344737159152873
4.141884411759666
4.102099152923982
4.070158834751539
4.026601671783435
3.982680213256276
3.936409763747949
3.888984985274989
3.84098737823073
3.792744304582526
3.744376724510722
3.695937753914372
3.647455148165932
3.59894557873931
3.550418966504461
3.501881136493569
3.453335554314531
3.404784359545873
3.356228907234938
3.307669996653226
3.259107949738885
3.210542754806907
3.161974168326632
3.11340205780381
3.064827025985689
3.016250542769953
2.967669411350726
2.91905715069444
2.87032045241733
2.821332766589328
2.771895684378837
2.722266884795989
2.670098174236915
2.607713433210535
2.5419568623918
2.493207403008743
2.448763953876053
2.408264674308783
2.366199579931121
2.321696638820643
2.258868683880522
2.190963000441883
2.131408978622568
2.088041866260376
2.058474741663094
2.040622984046843
2.052585076034887
1.978647269960767
2.243082838160078
2.842614414914766
2.839886312007893
2.376579200358669
1.638320007550888
0.8150710591552334
0.0847525907576665
-0.3850327907359085
-0.4480831159708946
0.006453531502687659
0.2124026982802341
0.1575574105270993
0.1735568966449234
0.1670905305080702
0.1553531822638474
0.1280946166983604
0.1448722205790629
4.216771207745628
4.123546310378114
4.07199293458155
4.024050761513371
3.980381569638947
3.934839535804495
3.887853525864392
3.840136539108325
3.792104112254964
3.743894320912871
3.695565186416567
3.64715486780356
3.598691574817088
3.550194104419772
3.501674037101872
3.453138323622696
3.404591059738961
3.356034591094411
3.307469972979116
3.258897147064973
3.210315303685439
3.161723455794903
3.113122175254632
3.064517323496898
3.015924234665392
2.967359366896238
2.918795759652373
2.870069621294033
2.820978431295211
2.771477286104671
2.72356011946589
2.672942370760263
2.600557262146569
2.519839554275616
2.476810828283501
2.437944766659579
2.403923865919559
2.366986231158899
2.328429744658084
2.255455717859163
2.184945657694091
2.13056351588101
2.083982880131805
2.05095713696603
2.030908773248035
2.040180431713435
1.978969204385964
2.266778345913272
2.77624547077312
2.709207342988847
2.246632464506676
1.557293718815548
0.8041254216546776
0.1442787438821341
-0.2809893356867584
-0.3545085399589535
0.02643954652909338
0.2069986084049369
0.1588035514705497
0.1723528159498799
0.1668157038223076
0.157222158945542
0.1325201125527425
0.1515900618232953
4.512765468375293
4.224342989104792
4.12517258773494
4.062210094151609
4.005994664592365
3.950682132290438
3.897530937998028
3.846286530639051
3.796220832275219
3.746785430885785
3.697693819892321
3.648804327508197
3.600039527229509
3.551352676646401
3.502715097296186
3.454109798313866
3.405527507928617
3.35696453560096
3.30842196830743
3.259906170161099
3.211430341389652
3.163017168082139
3.114703441418408
3.066550316773042
3.018667869945584
2.971256504866316
2.924627695039085
2.879089454717068
2.835005788297237
2.794069044075271
2.766351748840202
2.741570571045507
2.650749564103188
2.501392427955809
2.45910805686308
2.425798864181736
2.400019207055821
2.370216763766384
2.340903014937572
2.226571463054617
2.159858899391816
2.152670817075686
2.137876881168135
2.123308341670318
2.111357949775023
2.112349955489019
2.053740668934667
2.255702351700598
2.576343215361423
2.4305253125754
1.998564653561151
1.407262821145578
0.7742671644377641
0.2179534091776917
-0.1509671672727288
-0.2344623438508183
0.05972784409446975
0.2047331330347569
0.166059216692887
0.1778541745857193
0.1746732704377031
0.1686622842968427
0.1474909351043256
0.1578245000764036
5.073460606915963
4.14393357335862
3.91401619352904
3.941674820518747
3.955196492401505
3.926187268238206
3.881732678567364
3.835114447208407
3.788459529045624
3.741384052317294
3.693764898487103
3.645758328318745
3.5975277818626
3.549168942968588
3.500729499467504
3.452233995054931
3.403695574936676
3.355119749497798
3.306504886087196
3.257841094012147
3.209107218959159
3.160265509726743
3.111259519541945
3.062041575983304
3.012674421935201
2.96343922720832
2.914433954007351
2.8638858167499
2.80768472960551
2.751055619275505
2.731167030087169
2.716416036752876
2.49478704098253
2.375896806056183
2.398736191779483
2.400667030945058
2.400600723910055
2.401290901461623
2.431860888877106
2.306335615807486
2.115482551400736
2.033641648502691
1.938226882010991
1.867116852549108
1.832548883661074
1.806738524496046
1.780485764178527
1.925172611120373
2.143516486367801
2.00702377447159
1.668431905752529
1.211953882619816
0.7207877038461539
0.2822226008563675
-0.01888381424184053
-0.1039973533666228
0.09971690096527276
0.2046812650969558
0.176514686030182
0.1862873117883505
0.1848827734696891
0.1805625029984133
0.1572992618225279
0.1503036209426787
3.998861201627353
3.70932875682212
3.608694950446751
3.684087408107271
3.771291164135209
3.808149657631097
3.805368745962099
3.782674231519817
3.750425789012382
3.712640705576069
3.67116635440193
3.627216889217054
3.581654499318299
3.53504870839667
3.487753561770067
3.439984223426549
3.391868631401551
3.3434740196047
3.294814988906548
3.245848163013802
3.19645710601314
3.146434027783613
3.095474312099767
3.043206947278927
2.98923409882521
2.932937066796115
2.872457461661854
2.802373829108615
2.710538859138734
2.572534921495385
2.337155605710066
1.966964939982741
1.963687564712045
2.307896474377071
2.338345166431653
2.374739737215197
2.39762245872697
2.4241117787629
2.450364200911765
2.685890537534213
2.573306524020194
1.964758729965269
1.49510568094844
1.22228897163902
1.100631240401154
1.076634527262102
1.135651342598198
1.294299814060068
1.500955402840338
1.495027628701164
1.301129512613434
0.9941010510480528
0.6464346936447404
0.3260647626124353
0.09703557252450236
0.01795778815340407
0.1397690689713086
0.2076168060057382
0.1910819317000543
0.2030748779217848
0.2134993869658394
0.2353262065520431
0.2716661921857463
0.4183472044640042
3.337030992155248
3.341810111556281
3.37420864917281
3.462795453025012
3.568069595332688
3.646611334915912
3.686550914909112
3.69566115562601
3.684629350616277
3.66096315704396
3.629148524534938
3.591923680648964
3.55106665030376
3.507758281607359
3.462774296064304
3.416614647593347
3.369593175271729
3.321891320168421
3.27357973780119
3.224613025003255
3.174804680819781
3.123792440196663
3.071001594586182
3.015583656793817
2.956213915100092
2.890468449216814
2.813373335646369
2.714825776150085
2.576344671681216
2.372049770237778
2.097017241030592
1.871553716461457
2.065407237703025
2.320674858488525
2.330170953535561
2.366976957769298
2.391347211671925
2.420620994057086
2.438675584658199
2.619340948556571
2.599902262076085
2.04462355550407
1.447935959270264
1.015501829691705
0.774178822187761
0.6926930715060342
0.7339729208246246
0.8504814010695052
0.9768602893391661
1.019028514562695
0.9422759577970532
0.7721060862032793
0.5561957221074233
0.3446444963614878
0.1841887308352669
0.1158286422889965
0.1724201119941136
0.2093529202019812
0.2005246158370312
0.2090787798159512
0.216708919455949
0.2301613362552173
0.2468101753558088
0.293559703556851
2.980153112215267
3.058612254864753
3.160215533102981
3.270632453854785
3.382398776465325
3.478766087982034
3.54658470425355
3.583815977330282
3.595720541439549
3.589161268982774
3.569807859528055
3.541685731740725
3.507532628542233
3.469196981475023
3.427917542780925
3.38451057545777
3.339497620868887
3.293187149260136
3.245714206295449
3.197040955249915
3.146922369729841
3.094840309304894
3.039896610397654
2.980619615354804
2.914582295023505
2.837711578187852
2.743352849047321
2.621938210750074
2.464374772532407
2.276387485844253
2.109175013283291
2.075877403072275
2.251921735269085
2.346080196894041
2.341474040020344
2.365248417760616
2.382109116721744
2.401273632016864
2.411158916092834
2.471293868440271
2.423751732095448
2.035405173835252
1.509712853029751
1.039091108528823
0.7156479023535236
0.5517219830780725
0.5158226471461904
0.5545129190004947
0.6138807956458052
0.6530156439238927
0.6396136651374309
0.5687394276769108
0.4587903868401647
0.338440019792304
0.2375757673825935
0.1829095716305174
0.1960182344071584
0.2115289969480131
0.2083631710083459
0.214526788223794
0.2208916990321933
0.2306611144829075
0.2403123703826946
0.2565036190753119
2.794791219364272
2.871816135605885
2.984387486067011
3.104173733931917
3.219321599075223
3.321815780997107
3.403455697381826
3.459614749476013
3.490903793270413
3.501315882248965
3.495727658268085
3.478448133608586
3.452790157506594
3.421134654771349
3.385125952615318
3.345859903334472
3.304032710685826
3.260046298316613
3.214068558384734
3.166045817781228
3.115664076555227
3.062253181301863
3.004622992110639
2.940820862824533
2.867840257400992
2.781476866656076
2.676966867065193
2.551843428715805
2.412994223533821
2.287165431025346
2.222692716108686
2.255570900093549
2.338644572187937
2.353552959710238
2.350260462773644
2.363424592137972
2.373819246302825
2.383874936748071
2.394201291589681
2.386351979040691
2.279575069191616
1.9876696928442
1.571868526931616
1.143159340429357
0.7929296431930302
0.5606441294600558
0.4390755888958769
0.3956584198103222
0.3951080360000708
0.4106242672544429
0.4185959252074381
0.4042388435675174
0.3661926101842664
0.3135676643011915
0.2602749422876339
0.2211425413506365
0.2107565927950674
0.2132811852264515
0.2133390217643345
0.2172217533588643
0.2216934587162105
0.2278430037575996
0.2331268568294377
0.2397398411543432
2.700715853839078
2.760683971234257
2.857644690281092
2.969254803690476
3.080132802510679
3.181589743467451
3.267490544434951
3.333488160907349
3.378065508142423
3.402588770499849
3.410179501963551
3.404425617466181
3.388561612143044
3.365146858098504
3.336040279202905
3.302497109371759
3.265294171226002
3.224841954855904
3.181263664078632
3.134428543052367
3.083929218383573
3.028997172091487
2.968367629697668
2.900156734885005
2.821934948081061
2.731397280304729
2.628261913560455
2.51784389134726
2.415115258122214
2.3441087428041
2.324420166995938
2.345891845843092
2.360142959844144
2.353489906398132
2.353897028751834
2.360521185045502
2.366717571594381
2.370986741457613
2.382969078302588
2.3551824527659
2.215284394530816
1.962614860596138
1.625769696889217
1.257253684598308
0.9174802032439935
0.6481308377021728
0.4619566845792237
0.3501279552273507
0.295030487210784
0.2781539125419416
0.2813706297592752
0.2885618433268267
0.2891166697685554
0.2792452370942169
0.2604313521630895
0.2375363237663983
0.218871960009358
0.2148375557197133
0.2165344186941797
0.2189352665317125
0.2220343994657353
0.225803846554212
0.2284480484997017
0.2305525550728085
2.655858635509158
2.699529201530632
2.774719710065425
2.868010363668921
2.966297660954289
3.060181152814103
3.143476772037965
3.212054944167332
3.263665334763952
3.298070175549212
3.316715346885105
3.32199286592219
3.316498377182958
3.302534253341576
3.281880142770562
3.255749128881105
3.224842949000656
3.189444692640492
3.149510427144487
3.104736883140041
3.054593976557163
2.998327260736885
2.934969221125812
2.863464415400266
2.783114475542603
2.694619376258591
2.601805968158913
2.513319561039458
2.442049739659865
2.399317017762354
2.384426892113773
2.379305197186999
2.361036057778468
2.351077610381127
2.353654108718822
2.356760366012118
2.360523012059232
2.361738169429473
2.374016022737683
2.345122858793938
2.20175533837482
1.971237536272668
1.682010447159721
1.362566925612101
1.047281613696232
0.7681424542644754
0.5454709135862945
0.3858006253659703
0.2851606702570302
0.233305996451406
0.2168595070430698
0.2213210188256642
0.2335101594178948
0.2437255816269298
0.2463493114950322
0.2391357595927026
0.2229771072779839
0.2153748527897474
0.2172399741506853
0.218813209332785
0.2211074221093491
0.2235980664030029
0.2250463447540759
0.2252316817708457
2.637813549295357
2.668683032286891
2.723845903814969
2.796181382205683
2.876853143548332
2.957843158261515
3.033144068573647
3.09865448443854
3.151856587297241
3.191696253868098
3.218437910329955
3.233306325321591
3.237993557955066
3.234202312009395
3.223328615901881
3.206300346885359
3.183544196346459
3.155038812212951
3.120413310858245
3.079065574421929
3.030294830184356
2.973466813598013
2.908251647628285
2.83498904016992
2.755229880965083
2.672410822207103
2.592315672325781
2.522476378910032
2.469504993611585
2.434662959856398
2.411073134439964
2.387509602419598
2.357857077054764
2.34795476432893
2.351245467223815
2.352508171335387
2.354840034799397
2.354568453476201
2.365957558527661
2.340254313757018
2.208797610061326
2.00014475975126
1.742902251455473
1.458785166649958
1.169162468405714
0.8962959563272617
0.6596311414823064
0.4717936272504078
0.3370431402441496
0.252202901472475
0.2088584874534718
0.1955854019310198
0.2001815769994509
0.2118723624785127
0.2227722549031665
0.2278374017891497
0.2230982940485865
0.2204083338398271
0.2224482487680364
0.2237790985812746
0.2253779835127913
0.2268875596539301
0.2274190755839311
0.2259581859413338
2.633771252087169
2.654908093350527
2.693562758667142
2.746260553963395
2.807887506852267
2.872842657121718
2.93620726120515
2.994277729151816
3.044584010198561
3.085760849788383
3.117401862307778
3.13984969124032
3.153904028250928
3.160500403438219
3.16042226848166
3.154087642717912
3.141440190052484
3.121956167579485
3.094748926288528
3.058752314313726
3.012986560043318
2.956929641520539
2.890989418276218
2.816995325129949
2.738535455026958
2.660861906512208
2.590010840559827
2.530935308207443
2.485137042541298
2.449406948482662
2.417628088820388
2.385415853514246
2.353591480210073
2.344361770861404
2.347629682422992
2.347955013559063
2.349434576304735
2.348504181061104
2.358541117077348
2.336349457874672
2.221050077152729
2.03537456304333
1.804488627195246
1.547759866038835
1.281584283727339
1.022157076137779
0.785297374688144
0.5839889222750841
0.4259403218393646
0.3127034921190414
0.240409054459268
0.2013884502651816
0.1861177339917497
0.1852271714711576
0.1911684498056778
0.198700411445654
0.2022978619781251
0.2063275604129302
0.2103515437257241
0.2137329709074768
0.2174117628229135
0.2209176685549633
0.2218473397260491
0.2186542744913096
2.635874412296503
2.649515861034969
2.674890156884315
2.710522712040819
2.753887061537076
2.801738406835888
2.850774417723741
2.898206968301607
2.942015271526849
2.980941527607191
3.01436384298105
3.042117793049694
3.064297887329274
3.081064926854934
3.092463547663247
3.098236772034249
3.097668094521654
3.089535632915978
3.072221879886725
3.043971376766353
3.003313553414935
2.949658896468078
2.883960397443926
2.809199426589785
2.730401355179624
2.653902689831684
2.585738966285245
2.529486702962841
2.484657960933622
2.447159226833466
2.412318150345782
2.378566062081423
2.348550919851808
2.340383041752093
2.343302354164317
2.343203078465322
2.344181836152495
2.343028560260344
2.351695505619428
2.332648592948644
2.232824248356011
2.069299620889817
1.862743967808707
1.630214214070428
1.385797183220759
1.142303001385602
0.9120970591629161
0.7062849771653811
0.5330574560519186
0.3964356335663085
0.2960596205699606
0.2279489265638795
0.1858317709029804
0.1626464251155229
0.151803985831705
0.1478066466643605
0.1464911154899916
0.1465735441498821
0.1476416037247837
0.1506928129307653
0.1557640901056121
0.160974194267157
0.1636091613879888
0.1633993095477679
2.639109762079227
2.646802230645483
2.661373380847055
2.682462684429089
2.709202891960663
2.74021031087626
2.773830334333296
2.808498431150896
2.843010529344534
2.876603770596466
2.908866371636173
2.93954462482947
2.968332385979282
2.994729063161053
3.017987861742416
3.037059347165513
3.050437543221519
3.056025495291125
3.051227329022696
3.033286981939218
2.999929285332453
2.95022333984067
2.885352157042548
2.80895159985816
2.726845359102242
2.646110634346554
2.57349016313255
2.513440243475407
2.466599967023241
2.429797655690334
2.398233457624067
2.368950223870259
2.343140457489492
2.336145257452103
2.338520288952047
2.338312258097665
2.339018518951061
2.337885603805816
2.345330416207908
2.328936105628777
2.242596160481579
2.099489811935245
1.916149731031716
1.706785920047085
1.483353403396342
1.256304008901237
1.035321434456061
0.8293329521323941
0.6457775999986788
0.4896755014602145
0.3630714904770376
0.2651034213993435
0.1926063434655238
0.1409994831945365
0.1051989953311892
0.08041607927690117
0.06281808763121412
0.04969949585958677
0.04008731818494463
0.03409050346100439
0.03128491234576494
0.03029764631092154
0.02970845661670692
0.02921560978304597
2.640303548799582
2.643079703902373
2.648594409544701
2.657145072146481
2.668925452761147
2.683907470429123
2.701857217306755
2.722480633550328
2.745598613878377
2.771237448977331
2.799568343699651
2.830689594022609
2.864317069243234
2.899539614828742
2.934811427907435
2.968136972526848
2.997095340507392
3.01856257881649
3.02866492945575
3.023237229286997
2.998888397770242
2.954214834078548
2.890481911612312
2.81159591127611
2.723626179776561
2.634095628283891
2.551019440790903
2.481528041795603
2.42999337515952
2.396101502947327
2.374320279972984
2.356615324411675
2.337956900801471
2.331810234418375
2.333379151752538
2.333312113020721
2.333915489075868
2.332970117845721
2.339350820044917
2.325146934366494
2.25057015723918
2.126478257742431
1.965623234785564
1.779014547432575
1.576075654385297
1.365046325384028
1.15347542387446
0.9484850331323093
0.7565951925692393
0.5831920560267422
0.4319340271791283
0.3043875205761276
0.2000317462655478
0.1166139580245077
0.05075936987962414
-0.00128896335257408
-0.04299638097046884
-0.07710275693485114
-0.1051246031524277
-0.1276885925382154
-0.1451809346472959
-0.1580183538838281
-0.1665178791509534
-0.1708679158271389
2.63759575849634
2.63610809977261
2.633703424640208
2.631107150424943
2.629229641494413
2.629027859362484
2.631416179777796
2.637263646597155
2.647455216690856
2.66294834515007
2.684740915882885
2.71367009678264
2.749999607323564
2.792896194513178
2.840148882236722
2.888511345921539
2.934319644518378
2.973274708601691
2.999815247298293
3.007937867881788
2.993138526657244
2.953884192683426
2.891710034479953
2.810581400014382
2.716325438060095
2.616369559960185
2.519634260824866
2.436136731452044
2.37543483875252
2.343023748130473
2.33545253887172
2.338399623306537
2.332930735238705
2.327513810133708
2.327774485089949
2.328187967996325
2.32886726218839
2.328284811727616
2.333686553366035
2.321464352000266
2.257972193792525
2.152421236819493
2.013715205681033
1.84944546107526
1.666230328221208
1.470063539388692
1.266686953256643
1.061899519714895
0.8616047277536651
0.6714841344438578
0.4963978776261558
0.3397648801047087
0.2031722596515723
0.0863515060266019
-0.01247381777328273
-0.095978008567004
-0.1670416676670761
-0.2281301875304906
-0.280864198641144
-0.3259476240608269
-0.3633223844971639
-0.3924370326564703
-0.4125863825609674
-0.4232713676352014
2.630122435702555
2.624741348206399
2.615072502742206
2.602157064243376
2.587439025045748
2.572632127562479
2.55958558197074
2.550189645495055
2.546336716040022
2.549920244425624
2.56282323795559
2.586807468866872
2.623150805463166
2.671876395619027
2.730742499703964
2.794941716466637
2.858505047547643
2.915538801499183
2.958169043203646
2.97855868240271
2.972082049622907
2.938065902743157
2.878571289406674
2.797359460074877
2.699606816812529
2.5920171247953
2.48319387750043
2.384226056856821
2.308706853022622
2.270052722903048
2.273582526574854
2.304756093926058
2.324409005215087
2.32307330407377
2.321306242502531
2.322858728151055
2.323895867376834
2.323926906650374
2.328303377542972
2.3183834297247
2.26691153772704
2.180468185542905
2.06384132930485
1.921161759218631
1.756260145580262
1.572988914390608
1.375593352172472
1.169040880980224
0.9590742026601458
0.7518455132601751
0.5532197945417214
0.368002437834569
0.1993577097755649
0.04858307573384587
-0.0847260635066964
-0.2021927538451801
-0.3059890957191256
-0.3981401102248312
-0.4799703309260321
-0.5517708023976473
-0.6127527353684051
-0.6613294895954155
-0.6956460385674378
-0.7141494898155843
2.617784479607308
2.608680115082256
2.592047072652302
2.569188414956905
2.541990319281637
2.512799344320256
2.48426797270925
2.459202286542493
2.440438609708905
2.430762030686732
2.432866602734012
2.449334733014523
2.482524701368865
2.534016562300453
2.603030608538673
2.683999845658053
2.766431521738962
2.840287919015824
2.894861487138146
2.922502576211998
2.921339913142346
2.892547758813059
2.838225530643368
2.76137224853189
2.666332443652959
2.558811595039166
2.445886780410581
2.336762118085662
2.244543220212178
2.187601272111545
2.18536465921446
2.239732635097289
2.301735442212975
2.317513911102267
2.313481912335515
2.317272530697363
2.319112075232387
2.320099668681665
2.323213388690181
2.316698413565355
2.280246506320849
2.214285740401173
2.119565252594929
1.99706214156639
1.848129877934545
1.674817668167874
1.480361581477555
1.269498718577621
1.048299748988025
0.8235318358292132
0.601807516215531
0.3888005990854351
0.1887025544943277
0.00398073516224534
-0.1645621912913269
-0.3174535333787449
-0.4559901735524307
-0.5815466620710514
-0.6948932640373257
-0.7956796486736165
-0.8822573358058285
-0.9519386696482882
-1.001624082874793
-1.028598473512237
2.601047766975332
2.588270976847418
2.564754976102356
2.532032540143316
2.492381687068574
2.448716073357191
2.404422201695296
2.363169161534351
2.328716816903502
2.30474326810234
2.294710206254676
2.301798126697685
2.328961065900693
2.379028547240216
2.454055330303681
2.551511814052152
2.656136317652535
2.741698874959456
2.797143058060964
2.822620161701509
2.823286684505482
2.800997457021939
2.75608756046045
2.690288825092833
2.607295611309287
2.511939886627814
2.409355632985192
2.304895762470585
2.205822930738802
2.126018132765341
2.092173693108258
2.138873887292598
2.257424648863805
2.309394250534636
2.304759417215908
2.311796355937365
2.314873863855019
2.317151016244022
2.318505833114843
2.317399371479402
2.301116751260768
2.257364802518026
2.183826055156897
2.07905103818505
1.942459605108611
1.774973763334276
1.579721461731584
1.362055422183264
1.128791773565401
0.88714829830715
0.6438749647410275
0.4047527203569435
0.1743731300563862
-0.04394709633374434
-0.2481790147279563
-0.4374794113782203
-0.6118890016607859
-0.7717917600182395
-0.917208477694377
-1.047127256313553
-1.159143739002253
-1.249614094410714
-1.314331818615547
-1.349549568679697
2.580752029062793
2.56432335486979
2.533943388225548
2.491337235319244
2.439126407107493
2.380740637930692
2.320257823669631
2.262190735164633
2.211243961779538
2.172062213406738
2.148983714564019
2.145812930652041
2.16567309152729
2.211173502982892
2.285347749479245
2.392287696981406
2.525726286648931
2.6103293047059
2.646009026514506
2.658339389321269
2.659091140067591
2.645987079223477
2.616101470541521
2.570350391195513
2.511898867356612
2.44448159360138
2.371392332402323
2.294586620640881
2.214458477922544
2.133281323084657
2.066355975271728
2.062348914966186
2.226488748060822
2.303797874161811
2.29915990870311
2.307937179789794
2.311893019393283
2.315518169835519
2.314342167882106
2.321440628964087
2.33201648163532
2.312109728288518
2.258176095078366
2.167215751289418
2.037522077594675
1.870272476298728
1.670114552878304
1.444092402497821
1.199845540566949
0.9442678340304332
0.683084749872473
0.4210909077367374
0.1625473789598913
-0.08862282283079397
-0.3289319101817891
-0.5555812205097721
-0.7666271497524756
-0.9608397476511095
-1.137182752543117
-1.294069175194465
-1.428741805695362
-1.537159190846275
-1.614572834871435
-1.656665931448766
2.557925467497236
2.537934666032603
2.500826758719557
2.448455109184698
2.383705515818865
2.310447125561609
2.233393274328897
2.157882768391322
2.089603438207174
2.034282061608573
1.997354963573114
1.983616132845192
1.996816536876601
2.039155933584642
2.110783079519363
2.21157426956399
2.357591480675306
2.425103859435451
2.417182591452967
2.412261704336608
2.411415367518478
2.40873378725577
2.400334362293026
2.386773100210327
2.369371046142881
2.34943358596009
2.328017443713795
2.305312217974456
2.279681349265785
2.249597700255778
2.223645165575169
2.219346080358868
2.291512873936455
2.311119074739655
2.303782728160324
2.308616327157269
2.311386252509329
2.315787865353752
2.311003191409342
2.329279502992917
2.373788070058208
2.379188364278112
2.342225526710569
2.258900620219066
2.128048350357
1.953971828128402
1.74530127304143
1.511599386093467
1.260565521928272
0.9971908091439941
0.7245252522401625
0.4450689399399514
0.1619509346542481
-0.1205362129465274
-0.3971105594398308
-0.662183710205018
-0.9106955405518613
-1.138703320883245
-1.34342644836019
-1.522695430291404
-1.674093716552414
-1.79433931769242
-1.87939917073673
-1.925414323656124
2.533615521290125
2.510327603299003
2.466939934927903
2.405327686351264
2.328503478448176
2.240635385307514
2.14696024920533
2.053590022596896
1.967228363582606
1.894826234274816
1.843200906871342
1.818625803199158
1.826397312913051
1.87051225773787
1.954162302504443
2.08305867940874
2.274248029868772
2.35133754709366
2.326519654916928
2.329516375876332
2.328368771468747
2.32764506926921
2.325965357344685
2.323644999781397
2.320801715018201
2.317630489525305
2.314318267016719
2.310993950269608
2.307603314402391
2.303971225756025
2.301471444190075
2.300007441405041
2.297539385571017
2.302124796826801
2.302251789301018
2.307074657469131
2.31049843410565
2.31678192292641
2.307957147012651
2.340172048553917
2.425594740317388
2.457864478231121
2.433186956938735
2.34724824407452
2.203839434024794
2.015431571716735
1.797020138716593
1.560082903434779
1.310309663347702
1.048648000430587
0.7738097342213983
0.4848105259247703
0.1828345903998733
-0.1278540548945072
-0.4400158665922406
-0.7444347676186458
-1.031490425915603
-1.292814643187573
-1.522476725104189
-1.717249712919002
-1.875861597803913
-1.997683283523868
-2.081712545941119
-2.126516627233303
2.508756539301787
2.482714109380725
2.434000526585744
2.364357225595326
2.276708910204445
2.17528364430871
2.065627992555886
1.954494526022584
1.849601884684259
1.759293700925759
1.692146546492592
1.656605922843741
1.66080530667075
1.712911699473382
1.822528020082774
2.002956107735548
2.270073310691145
2.37449729713301
2.347231201749032
2.355106422165112
2.354159104724805
2.352476019434381
2.348502353487687
2.342759847232729
2.335544057860684
2.327307211086074
2.318479255366617
2.309448197568384
2.300606306416869
2.292591662978338
2.287295732728186
2.286689325320957
2.291659504759575
2.297527222838082
2.300548822682261
2.305715782586785
2.310063848320703
2.318877955403689
2.30536622642822
2.352986056719255
2.487098306486321
2.547316050989664
2.524340525180977
2.418590655897579
2.248850408370949
2.041480792656372
1.817312054194723
1.586358251947423
1.349259943192471
1.10119296903577
0.8356715396107702
0.547560011123268
0.2353068768662733
-0.09764371981998049
-0.4424912968167326
-0.785975996227584
-1.112484544946911
-1.406966503900051
-1.657941568267393
-1.859645156190594
-2.012378571241868
-2.120726483876389
-2.190495626056695
-2.226126554944358
2.484100963987922
2.456208679208303
2.4037947916869
2.328267488819925
2.232165494447679
2.119413599259617
1.995506956186436
1.867573638560932
1.744272240311303
1.635520925205171
1.552130160981407
1.505498701175307
1.507586824715045
1.571295430703332
1.710823663494573
1.940060071493326
2.265470331122608
2.374821311030314
2.339636078655793
2.348705800751932
2.347439186291648
2.345957819342998
2.34241642529892
2.337449466971057
2.331309974283577
2.324409865222381
2.317134525474075
2.309857047307205
2.302959805699207
2.29690905352928
2.292616580983921
2.290918309834587
2.292420259331468
2.295424289427348
2.298598264158076
2.304136583446261
2.309726890214283
2.322172141170144
2.303268327698731
2.367976694514657
2.563813236283675
2.646462337448431
2.599808180357165
2.449271576823065
2.24300766838262
2.020855618045074
1.802398087400926
1.590496366827444
1.378585727515482
1.156171389542757
0.9122030751969281
0.6375036670296977
0.3270503022854684
-0.01786857915622482
-0.388199558164524
-0.7671611894123229
-1.132303830208187
-1.459560455390382
-1.728617304189767
-1.928244694589323
-2.059519260170931
-2.134813907955437
-2.172105566306298
-2.187308612932879
2.460240605406485
2.431818253841821
2.3781123562902
2.299969198375705
2.199168681378807
2.078835996602649
1.943874558221274
1.80133667771549
1.66060280975003
1.533274832256715
1.432819350566461
1.374134579991563
1.373196804082808
1.446631396618444
1.6105249452691
1.877713974456895
2.254576989699132
2.379765856381084
2.339216717974394
2.350019286173163
2.348644558049926
2.347072179894846
2.343231651582525
2.337911967349461
2.331424412172068
2.32423715735052
2.316758348275541
2.309372511212151
2.302463630643147
2.296459209906592
2.291971863076075
2.289526973618836
2.289493921338363
2.291381379452141
2.294831332017758
2.301302160479043
2.309038098791496
2.327269616081658
2.303066994804194
2.397765587399295
2.673858793732588
2.743799271056649
2.624379445450111
2.406842208477634
2.170354118960457
1.951572413049199
1.756311008498721
1.576550181499757
1.399819334249296
1.212560705773415
1.001256045106083
0.753596789097295
0.4606117769637658
0.1197337060921781
-0.262025213641303
-0.666245088545467
-1.064125443223476
-1.421139561267526
-1.704917420816173
-1.894734646111939
-1.98957065419741
-2.010429502905271
-1.993277956210369
-1.973729383068773
2.43773700520847
2.410535449930993
2.358765386132446
2.282465230639517
2.182223327219591
2.059752655096796
1.918654612012593
1.765242659655526
1.609165559534766
1.463578143609673
1.344765706060148
1.2713299077816
1.263113714158559
1.33987479439219
1.519573993841498
1.816698260841983
2.242291312425737
2.385728343430547
2.339937298987496
2.352256233941306
2.350672524795698
2.348847307681496
2.344508327577112
2.3385972183983
2.331535634236142
2.323879773360941
2.316052411719014
2.30840689136691
2.301260606265355
2.294935303394749
2.2898384273771
2.286357601354236
2.284861520117226
2.285522312915851
2.288712861613034
2.296108747650681
2.307066361816314
2.334160093200514
2.310171123960147
2.486140726996036
2.830980739881084
2.78567250542808
2.539264825497736
2.266101418560107
2.033934866483499
1.84698995973319
1.69108286944029
1.551113380166378
1.41378277776874
1.266402943645158
1.095737266741503
0.8880158847729356
0.6306607666488352
0.3159508757315751
-0.05391155161542049
-0.462162956369378
-0.8761533678064294
-1.251716101784126
-1.543339774279511
-1.71780206138064
-1.767490708524626
-1.718447028567862
-1.626705350911238
-1.556957730683971
2.417367678958318
2.393556469531235
2.347733829965439
2.278848120581308
2.185801385742823
2.068214058132756
1.927599325015246
1.768721275232845
1.60075136722958
1.437845541599915
1.298862126035055
1.206146012450852
1.183639934029373
1.25487295286356
1.441393949119854
1.76205951796975
2.233384571948738
2.394138433303161
2.343419500742452
2.357077709574987
2.355139066233499
2.352765403648077
2.347523421567299
2.34050656292293
2.332344949501021
2.323750354703247
2.315160690519832
2.306868366096964
2.299089666824181
2.292019374769168
2.285904702800626
2.281035006519285
2.277784928370797
2.276678694703574
2.278689585614689
2.286172709865002
2.30075782722539
2.338713740385664
2.336976232103121
2.675621198033165
2.941706640363762
2.643470686822357
2.29705881711382
2.043480120934085
1.866601950209599
1.733147381655324
1.621980807534393
1.520649620377009
1.420102246613133
1.311493545587942
1.184349148269047
1.025875626448008
0.8218639307870269
0.5599855934818516
0.2358832661528857
-0.1392829011727063
-0.5339389752288832
-0.8989901266644533
-1.179876012802666
-1.333206328927621
-1.342304231771521
-1.229085708312347
-1.059697567094044
-0.9296678187142977
2.400486761732675
2.382639505535866
2.347475666100428
2.292441634765948
2.214148087080263
2.109469006030257
1.977192446252714
1.819797329916234
1.645013933979181
1.466911615661711
1.306098802583569
1.188554010415091
1.14310747924845
1.198561431547382
1.381878926481468
1.717822803486539
2.228855262814256
2.405031067335321
2.34993430278086
2.364631809833008
2.362126287569308
2.358820154306576
2.352177784376562
2.343416311840879
2.333557332710572
2.32358560602355
2.313931520303065
2.304763136445895
2.296134782364182
2.288063604754586
2.280610870583255
2.273915746543623
2.268246293627614
2.264181510313676
2.262961453206923
2.267089788303055
2.279875427330179
2.316474954460809
2.351237539384634
2.765789836780866
2.651575824913236
2.202895976175482
1.956424786970044
1.818280799653125
1.718836235267953
1.636119309931802
1.561519255753865
1.490025435148944
1.417966706664507
1.341210768497482
1.25371741655706
1.146638727761931
1.008276840437773
0.8259083826514607
0.590763681989999
0.3061763327421333
-0.004602034417123983
-0.2984937191697324
-0.5249316452633359
-0.6429809404877009
-0.6328676983595055
-0.5036112917068758
-0.3030792281679722
-0.1291146214532936
2.389511650647639
2.380626312514498
2.361425319635281
2.327089348504702
2.271142212202094
2.18727578949039
2.071416926291409
1.923447389633782
1.74873509219146
1.559707978452486
1.377072720344658
1.229656779118727
1.151990811304969
1.180154393220319
1.348310754043185
1.68809064489935
2.229384826540066
2.41858764442796
2.360076879996642
2.375470530411874
2.37217871840318
2.367462215785874
2.358773843445141
2.347349204354421
2.334977858695718
2.323151041451938
2.312211237992719
2.302071985205913
2.292532765537886
2.283355613913051
2.274354004087364
2.265407664874677
2.256430487864407
2.247576999126043
2.239485936462591
2.232405674488589
2.226276232756619
2.223394433214937
2.247952362919113
2.094085632776563
1.740044855511298
1.724508083269168
1.732826697431949
1.686525562032461
1.628466960019052
1.572706803668845
1.518148574520304
1.463175117735722
1.407416340273669
1.350432362086747
1.291032380800543
1.227013949865809
1.155096270578861
1.071377673729057
0.9728259634759281
0.8595887795547515
0.7384036876793446
0.6245742023040844
0.5370166085136794
0.4887309216196832
0.4856153965944928
0.5257002131850268
0.6142550120865644
0.721474781017544
2.38860931141858
2.392187588373687
2.394659850158388
2.387453214454256
2.360088376506498
2.303251336665192
2.210683169765201
2.080010319080143
1.913757722536257
1.721166485555872
1.520550483414001
1.341161917333729
1.222675915421706
1.210619978207015
1.349343662378033
1.678509997470246
2.236434855073929
2.43492654529253
2.374479429455823
2.390205035122206
2.385945928925418
2.379253198266107
2.367700307148677
2.352212662611357
2.336144121805291
2.321972823467306
2.309717155385841
2.298757034904235
2.288503091214049
2.278382470168402
2.267929474420399
2.256732520722698
2.244233810498431
2.23015203717312
2.21482919273388
2.196165557113382
2.170899044086411
2.130056624296365
2.072716456413569
1.870801576641881
1.757495152724015
1.726999141951235
1.700680678131569
1.65717969958015
1.609076448723133
1.559062995903451
1.507801842770148
1.455645435497721
1.40294648753623
1.349978300477158
1.296954741730332
1.244067336436403
1.191537350106416
1.13958694618771
1.088569184417906
1.038584753740133
0.9903060319261894
0.9472009427339874
0.9145621349035623
0.8925664665511597
0.8826183571147402
0.8842636493305867
0.905645200430082
0.9455900350750439
2.404817836572084
2.424930273911118
2.454572532621153
2.478916153555948
2.483163220813847
2.45634160635537
2.391306704383095
2.284170275146835
2.134957085941824
1.949203123148975
1.740391205582094
1.533632866027032
1.369429713003878
1.302974258530511
1.394473918950723
1.696104086622361
2.252932044430553
2.454167233380992
2.393853810254548
2.40961764845673
2.404336347768738
2.395038461766303
2.379614232942131
2.357748449468719
2.336114190868334
2.319174793832965
2.30595686223105
2.294711453842848
2.284281457445647
2.273703053021036
2.262267897234313
2.249324140136099
2.233746230174494
2.215253594702193
2.195612154880699
2.171896732119491
2.141928125766864
2.099436876431292
2.046642109972107
1.93929431158394
1.843914848692102
1.781606254799759
1.728764435449182
1.674627698869644
1.620689719345174
1.566808615614166
1.512893186075948
1.458756345450933
1.404250796607569
1.349178642268859
1.293221784038356
1.235897245609118
1.176598356243166
1.114571954932072
1.049362295441534
0.9803448867492145
0.9088012064701366
0.8425793610589192
0.7936199059794248
0.7627798667811906
0.7529920555406958
0.763322081657801
0.7960481387502808
0.8422808609501148
2.450213779680611
2.491041326080671
2.550953777157414
2.606361857020424
2.640324206941052
2.642581496840202
2.605760841525184
2.524956619533391
2.3991124713635
2.231595155950687
2.030568870400166
1.811990547720754
1.607540312529711
1.47439250015011
1.493680666672053
1.745368389095949
2.282382493245768
2.47638549296096
2.418836392404491
2.434756691426047
2.428777267523144
2.416346625126259
2.396001746957883
2.363663486288179
2.333146745115361
2.313243323408048
2.300219787863773
2.289819627857615
2.280145745633091
2.269855063500229
2.258127918010937
2.244131009244926
2.225554548623607
2.202346023614079
2.179815435157599
2.152854298073258
2.119640426776218
2.074614767522867
2.018520732716134
1.932085241930432
1.850807148986576
1.78790640853392
1.731426300489195
1.67580614224278
1.621108792362972
1.566864789458219
1.512844213319334
1.458842148681492
1.404738440475277
1.35042882814708
1.295775170044759
1.240551236983108
1.184449080289297
1.126747565972343
1.066609475639229
1.000502100067968
0.9260463656053006
0.8544171592797307
0.805339617306431
0.7734792514839784
0.7617116034934546
0.7687521293294467
0.796562975819078
0.8425130986566185
2.546563129690324
2.609190244226868
2.693869964999404
2.771269852465287
2.828239757216919
2.855384566736427
2.843296046204463
2.786574282478288
2.6856706338042
2.544961354466603
2.369928414039243
2.166467021636609
1.946996242661718
1.749510460322448
1.663223845667189
1.820661924198766
2.318674808319821
2.500411301299878
2.449278634313982
2.466521779044542
2.460805766252034
2.444862115982295
2.418749425452522
2.368322270493379
2.322989368514786
2.301003297002568
2.291201467947574
2.283789393112527
2.276299658167567
2.267416316713698
2.256630309015414
2.242981609227334
2.221243020590288
2.191865210580665
2.168658071979727
2.141438036270667
2.109176023626405
2.06617512405351
2.012552207955451
1.932649973377799
1.85583118645637
1.793558059444919
1.735582562309161
1.678559028081113
1.622902453375938
1.568118124354308
1.513847609525636
1.45982065936688
1.405909493860426
1.352051712422232
1.2982005864324
1.244282216576241
1.190269653680031
1.135526785972046
1.07894431826912
1.010571865417074
0.9196616383718073
0.8268370625114915
0.7719830412387386
0.735972115259596
0.7224785724396012
0.7292501034577994
0.7590872755610416
0.8104037108813522
2.735353316434885
2.804090796113091
2.886853915720616
2.968604662090399
3.040921388459478
3.085980817311886
3.089625958246258
3.049107009514513
2.969524483443103
2.858262955077675
2.72157303564218
2.561593845957521
2.373416100545091
2.153521559373554
1.945613122908711
1.916394663999138
2.319924260245572
2.520758647564314
2.485292306944228
2.507363719193546
2.505051342572966
2.487864444627989
2.459040864434221
2.37533930054931
2.302501814818661
2.279072067565604
2.278520476555248
2.278222326065201
2.274976739617654
2.267983902679766
2.258165339849988
2.245480904842673
2.218647826193213
2.178619359898219
2.158953827211721
2.13538663087844
2.108461945539696
2.071629507629383
2.02522243917089
1.940748361521238
1.861144819287084
1.801392042498106
1.74271088524365
1.683026129068772
1.625274721861725
1.569186127565686
1.514117764576299
1.459571456111103
1.405350676690631
1.351447473773222
1.297994997227662
1.245301680283421
1.194133435327868
1.144634713985523
1.096305779005421
1.025295049657033
0.9032876637188338
0.7711456101129938
0.7157774970524204
0.6786696306608175
0.6650281632826939
0.6715188825505263
0.7018690884885486
0.7579806056309385
3.09623276923057
3.095481889973252
3.117179443099826
3.18949129368893
3.27231962805494
3.321531912655201
3.324557504424613
3.288642597262039
3.224347534375802
3.139862414912796
3.041798229231904
2.935926172954289
2.820672781129208
2.667664587132796
2.418290722967433
2.113644950943614
2.219391174110816
2.519495523438867
2.526423340585481
2.557323496920656
2.559800029926754
2.53927115090432
2.501786846353582
2.321717137753343
2.239011691001016
2.241087755294719
2.261578242699957
2.265956517741115
2.264890701422346
2.262979046834665
2.266048879735208
2.275343582606613
2.250207363521128
2.170200303780301
2.153542263298471
2.134435999453394
2.114023313509684
2.083062102772224
2.037605986239031
1.894381220661094
1.791015740115594
1.756310145617113
1.718446176946163
1.669049398031418
1.618227902907837
1.567081761760505
1.515636824091597
1.464153113384751
1.413029065497433
1.362623492684127
1.313235994126998
1.265162898628593
1.219706168794335
1.181405838361846
1.165584674155635
1.128358450408465
0.9823931704122227
0.7140459253152048
0.6453553175489305
0.6025793910402614
0.5863393308547099
0.5909002445552668
0.6209889788486462
0.7104396500969344
3.761984360754207
3.470191479855721
3.365247664847405
3.43413787825625
3.512364007317119
3.537416524830427
3.519655743932477
3.478574989347328
3.424511387426394
3.361761515294842
3.293430100592999
3.226058905871166
3.174797866950274
3.149515265376283
3.07066200705153
2.685543128196189
2.197616102769023
2.531321632079926
2.596004333195725
2.632558090351892
2.648280252263051
2.654473643315145
2.692544576467177
2.533226934077958
2.010995909595555
2.06925411736502
2.217468710094486
2.284911713939113
2.30011870947241
2.294694691852506
2.295070178542681
2.305129030800707
2.178489572290251
2.101710847661231
2.128348064945711
2.133334148633422
2.134696510997756
2.136424327141382
2.147547535541545
2.04091319862304
1.882249821274365
1.842608003017911
1.786139866938763
1.701704957145707
1.628918236626864
1.567996575510517
1.510880876572992
1.454045224878283
1.397037737693729
1.340043066053744
1.282941746392274
1.226027281374529
1.177884527603689
1.174699340331286
1.266220927990135
1.267108910365937
0.6505129501781105
0.4492090244222621
0.4868444721570224
0.4852685562179721
0.4821366313352796
0.4863081535011687
0.4944555595327251
0.644095189096447
4.839621456370534
3.90974259761666
3.679310265083947
3.706266976093349
3.718827286505402
3.688552426688044
3.642496471254618
3.593974910567132
3.545263644462004
3.496095277234323
3.445934396700672
3.394688880151743
3.351375905423515
3.356279556986963
3.46693816837001
3.49819005994009
2.898675583824776
2.694292817469779
2.738854919100903
2.741415638006214
2.750700528201087
2.776187202464617
2.817500647565404
3.046266196649729
2.568034969097916
2.318365659742158
2.355305653369619
2.423354977053345
2.433528941229829
2.370896059433246
2.208803368463481
1.932709638200883
1.89482063021962
2.090877643707972
2.111900780241919
2.137390780678469
2.159552206721131
2.196447467187541
2.219335914047094
2.581933061713797
2.692096778345211
2.311254449327089
2.013310721218009
1.815424063654643
1.680243163852094
1.578523905099594
1.490276979440554
1.404313724718856
1.315358178409466
1.221211836726468
1.122031943712575
1.022335270323017
0.9331519528760375
0.8537301077940987
0.6894526925726567
0.2058972352262107
-0.1891924342488533
0.2767385344281099
0.3244393545960399
0.3587083058822815
0.3495228335876704
0.3072937721645724
0.1871285994137199
-0.01777300106200306
4.279669262348585
3.991294578926101
3.892311032229032
3.8296944522833
3.773989325198865
3.719388441194237
3.667201552233977
3.617250897737797
3.568930584429184
3.521856018528647
3.475915821016479
3.431167564860013
3.388808351238965
3.353752573917364
3.341969872393573
3.31305311721728
3.163996656235585
2.930200758382788
2.874893102948608
2.839930608985548
2.830231464909426
2.850110920346401
2.830328196996891
3.102521125137376
3.281315518095194
3.051117706116963
2.866589787430136
2.745776394284671
2.612041363807984
2.415023053580866
2.146223344410219
1.898328296970574
1.963093887531183
2.105484400503446
2.116151913248526
2.142097528543341
2.164715889998303
2.201635787314803
2.207784075020824
2.476136999683865
2.718951366045022
2.515815801821249
2.210862949579857
1.951706712582614
1.75478984601478
1.599387563241206
1.463051609152724
1.329269582538448
1.187339445072899
1.031015993967177
0.8577113545831789
0.6667301964246487
0.4508369300815401
0.1787136378166314
-0.1916165440337473
-0.5341619108670824
-0.1640378513314632
0.2866218138440744
0.262520990175984
0.2996873971777611
0.2939727701964914
0.2674774668204862
0.2067636204662919
0.1179559805843465
3.983129420703406
3.88984518846572
3.838162768205618
3.790072036720541
3.74622164211536
3.700473221757036
3.65327048828216
3.605362346393073
3.557238726590925
3.509155469981498
3.461371136813478
3.414317338382685
3.369000238687132
3.326115011174308
3.285383794941855
3.223826639093976
3.104867506876283
2.984294191242698
2.934006424778676
2.899999417863941
2.884745816992706
2.901598697290462
2.83842838857127
3.11329826644113
3.69047110932224
3.686224274505847
3.445642071545286
3.150009153956547
2.841440411432261
2.522836618581579
2.227821011912936
2.047863900690903
2.075254590142963
2.124298186801525
2.12936750115469
2.146538283960285
2.161985834364915
2.185219602497491
2.179010626719034
2.273220126377919
2.459674650360132
2.446621601206479
2.270305676975894
2.040374323183615
1.818587164959117
1.618146240782465
1.430184521524059
1.240436871270855
1.035760258142336
0.8058585612728494
0.5430851977386891
0.2411057164408171
-0.1046376096090393
-0.4800029868494042
-0.7910994624589417
-0.7739236952213996
-0.04010455252480578
0.3048340016915664
0.2323876557246772
0.2614950202615862
0.2511816757186163
0.2257422432172511
0.1749989973847035
0.1466285804347153
3.908231287223343
3.868474743996634
3.836477143468069
3.792870095059332
3.748889676643223
3.702556580031189
3.655064398512506
3.606998009841863
3.55869034804281
3.510265684629907
3.461769202310704
3.413199554943027
3.364627596257679
3.315631501531302
3.265073729064282
3.203462162980911
3.116606454668412
3.030764720804242
2.978930911617097
2.943559038331206
2.923704310591236
2.938587289178537
2.854968062340127
3.152723569919156
3.903258815168785
4.078723724157014
3.881089065962912
3.507186453944634
3.085216977303327
2.68852102933484
2.374700020076375
2.191072016180783
2.136634133730001
2.132936545959256
2.14017404430474
2.149527346061263
2.159095750583077
2.17156756409157
2.167991659565181
2.17755938261342
2.254210303343602
2.290229154281588
2.2140407389444
2.048152037937283
1.839148012052594
1.616215484623742
1.386672864878604
1.144744122132606
0.8796314368836504
0.5801585463084993
0.2377143426425944
-0.1486544284963713
-0.558305948440824
-0.920196960440382
-1.082191067183794
-0.8314784429791434
-0.004657104140949784
0.304148041587374
0.2170829728257842
0.2417690601963094
0.2307136046576174
0.2097800340085282
0.1678248664989234
0.1661318641755798
3.908098078374766
3.868360192521473
3.836362975227539
3.792739377511639
3.748723203478074
3.702326599586951
3.654728157935401
3.606486319246336
3.55788799776874
3.508983506063093
3.459703370145709
3.409868308619376
3.359203037552087
3.307032895755293
3.252361054113102
3.191695265145057
3.120946191586709
3.053268968281399
3.004974693676614
2.971392699932538
2.950196941022448
2.963437291327281
2.872159119144462
3.189640207754977
3.992629266879807
4.247052136948374
4.100215926393918
3.727089026698389
3.275573843137645
2.847899482909326
2.506723159871017
2.279001998770324
2.159666317793549
2.136659945076535
2.147092519187022
2.15136181486692
2.157324427369049
2.163542285274871
2.164567874819543
2.153257019845802
2.153669338290003
2.159510004887045
2.11212115509094
1.990153561856954
1.805965886938024
1.580403478769335
1.326462315776186
1.046404865160389
0.735486376559585
0.3872093526730619
-0.0004450051413929849
-0.4152385691867543
-0.8148974380143388
-1.109801913035144
-1.162602094265228
-0.8266017403871673
-0.007454664646625913
0.2965555920506001
0.2077078291670114
0.2288059210379693
0.2178727302579524
0.2004996303017
0.1653945325795206
0.1745596701890302
3.982927503196995
3.889773393836379
3.838226086950346
3.79025077901478
3.746502017077128
3.70081763028225
3.653589238955355
3.605464216277292
3.556741639426878
3.507362037500108
3.457069494742265
3.405431435570123
3.351865720782131
3.295608110194294
3.236018225121949
3.172303888280902
3.104700980046993
3.041477224540653
2.992458812397904
2.95845606835987
2.937226402011083
2.950241075804046
2.871210716938325
3.225699340079998
3.976772362197446
4.214249078092744
4.098283837610166
3.773654166546483
3.359758199314311
2.946442628659606
2.591538948815325
2.325867337013629
2.169098843827044
2.138528697350885
2.150681180092988
2.152368016695458
2.15657068116187
2.159840065232844
2.163460985172659
2.148980412290713
2.110928734975773
2.072969612859226
2.010338689011824
1.898836465606605
1.730488342570532
1.510833632447029
1.24885768164242
0.9504355797975138
0.6177677160049799
0.2531285132332319
-0.1345864641454436
-0.5213715994833331
-0.8599908471681261
-1.077336285614751
-1.080735555139159
-0.766510927654255
-0.02541438317649797
0.3030493105592436
0.2295071060063448
0.2503650773330381
0.2419237558982987
0.2274125017149368
0.1958646557975944
0.18992440345022
4.278553567278317
3.990185578112341
3.890983876395381
3.827938802828789
3.771611533167499
3.716168317539279
3.662876979166993
3.61149672650919
3.561318719624977
3.511822441159032
3.462762045053493
3.414045833668668
3.365669002328312
3.317644599952749
3.270052958780418
3.222747856751122
3.175770847687007
3.132745543027801
3.097982322714853
3.071877834365255
3.050871880635306
3.04795017577458
2.966455083179515
3.237323431032893
3.802202083702511
3.974996798482301
3.896833090116521
3.655681331052285
3.323799735969401
2.964586670488769
2.628172699923882
2.353616747240273
2.181177384933731
2.14041068480352
2.152681959654837
2.153366648542627
2.155774915800986
2.157586901265642
2.162202218726967
2.143269016142904
2.084492339350325
2.011519610203245
1.920656491386696
1.798243653058689
1.632281461705653
1.418814004136485
1.160772963649689
0.8643144893523652
0.5372029145050967
0.1905378379828612
-0.1572374042371775
-0.4765346230793789
-0.7264654541355093
-0.860437512333675
-0.8326485003667567
-0.5898344063207108
-0.03366658048540087
0.2160672779803605
0.1400925051440961
0.1421722930723221
0.1292669883570125
0.118857166643867
0.1071402130276494
0.1127119741854458
4.839959607659955
3.910648327064518
3.680892017643606
3.708659673736811
3.722264742891488
3.693291865295079
3.648771919754676
3.601862831207207
3.554421715286305
3.505505785036807
3.453896774479425
3.397799604960797
3.334372726708011
3.260004008151326
3.171676123522192
3.06916437355539
2.958354389919332
2.853849460545304
2.772894679221326
2.724358021249959
2.696335543569741
2.667875533528461
2.647994976851721
2.894437920859728
3.359939810780971
3.538487051001522
3.541908661445506
3.410666070142977
3.184920841903501
2.908993028226496
2.626051402196877
2.377256974444195
2.206833480770059
2.143091754773555
2.141817860243874
2.149973112156083
2.158631524765259
2.165472778451794
2.163756629403946
2.129740559110835
2.053291874082613
1.955227710569925
1.838765376580002
1.69910676262945
1.527912451205025
1.319428302445471
1.073636862999725
0.7964034579577628
0.4989081988480715
0.1979428341394101
-0.08324369132864363
-0.3153085011948988
-0.4661802044266722
-0.5073859659356095
-0.4198493778557068
-0.1872183010476592
0.2695466862337887
0.5025361182733671
0.49001642557869
0.4756297192616553
0.4725933829927506
0.4879937155044454
0.5154673918009989
0.3740762833632542
3.768344286224015
3.4794508923036
3.379737216643993
3.456049988326965
3.543900687605317
3.580773552546644
3.576818952480703
3.550836256980469
3.511583205495115
3.460298208409193
3.394155013204176
3.307040742168216
3.189633384765608
3.030981948435854
2.823171725197922
2.569162190017567
2.290348699682954
2.02601517917151
1.81951275052391
1.698548921902234
1.663925406116491
1.706963234285698
1.858978962117994
2.187000460430652
2.660031456461041
2.966084288544442
3.094390704813129
3.084156863310045
2.972842561283369
2.796631558982922
2.592610844950214
2.397778496686396
2.245950320689083
2.165725456771033
2.143790550400895
2.150558463826146
2.164218580481038
2.170175514829964
2.154307069566256
2.102331266654643
2.010134983917381
1.893877526248601
1.758734755118876
1.604443814968056
1.427666769762951
1.225381010318507
0.9983002768479737
0.7528768261544649
0.5018457176026638
0.2638594040369251
0.06229916632475297
-0.07708974486404134
-0.1295168456337928
-0.07345654395580645
0.1113384272263327
0.4465727553966718
0.9143881887345211
1.243677908786622
1.418814423131769
1.513815412770549
1.571685105175689
1.599733179274339
1.585318312918003
1.506005992491502
3.110102628777025
3.116171585172722
3.150585206434531
3.241193090983836
3.347557085258317
3.425046548768522
3.460147643083591
3.458285937970076
3.426682359010003
3.367691850723728
3.278362203754457
3.15145969295328
2.977116030136467
2.74615771701293
2.455914842808586
2.117380063645455
1.759655622420047
1.426495470524471
1.164055964632939
1.006539557149317
0.9706573936548033
1.064076727304471
1.293507869171134
1.6403611381378
2.044008088980866
2.389581719017619
2.614712217119955
2.716897675743277
2.717822315172588
2.645837197378571
2.531499461040399
2.405329069515429
2.294514221416099
2.218879647031406
2.181683148236556
2.171359771788699
2.169279061586666
2.157500756893931
2.121592103183112
2.053244415971113
1.952118996095082
1.825093722008631
1.678311409789404
1.515133403670001
1.336826302298959
1.144470315768999
0.9414568979910337
0.7355604041771793
0.5398070854575282
0.3719391432366975
0.252669055599807
0.2032452009162913
0.243252975474919
0.3893100690046552
0.6522539301017708
1.02374732111325
1.447507640050199
1.82697236976451
2.11750429594
2.314821729237036
2.437200666732282
2.497323080989228
2.506362892989633
2.493085360711066
2.756440502186581
2.837207429316591
2.942471689676106
3.056555063373814
3.17008978928803
3.263846001168337
3.321483755812155
3.336832411581854
3.309766655528655
3.240201598701439
3.125217211236215
2.959177064849329
2.735864650437693
2.452257258919907
2.113403032083128
1.736749915187722
1.353264993113661
1.003420911936025
0.7290156432403824
0.5646963021658048
0.5329553056121178
0.6412363697718402
0.875808234119911
1.196644198564969
1.551186872913848
1.890129222782007
2.16458881879596
2.350540763333168
2.448854554252148
2.474610208232543
2.449003674251193
2.394566972664765
2.331635599647165
2.275362421736428
2.233722582644062
2.204943799773627
2.178735485948868
2.141877858761814
2.08361136340215
1.998652781825514
1.886979384492548
1.751870749769705
1.598552856645879
1.432279190068097
1.257755972847503
1.079805560422869
0.9047301805675192
0.7416580650271175
0.6031484774863464
0.5046798787740737
0.4631576018565927
0.4949464823070384
0.6137843214239911
0.8278719002675516
1.134129347283034
1.510079464464221
1.914595897889386
2.308965086459493
2.653651366000516
2.921319065632961
3.10662541002155
3.218869899455866
3.276912531858369
3.30359025702014
2.57296434387246
2.653790770901283
2.77246230896563
2.89848352362977
3.016872534880394
3.115546134478511
3.181276844032405
3.20341855276754
3.175581052093051
3.093945540591416
2.955304705636181
2.756798587042053
2.49752826315305
2.181382450407879
1.819994769466413
1.434457365707922
1.054608687252609
0.7156645714823666
0.4531147992937699
0.297135564947498
0.2669015943969077
0.3645216114013289
0.5710675526643316
0.8514363815927934
1.167928860729415
1.488803939718795
1.781503833592459
2.020084009867659
2.192708362656345
2.300864274657101
2.354462030347967
2.367052525759665
2.352355292821899
2.322043200917304
2.284410806454575
2.242417767953513
2.193273148712507
2.1309351344785
2.049803792421304
1.94707675890597
1.822967050884142
1.680024980639868
1.522935246396666
1.357776472078123
1.191368009460452
1.031173747582261
0.8856847089918198
0.7649021208674676
0.6804671164763824
0.6451432224186977
0.6716441676504095
0.7709426341143985
0.9500016545586393
1.208658530265553
1.536313071368706
1.911763406279667
2.309629618084745
2.706198080727306
3.072739212284386
3.382118559604457
3.619502031385593
3.785365422396616
3.890099143895497
3.943923761502446
2.478633159525417
2.544506352947269
2.65109706458356
2.772945328871727
2.890118281926812
2.98805256709635
3.053603138599698
3.074590502198085
3.041322217046443
2.947349723993393
2.78935895465593
2.567287208568833
2.285221452066074
1.952761006501696
1.58604758954483
1.207696060166347
0.8453047062669756
0.5287627462624576
0.2867506031832719
0.1425629905339399
0.1093428554281307
0.1859898849786322
0.3568377967627692
0.5971083561192366
0.8804029621206527
1.182211838469302
1.478513130908448
1.746777452046917
1.97041493635503
2.141405259551844
2.259445459818174
2.32935639203584
2.358524632761042
2.355017563209546
2.326154941335979
2.277169592453477
2.210480664446655
2.126245159193932
2.023875141224175
1.903422801276506
1.766282027816494
1.615480059246349
1.455870047659463
1.29403794156633
1.137942706110129
0.9965458265020453
0.879556902049719
0.7972224695672422
0.7599833215101337
0.7778409503582534
0.8593471930608123
1.010180475190887
1.231357226415528
1.51753820920784
1.856694404090406
2.232395235952066
2.627217646304086
3.022874502888514
3.39818998923091
3.731382401477643
4.005841813265929
4.213849885400274
4.354489521268991
4.428521258053837
2.43097661196234
2.483435818988204
2.573251588962865
2.682859997760146
2.793037891592391
2.886546658976588
2.948146067024314
2.964196077059039
2.923463892400028
2.818403679013173
2.646093963579276
2.408796946024101
2.114338084822689
1.776238156082837
1.413305228763884
1.048473886673555
0.7069486777855932
0.4138772786898756
0.1916963789742119
0.05719506910477096
0.01869104872604976
0.07450428312208467
0.2140166020187727
0.4209436673335402
0.6765648055876751
0.9613695551414041
1.255580136834765
1.539486214895367
1.795377512622965
2.009996826682629
2.175725526949218
2.290227363263319
2.355282364853262
2.375439637672367
2.356704192181415
2.30535686785083
2.22701126314568
2.126136107118934
2.006171150901992
1.870066539864118
1.720984661921997
1.562970837130219
1.401448449866313
1.243453166992986
1.097521427453542
0.9732852245765852
0.8808941699748222
0.8303517109390959
0.8307922586752088
0.8896845154990117
1.011936262225277
1.198928212988213
1.447687665434915
1.750701817222176
2.096879652042664
2.473318602927137
2.866334135278288
3.260942526844508
3.640496986741276
3.987390083519733
4.285235210929281
4.521094232533723
4.685988807579115
4.774239137781674
2.407962743147592
2.451491013531211
2.528204044646318
2.625740174216451
2.727419898829024
2.815276070330003
2.87217449250207
2.882959376221118
2.835522257915932
2.722089962428423
2.540397556113949
2.294383617573347
1.994244988851024
1.655811019261587
1.299268316683445
0.9473657436503038
0.6233197312480566
0.3486441500173867
0.1410754355129581
0.01279589067030879
-0.03066978649165706
0.009540514798654755
0.1267033398238615
0.3099739775493704
0.5455361211469637
0.8174228078280317
1.108261671421662
1.399892732787634
1.674470750462314
1.916229657252916
2.113198530412834
2.258161170408493
2.348697782676663
2.386524815272349
2.376438039237286
2.325118043409809
2.239947315489536
2.128007398114928
1.995489541309046
1.847670682440526
1.689387057082113
1.525748832921917
1.362807549181127
1.20797806236478
1.070080246578859
0.9589647647584217
0.8847984858746221
0.8571467232368279
0.8839946575999257
0.9708281140952457
1.119882080473469
1.329693533412364
1.595143772613508
1.908123175935933
2.258639963145838
2.635751591993283
3.027745415846737
3.421810550759965
3.803841384329186
4.158443213715657
4.469481219228156
4.721335077984682
4.900547483327551
4.997447696784677
2.398354947663165
2.437282523984944
2.506912221279777
2.597195284488115
2.693197185983017
2.777095874082743
2.830828912754304
2.838276845042932
2.786840401011949
2.668763980641636
2.482270209238782
2.232216809541756
1.929976233387619
1.592459798361606
1.240438161535492
0.896436763404118
0.5825012700057334
0.3180930306319268
0.1183701474928444
-0.006858879098365955
-0.05329815929042449
-0.02156179383978716
0.083675575249128
0.2542647646311804
0.4789038144000416
0.7435496573278113
1.03206455413264
1.326979097424969
1.610446502989961
1.8656629746527
2.078617462073819
2.239582944222501
2.343828447676498
2.391438143577199
2.386458182342533
2.33567732299263
2.247286491128572
2.129636998336637
1.990357095860514
1.836046937874409
1.672569783435532
1.505722784556063
1.341968816696997
1.188951654701071
1.055614549990518
0.9518527626927324
0.8877496083721514
0.8725425081410156
0.9135145499369435
1.015018593568068
1.177841995123304
1.399103974671979
1.672775821852545
1.990661620284113
2.343381457569929
2.720883215195726
3.112421966248686
3.506316372486105
3.889642642127168
4.247909090879308
4.565054108756853
4.824334655803125
5.010245874531119
5.110878685582029
)
;

boundaryField
{
    inletLower
    {
        type            zeroGradient;
    }
    inletUpper
    {
        type            zeroGradient;
    }
    outletLower
    {
        type            fixedValue;
        value           uniform 0;
    }
    outletUpper
    {
        type            fixedValue;
        value           uniform 0;
    }
    sideWalls
    {
        type            zeroGradient;
    }
    topBottomWalls
    {
        type            zeroGradient;
    }
    frontAndBack
    {
        type            symmetry;
    }
}


// ************************************************************************* //
