/*--------------------------------*- C++ -*----------------------------------*\
| =========                 |                                                 |
| \\      /  F ield         | OpenFOAM: The Open Source CFD Toolbox           |
|  \\    /   O peration     | Version:  2506                                  |
|   \\  /    A nd           | Website:  www.openfoam.com                      |
|    \\/     M anipulation  |                                                 |
\*---------------------------------------------------------------------------*/
FoamFile
{
    version     2.0;
    format      ascii;
    arch        "LSB;label=32;scalar=64";
    class       volScalarField;
    location    "5000";
    object      p;
}
// * * * * * * * * * * * * * * * * * * * * * * * * * * * * * * * * * * * * * //

dimensions      [0 2 -2 0 0 0 0];

internalField   nonuniform List<scalar> 
4096
(
0.8244724966102099
0.9360886747416762
1.142667330519356
1.430906147784337
1.781781919611448
2.17297835444044
2.581599715343384
2.985994890917689
3.366687623125942
3.706997801046962
3.993619710184177
4.21700711483511
4.371369038894099
4.454270691306001
4.465995711223465
4.408853074085683
4.286545085402426
4.103634222020079
3.865112976330467
3.576110186014925
3.241846491404929
2.868043442911901
2.462036210604675
2.034761538515315
1.60349928982076
1.194663071382761
0.8451450718024077
0.6002122726930929
0.506619489338019
0.6017906315514909
0.9016730492438192
1.387194005890158
1.981840638920372
2.146555669374383
2.069973678666641
2.06760865754715
2.039149627017002
1.995698713182672
1.935458526770795
1.861764218756519
1.781985749961813
1.702554617631671
1.625988115478451
1.552094228838423
1.479429251430931
1.406082730754746
1.330554485566696
1.252528520493693
1.174281324145136
1.102000438871455
1.042776401854063
0.9998895483118785
0.9715440368557304
0.9693877121318645
0.8937761911119178
1.057389613279243
1.66732033951396
2.216945383445178
2.625625935850061
2.878402514296444
2.997830252947496
3.026473914685305
3.011827647374733
2.992965850679148
0.876224809816409
0.9899714549230689
1.198708860789487
1.4874543104974
1.836107697796519
2.222772653480794
2.62574213029351
3.024217449168057
3.398909124410531
3.732961299595074
4.012876013921674
4.229052666533877
4.375827823054023
4.451105401171429
4.455738265828086
4.392814758180401
4.266956007333954
4.083673946283809
3.848814949527471
3.568141486686791
3.247170092916806
2.89144068834571
2.507387929258663
2.103903171907775
1.694529546537744
1.300004116131789
0.9504370953837815
0.6856775047384348
0.5516744490063253
0.5912377270461198
0.8311676734576628
1.273238177550348
1.900413351502641
2.113399539420036
2.036752565553912
2.037211622611677
2.009299377583265
1.968353424043621
1.912401579151436
1.843828739416976
1.769489750901847
1.695023022749596
1.622236007199974
1.551032650749805
1.48063591743891
1.409902506336458
1.338016414085638
1.264808689907788
1.191892420010101
1.124722137579714
1.069833957908899
1.02952275605573
1.001659956190076
1.002105240666926
0.9234261383321969
1.137745484957043
1.791095847904262
2.290500629677541
2.628138532754309
2.812660626704096
2.877110938849503
2.868463262765622
2.832974366588092
2.805284025970442
0.9817970847397164
1.099006990883732
1.310932183295034
1.598493293178675
1.940460695466097
2.316804649087151
2.708091534845732
3.094627656943575
3.457251053934245
3.77891855550871
4.045954027037521
4.248667791375927
4.381505539055574
4.442854783503203
4.434547526016159
4.361118587862423
4.228928300054754
4.045257451212951
3.817466839766285
3.55233123699963
3.255696613430394
2.932595893084726
2.587855852735268
2.227110936666395
1.85814741028259
1.492719898467081
1.149257718377425
0.8565556478660306
0.6566938529195048
0.6027803596212262
0.748959590368861
1.142649786317033
1.840287945370039
2.098236604480026
2.014992485044389
2.020607632826806
1.993779494464382
1.954421660740478
1.900235469942501
1.831899752972646
1.75862360762152
1.687021502412592
1.617587115430607
1.54943025055221
1.481919295939389
1.414146272002574
1.345466217504458
1.275006502866813
1.203125635410692
1.136360732319159
1.083453285447845
1.044958763646015
1.018367362667147
1.024396523187516
0.9392185010423193
1.202986827027669
1.928571787240926
2.371122790686472
2.599138162321829
2.669749424633507
2.64333011998876
2.575854794929021
2.50915000544568
2.468391035776374
1.156586970515073
1.278173267648799
1.490929788950053
1.770165856396761
2.096491267318968
2.454200482914113
2.826096972765135
3.192900785561854
3.535627282604397
3.837577866255719
4.085225700521334
4.268691642845689
4.382226118185012
4.424537611824086
4.398642205169001
4.311104546070016
4.17081084994422
3.987537923928128
3.770588471835439
3.527753293636361
3.264828743671938
2.985755626469585
2.693197254926671
2.38922700391776
2.075900086874773
1.755930537547225
1.43455968583609
1.124726850696307
0.857276854923446
0.6931204462051502
0.7255938628925609
1.063372167766178
1.815060504903933
2.09607237505406
2.008884834583959
2.018872789645265
1.993985400036075
1.955301690401914
1.900548019767373
1.826074047875487
1.748314685734117
1.677761714465271
1.611806788950707
1.547254965865692
1.48331284180524
1.418998024280397
1.353530584653121
1.283882909253175
1.207419049231644
1.134820412808409
1.081681770893475
1.044092690402714
1.019502559618663
1.029863733192264
0.9407090189188061
1.230036976733358
2.007502529878718
2.383254456429818
2.480434998978114
2.41764769954721
2.292646163689565
2.167697758216529
2.073693391410363
2.022543992393574
1.428387447385485
1.551416877770944
1.753084555370431
2.008053589883438
2.305840884729645
2.634840870280108
2.977045934232434
3.312818014695962
3.624653676338614
3.897575310508746
4.118698495522291
4.277669885071409
4.367923213883003
4.387963672800923
4.341885318323788
4.238674098824167
4.090399854296185
3.909855169751111
3.708322923080072
3.494094819099026
3.272084159920047
3.044369987285847
2.81111690713341
2.571291998927989
2.322869522109973
2.062616074460505
1.786225912847269
1.491227074157816
1.188120084549717
0.9257611718354865
0.822611978573861
1.061855585260289
1.813442931754396
2.099933411981612
2.016205932664779
2.030914932985781
2.009034783958408
1.970296616398798
1.913244062460629
1.823158998407828
1.733398398586379
1.663705493005063
1.603519716900713
1.544201810310029
1.485181757554398
1.425856279084119
1.365669676015656
1.2963938246959
1.207596822808723
1.119860858329371
1.064981453309781
1.02762796761673
1.006036199261772
1.020668742747644
0.9353400919236321
1.228924883632359
1.997370141104293
2.262715084922083
2.210584931246219
2.028698184743968
1.835310483120869
1.679624752140853
1.574336310162876
1.519837603393391
1.845667343393201
1.949687753437726
2.106986128610938
2.314540598885523
2.572075022545183
2.861040652532464
3.158177484372842
3.446003403133485
3.711779129738063
3.943782080501136
4.13002140540812
4.259367135260782
4.32382946375256
4.320958205599459
4.255369628620807
4.138406283897049
3.985577622287729
3.812739162166213
3.632568417522395
3.452750503790789
3.276202362080633
3.10250919709684
2.929440535068256
2.753844578026658
2.571799291402986
2.378256306612457
2.16641810998715
1.927178566386948
1.651601434174129
1.348919023622259
1.101624109496107
1.140633135150372
1.797534587293925
2.104632899769563
2.037411078625575
2.059303282386728
2.04398462183433
2.00821957919578
1.952959651495988
1.831621269643086
1.71655694424002
1.646850077344712
1.59525422398043
1.541572792536073
1.487072267935388
1.433061570299283
1.380746359074342
1.310568402564938
1.195197235288302
1.076771255361565
1.024548871226457
0.9904831825586524
0.9752918478009149
0.9960378057818806
0.9275173446953018
1.232168552465392
1.889919213767132
1.949882930331515
1.748993822527057
1.510708785357178
1.312912023748246
1.166195034175187
1.067515034232066
1.01579799877342
2.492855951511088
2.497601437112874
2.547684535889167
2.693412128247396
2.905390146290438
3.136912676590379
3.364693099574779
3.58157594599824
3.782302162518865
3.958406129502109
4.098857000514636
4.192222324684796
4.229295600084222
4.206141434046249
4.126790665990029
4.003863329747543
3.855478979455554
3.699505093373181
3.548456755861534
3.407870366027185
3.277823560613428
3.155486523536727
3.037080816742919
2.918759559333717
2.796651695984613
2.666644394630828
2.52445735839729
2.365451196234584
2.180559790544282
1.946115314639433
1.637454135260737
1.370787905883153
1.704208981149619
2.093255272773337
2.071330232164684
2.102739981577768
2.094895073245776
2.05922445456619
1.995452640553117
1.761345075357981
1.62388450531221
1.5880455905908
1.570814106847695
1.533743482890132
1.492123809795833
1.4542636920012
1.435226151403129
1.397511807832822
1.257542066399565
1.029415147766941
0.9705992656154332
0.9370668471595656
0.9289516290997701
0.9573643737197308
0.9325251606427349
1.297923491272616
1.61729700456213
1.383070531711734
1.12454064221137
0.9405364169955778
0.8035286632397323
0.6942383063034699
0.611792909297468
0.5639222331986946
3.499401242990582
3.182671660606292
3.06757401981501
3.166769456374949
3.320698630568153
3.46076342313138
3.58699324487612
3.707552663632073
3.821679691194985
3.922663332408507
4.00157962484798
4.048975614530886
4.05644269281918
4.019247937070787
3.939529659864129
3.828133660630034
3.702315359629253
3.578390523234552
3.465852025487922
3.366934721603501
3.279434326901192
3.199594516940899
3.123798902103133
3.049128005455822
2.973230299815086
2.893966979637659
2.809563895512571
2.720792804706947
2.634594324725145
2.552442946381995
2.404231662636576
2.005659706656838
1.69996416183817
2.095340540272901
2.138211677858115
2.17687833115959
2.187980920321729
2.190178469426989
2.216588465903141
2.035483474536901
1.508274966284435
1.503716972826835
1.569760743936316
1.544940668714808
1.485654295537929
1.459586835885616
1.523132846390817
1.516013088975531
0.9851282469246692
0.806639584376546
0.8393752906022891
0.8433211530924343
0.8536428595856147
0.8879209405367112
0.9253961305439823
1.283519969569256
0.963235310877824
0.6140912129025956
0.5116988243530994
0.4623441145916322
0.3988753301781562
0.3286065545307129
0.2650910429167552
0.2171695493106423
4.949190186326737
3.983129887535009
3.738616129667825
3.773841394808954
3.809286150202539
3.814558536330061
3.813384580092387
3.814981676619345
3.817786226315706
3.81805443441304
3.812252697979121
3.797041996760608
3.769400367642902
3.727423855836289
3.671491486267801
3.604599365007965
3.533706516532778
3.464677775666566
3.400149212755693
3.340405608056626
3.284542557939531
3.231261906064043
3.17943983982072
3.128331840504437
3.077542425554395
3.026791721457131
2.975391357987349
2.922544549569487
2.874277160450075
2.862084468138318
2.934169449183747
2.9350515386035
2.422176230338223
2.249662764516144
2.28090701874634
2.287160900248306
2.29927287062478
2.335936342140826
2.378423198961657
2.761023790646298
2.413431247496446
1.974340095729861
1.767814731369577
1.607801739932149
1.440760599783433
1.282671895650334
1.07786393825673
0.6367100429861665
0.2741852368363253
0.6495800464570394
0.697797088966512
0.7348312524154714
0.7466129147558339
0.7503545106448644
0.7767471836392067
0.6098132131036369
0.1107184976795573
0.1252531253124237
0.2113325025637072
0.212072842957219
0.1722822710465096
0.1255630117694621
0.08458487524063248
0.03790869413362649
4.487437008298607
4.180309655624357
4.0750869565456
4.014771164698842
3.965444961678004
3.920837158288339
3.881142795579825
3.84502573834171
3.810758304558926
3.776855852648475
3.742162074396826
3.705744569969719
3.666875876209387
3.624933666669309
3.580037159073394
3.531548728798368
3.48213120071117
3.432933551509484
3.383980646048743
3.335248506128567
3.286825683392859
3.238718954722548
3.190944899352568
3.143550684230192
3.096637293644119
3.050363936830191
3.004918336488792
2.960488414826602
2.918083089315509
2.881601648724128
2.864833642305894
2.830373722990809
2.694091942705062
2.469100540319408
2.412091411077427
2.381739583046244
2.376763956592685
2.408179142292193
2.389582078968119
2.767934799563507
3.039861853478043
2.658107446931191
2.186678300122317
1.747340028572808
1.324985673258153
0.8935992091419382
0.4321845494805351
0.04869166738385704
0.2822747887251309
0.6432059475528278
0.6308943044491908
0.6614812285022098
0.6566572962493348
0.6261243813826882
0.569714036941679
0.3545503590306042
0.2332621450913056
0.2065034201154408
0.1967502922512918
0.1672138748661273
0.131247849380744
0.09304573878101648
0.05530725525048918
0.01597414091609452
4.140757722762262
4.034185791394337
3.977642753649543
3.935781822117303
3.905106418113728
3.878538211200064
3.854735444626201
3.832682914014817
3.811094154759524
3.788446547345151
3.76319304165307
3.733804858607626
3.698964909431908
3.657472277473899
3.609726427476364
3.554672644787661
3.498306180363531
3.443294672263678
3.389718198414802
3.337363197946645
3.28613365961714
3.235739052206561
3.185930854817289
3.136514463511418
3.087371640616755
3.038446360857337
2.989749237918938
2.941409816320976
2.894012690642264
2.847829670732915
2.802992784857488
2.739552640243212
2.629234522745063
2.514264903329801
2.465716602277029
2.435777737217763
2.424762175479805
2.448182124853688
2.387587934660729
2.686051637933012
3.256463417331021
3.099058804319839
2.563116620766696
1.896905125508293
1.207398146156799
0.5492716936266451
0.02358120039140168
-0.1393446185190658
0.3773952413957958
0.6494852635107566
0.5951843569980697
0.6166847881386872
0.6057463507990065
0.5763187210568528
0.5295613657625273
0.4219983242208544
0.3222555719315225
0.2672808674586717
0.2307077820995209
0.1922805771263924
0.1519029071568848
0.1100282919945805
0.06800305289511151
0.02471144476713187
4.05010610716926
4.004757227587031
3.972567372303674
3.938616175723217
3.90934281058434
3.882504843978148
3.857817199587288
3.834491102049799
3.811487983237889
3.787591253662063
3.761504948518796
3.731822552750568
3.69717857394655
3.655772998297793
3.60805355343583
3.549500780259605
3.491490359645699
3.437577578460259
3.385827622616571
3.335010178309646
3.28500681089416
3.235517797605316
3.18635615244994
3.137381198694493
3.088505946308631
3.039658924969637
2.99075853815051
2.941676526784902
2.892359051791597
2.842283586323804
2.790721056714876
2.728542975330685
2.642270055558678
2.555769824418057
2.505682039016883
2.473655066395395
2.457678693560013
2.475326309858946
2.400978205458009
2.679203955464051
3.3182456380023
3.283606936176044
2.770931188492312
2.000932529547955
1.152218753425339
0.3777970108849321
-0.1415446063082685
-0.1921530585926068
0.3904649721071797
0.6392479379357274
0.5707265632001834
0.5858453612761344
0.5697145662611806
0.5385766910605407
0.4913621447703688
0.4143158846489107
0.339003669688789
0.2840035289486744
0.2389674741866325
0.1953045332756372
0.1521069085455146
0.1089063252406843
0.06598250219468732
0.02306705163415799
4.001114569619009
3.974518671053722
3.950621132785773
3.922894227181266
3.897964918670467
3.874901912950588
3.8535148515217
3.833083053153116
3.812730373515398
3.791406470926693
3.767891884565894
3.740697130585174
3.708115392701967
3.667177783492521
3.618615944697772
3.549806370298376
3.485434221739735
3.431587260469549
3.381561389498586
3.331962027641068
3.282893334947129
3.234041659385019
3.185261700353464
3.136438503086825
3.087514759483191
3.038421048349827
2.98903151831865
2.939100131265687
2.888352574509964
2.836212529838217
2.782520038465751
2.722093899290392
2.644200455795508
2.568298615033029
2.52149750303802
2.491106643883039
2.47432635606098
2.489044778518238
2.413857787213725
2.685788354461385
3.303638729836453
3.299349083411717
2.825427751705202
2.05638392237968
1.177518901542487
0.3782143357465358
-0.1432053061612328
-0.1946176443696801
0.3696528974064334
0.6249409515352335
0.5539496172367658
0.5651099427677297
0.5472553285780433
0.5175308586219374
0.474052691588647
0.4133147655902464
0.3508561556432935
0.2964939681295926
0.247548937369324
0.2008118218168932
0.1554637817317162
0.1108229035886443
0.06682472738995135
0.02298613910605364
3.992006731758925
3.960769903639187
3.935771223161613
3.909961932454135
3.887769464836326
3.867870761739553
3.849674093581302
3.832366825215211
3.815176162331571
3.797251565690531
3.777565532565318
3.754744506979855
3.726883337709208
3.689773257519196
3.645095121224315
3.557417566919987
3.481850926749463
3.428540467997151
3.380765369356425
3.331688903324297
3.282909094446833
3.234232414941701
3.185497837915564
3.136550660953389
3.087320071231208
3.03769306033786
2.987416412707836
2.936015625807032
2.88305352463499
2.828440305592372
2.774659291083651
2.71713027537267
2.636289404295953
2.558391366528344
2.517762889133236
2.491321866556327
2.476594407557364
2.489701063374431
2.421130097040132
2.668134092191941
3.216575406379047
3.209043742503425
2.784280615337812
2.086108174536608
1.273880722328258
0.5169662398525067
-0.01204913544396233
-0.1343221978670862
0.3426104998547211
0.6260686437144913
0.568144774551479
0.5777970110170694
0.5596581855503592
0.5296130795754914
0.4858637170576929
0.429273304045476
0.3690719025263409
0.3118924742856556
0.2584011638391154
0.2078481624683422
0.1596998498431366
0.1131846762647538
0.068211975861453
0.0233671195458159
4.022766387331159
3.948666376895678
3.915156373756624
3.891275247023413
3.873285089931535
3.858015502647393
3.844246385251497
3.831144604465423
3.818148160634683
3.80469812515639
3.790014682859153
3.772798283094879
3.750247002414605
3.715636083244516
3.666858533733035
3.496991132253501
3.406242851099956
3.379572768756308
3.354026085602849
3.314581226282276
3.271471656957184
3.22660498328518
3.180491535766624
3.133506632736256
3.086032174913465
3.038390205544758
2.990848594738817
2.943495473666057
2.8963479923668
2.850700037584636
2.816214436046796
2.779611339024309
2.670506800475559
2.542963800540598
2.50261487149912
2.47927182050331
2.467543662672787
2.479248619182387
2.422423940197999
2.624911939698677
3.068892570081855
3.05372575516486
2.694687682863804
2.109215657115577
1.42329664110435
0.7670341291463652
0.2680102706877526
0.06383451301264703
0.34977164214322
0.5440519403834331
0.4850675173140112
0.4809435864337095
0.4622688164827304
0.4384792717805243
0.4067384968253883
0.3674823158344883
0.3248502586627594
0.2818081763563689
0.2386661041313131
0.1952727698715735
0.1516794737160312
0.1077619241045364
0.06478129408025192
0.02086058599211745
4.208993947352234
3.984512947529688
3.912523541543054
3.879168041983906
3.860926169809243
3.848712774829903
3.83895405385711
3.830178787960673
3.821894988378308
3.814033885563505
3.806732520437636
3.800485471092278
3.795237251854592
3.794124335845073
3.813536914052799
3.68850603550529
3.425516854129532
3.40466770551966
3.393929065392008
3.344544321869526
3.290966118562702
3.240641912442794
3.191044071103685
3.140831667319707
3.09009315732104
3.038927239033168
2.986377311339873
2.928629049693646
2.859493281256097
2.784631786643176
2.744563306743101
2.707615292551076
2.537446654171776
2.43993604651557
2.446465603585523
2.446510066137548
2.445886405575715
2.459277601829893
2.418020055121328
2.566721865413713
2.889337004249787
2.869675861634946
2.588676278598967
2.135190807722097
1.604946097686307
1.09554894968733
0.6998283712742277
0.5120161892159374
0.6989450679403577
0.8336254989857342
0.8081539888207915
0.7860340915778923
0.7644933023062183
0.7236782157400444
0.6533037766106168
0.5612290590650276
0.4629401826714332
0.3713979190436879
0.2921820464556028
0.2251598500946885
0.1672536783366619
0.1153209445547233
0.07152939147138113
0.02761995954906672
3.465633936454478
3.704092694719485
3.781935159926091
3.814005738481544
3.82672222747244
3.830391865787521
3.829823877137413
3.827403674886543
3.824523936663562
3.82232432729498
3.822116099408463
3.826401431652261
3.838110578441261
3.871667232994552
3.89661920035214
4.279666548368024
4.257572362734161
3.85805507470642
3.615534018348024
3.476146790202972
3.380173144998176
3.30294391113188
3.233702023001251
3.167477166149323
3.101701985792162
3.033679672386325
2.958353382560208
2.866212790586565
2.743016896084541
2.571575509533918
2.327531931075964
2.013308852831243
2.060137261209866
2.354761257515741
2.379310928386925
2.40793990417312
2.420263481390985
2.43596798601296
2.410435060918799
2.506941135837673
2.712667473370737
2.6913917382193
2.490125015978771
2.169820480630116
1.800966694797875
1.460070747198908
1.229090146405526
1.192657506028975
1.384588320615534
1.550292404206094
1.638295155932214
1.668465556017161
1.643629038219949
1.545643723259434
1.371672575093028
1.145006890458682
0.9036304799332947
0.6823394728418273
0.500445019678965
0.3608454286084884
0.2564878893912246
0.17815690184788
0.1200608251258139
0.08179768735574712
3.664211238353563
3.748274366508368
3.785476826322958
3.806050224162783
3.817041717682365
3.822556564091575
3.8249672600514
3.825831531485492
3.826331541961645
3.827615155918645
3.830968994064008
3.838708647223814
3.852376234181468
3.887297510344396
3.882271344591825
4.193571890600007
4.475617768820879
4.229232707367832
3.917641735729142
3.682515985637724
3.517512668843723
3.393703610473208
3.291160992111942
3.198588465461139
3.108831045305712
3.015371965102637
2.909854293097579
2.780675412140443
2.613518659292082
2.397013814090455
2.147182691294517
1.976370026863987
2.139791966789765
2.355645190008191
2.364519164341487
2.391982798817514
2.404279901524147
2.417154569372483
2.403150461248006
2.456794836615613
2.567116514007388
2.545885919814717
2.416470125350811
2.217442500580873
1.998711713273903
1.81722046012207
1.729408919574502
1.770080231488162
1.913431146130201
2.074333613109937
2.197018989616081
2.248037549409967
2.212741457919282
2.083150411704032
1.865859021784045
1.587072578591457
1.28568108323692
0.9995192798237659
0.7539940925147552
0.5587155487394254
0.4114373489958705
0.3049590772163592
0.2331955524822305
0.1948226864886597
3.71611746196807
3.752262711972044
3.77708266349046
3.79563679550125
3.80787293497258
3.815721454351668
3.82070220949746
3.824087727877868
3.82695174016586
3.830325592767206
3.835195860647985
3.843128623627458
3.853774918052584
3.878765494462249
3.85645367455069
4.015912169380915
4.337424392908468
4.319246080211451
4.113544344413545
3.874210286192344
3.666141802687146
3.49685481292648
3.355655023301874
3.230464496508222
3.111163435075665
2.98871371891846
2.854113888573743
2.699084871083095
2.520693799354264
2.333530638345471
2.189142042991498
2.173484668192359
2.306010613490221
2.37420081012363
2.37011034884618
2.386135685610478
2.394090457545571
2.402626923802599
2.39611757943605
2.420286442695839
2.465572062487488
2.446708730175586
2.376064786739567
2.27679776112243
2.180486002728559
2.121353230538747
2.125681277346542
2.197598652144684
2.314679724203646
2.447325389531002
2.554881577458767
2.597897028899607
2.552799387742838
2.413494003531733
2.189883758531591
1.906003263882996
1.594755844047542
1.289446627767311
1.0158798861474
0.7885170932574609
0.6115028807056422
0.4827371053631804
0.3983015039662799
0.3550793305220299
3.743763440849067
3.763423992839529
3.779771077884895
3.793905179652463
3.804634189009059
3.812583124337181
3.818446709421075
3.823017986638049
3.827077411604431
3.831404359336897
3.836653965451554
3.843776441828519
3.851609168404936
3.868263213201323
3.847199265674242
3.927055643162473
4.170174637636344
4.250573391767784
4.164436994145108
3.984263333802408
3.780108577464551
3.587596090576685
3.415180492163247
3.258679045782765
3.110146135470385
2.961595185337034
2.807026215522074
2.645519362316129
2.486811640132601
2.357362973304525
2.296158367633784
2.321350637484519
2.374493311259012
2.37682739648624
2.373899875952319
2.381771667414507
2.386371967589514
2.391379064473929
2.389184739551438
2.396374448498984
2.405809004102737
2.392732392723048
2.366389623893612
2.339983549547586
2.329425340838179
2.348755913178167
2.403715939624239
2.488221552217818
2.588667087285653
2.689148312865068
2.764347085481985
2.785276646346659
2.730967376655406
2.595135209104543
2.385856563901833
2.122198275798747
1.829701575196627
1.535165279500159
1.261722373882979
1.025630824757443
0.8356058438479513
0.6943183411826059
0.6008098656083134
0.5526602708761509
3.761890298824247
3.772265679660068
3.782960907123643
3.793774466400571
3.803089529664867
3.810757002458897
3.816950402289086
3.822111468670645
3.826779224557358
3.831519678032612
3.836751905835798
3.843022228285055
3.849070292930746
3.860352162998168
3.844771280608741
3.895659718962091
4.059040930797892
4.143827231977508
4.120366161651253
4.002952153271226
3.831538582390318
3.642386061476342
3.45566419698933
3.277627295792763
3.10710844762057
2.941119420281413
2.779089620013634
2.626498178310515
2.497159735515766
2.41032097406835
2.377475323651354
2.382941721728844
2.383144548256447
2.373440781501707
2.373710529405484
2.377194490924139
2.379795595593099
2.382480571874314
2.382369408049166
2.381753982088927
2.376958409227757
2.372613970655361
2.376968402218897
2.396792301003175
2.436830100911193
2.497997545929747
2.575948858201791
2.662193486587941
2.74687397362576
2.818629400946523
2.862206837631974
2.86018710943869
2.79871351587648
2.672750156745565
2.487415018535629
2.256104405306737
1.997369097903014
1.731616387800704
1.478057411145249
1.252314136647726
1.065133870832107
0.9223718353929244
0.8259909861740561
0.7756665625488269
3.774521703421226
3.780427426546218
3.788508386464074
3.797513252968721
3.80583111288777
3.812872248335386
3.818533791909704
3.823120442406908
3.827138461202855
3.831149002112319
3.835550426104838
3.840703581155226
3.845528865682964
3.853509134531839
3.843311271955178
3.883500406282259
3.988194470768913
4.043135988988257
4.033655499738972
3.954829545739543
3.819580237872198
3.650188503454987
3.466679934548484
3.281647988195433
3.101315364154129
2.929251173316495
2.770105193666274
2.631791990285192
2.524485246156448
2.455037756685284
2.418928937652203
2.398603365554449
2.377077329164026
2.368779733095147
2.370781068191341
2.372223125762304
2.373745528603711
2.375115901575789
2.375726512393124
2.372768861705457
2.366388437162165
2.371669802340693
2.395074615794534
2.439163690244905
2.502395159735104
2.579400605052478
2.662133760872958
2.74176193928089
2.809851471284481
2.857912553139217
2.876905280349607
2.857669323400002
2.792926992023092
2.679891017331096
2.521690694301789
2.326994777891322
2.108482771005492
1.880949020661343
1.659415306864407
1.457424857880854
1.285742426559568
1.151719814794267
1.059460922436764
1.010670547666233
3.771481673849497
3.773827243737399
3.779132349492757
3.786020716602821
3.793599384800511
3.801399296884392
3.80914211058844
3.816715433522802
3.824089483941425
3.83126794761994
3.83819131998181
3.84484540047183
3.850334351627893
3.856413649047751
3.849396646251101
3.873426463744406
3.928588498887147
3.948483417419782
3.930794826829817
3.867985578567461
3.7593347705284
3.613761978223929
3.445120972664519
3.266819501762829
3.08955319266893
2.921864255141845
2.771514607353688
2.645728590672966
2.549285548306811
2.481320260051254
2.434246672498583
2.398497632968608
2.370831739513366
2.364082192742804
2.366602236709469
2.367084986584985
2.367999508212908
2.368692158806471
2.369314337753331
2.366565131150735
2.363938660782048
2.377350629811405
2.410455471696546
2.463072303063463
2.53103194287314
2.607147086975703
2.682894353097901
2.750011311428289
2.801257243874202
2.830457367088115
2.832461015926426
2.803115737620302
2.73959511424713
2.641202138205799
2.510182311372817
2.351983940451806
2.174853527778414
1.98899014604526
1.805482854827001
1.635171413689229
1.487587469431854
1.370193610711265
1.288100112864805
1.244250869365018
3.790650449940244
3.795657890261189
3.806946506747494
3.819841097760512
3.830068112820199
3.835534597837758
3.836227077897957
3.833488094752534
3.829291465909431
3.825714294667277
3.824491779045518
3.826454083538402
3.830042891493196
3.83144123164348
3.825766776723463
3.834366464914694
3.855604802865403
3.849902420253507
3.820271224423422
3.761026775963159
3.668057692476772
3.543215656152129
3.394188078789389
3.23182858118155
3.067499945410046
2.911556092425697
2.772501685457351
2.655966109025446
2.563443364338731
2.492019028938725
2.436585611369791
2.393983476793979
2.365404464335751
2.359302874154591
2.361837412322724
2.361856658994268
2.362417905150326
2.36279049478009
2.36315270275712
2.361398555640128
2.363269293718036
2.381702215731897
2.417396045976976
2.468454498735574
2.530147370301288
2.595711065623753
2.657675802866058
2.709062230114854
2.744097077460296
2.758526487381048
2.749647176241921
2.716089032488131
2.657537294736676
2.574682520848389
2.469465529140182
2.345389909691476
2.207638259605506
2.062884476980416
1.918826826377716
1.783521494801277
1.664633469333669
1.568756536341745
1.500938588677217
1.464457144633085
3.896436782536527
3.911759096317931
3.935342229883286
3.957377814755578
3.968009754642743
3.962116911538562
3.940152218660106
3.906633710812489
3.868148124157693
3.831599751178103
3.802633601280179
3.78394669015629
3.773784481318164
3.767035837319842
3.761161162331798
3.759407162050506
3.760414248100803
3.74248225752319
3.703659447998646
3.642863856389106
3.558040867393784
3.449093030342454
3.319796042194021
3.177528741613505
3.031637052423772
2.891492318886825
2.764730015327167
2.655841651002361
2.565591177982103
2.491984353041127
2.432782373110451
2.387954823779111
2.359976352531482
2.354366827937066
2.356752633546477
2.356562675874839
2.356919912994991
2.357156610525744
2.357229339779224
2.356426402436341
2.361405532273301
2.381333284785622
2.414593367919951
2.45833522357849
2.508177721229757
2.558623531131852
2.603870316116566
2.638636965923515
2.658784387818152
2.661657749394533
2.646109932374613
2.612232331545088
2.560932376472798
2.493595672275942
2.412012392005474
2.318548021785111
2.216381468008505
2.109627059348086
2.003245386331121
1.902739848329963
1.813697405195017
1.741265235111986
1.689659386474321
1.661779237337229
4.084893028047579
4.097336631280199
4.114778999534889
4.127505624539547
4.126110648636044
4.105208127482182
4.06489692689488
4.009956990116472
3.947897283520975
3.886751501478535
3.83300685147837
3.789937058445076
3.757021048614863
3.731276560545689
3.709709873984566
3.688911696657702
3.664649689694188
3.629967731082811
3.580979897609001
3.516500480017842
3.435817755841619
3.338859387562011
3.227442433854875
3.105874050175133
2.980383716726213
2.85779652228377
2.74407245333261
2.643162472874748
2.556600667579206
2.484146402020952
2.425330377781519
2.381083822478903
2.354407401712363
2.349308783021685
2.351464925804457
2.351215263456703
2.351462036675902
2.351659365823734
2.351504742695335
2.351365357121875
2.357662291188315
2.376205032435854
2.403993393074481
2.437789715111902
2.473855594537399
2.508087783616032
2.536425887901474
2.555350362568193
2.562315292531884
2.555996327858097
2.536282513510662
2.504024983039499
2.460643584819898
2.407755594718593
2.346980720412437
2.279975722143202
2.208624591053873
2.135244599586515
2.062687221958416
1.994274899980376
1.933574935564105
1.884053263537416
1.848675824635332
1.829538751296911
4.33047205088925
4.334043739920549
4.336398408721686
4.330543968136066
4.309786718165459
4.270211889985823
4.21197955148794
4.139101011293118
4.058056181327125
3.975901872093306
3.89847053898176
3.829168219227219
3.768739255044595
3.715843801487729
3.667664102490215
3.620295798001187
3.570268978428119
3.515364059495515
3.453400868761725
3.383185829206412
3.304262415143071
3.216588753940227
3.120858540137387
3.018976763781675
2.914057560989697
2.809875289080136
2.710243303189137
2.618581681588389
2.537648963654013
2.469261411545324
2.414227692903011
2.373264790119003
2.348896246266156
2.344213520755612
2.346016991084854
2.345822896482143
2.346025385950277
2.346252098350266
2.345921988257359
2.346233208371931
2.352680019446235
2.36829614924821
2.389482903416857
2.412986593352654
2.435731165659649
2.454832118003369
2.467755683936449
2.472554829121912
2.468090326615817
2.454143367266703
2.431361003473811
2.401036917122746
2.364790703874564
2.32424831581859
2.280828934510783
2.235699299661897
2.189881707497411
2.14443871267877
2.10063806691142
2.060023482518726
2.024357776253989
1.995446461274353
1.974885502953314
1.96380415204142
4.614203305699115
4.607061347537916
4.591230747856018
4.563117214175948
4.519373022827818
4.458298497827592
4.380655697311679
4.289650886278071
4.190142489711458
4.087427457530202
3.98607738339144
3.889203887672964
3.798251999854607
3.71310411056695
3.63233772110742
3.553943756024985
3.476441401127565
3.399301867236779
3.321975374199192
3.243903245110362
3.16472918666934
3.084215079228575
3.002171960360109
2.918633129005689
2.834077750082778
2.749336242175103
2.665522248109709
2.584634625369556
2.510212044824479
2.44672231248193
2.397412108586847
2.362894125883433
2.343181726749349
2.339148363376605
2.340360233619471
2.340378231653498
2.340604743639329
2.340944180956905
2.340416032202919
2.3412180528134
2.34782289099959
2.360627068872224
2.375858584298795
2.390410806058593
2.401772853338473
2.408013063436409
2.407804935227502
2.400479566161348
2.386066593071066
2.365275509708302
2.339384473145587
2.310036565453133
2.278978366286887
2.247799668135871
2.217739093699857
2.18960365228895
2.163812895650369
2.140535173746545
2.119855064202686
2.101908402122471
2.086941117626241
2.07527994783828
2.067237251971146
2.063000498920782
4.92138288237034
4.903681114945154
4.869663494157189
4.818812352869628
4.750943285894946
4.666664447416161
4.567650465057163
4.456613245475883
4.336957584944836
4.212251450341953
4.085720982464118
3.959926569184497
3.836635856924177
3.716844524147382
3.600992444148757
3.489424510431241
3.382784765079027
3.281956425689418
3.187574684978688
3.099776910844398
3.01836915585175
2.942950675939557
2.872734099111369
2.806347011549185
2.742124013151333
2.6784129422432
2.613021316847979
2.544915538525081
2.476844854952992
2.416048752607221
2.371021484483644
2.34544300256397
2.335320129416203
2.334045496581343
2.334332705163777
2.334851381968055
2.335207502642254
2.335786875897088
2.334920988265785
2.336636312553554
2.344896981997409
2.356692896077751
2.368149824120611
2.376293517986835
2.379031226997979
2.375128072106673
2.364164016126766
2.346469918330362
2.32303682254741
2.295387454804648
2.265402415248325
2.235105651655484
2.206429178587101
2.180989634516097
2.159914792685076
2.143753224968394
2.132483246811186
2.125611723874374
2.122329328987515
2.121677141167856
2.122684750944326
2.124459284351102
2.126230323886074
2.127378920974962
5.238826474038339
5.211605615624615
5.160930560234784
5.088695463969277
4.997294146429307
4.889327051206385
4.767404158131826
4.634045902001048
4.49165678223735
4.342536060187997
4.188896696383184
4.032872198245631
3.876512401832374
3.721816759939199
3.570862344412326
3.425959004424342
3.289621390227786
3.164245722291618
3.051618681648804
2.952547274922957
2.866971781346256
2.794402348629385
2.73398060140962
2.683706697130364
2.639933708156558
2.598705808222024
2.554487243664897
2.502200925569844
2.441386713061503
2.379422443289629
2.331795759794836
2.313500910744078
2.321714216264688
2.328686602117012
2.327804421859157
2.329247199779718
2.329882796092214
2.330876538497626
2.329378490179085
2.33292457348941
2.346025963700628
2.360151766262811
2.371201857523613
2.376219068843468
2.373374371873941
2.36193201494756
2.342165259073761
2.315218089903808
2.282921211248238
2.247573848061251
2.211702965732639
2.17781283322373
2.148141494455678
2.124445303510771
2.107835597064399
2.09868984963247
2.096650996121697
2.100713424507214
2.109377007876736
2.120838527427232
2.133188289194648
2.14458910852067
2.153430855219071
2.15847010645331
5.552483203988788
5.517311077642166
5.45249846754527
5.361585791563683
5.24874061781585
5.117943522864134
4.972481040321242
4.814840710896776
4.646947518408289
4.470555944899762
4.287588490823382
4.100295296711791
3.911246719892105
3.723275887064653
3.539481365419052
3.363280693911114
3.198381746692664
3.048505879528576
2.916789867719918
2.805057598181036
2.713534557038669
2.641479753179877
2.588237319930205
2.552758593859993
2.530134972001299
2.510899352639928
2.488039527028008
2.454868129822687
2.406469255089267
2.343857558319022
2.284146763087868
2.262816178825083
2.303637087699872
2.323415745415947
2.321166346973195
2.323747701332693
2.324764961866221
2.326356495966139
2.32374258076909
2.330619545114355
2.353516704773345
2.374591293507368
2.389388797619427
2.394844836518287
2.389279456552377
2.372351344969553
2.34493842001653
2.308940937303172
2.267022148329485
2.22230953616363
2.178080594637099
2.137455409352507
2.103117003734873
2.077080063014991
2.060527638145886
2.053731591220439
2.056064689146593
2.066101022954845
2.081789463022797
2.10067597927825
2.120148022168836
2.137678483469094
2.151055950283056
2.158598432879417
5.845602425962181
5.804700057944006
5.729457158405722
5.624149965339367
5.49366296904625
5.342435694740939
5.173906375190136
4.990568997974292
4.794474173197024
4.587825987016574
4.373353718674983
4.154322433042899
3.934266868114455
3.716675345116804
3.504858303891605
3.302116454245393
3.112115062758328
2.939130933740851
2.78771986845694
2.661608174205038
2.56234543170338
2.489016043555202
2.440101607366612
2.416324118067528
2.417257287471094
2.415420900594801
2.407295024566141
2.393515567239298
2.366641421810064
2.316870135606268
2.250300446196342
2.211936542860217
2.293848459347325
2.320416921049756
2.31605935597988
2.318955782012536
2.320138955001512
2.322421734402599
2.317984507814946
2.330289666408923
2.369635908905561
2.403278257055669
2.426360891056154
2.435663847439465
2.429644661407157
2.408382921493837
2.373419667658903
2.327499032327716
2.274232750076527
2.21771679621096
2.162132587271143
2.11136498784827
2.068667744157682
2.036403622703175
2.015880049910268
2.007291116178284
2.009765007338894
2.021504771328184
2.040001986498692
2.062298582551457
2.085272019485854
2.105922609674498
2.121647626186098
2.130493397065404
6.097483038590217
6.054163388978226
5.974073504618537
5.860939777087751
5.718839909670529
5.551333907758266
5.361269056779049
5.151238395711802
4.924301946365584
4.684486913615467
4.436770961113915
4.186550772545688
3.938845150668477
3.697601322789946
3.465454443192288
3.244149141697297
3.035577270920556
2.843023879310893
2.671830636285219
2.528581829090824
2.418587893847477
2.34304079194065
2.29863825001051
2.282199758823246
2.303626650823594
2.312502247075689
2.304156897436959
2.302835171914811
2.300362788015121
2.28761294045289
2.264187202961378
2.254613200222033
2.305302142127635
2.31455915699483
2.312193514918609
2.314802660286071
2.315999812733136
2.319129826890518
2.312004790289413
2.332394071317923
2.396371146339015
2.448895361584095
2.484775466454167
2.500753384156029
2.495584370343838
2.469964553340304
2.426319374151645
2.368471194607331
2.301213667292558
2.229828494259418
2.159585806301514
2.095273174471956
2.040798293086176
1.998903155745802
1.971012287474276
1.957218078950498
1.956388478078795
1.966370735890775
1.984260714971922
2.006708782767378
2.030237865762705
2.051554623254966
2.06783971491532
2.077007487425131
6.28287681015073
6.242163684906709
6.165642832527313
6.054462994819879
5.909560744931108
5.731729703696723
5.522421588678032
5.284807550947275
5.024424146528147
4.748991882900888
4.46741813304034
4.188318187969036
3.918534225001906
3.662122634347234
3.420153599856687
3.191480002558015
2.974435981144731
2.76918106189792
2.579970740089677
2.415982005972759
2.28904174220646
2.208126565225079
2.174611199259233
2.185563822308147
2.247191902964587
2.276532380914023
2.267423095891166
2.272819501769451
2.276737502100157
2.28066509077299
2.283330805221071
2.288505319912205
2.29424566766101
2.303781837809422
2.306703148278713
2.310157648379569
2.311867440939547
2.316295737485868
2.305582717312302
2.337255488453763
2.435285526047306
2.513270935335766
2.565983629157696
2.590479430154598
2.586188081529732
2.554814572970223
2.50006289478811
2.427209876273767
2.342566335553904
2.252870191303804
2.164666316277164
2.083737964081239
2.014654446569368
1.960482658081065
1.922680116275407
1.901156057593371
1.89446534494914
1.900091561884194
1.914778329520369
1.934876320688855
1.956682840804998
1.976758436117499
1.992210074782411
2.000933650007329
6.372272221908569
6.341528531397
6.280744696185098
6.185254825686213
6.049335737959039
5.868585428320581
5.642570595619628
5.376375250062938
5.080342407703045
4.768231962282805
4.454532339825967
4.151744353415395
3.868320496956379
3.607693121822806
3.368502018859087
3.145868430079715
2.933510397446256
2.726630456798234
2.525512071364703
2.339071026970108
2.185941121576088
2.089452243813012
2.066172194169121
2.117434656666503
2.236702715045577
2.286327199739107
2.273916919387189
2.281096654330238
2.28360048403217
2.28538178195096
2.286042089315997
2.288946716318334
2.295274761137411
2.301148024269123
2.303911013498114
2.306854041879231
2.308424216525597
2.314154574935614
2.298694373757316
2.345159318462103
2.487326251745572
2.597049288222131
2.669667100135387
2.703159365548854
2.698248292214004
2.658254224436712
2.588729831478545
2.496912463261644
2.391041019029866
2.279594539606226
2.17053257004261
2.070634720607996
1.985026513391794
1.916938653845493
1.867696115285157
1.836893816572998
1.822697921596061
1.822213683417878
1.831873449912725
1.847813372548431
1.866219590894707
1.883632891142026
1.897205761003738
1.904908584572161
6.333522294706373
6.322778923384625
6.293971665461843
6.231688138968309
6.118718623451814
5.942952608023551
5.702561116559697
5.407130505750684
5.074976328861582
4.728369076724935
4.388500863043388
4.071514105563925
3.786341515494288
3.534497531483269
3.311371700586909
3.108278236087014
2.914694488186432
2.720702155830676
2.520364741692845
2.317031839427857
2.130005223119873
1.997149397734628
1.96272030784823
2.047231165080965
2.226897827660574
2.285467797479534
2.26757291044389
2.27840915095195
2.28283007765361
2.286816317886253
2.289352824298283
2.292127183926961
2.295872186933901
2.299237325688919
2.30133449671126
2.303761948718274
2.305058128570259
2.312315244127055
2.291021176272524
2.355988431344389
2.552444495220298
2.699301233579635
2.793444790205468
2.834704449933716
2.825982676068494
2.77304480598897
2.684031854223285
2.568755693277704
2.437828614601053
2.30170919662183
2.169795822639319
2.049712839699473
1.946888127855221
1.864441260201612
1.803331947242927
1.762684254832887
1.740202268821566
1.732612308548382
1.736089919568987
1.746647807522656
1.760471779322251
1.774197905815604
1.785128334850718
1.791386677346718
6.135578325353083
6.157000931825399
6.179092141958668
6.16886385776413
6.092365559104988
5.92853991802586
5.676329191376333
5.353433185361913
4.989392742133528
4.616752903879399
4.263304205234907
3.947225092491247
3.675752774283637
3.44676443891907
3.251813840494285
3.079152398892147
2.915879228085937
2.749206923431446
2.567789232907775
2.365300912055085
2.149484536530548
1.957131192480895
1.861838995285734
1.941678423306368
2.19840925672866
2.284456287160833
2.261569223347559
2.277957537506619
2.284490593964874
2.289736643874366
2.292659377123617
2.294684018946021
2.296497749213857
2.297972310963761
2.298983984056326
2.300677529552711
2.301482437809067
2.310422916257271
2.282272789989703
2.369281818936961
2.629303368448025
2.817123644011279
2.932468492077519
2.9782725202687
2.960792592743783
2.889289618572304
2.775386629100347
2.632156822523648
2.472997596530686
2.310443418806666
2.155145342592746
2.015206329721463
1.895937664238875
1.799979448672383
1.727664588995317
1.677503314195749
1.64669687259097
1.631626656510096
1.62829292660255
1.632691868326902
1.641124673164196
1.650434116975529
1.658167583817827
1.662671191103356
5.755424657596741
5.820939456186903
5.910233220386056
5.965324904270378
5.93323294872429
5.786318564324884
5.527905996219655
5.186703256016883
4.804979095947886
4.425278904229475
4.079897392586362
3.785928385643007
3.546127555818096
3.353321653895927
3.195431395128856
3.059184044512468
2.931907843743295
2.801618108790562
2.655991850226193
2.481539186574127
2.266865678053092
2.019492468256349
1.805658374948488
1.783458981644421
2.112696244628889
2.276781286408403
2.25347793941452
2.27835862501593
2.287990768914273
2.294271471268265
2.296898822396609
2.297622917648962
2.297398997984589
2.296834804113117
2.296336279227619
2.297041738710832
2.297155169691344
2.307890976990624
2.272072734512805
2.38415853037848
2.715058515169297
2.945291542308299
3.079057097139283
3.123982194998765
3.09111709516732
2.994468337536911
2.850167347005308
2.675247663538692
2.486149299834507
2.297291949345063
2.120074425422296
1.962461131590068
1.829090530447536
1.721721355955184
1.639829641733841
1.581226307599841
1.542627309611029
1.520151256405103
1.509740113635764
1.507503617605819
1.509985612536266
1.514348352327488
1.518474070164523
1.520991759982019
5.189722581566261
5.304809349428087
5.461574117414638
5.575845296081548
5.583461130422775
5.457770174555626
5.208859215476321
4.874867083819916
4.507541547138689
4.155287778941904
3.850187320485738
3.604223089795989
3.413718465143147
3.266803853090076
3.149604292203537
3.049660921810149
2.956930934246339
2.863130439847497
2.759800745814696
2.634953983366396
2.468296191071734
2.230179377772809
1.912805895746255
1.65794118688558
1.93770039653188
2.252424065573596
2.247779006293343
2.282814286242508
2.295749475599429
2.301986205527179
2.303112518883149
2.301537211906769
2.298599478449781
2.295434668426249
2.292893189386681
2.292251030871102
2.291439315420597
2.303977024791866
2.260012342892872
2.399276621989249
2.805140756681609
3.07594663237525
3.222416728124161
3.258759203871432
3.202455721987897
3.073692102116744
2.894241518448972
2.685676760824606
2.467365503069016
2.254944366649237
2.05965965662768
1.88850687314589
1.744854615011299
1.629241648628742
1.540154838812428
1.474710097606943
1.429223666804371
1.399683108900978
1.382127293674465
1.372938987744514
1.369049972409986
1.368058446105417
1.368262211117741
1.368619187790914
4.473547328578983
4.621212336130766
4.801949112143069
4.929597889363424
4.954042799850318
4.858875955539906
4.657146587278419
4.385595103247448
4.09323177804897
3.82349421200597
3.600672055435799
3.428968468534666
3.300087495961271
3.201503700775627
3.121621385534456
3.051718590438888
2.985973285286945
2.920616455395459
2.852408868306913
2.776224094063786
2.681504562363151
2.543487470784458
2.300324959237699
1.892544996939907
1.854643319843511
2.239495697375374
2.266605525430604
2.300556142409035
2.311799682448719
2.314679496758889
2.312153061077993
2.30676348148108
2.299963657252385
2.293267110988078
2.287991161031536
2.285531175500406
2.283535012029561
2.29774910232116
2.245660714082574
2.412800762221893
2.893016664593441
3.198334951272831
3.348516989590588
3.366385187786775
3.27763298176081
3.110306724738453
2.89297263134464
2.651879384535241
2.408486000444756
2.178336711104105
1.971282239416828
1.792469705359529
1.64352182378519
1.523585512005625
1.430166401287583
1.359782922927804
1.308493666080634
1.272326537550954
1.247609686286245
1.231194402340961
1.220570716998931
1.213892713681929
1.209936434816165
1.208007799434562
3.710409363721586
3.805105665290593
3.880382247967803
3.918574057893158
3.919642074310744
3.878022102643227
3.797597876094483
3.690388955604589
3.575011021745111
3.46718822043034
3.373972269627462
3.295663081383658
3.229228935179094
3.170702651242284
3.116735000621524
3.065083648806998
3.014549804408241
2.964753015174096
2.915544971362801
2.865562901543163
2.812498958497342
2.764234689121194
2.754971805910894
2.731997892941576
2.454722484766485
2.326173592049161
2.348189049940815
2.347615232626679
2.342003305217959
2.334414370407557
2.324719039193068
2.313424076791253
2.301157858207838
2.289611767352061
2.280748661277414
2.275904881985792
2.272469597943397
2.288091931679553
2.22860221290251
2.422352136598367
2.969919399045734
3.298709445119698
3.440228983022593
3.427768431573347
3.297386036195809
3.08707659093094
2.832942725771302
2.564925979762021
2.304638664461178
2.065646849722201
1.855121152112398
1.675722422112928
1.527139594514959
1.407173648276497
1.31248452297499
1.239153261206611
1.183154602931825
1.140755477426194
1.108800734994625
1.084845205380227
1.067135895337451
1.054502737628841
1.046231435005854
1.041951344790368
3.507089036357652
3.544168198229397
3.560736920005207
3.560966181426665
3.550326918481012
3.528181426484891
3.495883163153934
3.453795662056737
3.40715488688901
3.359711317383019
3.311959596565424
3.263851606040427
3.215573388914339
3.167225634091737
3.118936460320428
3.070827553325265
3.023056762672645
2.975849156032829
2.929519558082553
2.884390284892413
2.840957993290634
2.801111623217236
2.774927902582399
2.746612620748916
2.65261614144624
2.479716004600184
2.431704800615936
2.397344766381588
2.374418136671275
2.35583484157751
2.338414762967398
2.320373624732263
2.301211094177477
2.283250418027705
2.269910469157119
2.262101166688978
2.257060031980047
2.273714290364301
2.208457749004577
2.424736224142008
3.024661846394695
3.360721224650282
3.477729087510842
3.421333698718145
3.241508024576652
2.988412451538915
2.70467800547415
2.420871560381707
2.155726180017494
1.918941544913608
1.714248648808119
1.541725662836114
1.399287076695727
1.283592162202689
1.190640325703353
1.116249030755405
1.056500149537981
1.008127332531046
0.9687522090301496
0.9368943219824908
0.9117689903024343
0.8929927062033778
0.8803544381662957
0.8737294741717812
3.600551704895182
3.640448899341241
3.668126470621758
3.677372394560667
3.668181956568595
3.638964871232633
3.592166208617599
3.52869505158359
3.46020253758092
3.395044341202465
3.334169105686252
3.276809730294968
3.222367177108624
3.170016652239675
3.11910136780421
3.06910770487476
3.019702837402992
2.97068645516192
2.921916900337315
2.87319561384073
2.824327114030613
2.775046966085204
2.726736168111489
2.672172117226047
2.594608380685798
2.505796565564688
2.461892450220108
2.425385247867738
2.397639240659851
2.373821848836451
2.351263446765968
2.326960192177961
2.299317154221751
2.27267084950742
2.253919118152089
2.242583699749789
2.235955437996641
2.253255395399123
2.184888707960885
2.415308658204574
3.044443892017521
3.366670315302246
3.438617116582557
3.32349749845003
3.091361629437925
2.804354601223656
2.506359109704643
2.223080201869027
1.967333603779608
1.744191102441663
1.554280168252357
1.395628752588064
1.264743940478626
1.157329663511213
1.068841889533054
0.9949878849491592
0.932190147996997
0.8779395091395686
0.8309221293108837
0.7908549980412484
0.7580791842504658
0.7330741626898233
0.7161119140615179
0.7072112276990741
3.597757909215436
3.636884981204806
3.660671683817561
3.667589709727185
3.656874393640965
3.626528445032459
3.579205927901286
3.510191436799024
3.438602176521926
3.376735152104299
3.321357597187621
3.268662220317992
3.21761964247748
3.167475773041388
3.117914670807249
3.068710654516719
3.019733368475644
2.970895530159978
2.922116031157273
2.8732604610663
2.824167110482366
2.774488552496912
2.724254562198732
2.669983006286304
2.605106393084538
2.536331574392295
2.488825597274105
2.449103371137136
2.417605278224023
2.390502014879417
2.364736761463939
2.334434228276893
2.295040960272968
2.255537355927077
2.230477336411838
2.215262798727867
2.207533439639258
2.225460676581647
2.157620452185079
2.388852804335275
3.019293424407218
3.298436213076358
3.296387174092484
3.110494424605512
2.83564040222267
2.536640825321572
2.24752194277248
1.983428165133263
1.750524943032191
1.550631084107987
1.382769289704467
1.243815990099499
1.129157933985077
1.033495363301762
0.951684150002322
0.8794652742787324
0.813958431276135
0.753833853050948
0.6991427861953931
0.6508881783167693
0.6104887311083167
0.5792598951602825
0.5580015921990871
0.5468764432283693
3.619500663916672
3.664694054607101
3.691791876742569
3.700217303392722
3.689071096049439
3.655167252434269
3.602193445631079
3.512714262286198
3.424902399909036
3.361956450403677
3.311130734486869
3.262041785500116
3.213435216449899
3.164775610506882
3.116108648456537
3.067403365888902
3.018635756238044
2.969764863005056
2.920716296320762
2.871352972992605
2.821497254715053
2.770851126746757
2.719294817770413
2.665627989215506
2.608067393827718
2.550497002693943
2.504605387402061
2.465649592138921
2.434114023400213
2.407522076832219
2.382806882093738
2.347826361639716
2.290385096449567
2.229802087449106
2.197575781621232
2.178234958639628
2.170531538527149
2.190078710161847
2.127801954591609
2.350584283198421
2.950437255545038
3.131714245533848
3.017953621310307
2.766560624123442
2.481242695808643
2.205003135420836
1.950327094617242
1.721245396236288
1.520552305483944
1.349931124559019
1.208763400829827
1.093619874515159
0.9987588063309587
0.9174693884773264
0.8437398543275926
0.7735411855736629
0.7052756469810948
0.6394074217899722
0.5776167455509446
0.5219771837674219
0.4745189587074694
0.4371095857813517
0.4112693090294274
0.397729126705205
3.647304148566052
3.703155430420602
3.735393817597215
3.747397223701049
3.738472327614602
3.70403509028884
3.650003003896237
3.52250314812138
3.403970955644059
3.340723776769637
3.30016006197352
3.257573020333099
3.21240543796438
3.165212451776859
3.117035219017072
3.068331573449866
3.019298805053315
2.969980816043479
2.920298788387749
2.870063170217918
2.819021038199492
2.766881088775538
2.7135607278296
2.658911724598406
2.603179792282538
2.549333589016704
2.503824381369585
2.466068985435352
2.437505908161031
2.417196510104907
2.402076119338202
2.365041428906341
2.277319393259132
2.180605383783252
2.145791067931838
2.125691400382449
2.121811041319734
2.146535041359806
2.101051605491648
2.344738425258024
2.83945625319898
2.81535027804404
2.572998290635046
2.306193948097666
2.065948527595091
1.84806350749995
1.645870305363849
1.460153417048499
1.295441373135796
1.15595865931527
1.042959610134902
0.9533516189827633
0.8800556494543721
0.8143213977599765
0.7489014976997393
0.6803210600344239
0.6090914738716612
0.5381927703314993
0.4710085511607091
0.4100436863830809
0.3569716254108081
0.3134937339433572
0.2820177462493966
0.2651250117348649
3.666322042913351
3.762030471854802
3.8028994283816
3.816927417962579
3.807962205071122
3.768510341919551
3.702166535707518
3.447065445173181
3.303217446505307
3.273452560738223
3.264050782261275
3.23136523994881
3.191088891181678
3.148194500732764
3.104003645844414
3.058729023362301
3.012568961283197
2.965737463629897
2.91842965879057
2.870815868141459
2.823059365443325
2.775327565280122
2.727879676288007
2.680874521063104
2.634534076486533
2.590214766477841
2.550780048917361
2.515732002841285
2.48651970715377
2.467220110349685
2.470531782250802
2.452673118068123
2.342456619053467
2.13157958513667
2.084416238448915
2.060831522134156
2.06187214640771
2.095301576590416
2.09646867929819
2.44385187150186
2.594681492098283
2.264713415317623
1.985247360258851
1.80489114890188
1.658296566882893
1.513094611517536
1.366655430188977
1.22505675546564
1.095719623575345
0.9856459092544132
0.8986964347299344
0.8327089111914636
0.7793688804835042
0.7277366822144524
0.6693030379958824
0.601574857434419
0.5278943338686248
0.4540850045488587
0.3847565523298075
0.3218537203300497
0.2656101042421281
0.2166063389793963
0.1776501485771881
0.1546776402822714
3.548350213643054
3.790294235255323
3.870714810550071
3.904109209433238
3.915886697576734
3.916924541273547
3.950418083871055
3.74363795411096
3.135203091470174
3.158001177538801
3.269673706470929
3.278195455154243
3.236053099174552
3.183596973386453
3.131079543481531
3.079053588948866
3.027253943131727
2.975516485339611
2.923380267347548
2.869920813144593
2.813783549590438
2.753433301095217
2.687782828611511
2.617072939044797
2.544129751718315
2.475171900728093
2.417402570082412
2.375250314090272
2.361050953085829
2.412865784622869
2.569439996353156
2.631556406538724
2.073851814215629
1.910767066351501
1.948357542274477
1.957276065730754
1.973175393507873
2.011649412450742
2.076629518654233
2.451163552452222
1.920133191679279
1.502333677276146
1.421600274736395
1.393745816046709
1.32967291881714
1.240285497795728
1.141811082220195
1.041542669867148
0.9452851279962161
0.8607051389598581
0.7937726392081663
0.7435790531837924
0.702077609022395
0.6582265219217499
0.6037163173354141
0.5372389998311922
0.4643982293048047
0.3924638099787414
0.3256969706331042
0.2646591684675788
0.2079431980795171
0.1548532729226671
0.1078628166587942
0.07296976990034318
4.377381956024398
4.146928145187935
4.075383353315218
4.050617860793348
4.050542881031014
4.082705895601038
4.129721704307267
4.517270913998638
4.079190817465218
3.674902929222496
3.576409762505819
3.532680638222709
3.459160414656473
3.365910188991499
3.270432203008464
3.180243493747736
3.096658224337946
3.018086390708942
2.941136735876858
2.860974190285181
2.771683653285754
2.667146907248141
2.54299269309992
2.399794785821808
2.246310806350224
2.099609377683197
1.980478090997372
1.909738307025452
1.910261120484528
1.99124940158991
2.06194937229492
1.841817234465753
1.429590440826745
1.757794816550431
1.803263170496872
1.838396354933483
1.848584608213187
1.848064252773538
1.889072927328458
1.656456903855662
0.9921814498144024
1.033808727619925
1.16334392246481
1.171336485111074
1.122217590075004
1.061634253737413
0.9996591133436241
0.9361716375542786
0.8717464048355332
0.809453811818747
0.7527302753550976
0.7010697378693633
0.651723440141983
0.6008688516263654
0.545641978735664
0.4853047084747805
0.4230302125630493
0.361827985732127
0.3027799809624749
0.2457124856965619
0.1895444908088089
0.1337517823599284
0.08380861744010035
0.03197571753376536
4.268956050063322
4.179886746094177
4.142190849929621
4.12630994972014
4.126665700129672
4.161696859409785
4.142272965402195
4.533904791791638
4.826443740026734
4.537381916573234
4.243220004810068
4.025170809088681
3.83724843103369
3.657552585165879
3.488479061033966
3.335608039108991
3.199779571202724
3.077163506745993
2.960872809252466
2.842241708255887
2.711946006457143
2.561562498390149
2.385979996318957
2.186390817326146
1.97246856889502
1.761860820760796
1.576626792244881
1.437498203646
1.352508324433318
1.294247805915603
1.193654469297907
1.072102810679822
1.400618518497085
1.752454888649403
1.725291386521485
1.752138784849447
1.740607513770289
1.697998681982365
1.629578724380062
1.361699699831207
1.19811670913924
1.16891356169727
1.158412071842734
1.120455402146908
1.073428961028238
1.023150738755067
0.9711237608459937
0.9175220456930785
0.8621993637015233
0.8059385093119542
0.7507868160939754
0.6958906220697489
0.641120672929037
0.5857770305884563
0.5297083895903153
0.4719800162416423
0.4145030480152864
0.3579007107487561
0.3018010507862371
0.2460873000582324
0.1906811904767984
0.1353079638083396
0.08137523031140613
0.02656233638415841
4.30065312696629
4.248418134704419
4.21525213615551
4.195037652195198
4.18716968660075
4.21411384913486
4.144450684014624
4.463701670497238
5.150066012468338
5.19283146016583
4.935538670887358
4.606895524122225
4.288946680668524
3.99927329896002
3.741309015666764
3.515597619441826
3.319059054060705
3.144612326478001
2.982258366067465
2.820569213889209
2.648248362119256
2.455926607855553
2.238229532579759
1.995659391153703
1.735398840012999
1.47026077793735
1.21552927222493
0.9836825291118505
0.7790235818933843
0.6046979824000766
0.509772118111038
0.6776465287605672
1.429102400701155
1.75205206022862
1.67460086905495
1.695684841449641
1.677494644646592
1.636634576165755
1.576052363947571
1.437614762104987
1.305078776999416
1.237567318304441
1.193455710861234
1.146018158441229
1.094917302464442
1.040881186027943
0.9850626360954338
0.9277676385275154
0.868561440459887
0.8089675621357401
0.7531667333988588
0.6990794319387673
0.6459902359297953
0.5919135856294602
0.5361334303837427
0.4765214549815937
0.4171721345814332
0.3594953317636176
0.3027592377732418
0.2467580664518875
0.1914237882638053
0.1365123437060993
0.0824910850328958
0.02817019406030951
4.35536627034477
4.304172442167054
4.269123875138082
4.244568118176914
4.230689667505786
4.252393642672087
4.161788747734597
4.474942107499093
5.313674371436886
5.584021385017644
5.445991109970644
5.10490178919645
4.70843179816938
4.328451200380469
3.989566758914174
3.695178097735848
3.439893079216731
3.214046011054993
3.005675635059919
2.802045979979509
2.591191820963813
2.363503124862359
2.113140193471417
1.83887873149792
1.543977277356574
1.234975508964066
0.9200529720364382
0.60932718454963
0.32305067328846
0.1152473062865319
0.1059881018934677
0.4788378467329812
1.40129943698873
1.737729065552725
1.638440097461523
1.656029409622849
1.632605731759281
1.590710592630185
1.529479475680974
1.430364895388891
1.332009223120045
1.262951669008328
1.206652310036935
1.151794226661593
1.096927468108275
1.041407218370448
0.985398941258344
0.9282810674733122
0.8674804991129412
0.8051990099633797
0.7502829936962732
0.6975625595925453
0.6462590923322341
0.5933866753447077
0.5382372374964044
0.4757288677634045
0.414764584480002
0.3575775682435606
0.3014823466298541
0.2458873247707237
0.190880283929532
0.1362535124644212
0.08219454209682225
0.02818361864065875
4.436371843808306
4.365229988144636
4.320491478156084
4.288075173065621
4.267762814652538
4.283829825146742
4.183829647250113
4.519044220060492
5.409966940783368
5.768537490982767
5.713649952604858
5.410306115126218
5.003505545924874
4.584761985189571
4.196918189137773
3.852763309314656
3.550146319391859
3.280204214532639
3.03125281741796
2.790909905373782
2.547661151271913
2.292149578464191
2.018068360024931
1.722466170459263
1.405463602080659
1.069865920564533
0.7221065031675233
0.3774112641137958
0.07256237321865831
-0.115326704213335
-0.05914397519104041
0.393917415977621
1.363454817325738
1.720642797959005
1.613766107317986
1.628967000271863
1.604114736949402
1.56463293256091
1.508099011775148
1.429835211918362
1.349059431431851
1.280340826060052
1.218875178163451
1.16032169692571
1.103311114473821
1.046845838030401
0.9911083344063617
0.9343480443312057
0.8691742170648592
0.7997286260514994
0.7462644922520476
0.6961663629077376
0.6484553722042985
0.5981064767587988
0.5442796194723873
0.4746167722913587
0.4096192416409856
0.3535073486541297
0.2987638654499287
0.2439384443028967
0.1895965358984747
0.1355610694960059
0.0820783585518155
0.02852878243083448
4.532578336007855
4.396898462079269
4.322663838411661
4.279019983253383
4.25575100739499
4.270902670681957
4.184100670160099
4.575965752251683
5.425412744911728
5.758510728580426
5.73477595624931
5.489323567487947
5.12833341527271
4.728081790004914
4.334795866921937
3.970085869772723
3.639176992047085
3.338022025676955
3.058043240658646
2.789045762345469
2.521086647100786
2.245721712447875
1.956761042253852
1.650634817410363
1.3266878141674
0.9881196204176029
0.644700861249178
0.3182727308423555
0.05043294356464369
-0.09103757588522597
-0.01060486378884088
0.4137838893775758
1.323196122630078
1.722720291680021
1.62990564351311
1.644739561878278
1.620036030577952
1.580403817649117
1.523426119598437
1.45031730611555
1.372668210417241
1.299849676473278
1.232098908275353
1.16813643106545
1.106791268185714
1.046980733093458
0.9906300856838992
0.9353231562913465
0.8629113238596349
0.7806248018091626
0.7345898272002881
0.6921455587782629
0.6529644157387847
0.6100644707472644
0.5633333425088551
0.480661545525819
0.4088493267505069
0.3550877630684232
0.3011434546126935
0.2452894265622733
0.1902746052166562
0.1360338021483199
0.08310739042375057
0.0294898114670037
4.96364109718347
4.628928215517802
4.513760623407372
4.458525338451323
4.418948073137043
4.403938909747753
4.305966072542058
4.610362753750338
5.265095527503514
5.519646887517898
5.524939940523324
5.360648706765646
5.084512595961267
4.746967017142492
4.388174221343674
4.034279610827141
3.698048330630468
3.382303653332489
3.083760993339267
2.796109463333798
2.512187629613181
2.225448642786436
1.930961546411064
1.62624599000365
1.312357393833539
0.9957089695526423
0.6908381379344084
0.4233406715621422
0.2307519373842871
0.1593410003140729
0.2604327456658902
0.601003067897578
1.305373139344727
1.618106965094003
1.522541313186204
1.519170686056251
1.494754282072971
1.464181573331626
1.423690358167319
1.374054931972278
1.320589290024916
1.267727055862139
1.21594190757378
1.165335720895153
1.116194299787452
1.069833592393403
1.036481850235561
1.009092868368776
0.9183624021499242
0.7674335335605477
0.7228942379138571
0.6877981799097272
0.6578810871979199
0.622131372485703
0.5764666139091357
0.4244778865125423
0.3344916467880074
0.3081381976409596
0.2752615887680495
0.2291821857875494
0.1802511846208619
0.1297934309821304
0.08036245966361567
0.02781100197711276
5.24976957636779
4.21049368999038
3.914758750477919
3.930808390101071
3.956171567505297
3.940880343652081
3.925177898282131
4.218380681333675
4.779348057033713
5.041529562842391
5.127740916023755
5.071639661802392
4.902194785508139
4.652944979015255
4.356735538071899
4.040170941978669
3.720996657096072
3.408445348558926
3.105259978041349
2.810117998531702
2.519770576556601
2.230737409892553
1.940692861698237
1.649807600093202
1.362308671149632
1.088316934845687
0.8455120133840851
0.6594745478147421
0.5612536306153267
0.5816401358139424
0.7445969450648166
1.073197643426963
1.666121944812523
1.964891889547436
1.945270014855305
1.913758722097239
1.882323002584366
1.827027701826941
1.734225643421059
1.613923534883411
1.485971835146376
1.367591104491656
1.265952846607824
1.178712597246077
1.095836476138201
1.013459744127478
0.9662289998971443
0.9411973643254967
0.7614876373165111
0.6478303041175804
0.6689696028000411
0.672873492578172
0.6730176839581374
0.6762787484725253
0.6965310662703077
0.5806491362689828
0.3994583984290087
0.3766469560968369
0.33403938853739
0.260759345574932
0.1943533650574376
0.1370744922069884
0.09159193914991641
0.03760331432471549
3.111266285538087
2.682317915489552
2.435624883755876
2.440116341585813
2.551305064945257
2.702584468142841
2.942781892337373
3.371311450356032
3.967605475307199
4.384263080739006
4.607654267499348
4.675585956393823
4.620176716376815
4.46977078157478
4.251713977877888
3.990795931809733
3.706865225145545
3.413720685271105
3.11954133025817
2.828273414262455
2.541344001041953
2.259353054499598
1.98367454432082
1.718027347399511
1.470017684611169
1.252412307846886
1.083581670472852
0.9864668378938117
0.9860764916179134
1.107262946595478
1.376169901870017
1.821045664748736
2.417835847704091
2.820000171478003
3.004108273256206
3.057487022813657
3.020658929046814
2.884391680508621
2.648540100437686
2.343463190239504
2.017860376800563
1.716093400021365
1.46077508670015
1.248384032301752
1.053002665110725
0.8306273150416561
0.5197854957907873
0.1082295845933382
0.1963091495050819
0.5873816449606557
0.6150665347801978
0.6580905707744038
0.6875470944241064
0.7301260564320715
0.7565878782257915
1.1455119999269
1.233276582438447
0.8323427470511622
0.5481492085624883
0.3751177631529401
0.2624889124735519
0.1811569857374908
0.1194549679529362
0.0760296845659871
1.385745280631382
1.303175599650901
1.232848953356904
1.281227696756239
1.459327396064981
1.748538221234951
2.151864564529087
2.659726267201375
3.215580462797574
3.696249221156904
4.032746014654196
4.219835763408367
4.276332479542895
4.225658616825019
4.091369190052196
3.895951693981785
3.659453904367892
3.398278507864041
3.124782521925875
2.847759567386481
2.57352869212737
2.307319230029509
2.054743024348534
1.823208650673836
1.623085409986287
1.468313382733497
1.376138413820481
1.36592800342547
1.457554788284257
1.669678480644626
2.014880220054928
2.480828526511216
2.992314778841225
3.420048798150627
3.699133553449964
3.814174897161388
3.777071458285852
3.597930190734075
3.295039868397082
2.905721639185304
2.48059253368208
2.066662927755787
1.691394940611691
1.355446363308278
1.034749557270288
0.6931518202656837
0.3254370725443488
0.07140664320437165
0.319847751520822
0.6061093859756543
0.6146983305971822
0.6577549758776978
0.6878288852260886
0.7308217655747439
0.7379080353191158
1.024939025046853
1.284721819470325
1.063102047874014
0.7596977888668097
0.524518881957328
0.3645824179265984
0.2567027260791891
0.1850776708154655
0.1465246916306821
0.08098154978064372
0.133394123464365
0.2166597522470148
0.3685388806370715
0.629656391625726
1.009830040735384
1.490887914104427
2.030173243521109
2.574446675392796
3.073648228342593
3.475792997285764
3.754295768963165
3.908086597037696
3.949759412471967
3.897211544848639
3.769848279019051
3.586729959417296
3.365353063761803
3.120933560257309
2.86630082125945
2.61236131727137
2.368953119766949
2.145866093025452
1.953793610838941
1.804970458814573
1.713269755094027
1.693640233017856
1.760912762720525
1.927837732057526
2.201196535858996
2.573632080588729
3.012268121471457
3.45878103220572
3.855765961535297
4.143594827450818
4.278340599769162
4.2463260381904
4.056918420334471
3.735096416910522
3.318356558816463
2.851101681092434
2.374503784544496
1.916314791149599
1.486407205341494
1.082950212776386
0.7141510118312999
0.4348640826786707
0.35848054995867
0.5373691887976546
0.6383110039813131
0.6349663502254226
0.6626092257244864
0.6830302199996048
0.7109914427351685
0.7052824683521299
0.8102056239789049
1.017638626069971
1.006710212825151
0.8404639627526157
0.6421430655236915
0.4756517626948755
0.3552803817805931
0.2778003985282487
0.2387607725115324
-0.8915047892142043
-0.7871301840039238
-0.6079835875992667
-0.3547813476710162
-0.01079539151544982
0.42929036543773
0.9445550938709321
1.49527179539955
2.040698541805183
2.548335048312791
2.984833884502643
3.323357198980935
3.551598240094301
3.670977106075626
3.691779246717431
3.628941233932881
3.499437500867674
3.320714853822684
3.109722395897909
2.882400748609705
2.653587384479447
2.437242773705006
2.246831520358239
2.095655305558692
1.996940043204772
1.963526552832551
2.007064839853753
2.136555955528261
2.355839943778283
2.65957420943667
3.028668430962594
3.429672473938659
3.822727076851979
4.169256301684671
4.424469813528233
4.547386303263328
4.516116296374122
4.332694651516972
4.017846438586924
3.603645961045035
3.12682687432142
2.622519569353999
2.119591545761094
1.640619904561689
1.20923194421525
0.8623478605839658
0.6513293425104403
0.603075782676356
0.6451652856326968
0.6511627468050972
0.6517083921730081
0.6666440553671006
0.6791653081432336
0.6947343364223584
0.691690209332124
0.7044625537574573
0.7949283968078771
0.8505473101964713
0.8052247860496191
0.6913812056703674
0.5633375358430088
0.4558437033439536
0.3821835292617599
0.3441882266722506
-1.601887106277043
-1.472537627048831
-1.239080219513434
-0.914891562634197
-0.5072515705245072
-0.02584703317249893
0.5081311547712587
1.064487164823714
1.612767282423361
2.126704202825428
2.582142949679755
2.957279598118436
3.237026184836922
3.415812892611379
3.49693021196949
3.490185817749643
3.409599303792236
3.27167763883728
3.094192908946369
2.895309945468
2.692979206547903
2.504529410418482
2.34636564983378
2.233651964531045
2.179859275045313
2.196076812649367
2.289977704901378
2.464293880740578
2.714756874282656
3.028064953038844
3.381551644257047
3.746275666451147
4.091758832434422
4.386905216401656
4.598558142667906
4.695813163970196
4.658722259629452
4.484319276040295
4.18579693565199
3.787411082772964
3.318976383743876
2.811880397321887
2.29741003047457
1.807859126402457
1.379062532579786
1.048434620762952
0.8396309963832284
0.7363974077533849
0.6777541474593788
0.6553423033923634
0.6618967196352131
0.6691206129114385
0.6768935613837049
0.6850279205296297
0.6867187175015238
0.6737837070634204
0.6833994026428319
0.7217943204906864
0.7281002034061618
0.6852419944572217
0.6128015294152714
0.5385690457783717
0.4816650492752875
0.4505484671902903
-2.09864048622435
-1.954862824583327
-1.691527250825713
-1.325929355111354
-0.8780318106375741
-0.3688301223695574
0.178627564442139
0.7397522708241765
1.290560962725075
1.809129055959166
2.2757556907389
2.672655362216313
2.985482153543862
3.205716520800818
3.331916813208666
3.369401619467552
3.32905788346912
3.225949001935991
3.078004561713781
2.904836370942316
2.726665755527253
2.563341267233212
2.433414048607911
2.353225542552557
2.335962999847605
2.39064747099536
2.521034229921771
2.724478409917789
2.991057171414348
3.30361787646438
3.639440743146151
3.973122003346973
4.278752094356445
4.530354433216925
4.702674071149139
4.773365079273687
4.726976449796947
4.558835610748186
4.276230762028449
3.896628811597797
3.444703486405754
2.949867767863815
2.44486858922369
1.964710156140798
1.543700868650569
1.207909784403583
0.9643182765484014
0.7973245826845414
0.6852584167532514
0.6566384112920181
0.6670100367366684
0.6703954477401283
0.6758286324337924
0.6803563243193327
0.6847504332507014
0.6684247986957174
0.6423370393542427
0.6491207790126502
0.6613118861530848
0.6563051697506918
0.6306690654162359
0.5950803531408781
0.5630016988120392
0.5439119905888281
-2.415976836740244
-2.264081307430633
-1.9851965116269
-1.598340459271106
-1.128557432517108
-0.6024526352670924
-0.0452389845781807
0.5201992018185665
1.073138599157593
1.594717868119234
2.067856522601444
2.477175131248325
2.809578540690501
3.055741688554446
3.211697109510047
3.27968651969179
3.268063502897862
3.190481505889996
3.064681524421975
2.911103747175945
2.751447584242201
2.607237814728805
2.498416278366796
2.441964822573465
2.450577436514453
2.531438653567387
2.685234536153581
2.905622900584444
3.179477864769162
3.488147647654552
3.809538336858743
4.120237365693479
4.396913020770495
4.61721933633143
4.760905183843959
4.81108102693797
4.755916493208908
4.590711430613799
4.319515987015681
3.955532785076639
3.520301292067249
3.042021867908429
2.553024845257705
2.085911564005084
1.668117133669482
1.316330621763242
1.034976217089443
0.8231277709482242
0.6865683200101046
0.6564306712175114
0.6685755656787472
0.6708062293488644
0.6755594267991862
0.6790023528401444
0.684510220245064
0.669848296254683
0.6325453621031978
0.6174061749250177
0.6204239192867717
0.6289380380829553
0.6322278660505848
0.6276532886489071
0.6192013038719758
0.6127798321764307
-2.576467091069562
-2.421403490657998
-2.135724532641211
-1.73972076408783
-1.260224137735436
-0.725923566469229
-0.1633213093171573
0.4048590383856897
0.9591509662617529
1.482285413333578
1.958580532038209
2.373838854750245
2.715723527301458
2.974801390184283
3.146047651600875
3.230147615816577
3.234021429329514
3.170438619062358
3.056934175421605
2.914327462523302
2.765072388364829
2.631562800196152
2.534447134698887
2.490984660107424
2.513500939662088
2.608071601485603
2.773666035101741
3.002051751658565
3.278672237977657
3.584379041773421
3.897477909603066
4.195472347846623
4.456359968918624
4.659766762508221
4.78798564305422
4.826799708130658
4.766288928084792
4.602049104068642
4.336818010548235
3.981853242061974
3.557229367257961
3.090413687404522
2.612719834772178
2.153827714914253
1.736041279228184
1.371769413989799
1.067411485165274
0.8322453780593291
0.6852925654295667
0.6552492495026646
0.6680727494021494
0.6705377187846556
0.6758701364176821
0.6797028250401586
0.6859807545686714
0.6738939578806822
0.6331558746162627
0.6066718665249125
0.6018232584312109
0.6133918162878651
0.6299685715076913
0.6425338401011106
0.6485575949716235
0.6502863893816468
)
;

boundaryField
{
    inletLower
    {
        type            zeroGradient;
    }
    inletUpper
    {
        type            zeroGradient;
    }
    outletLower
    {
        type            fixedValue;
        value           uniform 0;
    }
    outletUpper
    {
        type            fixedValue;
        value           uniform 0;
    }
    sideWalls
    {
        type            zeroGradient;
    }
    topBottomWalls
    {
        type            zeroGradient;
    }
    frontAndBack
    {
        type            symmetry;
    }
}


// ************************************************************************* //
