/*--------------------------------*- C++ -*----------------------------------*\
| =========                 |                                                 |
| \\      /  F ield         | OpenFOAM: The Open Source CFD Toolbox           |
|  \\    /   O peration     | Version:  2506                                  |
|   \\  /    A nd           | Website:  www.openfoam.com                      |
|    \\/     M anipulation  |                                                 |
\*---------------------------------------------------------------------------*/
FoamFile
{
    version     2.0;
    format      ascii;
    arch        "LSB;label=32;scalar=64";
    class       volScalarField;
    location    "5000";
    object      p;
}
// * * * * * * * * * * * * * * * * * * * * * * * * * * * * * * * * * * * * * //

dimensions      [0 2 -2 0 0 0 0];

internalField   nonuniform List<scalar> 
4096
(
1.718573976531927
1.769655836181019
1.86397571512046
1.994499950469046
2.150596060234287
2.31960224323511
2.488848397578387
2.646979121891438
2.784421117056647
2.893421105525273
2.967915561875932
3.00323825580405
2.995680091120613
2.942051507721305
2.839460689131311
2.685465589842002
2.47863614636985
2.219428323301482
1.911155034653469
1.56076819356263
1.179174160905877
0.7809095052503983
0.3831775994389103
0.004414669069553398
-0.3373554113148668
-0.6261095104948206
-0.8491017575977723
-0.9975844213176296
-1.066837766821888
-1.055680571692074
-0.9659596894950929
-0.802438377067893
-0.5729795646647454
-0.2885857996326447
0.03692753919510099
0.3875871453725758
0.7463516135960564
1.096825210547023
1.425250297417875
1.721984416390295
1.981911778127501
2.203820246375576
2.389098008059281
2.540156109152189
2.658975940374292
2.746145716952047
2.800598071320313
2.820018307486295
2.801697725816012
2.743530283893842
2.644874381124843
2.507090084972788
2.333688277314246
2.130153180100115
1.903575730038889
1.662234504620698
1.415198141894418
1.171946558741455
0.9419665839091624
0.7342936725212271
0.5570299437553005
0.4169231841921471
0.319093256302679
0.2669373919424655
1.741688574186088
1.796760453348799
1.89678010157729
2.032162577466327
2.190157102887708
2.357547159263807
2.522294967101895
2.673990530528581
2.803961293231731
2.905377624877012
2.973162466789607
3.003583691832671
2.993670845248376
2.940704153717901
2.841971547485024
2.694892351654889
2.497521381763269
2.249371097227705
1.952407398379678
1.611992304861402
1.237497540343785
0.8423429654710454
0.4433452928180607
0.05945515906389994
-0.2898867200803961
-0.5865154472368743
-0.8152332350855289
-0.9652369757310739
-1.030978430423173
-1.012135295091303
-0.9127665875913288
-0.7402903978534737
-0.5048513851684014
-0.2189793653332636
0.1027797277516676
0.4442685340107754
0.788807971023393
1.12114452779746
1.429442099014342
1.706380126624917
1.948998347884508
2.157593329038764
2.334216609353504
2.481121944460149
2.599521568988058
2.688948756871256
2.747298074235862
2.771398322278047
2.757892023055346
2.704191736114101
2.609304081150105
2.47436377046777
2.30280742547734
2.100218016560149
1.873948340003126
1.632652727907092
1.385813391662746
1.143276042516239
0.914762889657346
0.7093437460489527
0.5349104008302965
0.3977646678050034
0.3024253995331895
0.2516492491825612
1.789170133075686
1.852006750232726
1.962679771313285
2.105903018734702
2.265678025591637
2.428775755117327
2.584508586546437
2.723886712617788
2.839721401020403
2.926939942801972
2.982333581594072
3.003816272742577
2.989634763441323
2.937824188453819
2.845984318226011
2.711360995494765
2.531223482009815
2.303546823594476
2.027984143230978
1.707027733960671
1.347127147020827
0.9594217589674396
0.5597522345160917
0.167796350890872
-0.1945525734660517
-0.5052901204130835
-0.7446924411083242
-0.8979070204971367
-0.9573716338499855
-0.9240238319980246
-0.8062208874394531
-0.6168176297208655
-0.3704905036390717
-0.08262969930340591
0.2307430937212226
0.5529601057734801
0.8683505107060433
1.164553738009164
1.433887443091571
1.673422428604577
1.883983296534899
2.068376087396813
2.229562036165218
2.369176395345135
2.486785917877678
2.579951870091342
2.644802279436147
2.676810683044702
2.671635867715683
2.625943451571389
2.538124730279913
2.408826056165446
2.241213852318852
2.040929923839375
1.815752037445312
1.575044765243076
1.329110028791393
1.08850835285637
0.8633768422525876
0.6627701365318164
0.4940994330572808
0.3627891522822392
0.2722605717529896
0.2242667072086033
1.869731803307895
1.944494848884669
2.068813256237388
2.218784602824254
2.376731052599428
2.531140611809209
2.672693914554249
2.793593244624317
2.888689783591905
2.955633625572764
2.993827563810286
3.00317546742029
2.983245202939259
2.932881330378902
2.850087956387811
2.73205648911836
2.575337123365953
2.376252542216873
2.13169457662537
1.840395957528968
1.504596268986049
1.131744663230997
0.7356350689943588
0.3363672739687333
-0.04112100687108339
-0.3697141808534719
-0.6235310511166854
-0.7818598455311985
-0.8334327833918673
-0.7798455231567539
-0.6353740963225206
-0.4215878417152316
-0.1604617103367629
0.1284563396442509
0.426192540567595
0.714917763865484
0.9817589264583665
1.220672397122534
1.431238016243298
1.616676332211415
1.782379756299821
1.93397268080233
2.074872151668658
2.20502434381542
2.321223356689201
2.418320785418556
2.490381312044171
2.531524171669672
2.536543997871318
2.501414867718593
2.42376739631786
2.303400069290405
2.142770031158562
1.947274383244272
1.725114426393235
1.486675644943215
1.24354629732287
1.007384678534032
0.7888399636915512
0.5967067885485923
0.4374554438209318
0.3151739136432866
0.2318617269879991
0.1880407329852857
2.001997585227501
2.090248601273066
2.223373811395278
2.371441642889796
2.52065692992986
2.661052767762054
2.782439825017966
2.878023333108441
2.946009486889833
2.987799488472951
3.005579521609963
3.000932118191744
2.974406816879275
2.925502150820277
2.852692334495115
2.753379959025176
2.623814499885482
2.459129330281591
2.253751595954532
2.002491612408455
1.702519706383427
1.356085928920212
0.9732591360705065
0.573455545866005
0.1846020721000856
-0.1603235674140617
-0.4284708198331355
-0.5926856596788844
-0.6368827344620717
-0.5612702095934553
-0.3851161486906318
-0.1411626132005236
0.1374865803279837
0.4249340226014545
0.6952948104239562
0.9295966633274604
1.12232274094454
1.2792041894765
1.410863931420896
1.527834295215637
1.63930827524141
1.752959808383487
1.871123972443232
1.990317229903928
2.103482186430462
2.202505443639555
2.279666866008368
2.32830808173156
2.343014267501816
2.319526699535644
2.25475851381684
2.147244988933564
1.998032041251753
1.811615106988444
1.596338761866816
1.363820422364946
1.127431021363443
0.9003126339358288
0.6935618650590647
0.5151496506545931
0.3698422788042865
0.2598778046273011
0.185825646873851
0.1472343435842003
2.224493551735738
2.311768090961902
2.4285932485388
2.558590898655984
2.692816934455602
2.813562741898092
2.906782461222376
2.969314216342547
3.00501763272143
3.019150707492516
3.015669436993924
2.996839192677139
2.963593150676075
2.915847879717902
2.852590928149378
2.771751348706559
2.66990739910925
2.541950542940835
2.380962885240474
2.178749597104265
1.927579883995
1.623497254452805
1.270808062047479
0.8860959551042578
0.4991296847684452
0.1487462570907794
-0.1254267598929172
-0.2916320100684684
-0.3311825737946883
-0.2410143894909906
-0.03821714494983745
0.2372006848083447
0.5367309914531077
0.8179239270491814
1.040720720982462
1.190874380770637
1.278701803936047
1.326912331644507
1.36035295430727
1.398437869688972
1.451889560447991
1.526923851677508
1.621774291043421
1.727811380791909
1.834039517167213
1.929864156268786
2.006536319306234
2.05766411519383
2.078718989162436
2.066006519371257
2.016005457434539
1.925702302289677
1.793971148357358
1.623459281027906
1.421969253565623
1.202248347064607
0.9797679340428949
0.7693594357367721
0.5821953124930901
0.4245009537715668
0.2983300687855951
0.2035355011630072
0.1396171653577428
0.1063661239948034
2.614288516172689
2.627160360333169
2.670719929981479
2.771248554433472
2.888887456090551
2.980375490292888
3.033755183991977
3.056350458826688
3.058150564202442
3.04583114675869
3.022984667578335
2.991430489071935
2.951998756391411
2.904829129108414
2.849405439306171
2.784396632146946
2.707296262213016
2.61387820258435
2.497612554890966
2.349438796999201
2.158640868505119
1.915775922137046
1.618142175519525
1.276552817117513
0.9194709299012747
0.5895085974628285
0.3312866731151162
0.1769596683275179
0.13996639959792
0.2224769967621719
0.4238169927190732
0.7200379282276528
1.051700547031123
1.312712985526066
1.452714598884056
1.48229231937358
1.435399710090482
1.351168052215421
1.268912283202011
1.221594757622519
1.222422368829023
1.262941150231034
1.333403135774854
1.420789251182742
1.512405762715273
1.596104433352611
1.663040122681282
1.708376302159043
1.729631464724243
1.724477178108149
1.689475254459625
1.620293857910205
1.513404156874611
1.368804454188515
1.192630575699352
0.9978630135599678
0.8015823678973097
0.6197622196823024
0.4627058537205299
0.3338571847404572
0.2318737780648825
0.154059600055973
0.09929214472573636
0.06945346338878304
3.302984091558626
3.022036894535097
2.928596220574244
3.009191231957242
3.100847646160972
3.142247270049541
3.14427390077243
3.126489434553386
3.098983256537643
3.065476220965809
3.027509751567685
2.985986362163526
2.941444223454744
2.894082317355232
2.843750136269435
2.789849663713029
2.731076507106239
2.664946681704364
2.587110891670105
2.490643216618576
2.365896206198727
2.202039957972453
1.991542299397348
1.737636573498734
1.461468613798383
1.201483262457925
1.000079518620578
0.8840563936731805
0.8527602657819504
0.8935218466634738
1.027976537590099
1.308015008745281
1.694802349190061
1.889276870574533
1.897514894744617
1.775535151610263
1.575226523316354
1.34508023421025
1.13458623917153
0.9949134518191023
0.961063805353397
0.9747595432491158
1.014750027989034
1.071947730855292
1.136104454166352
1.194487495782615
1.239329591351297
1.268409344067838
1.281612657575459
1.27815548717418
1.255384728501008
1.208936526805804
1.134187194257274
1.028920399791068
0.8964591324055829
0.7474596430527763
0.5978234892635689
0.4619808068959488
0.3475146271122926
0.2548051876536082
0.1800730999499732
0.1193615703584656
0.07174489010056957
0.03996375004107979
4.400979320582744
3.474799963882504
3.247111139720398
3.275469665604509
3.289222139313283
3.260488198723826
3.216414930191922
3.170219576619944
3.123981781649237
3.077289570052448
3.029995939964264
2.982231447958111
2.934129120530043
2.885743786279098
2.837053933693701
2.787949940756965
2.738172963168974
2.68718008320757
2.633911208976198
2.576485827555957
2.512033112958478
2.437049528560038
2.348720653744662
2.247017938690678
2.137900425100663
2.035543239673446
1.956920303864594
1.910712831360831
1.885070811464245
1.858620732344412
1.835833325066901
2.047848798255589
2.422424690982952
2.466602524629375
2.318104466575174
2.03727928123719
1.680959404638114
1.308191119455116
0.9751642744864086
0.7375734718490766
0.6791400628907168
0.6793086116111956
0.6742463771082966
0.6835878707631439
0.6996362098787225
0.7146613820665813
0.723691342553995
0.7261387892731899
0.7222502339440586
0.7118026870534282
0.6938148369443001
0.6666879886573258
0.6286943021145847
0.5788641269709682
0.5180908249232899
0.4495014265014916
0.3796289225826798
0.3138076223092132
0.2542569896920189
0.2006686455544328
0.1512941728923714
0.1046463645722733
0.06410290082480577
0.02372383781667099
3.848867327964543
3.559333922590581
3.46023342557077
3.397020015035921
3.340538328117213
3.284958593975795
3.231542839651707
3.180032651430631
3.129704323325383
3.080017234445525
3.030693203063031
2.9815975857993
2.93265751597849
2.883828718296759
2.835084421579198
2.786411197956344
2.737809791234383
2.68929762840614
2.64091226112023
2.592707681916447
2.544771184250926
2.497183447906425
2.450103270767303
2.403431649881855
2.357425460340145
2.315359233294562
2.281564569241285
2.256412819280105
2.236298210440806
2.233430841982516
2.157673016116233
2.409054734930012
2.885022219317036
2.91326705562159
2.661339506854856
2.237450372973528
1.734261211784997
1.238229986176018
0.8244259614066242
0.5618218082131181
0.5388260239309607
0.5752237710297421
0.5638886120929089
0.5656302153654866
0.5645790731116733
0.5627567063862561
0.558438188158855
0.5512596668089134
0.5408104095580702
0.5267514119383242
0.5087643025458704
0.4865756363345373
0.4600153517201206
0.4289515406095868
0.3938372732669249
0.3544372151924783
0.3134328389916204
0.272035940865739
0.2304509253132099
0.188662957696441
0.1467290230207279
0.1045049678581996
0.06311516582336692
0.02092500384682393
3.550528681727949
3.457274918937547
3.405985966426817
3.358163419844166
3.314579362350498
3.269105812637166
3.222187391016142
3.174534659594562
3.126556172881846
3.078381195020326
3.03005725916764
2.981609135816496
2.933047041619645
2.884362573837991
2.835524967924397
2.786471823493291
2.737092212539682
2.687199315698391
2.636497120359162
2.584544917183887
2.53077833758517
2.474475013923975
2.415102647264695
2.351931497258628
2.285619230864135
2.223677939827839
2.175989403596816
2.14339192027341
2.12344377285425
2.136506925327872
2.062618678777004
2.403249810854885
3.074907380440606
3.174506542474746
2.877083205226261
2.343371010626013
1.719320679114168
1.133104183623993
0.6877895727021998
0.4623429370563414
0.5261271426202249
0.6042713546056944
0.5938860498348891
0.6043003580881952
0.6091658216346854
0.6124683410761512
0.6122615712388577
0.6082234340308399
0.5999275369274156
0.5869958447552858
0.5689371401491266
0.5451559894085978
0.5151055745156784
0.478246188003025
0.4353231620907504
0.385781834769072
0.3353260825315484
0.2864701257092785
0.2394316905059132
0.1938525020367224
0.1495480627332033
0.1061301038905658
0.06378985530972195
0.02154516119339729
3.47607245971241
3.436268130936133
3.404395769683568
3.360858446554677
3.31694805396871
3.270682885751647
3.223260528795352
3.17526012362351
3.127005534338674
3.078613391231344
3.030131407580485
2.981580272075978
2.932967422892171
2.884289614157508
2.835533812295593
2.786675806978783
2.737674922931839
2.688462327318743
2.6389246378046
2.58887041436945
2.538028729026383
2.4857432340639
2.431147943982908
2.370851819646789
2.301805668635195
2.235473861939306
2.188483479434277
2.156527724704799
2.136895872479777
2.151121419275726
2.063419273047157
2.368814717950263
3.113652367019851
3.254143030926064
2.93011825740578
2.32802916347204
1.631237997581303
0.9963705011414734
0.5507849169325501
0.3813357847032828
0.5202895067279062
0.5994498644308901
0.5806051646497902
0.5927356352076876
0.5971944291405945
0.5999904586520957
0.5991790238164659
0.5947476628506506
0.586409269922217
0.5738955582521363
0.5567826688248471
0.534462001962329
0.5062301356856863
0.4709460064440671
0.4292915621756083
0.3776221807280453
0.3265343440698891
0.2793059084431662
0.2344966106540213
0.1907055910427014
0.1477470944563545
0.1052687751569255
0.0633183713073403
0.02146927599465032
3.476078162871041
3.436292041207619
3.404358582616942
3.360813782101026
3.31690777350031
3.270653125204041
3.223242532624899
3.175255489153806
3.127017138156319
3.078645974694536
3.030192348071472
2.981680809837128
2.933124661186583
2.884530521338177
2.835901029522102
2.787238572228787
2.738546669782579
2.689826069415418
2.641073024971678
2.592261303923149
2.543430896258556
2.494103980869757
2.443249823017028
2.381570511980703
2.297430424273322
2.213056541035735
2.162392713932496
2.129095605098095
2.111402508432829
2.129330341818194
2.046256551844619
2.340600076772413
3.075238742531189
3.169645640154311
2.799372322098917
2.181595046433365
1.489668849519056
0.8551793347666775
0.4080591857237639
0.2725473080118074
0.495639827877641
0.5979501294415775
0.5745452776367981
0.5921155603552102
0.5987256015937844
0.6028676779776615
0.602823378026338
0.599023148236135
0.5914300890699277
0.5799356421577238
0.5641559410751861
0.543357214093231
0.5164429586547268
0.4812011778988702
0.4383816750992736
0.3771754335172525
0.3202315683913079
0.273002559944314
0.2300615943894671
0.187670524704866
0.1458084871539677
0.1041475049801595
0.0628341956301981
0.02156461229004135
3.551032807734712
3.457822182938124
3.406307127787279
3.358402303065366
3.314772863576338
3.269268743311238
3.222314258547846
3.174617286215379
3.126587277609072
3.078355245338517
3.02997106857508
2.981463559254073
2.932851468046268
2.884146193144824
2.835359214285857
2.786516080989842
2.737674302422761
2.688942798926396
2.640524835896708
2.592805791277174
2.546693736095179
2.502679269156264
2.460516962701179
2.397849447267314
2.284400827448571
2.165938567833697
2.116638603283413
2.085563628388727
2.073642951233682
2.097454539985804
2.03214300740599
2.340172313260753
2.96408601810263
2.891353670778916
2.466288903971888
1.920396310920302
1.342985996212722
0.7766763266845905
0.3083858642319851
0.1216106957364579
0.4163122434385284
0.5889968701744808
0.5661236089451791
0.5917623722013445
0.601572422017399
0.6071434877845817
0.6077354190669657
0.6044794451742921
0.5977535294104187
0.5877364333012138
0.5742179273256983
0.5565254970369879
0.5332792093754345
0.5011926584934308
0.4614019940005694
0.3827715677505586
0.3156101207732851
0.2687067327007904
0.2285297888717088
0.1872230577160164
0.1459627845865596
0.1046381225359996
0.0637740094896459
0.0224653741637593
3.846492998769728
3.558028317205897
3.458823155111994
3.395805960336965
3.339528993045295
3.284157951568354
3.230963845477788
3.179706884436714
3.129676970021361
3.080348452248704
3.031464512313597
2.98292245509358
2.934696268946896
2.886805959817925
2.839309738227919
2.792304315466414
2.745929879263892
2.700362438754804
2.655777465639045
2.612351441446804
2.571234692867518
2.536859218505331
2.523985858754548
2.491815685854242
2.35135528711323
2.114755739696748
2.056796268220582
2.025025073605565
2.01979045158116
2.051807123136009
2.033315281141564
2.416268574576767
2.689322995427109
2.34760468988557
1.955656872928696
1.602020596737589
1.240715882147863
0.8332398143346841
0.3773770886057598
0.01803976976202029
0.2470661469835942
0.5624659112304622
0.5606153002580849
0.5963510528068807
0.6099965211008103
0.6164437716440353
0.617091496444682
0.6139765348964739
0.607963457059055
0.5995479112869684
0.5886839141800982
0.5746885031889136
0.5551573199579941
0.5245816993454967
0.4793459150798067
0.32444095618067
0.2456903212372854
0.2217579673008814
0.2018203781608739
0.1693513206245847
0.1333345524159094
0.09557571141541764
0.0578554103665846
0.01874323313157019
4.408220332210605
3.478705797961205
3.248888710842937
3.276697523376614
3.290386277882765
3.26153600048386
3.217211321014736
3.170670190362875
3.124010411616482
3.076811458820472
3.028903649053972
2.980383064637218
2.931334262803116
2.881752194191693
2.831574608135535
2.780755393766482
2.72934437057492
2.677422159989172
2.624751800162538
2.571486277604904
2.526251472201873
2.52590741312805
2.621559018104159
2.636159773777557
2.065820545131609
1.87858782999914
1.915902584140477
1.922485675854968
1.935685004960754
1.973556508996123
2.021205957643372
2.403751773132692
1.996043203181058
1.579259855407784
1.434089514622096
1.330333121399598
1.18767045744163
1.000289129715654
0.7238511390051456
0.2812373086250715
0.1629607827229684
0.5452094863603911
0.5789045572968256
0.6142409916050925
0.6270769552241634
0.6314258282725922
0.6304088544157802
0.6264931030726124
0.6208780252271439
0.6144781644251799
0.6080452401665619
0.6024401734673599
0.5975497894404027
0.5972161572117949
0.6128652120825818
0.5073285864331448
0.2525148686425757
0.2354676210183574
0.2365496467728119
0.1998485327766414
0.1545076268255195
0.1103293947691281
0.07152057265067087
0.02959338402024636
3.340501158142293
3.051644365728558
2.952203879028999
3.029155662529702
3.118096924208452
3.156663172536377
3.15533435053462
3.133580061510977
3.101456657734141
3.06260974769397
3.018418955523955
2.96949908451502
2.915941395413478
2.857344277749651
2.792909078038739
2.721631277276042
2.642593780798296
2.555416298566973
2.46133893320788
2.366282285068973
2.284632270581257
2.224222179305313
2.107553287382899
1.709860145440852
1.322996725448822
1.714328884678667
1.764425182636881
1.804390256748232
1.817124812459379
1.820398966853671
1.852767720318415
1.658114938349064
1.083471436733396
1.102972949138444
1.202448930116779
1.201410241470113
1.152054812292676
1.105821179025598
1.109459057068666
1.091743957312849
0.7680694184149786
0.6360813984132732
0.6621024034537232
0.662554076194884
0.6588384201719075
0.6538057482857556
0.6476718864404281
0.6411350424344873
0.6347623336380579
0.6295296085459084
0.6267785117154541
0.628896175117383
0.6381403032789559
0.6693650004988059
0.6882153791542535
1.043757368348687
1.015712733771363
0.6725838539376718
0.4725035345495813
0.3560131624185296
0.2707478236393541
0.2009448742184993
0.144446260298628
0.1049636641670043
2.69348428466739
2.700043834619308
2.735563801051335
2.828223416839629
2.938049460724246
3.021087533696011
3.064871968737368
3.076500866439958
3.065875007295082
3.039556698052442
3.000865884279428
2.951078168427127
2.890130245530039
2.816919395841971
2.729502499505256
2.625393556597476
2.502130539453959
2.358321423333789
2.195147041093066
2.016689209070074
1.823548052876218
1.595566006903649
1.296156982734505
1.017845200831988
1.321672086696355
1.709155764476879
1.690363308925788
1.723113926692257
1.716732965019332
1.681653941438985
1.619182767494687
1.377457664271197
1.239725751295123
1.213145309133363
1.206316002620863
1.178172947666814
1.144583950438386
1.112568029776475
1.094179985838066
1.069958664469674
0.9739963244293134
0.7957103953272291
0.7475049073627775
0.7134444576082812
0.6923872430989214
0.6772091442763286
0.6652566552418828
0.6553359268001471
0.6470642327791976
0.6411866906619159
0.6389343031832558
0.6423439706280069
0.6520418723117332
0.6847412657318339
0.6688288621206986
0.9806336299647924
1.307392930395516
1.109518498582575
0.8359930545236228
0.6228837981074904
0.4702948638501498
0.3598117981258316
0.2827961934903708
0.2402848374219458
2.36024930255877
2.441757243664836
2.548732888450691
2.666176703592368
2.785790527246764
2.889864690363207
2.964166187958758
3.005430199938044
3.017503993724196
3.005583741812695
2.97333313494079
2.922331221124759
2.852325719597369
2.761555610352756
2.647042283591948
2.504979867836918
2.331396284084478
2.123144274640539
1.878841170946223
1.598911773936081
1.286147151655744
0.9586963019141799
0.7003037412465634
0.7381026260408149
1.406307298598052
1.716226385785231
1.648632804000627
1.672623440986466
1.659379500164574
1.625507815016156
1.572540019585417
1.450349405070867
1.336109940808829
1.274404811737996
1.233564080944074
1.190500827331326
1.145122336656108
1.098059405990918
1.051557715548078
0.996467622712757
0.9143424314484131
0.8220900766084693
0.7774373622903926
0.741120429527337
0.7152102887843522
0.695358985043093
0.6798700875089057
0.667246321915712
0.6566399013959351
0.6489264418742559
0.6454457096741016
0.6474065972962038
0.6534664162545583
0.6784738246401365
0.6413782411741878
0.8422974226416098
1.274252613728781
1.304660002509578
1.123733349134781
0.899329930758018
0.7055066668932388
0.5597361112972983
0.4621665991065839
0.411422627875573
2.208156656771523
2.28945316027197
2.409570987439967
2.53922734225597
2.665343667408963
2.7784631247007
2.86874427154018
2.929704542881662
2.959839599952892
2.960699306010052
2.934301469914982
2.881584520290182
2.801892811982342
2.692996179456972
2.551333143167974
2.372411506093743
2.151416269824566
1.884137506026779
1.568690627342769
1.209994827148684
0.832032867778185
0.5032152501863966
0.3642930850413124
0.612807247564607
1.408976405009302
1.706097398805651
1.619454009981027
1.637623596418189
1.618734373074672
1.58319379619098
1.529657113174416
1.442247972363919
1.356481303284366
1.294513863927951
1.243827842221578
1.194571074433313
1.14555296669197
1.095973286092941
1.045769389472068
0.9904937083617318
0.922774224215492
0.8515611324118482
0.8028236475081135
0.7627641098171918
0.732461627523872
0.7090017650683855
0.6910141867223079
0.6762131426507195
0.6627754258235976
0.6522365010141545
0.6467314177893244
0.6465289631844249
0.6492388973839971
0.667603169150959
0.6275528171899367
0.7742937380478109
1.181880615849196
1.329356125288665
1.268451294156969
1.102781463605588
0.9189940981779067
0.7638618400589801
0.6554568851040893
0.598353914278819
2.157670751859885
2.222926662957909
2.329228491177003
2.453015523551221
2.577294653517691
2.691444137822217
2.787107772325886
2.85742927556504
2.898067431817136
2.907201420236166
2.884343155119233
2.828993005828801
2.739793860544502
2.614245627512332
2.448822333070412
2.239385354188975
1.981951732075816
1.674218783301615
1.319012214981031
0.9319497939049619
0.5554206059948857
0.2754043680593192
0.2252670795594151
0.555859734118655
1.381214671364247
1.691656172532398
1.599280831221728
1.613960203500039
1.593242429083265
1.559413171380125
1.509998635328472
1.440969829274373
1.369805977374122
1.308053549598515
1.252283207435092
1.19870221078658
1.146145876961255
1.093536418249639
1.04030938056294
0.9846308669280495
0.9243062657358627
0.8641522752796242
0.8162932134256069
0.7759891311720956
0.7440777590218267
0.7190534127001921
0.7003194858546665
0.6841246761616158
0.6667310820557031
0.6516989055704354
0.6435504750443155
0.6411261012828526
0.6414197416462945
0.6551140113663659
0.6180884858888305
0.7430807148961994
1.099955561842669
1.277369132146896
1.296720419278301
1.207282770886483
1.070702006631912
0.9368444252005176
0.8353460019949784
0.7796692609137654
2.167302478328212
2.216956708878561
2.302693919417186
2.409641274789212
2.522729315482518
2.630160189866362
2.72297105531183
2.793898754664609
2.837214523457773
2.848857552467167
2.826107384321842
2.766868657192935
2.669003813054761
2.53000883957993
2.347117191276167
2.117867581225186
1.841311177024714
1.520328448088153
1.165792972739241
0.8029566611568537
0.4786042902024526
0.2649675839747789
0.2576731272570332
0.5729838893791959
1.345522600106416
1.693564824315496
1.613886330267362
1.62778806760502
1.607017708678517
1.572934961917027
1.523187642425747
1.458790811045545
1.390105298755753
1.324753642229888
1.26320387021827
1.204365709329889
1.147297337364792
1.090794827763886
1.034009732903883
0.9760719181142928
0.9167767571681052
0.8593261202047179
0.8102348639336823
0.7686816494646579
0.7357626988542744
0.7111689713607866
0.6957784455228865
0.6822387787966355
0.6619276026335373
0.6424041617448064
0.6335221075334133
0.6305483135713348
0.6299606568280128
0.6406614068862057
0.6087340579163455
0.7155070221406856
1.018448890030315
1.190644207344437
1.252126733845425
1.226770191382024
1.149263501084117
1.056795804668364
0.9789686641865611
0.9339221191600691
2.215091842211934
2.252257719636223
2.318471661132644
2.404969323913797
2.500649605813827
2.594692778455012
2.677819476173481
2.742246381182303
2.781428084738528
2.790013462963023
2.7637980466303
2.69950307475681
2.59449748600912
2.446699292767328
2.254857837741061
2.019382459458486
1.74390997621636
1.437787526275488
1.119298232445139
0.818474796287759
0.5771336384829912
0.4445008831874311
0.4728679972857457
0.7279709164353318
1.328690698981248
1.603526171552018
1.521129464976321
1.518486892771072
1.497301562085165
1.470493648892716
1.434559269987586
1.390075585564616
1.341716775543406
1.292958239297992
1.244108708296724
1.195036448895168
1.145868676886789
1.09666876656565
1.04763028883128
0.9987788235573916
0.9502651582325667
0.9036605923467689
0.8619852819160346
0.8247064643242902
0.7923049581513218
0.765553896664903
0.7503835398626715
0.7317122493194888
0.6878780571828758
0.6378055215094589
0.6216794828864812
0.6172952637931343
0.6160561642418082
0.624411136693743
0.5986811881767411
0.682980242685342
0.92710469794685
1.083325320325008
1.165925920343506
1.186963898520599
1.163507541583589
1.117931462977104
1.072573738589665
1.044263694486736
2.288515387056396
2.315870075219677
2.365369636043133
2.431762907580281
2.507448337128465
2.583708711764574
2.651961498254099
2.704388853833584
2.73408565227483
2.73510552140417
2.702542478772578
2.632611647054282
2.522742109419084
2.371807395905665
2.180668815425762
1.953183044832663
1.697724077902235
1.429015825432624
1.169589109324928
0.9496321637734073
0.804014125010738
0.7665152734492281
0.8640880319783821
1.122983431341148
1.637137220922788
1.904754807822323
1.891357532227551
1.865632085563641
1.839696829611925
1.792818189381427
1.712680605659025
1.607956031338326
1.495956416984027
1.39112087854612
1.299187333186948
1.219205778820154
1.146736280485408
1.076230245040646
1.003120700383506
0.9252078881213908
0.8440457554628751
0.765686860172906
0.6975581780578883
0.642437455072765
0.60178840900471
0.584928448318171
0.6148335652931223
0.6472826711696597
0.6083048814283228
0.5952172526108535
0.5913219956431576
0.595808585180592
0.5981300934590181
0.6061173981694695
0.5876951180221462
0.6473440978118533
0.8294572525532118
0.965796742697994
1.05859818463819
1.111076563769231
1.129795786099694
1.125831514673177
1.112690698326109
1.102282227547199
2.379803657383564
2.399241493104171
2.434639690924234
2.482680437502289
2.538217521973364
2.594687209635717
2.644862156972423
2.681554913134482
2.698066749507405
2.688465210076092
2.647836758080081
2.572584147417447
2.460798806535568
2.31276579747459
2.131681676572122
1.924616160804253
1.703591305133002
1.486393158974713
1.296484389003427
1.161451526569356
1.110204857446655
1.170788247769851
1.371836978356757
1.74315740297141
2.265343064334608
2.624042832354681
2.792763277899058
2.846723251407071
2.821733786638251
2.709764961817851
2.510558141620389
2.250672863979138
1.972526326572241
1.714303635812159
1.495653975262703
1.316383010606195
1.163564177877565
1.019979302864974
0.8710083336485648
0.7100180175522138
0.5419617292573382
0.382434638406602
0.250320679067266
0.1594520369127238
0.1174633147171553
0.1278342725906595
0.1793999360866568
0.2337866182598285
0.3660799513692523
0.5405380126317504
0.5506620426017846
0.5702945192618532
0.5787635447709493
0.5875923346944008
0.5764845797454189
0.6133429766017198
0.7368020455808443
0.8507576809169515
0.9456521730803449
1.016998005584213
1.064454363365624
1.091464574638288
1.104110922568943
1.108731541266146
2.483782500566127
2.496610008451269
2.51996573569285
2.551647702731451
2.588132566254177
2.624636435476207
2.655463905646848
2.674531013980949
2.675887546315908
2.654173400420853
2.605052148298878
2.525685141759503
2.415283062872195
2.275748101411217
2.112390632298089
1.934632690895083
1.756487315125703
1.596488656712985
1.476786279196338
1.421457179075633
1.454610638694969
1.598615388172862
1.869493543546227
2.259407165131193
2.70167564239234
3.078651716068056
3.330211161221177
3.441076575214226
3.420947440838668
3.278365871920105
3.029130988261844
2.705687523367478
2.352034203639348
2.009224055435343
1.702632731027186
1.438058764858125
1.206264036161414
0.9913872440156917
0.7794035244942497
0.5647388802423199
0.3535657420309778
0.1622577614272554
0.01145058273382935
-0.08068508464411672
-0.1028484252755665
-0.05335642981060887
0.05871087617250914
0.2230107645917141
0.4262875806087122
0.5447198136864433
0.5429335135330751
0.5592326425909968
0.5661992160058769
0.5729339268644343
0.5668297290585667
0.5855279378991811
0.6600976115789403
0.7500257588679031
0.8392888580635106
0.9180838961282372
0.9812929516207477
1.027258229011883
1.056728852367236
1.071521500321175
2.596803953338942
2.603965054185287
2.616891160961223
2.634103799218478
2.653193430152202
2.670763954871153
2.68256277169995
2.683815728328133
2.669696577026947
2.635853368571055
2.578963031170245
2.497321106585542
2.391468891254448
2.264827268801571
2.124257915500464
1.980413502140082
1.847691116969403
1.743621351276907
1.687654734833291
1.699460861609541
1.796666890008884
1.990947136435557
2.280237320400837
2.63805932285242
3.013471440337463
3.355327376937895
3.610138494751081
3.738151060185445
3.726389162079656
3.582359889044096
3.327376052014793
2.993732930861471
2.619890833784408
2.241998360330287
1.885587049248111
1.561654565176289
1.268483875454822
0.9975287876705271
0.7405088902382909
0.4951896869320357
0.2681112478068913
0.07364447335455607
-0.06980436364438367
-0.1447275173399848
-0.1390477271723195
-0.04899729107009335
0.1192289367976769
0.338701613733719
0.5144832039805796
0.5521550502664524
0.5433028688694228
0.5526077814106661
0.5566969856775288
0.5609552745118832
0.5580878576164964
0.5648454949460009
0.6041699008788234
0.670456457451712
0.7476079811859747
0.823880995012968
0.8913883628360734
0.9452309553662126
0.9827111589922121
1.002628938769289
2.716143808592193
2.718389798247587
2.722239836969511
2.726761028539738
2.73038355620874
2.730814732553661
2.725074792096015
2.709711621194579
2.681191204380586
2.636416209040641
2.573318059120368
2.491477701000654
2.392728491928038
2.281672268060625
2.166006691403019
2.056538307779427
1.966765325074137
1.911968290095323
1.907803918981154
1.968335969596503
2.103175341076086
2.313316440957659
2.586565027083422
2.896723570029858
3.210813751203251
3.496283864684996
3.714365368352041
3.828949466573017
3.820247261186434
3.689230054429163
3.453095969230854
3.138855608862908
2.777540588711462
2.398665377471196
2.025352157577705
1.671539254924215
1.342346538498191
1.037322877435649
0.7550549762759912
0.4972366451031035
0.2708059956307955
0.08772710266371632
-0.03718847888198694
-0.08971579033892149
-0.06021866738735333
0.05183846566454593
0.2303196196708645
0.4267318099766214
0.5422504935622572
0.5489298327803221
0.5416578723614951
0.5464331109317361
0.5485650054953719
0.5509290679089822
0.5499452111625962
0.5501962991812988
0.567396575822282
0.612803853564843
0.6740758413010041
0.7404518440334723
0.8033116804706825
0.856170434028353
0.8944568195718635
0.9153033311276566
2.839598803634416
2.837607035891546
2.833638786415694
2.827227802575699
2.817501659116812
2.803085251657761
2.782100138043059
2.752317775352192
2.711487433684407
2.657812079607443
2.590510892789665
2.510391674266635
2.420350375434528
2.32570872797974
2.234296291597623
2.156191047529306
2.103060006529184
2.087074166341994
2.119373649617163
2.208024026073729
2.355487233461161
2.556174511137883
2.795667928577511
3.053231981359795
3.306005333186473
3.529804056697608
3.697703836898531
3.783753136640912
3.770678343650462
3.655281638365703
3.447781342850604
3.1673318123158
2.837042000572896
2.479884148883289
2.115657907965442
1.759182154054943
1.420062720017001
1.104062901853851
0.8154636154970105
0.5594011771330115
0.3433013352069176
0.1769816169908538
0.07137182767565924
0.03593065080120799
0.07474259094266344
0.1809503381320509
0.3294170186663214
0.4711512428313488
0.5401402866052533
0.5421302737070669
0.5375716479302112
0.539963637181804
0.5410244060523689
0.542190710450296
0.5421790047341203
0.5397253970090561
0.5447869489950402
0.5735988934838927
0.6183615330265086
0.6708496821849961
0.7233315286488751
0.7691966024086888
0.8032938495627885
0.822132232098434
2.965168211945545
2.959626880804182
2.949130223950025
2.933631610057243
2.912865553256306
2.886238230353014
2.852809538083425
2.811416839685995
2.760960799053416
2.700828805747694
2.631388752451111
2.554460045393891
2.47366330526538
2.394560339905437
2.324515629368694
2.272235768627212
2.246969206128554
2.257368711963954
2.310041900536578
2.407899093649766
2.548650532188157
2.724165268551229
2.92140562331851
3.124615012138427
3.316982348423599
3.480779439202962
3.597823400752121
3.651222994733911
3.628765353820365
3.526221412126679
3.348219079931509
3.10641276416104
2.816473926776411
2.495316037221728
2.159070655841501
1.821837864280884
1.495199795632155
1.188481959301593
0.9095733626716432
0.6659084769462318
0.4651502155924159
0.3151898743551443
0.2231839412073487
0.1934281856990504
0.2240139214881204
0.3027571288518257
0.4044195355083909
0.4932153320099522
0.5328156109783625
0.5346510111006663
0.5320430028067892
0.533247311255065
0.5337690317579289
0.5342684548723956
0.5346593021156645
0.5316515841507155
0.5310549639022926
0.547932884863383
0.5780606917907571
0.6159748962695377
0.6557011025565163
0.6915500449366638
0.7187598598910746
0.7339609850601859
3.090773204863372
3.082448538860195
3.066849538175672
3.044286498524734
3.015000705366823
2.979040633884309
2.936233834324508
2.886295231843774
2.829081318595419
2.764956620343232
2.69519798076619
2.622338282541206
2.550352130144721
2.484609702283469
2.431561208247697
2.398149876321222
2.390978414183011
2.415280673096303
2.47380529289135
2.565831595959553
2.686678175120824
2.828058341466473
2.979249457200142
3.128416232571504
3.263361562260798
3.371876956319722
3.442338304641116
3.46451205485109
3.430760569796973
3.337493517267406
3.186067345665483
2.982520749712037
2.736375196222032
2.459173889384715
2.163237707707074
1.860764737354569
1.56324001563807
1.281122544804634
1.02377697442006
0.7995502774451049
0.6157963743761322
0.4785826445026417
0.3918179130180585
0.3556820099933624
0.3646230862446044
0.4059120513714742
0.4604465065302865
0.5068145573021807
0.5263301511662581
0.5271520356847244
0.5258842158980144
0.5264301726963408
0.5266743197126612
0.5268361314407958
0.5272974556878139
0.5247071153579531
0.5222357645901212
0.5314753629578762
0.5503500026601426
0.5755922045155574
0.6031112021358465
0.6286301696427565
0.6483438677553104
0.6594607943925013
3.214004035278361
3.203802313131189
3.184758697287271
3.157418995148356
3.122367660407706
3.080107114231998
3.031035973696956
2.975551873740742
2.91427142495139
2.848323229073523
2.779640004692621
2.711161360648663
2.646865119858477
2.591573296111791
2.550522915552541
2.528738227799457
2.530276579217337
2.557449475287785
2.610162404870024
2.685567748491867
2.778217058118736
2.880740966404334
2.984795001093656
3.081857654918153
3.16370789952707
3.222755242370446
3.25232888829151
3.246875828541916
3.202173188634668
3.115742871469223
2.987388436038976
2.819521799454132
2.617073392778846
2.387068735758687
2.1380690951461
1.879596577184254
1.621568462443576
1.373747728629243
1.145238527687153
0.9440438489365325
0.7766392952971229
0.647451656071707
0.5581470149395826
0.5068032275122684
0.4873685667327486
0.490098446185068
0.5034188748149628
0.5164789480631986
0.5203661611137402
0.5196418272426754
0.5194211200417191
0.5195589945435652
0.5196628641104847
0.5196765723348662
0.5200274038143201
0.5181835887719041
0.515978650882787
0.5212970706869289
0.532997372706702
0.5491683843600019
0.5672192128054478
0.5842556058179974
0.5975758178173521
0.6051365124295771
3.331910495418973
3.320941223213261
3.300437678332009
3.270956078289514
3.233145621895552
3.187685492585427
3.135313428326857
3.07693973868387
3.013814558118654
2.947701897031355
2.881010528502587
2.816832306281131
2.758841077670148
2.711017665644641
2.677200107851686
2.66051327439363
2.662784801407705
2.684076563623044
2.722452674458929
2.774077101392276
2.833669433390074
2.895213509042539
2.952679603681021
3.000550611120169
3.034116350415587
3.049590415892108
3.044054061244432
3.015248219407265
2.961334549973916
2.880838008038856
2.772894127005137
2.637698347742093
2.476926731916232
2.293957455246625
2.093847188255467
1.883085051292528
1.669159585009146
1.45998277202396
1.263234476910077
1.085696568114646
0.9326251233253121
0.8071893972924301
0.7100380275021538
0.6391541986204303
0.5902539104400402
0.5578738394667478
0.536838566104929
0.5232529049248273
0.5143118227591599
0.5121215944550085
0.5127828617844136
0.5126508005821538
0.5126893389884807
0.5126595455538007
0.512800235624514
0.5117670498526794
0.5111727748510217
0.5158307009361111
0.5246779423129156
0.5363422053229479
0.5490988506051531
0.5610325121406134
0.5703301475547188
0.5756002818819019
3.440875206896626
3.430511041386479
3.410945407616743
3.382369697932071
3.345058712858694
3.299476175670457
3.246437336553028
3.187260142469925
3.12383832306088
3.058606724102672
2.994415120508452
2.934347685595719
2.881508747912119
2.838760950214812
2.808389136835968
2.791705363907042
2.788691383420364
2.797814105691888
2.816101644192198
2.839481949612486
2.863361062870232
2.883302607627643
2.895591187874869
2.897548071477122
2.887593554600562
2.865087242592152
2.829975739132046
2.782322207776143
2.721860916555165
2.647763089618836
2.55875053138039
2.453541664283566
2.33145990569757
2.192983844799661
2.04007579068941
1.876218479825824
1.706164438888122
1.535450944175277
1.369765454021516
1.214264783026342
1.072957287699746
0.9482607244545056
0.8408573777835253
0.7499609177538585
0.6740232324321054
0.6116957580310004
0.5626124923960293
0.5275636972759
0.5080670850710203
0.5046241675142571
0.5060352651923935
0.5057164375438664
0.5057292561693175
0.5057136485756052
0.50557930041751
0.5053538463173977
0.5074392855934807
0.5144550141974467
0.5248313771815897
0.5370370930241444
0.5495094905809874
0.5606961230644336
0.5691967998937946
0.5739547746914714
3.536635713264294
3.528545962653703
3.512765583281876
3.488557365041993
3.45519799898834
3.412432879860936
3.360892763266758
3.302304696118035
3.23939555271286
3.175510872306187
3.114087718702117
3.058161233588559
3.010033336770589
2.971125048278511
2.941932072411324
2.921973917725912
2.909716114935836
2.902575659218668
2.897129539666964
2.889548567646451
2.876276386130233
2.854695862818165
2.823519026270645
2.782844359529606
2.733938922312261
2.678800619823804
2.619562333844206
2.557851402676713
2.494265439121727
2.428123163917808
2.357584677751869
2.280122536664762
2.193206471844266
2.094999095625176
1.98487525996065
1.863651493778625
1.733500202065186
1.597595856062819
1.459589252574949
1.32303445273031
1.190905176506411
1.065332267353715
0.9476611056181078
0.8388486416674906
0.74008678928746
0.6533989325798218
0.5819256807524058
0.5297888337713941
0.5017019638518352
0.4971776406119057
0.4992194309771816
0.498765057019369
0.4987709343527101
0.4988029769953907
0.4983381950204147
0.4989273361946983
0.5047326524356989
0.5170382778185965
0.5333324082800335
0.5513404071690484
0.568972950488158
0.5843304127938904
0.5957863922829563
0.6021386511595203
3.614551130039513
3.610653840227397
3.601849154789318
3.585714896983516
3.559756182723016
3.522452842513996
3.474051982760245
3.416822144881636
3.354668875975769
3.292246521625723
3.233876474351497
3.182626155089408
3.139813009713935
3.105024725758099
3.076549803064888
3.051932078574628
3.028309619115797
3.002486218058727
2.970980684018981
2.930558215340044
2.879111066282225
2.816236743866774
2.743319479481633
2.663260525435061
2.579970143940454
2.497665030388815
2.420060769844696
2.349627135171312
2.287088241697049
2.231287539011845
2.179441545300742
2.127713728495714
2.07196801423028
2.008524025297571
1.934747251293271
1.84936466361405
1.752476947589218
1.645314519629029
1.529838780035728
1.408318457769271
1.28301358806125
1.156073236634135
1.029691213907179
0.9064690525655297
0.7898361085526263
0.6843318595668123
0.5956183417425902
0.5302397437525562
0.495269673415671
0.4897936351481194
0.4923595929501683
0.4918027893548159
0.4918093155308133
0.4919107963980738
0.4910602089366581
0.4924939951177397
0.5030951478970379
0.5235918471525223
0.5501650467976299
0.5792914508836351
0.6077072720644132
0.6324265829508366
0.6508688161041271
0.6611027307380173
3.670238417222699
3.672463766538863
3.673747356983851
3.669125065587305
3.653562307820209
3.623847260452953
3.579805657728261
3.524483466020739
3.463321118657152
3.402650134404524
3.347986078601491
3.302601604142945
3.266770636569722
3.237891699069697
3.211463800478034
3.182558769466977
3.146918136322557
3.10104401721062
3.041585601009715
2.966393578887004
2.875553815211124
2.771496715511133
2.658608256532935
2.542659363538566
2.430027534487066
2.32671174749238
2.237328544741577
2.164352109055914
2.107778567342957
2.065249938070043
2.032559364171795
2.004401283731
1.975208621913619
1.939920147444173
1.894548619969992
1.836476015314077
1.764472738435904
1.678502420729417
1.579417069117944
1.468662901825792
1.348104085901478
1.220029536840522
1.087340523771567
0.9538401715075971
0.824492836821888
0.7055271230474859
0.6043274466690157
0.5291541134689519
0.4887924260040618
0.4824711236047364
0.4854677324318384
0.4848325117528119
0.484842648002333
0.4850304375119261
0.4837384577704091
0.4860557857360175
0.5025346781239236
0.5340704196471264
0.5751988713844352
0.6206890598314212
0.6654880265859775
0.704781911533811
0.7342802612147843
0.7507111612250412
3.700719613055377
3.710395198118068
3.723787030984455
3.732750326316488
3.729302142565395
3.708516333418351
3.67001905733632
3.617834970130368
3.558991054559619
3.501473555872779
3.4520421153692
3.414338557673237
3.38775418052392
3.367458260803119
3.34575058884042
3.314474246208911
3.267406796370697
3.200438455198897
3.110475949982091
2.997749534554396
2.865823595350487
2.720667480742218
2.569978955678743
2.422469797825558
2.286751890693748
2.16998928083
2.076761013904013
2.008474402324778
1.96340389786738
1.937230341476651
1.923885652134107
1.91651312812889
1.908376476968688
1.893583764206788
1.867544472382519
1.827142863098594
1.770671576833533
1.697611906414093
1.608366108585966
1.504042503016839
1.386367523691881
1.257753528807609
1.121495257011334
0.9820172568562511
0.8450697052178244
0.7177841658534331
0.6085491187958197
0.5267264179770599
0.4822838880714617
0.4752008904836349
0.478546945653861
0.4778543506166132
0.4778712682005645
0.4781617467703386
0.4763759991642451
0.4796034711882181
0.5029918744075861
0.5483103840886481
0.6081065090948092
0.6749901107469595
0.7414990059728507
0.8002556162247689
0.8445625144665212
0.8692972492491932
3.706188999569247
3.722742237319762
3.74717377467071
3.768503582139272
3.776372518172527
3.764874571290167
3.733893333211961
3.688266365282677
3.635877611235285
3.585466757088238
3.544430127128511
3.516717061176567
3.501233373859654
3.491541086903991
3.477369138361635
3.446944373861415
3.390718867657949
3.300677493659071
3.175753677896748
3.021573407853599
2.846592189297191
2.66080574643695
2.475546795138313
2.302545762300384
2.152172537707488
2.031695694457936
1.944281378853784
1.888930359722478
1.861141521274062
1.853978166996433
1.859272929501318
1.868768872164163
1.875034415653599
1.872051313623077
1.855459959936954
1.82252054535117
1.771889114320906
1.703316632554123
1.617368544948548
1.51523961707577
1.398706757527345
1.270224082331771
1.133126511529726
0.9918792565241062
0.852296491236348
0.7216542501993219
0.6086400702339081
0.5231192613375633
0.4757590035861365
0.4679675030740916
0.4715917606879027
0.4708657145916739
0.470897722636994
0.4713120692116086
0.4689864985988921
0.4731285837132139
0.5043739445127844
0.5660875449131295
0.6484365745376591
0.7413363518979351
0.8341998940646953
0.9163847207559189
0.9783230423835773
1.012860274948583
3.692338685866891
3.710898827050781
3.738870604633306
3.765139580921014
3.779498474626755
3.776804476154815
3.757484946610464
3.726062455461213
3.68926269911245
3.654360058430741
3.627656301543793
3.61271271262321
3.608410171966305
3.608236880372507
3.60208376301548
3.576724501849391
3.516197539108179
3.397645564453325
3.231162043658848
3.031171246580401
2.811383330365159
2.586389227779387
2.371858708144231
2.182460052387891
2.029154351341315
1.917468264312997
1.847264856515105
1.813653836839632
1.808438869842428
1.821703030142521
1.843308988605148
1.864117294236764
1.87676711383356
1.875984603529753
1.858507786008597
1.822774332877876
1.768512814072561
1.696345137308106
1.607473892331498
1.50349896035793
1.386380240013086
1.258537219481285
1.123055310723645
0.9839561644834749
0.84648084364306
0.7173228741056387
0.6047333066071985
0.5184218270735652
0.469226765849054
0.4607499733119843
0.4645843762035868
0.4638600661269641
0.4639272650870582
0.4645007410910424
0.4615969477891632
0.4666501168916551
0.5066257927855196
0.5872816977999914
0.6958561137002038
0.818700236835326
0.9411605269434649
1.048819385215579
1.12934163437379
1.173992666200033
3.67265939513191
3.680251904376973
3.693242256783861
3.706974736781274
3.717617440679892
3.723222106635044
3.723778023665988
3.720615922780493
3.715729666632018
3.71128994835464
3.709238890182629
3.71063121273459
3.714327354101493
3.717162144783729
3.713420214147225
3.698911383539687
3.635920728354907
3.479985967841193
3.26682812335363
3.017303638789907
2.751195352685897
2.490169361604414
2.255397976729148
2.063409132650709
1.923171253220716
1.835633420618933
1.795158260502512
1.791656122945253
1.812713567829223
1.845567761311748
1.878772306187967
1.903292193761724
1.912911358343581
1.904076360787249
1.875416894468009
1.827159264799866
1.760570198863215
1.677501556144309
1.580067517802082
1.470464967520937
1.350933771762931
1.223842246448001
1.091876014372247
0.9583078100157427
0.8273265586098357
0.7043916919186997
0.5965407798245074
0.5125283761123592
0.4626625892650946
0.4535218615327792
0.4574854372925465
0.4568240591764071
0.4569682407429564
0.4577654102080777
0.4542485706519911
0.460203975377299
0.5097847593207431
0.6121837005035843
0.7505752960138914
0.9060213508450145
1.058664806413612
1.190485480552059
1.287528455124385
1.340790130536133
3.667433819151587
3.670674083147545
3.676070427672062
3.682896687347473
3.690290324669436
3.697806775123467
3.705180576979674
3.712312443810512
3.719189537807762
3.725836471219129
3.732245000187437
3.738378016295427
3.743638153811725
3.748527623540776
3.749059996814823
3.75743748711184
3.709006264502892
3.531750374253323
3.273081064877079
2.969113891080006
2.655026352404859
2.364836542709723
2.125194158251481
1.950803190780045
1.844113396075197
1.798024686052845
1.799492884528493
1.832493779228317
1.88049627833116
1.9287217659734
1.965766266852887
1.984193550988984
1.980227348761289
1.952968476400073
1.903514049158377
1.834182471029112
1.747913227348374
1.64784347738793
1.537038559334152
1.418348943033556
1.294371367609636
1.167499887389206
1.0400587196283
0.9145147526594491
0.7937769881208849
0.6815939363156334
0.5830285024840989
0.5048977869253878
0.4559436203581573
0.4462503628218281
0.4502173968455063
0.449731569826943
0.4500314039601793
0.4511727894419191
0.446980641715534
0.45365440472679
0.5140585953790278
0.6421230720650819
0.8138472357739164
1.001917597732082
1.180710483598502
1.330408790692362
1.437984003681957
1.496173828094956
3.665157703738532
3.671461036091247
3.679686482045887
3.688844427263588
3.69720293658226
3.704165670783724
3.709628068133103
3.71390275110354
3.71751834201428
3.721072948679304
3.725055212426689
3.729825675466621
3.734850186910058
3.741365848299307
3.740907132031206
3.767352409017602
3.745554968514198
3.551876550892509
3.241088849238205
2.873404486145507
2.5117265008506
2.206938570996525
1.986940085607495
1.857097505182479
1.807431243688723
1.81987150206507
1.873056391008075
1.945013115064997
2.015970407229799
2.070926468217179
2.100683784150307
2.101288322454104
2.072682188383784
2.017295646333372
1.93890826606475
1.84184550478896
1.73047654712102
1.608946201821084
1.481058677509501
1.350234542780442
1.219489946606582
1.091427206642237
0.9682553088299602
0.8518671872175861
0.7440028036751171
0.6465437682139248
0.561997404788887
0.4941588673889011
0.4487216122902066
0.4388933623968011
0.4426405461284505
0.4425359859308058
0.4431358115062322
0.4448629877860762
0.4397891084823623
0.446357959566798
0.5205596171857758
0.6806859060689441
0.8878830005878361
1.103093883439196
1.297043705281061
1.452387443975387
1.560590065675424
1.618103816483342
3.653744895694705
3.664434656737054
3.675331943335635
3.686244294451932
3.695541966796884
3.703082124767244
3.709038584539342
3.713856579823719
3.718086431682754
3.722309608365628
3.727015071692644
3.732690009648409
3.738784986141673
3.747733848896359
3.744202350113364
3.776861242737221
3.778543242621979
3.550845899548628
3.162969041573463
2.717943047699812
2.317144092965595
2.024450311361015
1.857939693508202
1.80354937558366
1.833683110245369
1.918473181564726
2.028173943892245
2.135296958106637
2.218915209552821
2.266958095372814
2.275291293512108
2.245296939679152
2.181524694788402
2.089946675309478
1.976803990597563
1.84794136763702
1.708542264809392
1.563154553790802
1.415856450607526
1.270407491265305
1.130281600177031
0.9985682272263883
0.8778048929868975
0.7698269810664208
0.6756919288922426
0.5957173716417273
0.529721359885937
0.4776017491359037
0.4402306427749003
0.4313929075992611
0.4345231294121474
0.4351580078592339
0.4363348093387833
0.439194395748344
0.4326677775756583
0.4380692740726244
0.5344966784851045
0.7349075503350311
0.9732473847176875
1.200388928760589
1.390462761837207
1.534211556993683
1.630616686573605
1.680921303403429
3.635773488268084
3.655680913988019
3.672174164496734
3.686369139352019
3.697063751818807
3.704877208897018
3.710497179427558
3.714710157756944
3.718293729194493
3.722020279742979
3.726594059722253
3.732847318222132
3.740476820117357
3.753720630290228
3.747960438510533
3.805177728595678
3.839277462929957
3.534067816528677
3.028345664153898
2.502547653547199
2.089987766638216
1.847609980326896
1.770434167216421
1.818962299428728
1.946043863145177
2.110938183618045
2.274050837699141
2.403640773494391
2.482215167341836
2.505225161883586
2.47635176698808
2.403421333837706
2.29576601685968
2.162581816553715
2.011940350920863
1.850366974849909
1.682932586973596
1.513710155449021
1.346358932866875
1.184584830158188
1.032295249588876
0.8934026291339742
0.7713823494253352
0.6687749655626523
0.5867777557862894
0.5249452805114885
0.4809848667875395
0.4508021448862906
0.429111955480677
0.4236683335428985
0.42551773023856
0.4274697015795265
0.4297864275661498
0.4350458339958483
0.4262885811594672
0.4353914970388728
0.5714949543001167
0.81215568532723
1.060774033222932
1.272674430220151
1.434832161312641
1.54848670205656
1.620573035475881
1.657522265206319
3.608490961984196
3.64485819737335
3.669807828704097
3.688403266797456
3.700592734594788
3.708298291029834
3.713027811079932
3.716036017854098
3.718374067426888
3.72103251264118
3.725001697452569
3.731629592207572
3.741458776110947
3.761201508734499
3.757363982584683
3.881782908108709
3.937468146919653
3.473532903642972
2.828813642617811
2.264741420975633
1.894852787192619
1.738750236443187
1.77000330756076
1.934052676835929
2.167031559796301
2.411400379654492
2.61243412027727
2.74042337822712
2.789626911311776
2.767346142377689
2.686170205895657
2.560210459396108
2.403059691404121
2.226390178279897
2.039139232637937
1.847414072387421
1.655059582048182
1.464648247699908
1.278571935462266
1.099915125795857
0.9328463897562378
0.7823947252691621
0.6536882631069841
0.5509509431806646
0.4766101070778414
0.4306492888599787
0.4100182409477611
0.4079310350879995
0.4134529533459033
0.4155934307137393
0.4151187413855608
0.4191492715415662
0.4235427382803456
0.4334849841913452
0.4236368886022574
0.4644650872233045
0.6554285215854232
0.9029928535375619
1.118099134204042
1.28219927231854
1.395695387072435
1.465411292283058
1.503158837284452
1.521519687978631
3.55702282498932
3.641263877017782
3.678566241720182
3.699162716411273
3.710103140545442
3.715481110055232
3.717652933636205
3.718147719619952
3.71810500085992
3.718594079997835
3.720836574709914
3.726774060353717
3.738610548680126
3.765499387791384
3.778961373119361
4.021524357633908
3.990953648102561
3.300001602408061
2.603470983128593
2.118748195761248
1.858514438194589
1.794870458375043
1.909882139985335
2.172945069916357
2.517618357940153
2.825501750225938
3.029939538754974
3.121966514127276
3.115371906054518
3.029357912219126
2.884059762655799
2.698908304541568
2.490887097677514
2.273050006662379
2.053939486363721
1.838011340977233
1.626791376751017
1.42039615937726
1.219093933229501
1.02461979322654
0.8409536513984797
0.6742882423175871
0.5320774411042799
0.4214126463514767
0.3473456460233008
0.3117498785120413
0.312671026207017
0.3434380570087123
0.3912319789746841
0.4069417695289678
0.4026159388208793
0.40938009217963
0.4168208338785588
0.434055935652525
0.4320030311266707
0.5569801722418057
0.7711705293332201
0.9461719135720159
1.081278170395874
1.176965309628527
1.232862446653487
1.255598276233916
1.255464788896919
1.248467375453371
3.358975936758611
3.597562382497835
3.675472949483285
3.707553392278075
3.720224190702156
3.723780353788873
3.723013147539111
3.7202714071094
3.71688823447527
3.713888867115963
3.712438443906269
3.714492980673563
3.723201971593567
3.746087826413807
3.783854019195381
4.06455822127747
3.742486675231953
3.022014872470891
2.539712153485766
2.273130217155208
2.154162578820128
2.141414529545306
2.252805104049592
2.553435296433663
3.015707471345761
3.333321789117952
3.488358927344489
3.510397589821796
3.426980723127217
3.264194131795363
3.04819052724216
2.803048969627513
2.547981422255681
2.295842637403262
2.053262393350002
1.821890715510773
1.600147886041819
1.385092050831233
1.174229740539237
0.9671589009419964
0.7668406911908057
0.580122222412647
0.4170593169268423
0.2888778268385693
0.2051645487422211
0.1716168086841583
0.1893727005789992
0.2552630859809018
0.3611749923795513
0.3973776243048009
0.3872122591641209
0.3963628200547062
0.4053910183110452
0.4260232652574426
0.4364107094020058
0.6193309624506586
0.7579475114232694
0.8100412731516317
0.8674945830998758
0.8985965914905528
0.9011611923963072
0.8888571830796447
0.8642164951549993
0.8169940526278912
4.102988733271577
3.878556795672466
3.806582785827749
3.773219727652512
3.754947662144754
3.742668443259244
3.732798086700213
3.723839522091149
3.715264015553129
3.706943511885013
3.698992786871694
3.691707593174052
3.685894062165077
3.680900548883586
3.720239811195824
3.5418622886907
3.166652291633569
3.085868559802057
3.030026276615988
2.977465846069211
2.945482177542355
2.916954304979162
2.897727752164987
3.14547611015825
3.627371893415831
3.856819286979785
3.925930141515117
3.861275489762387
3.689591091314696
3.443814443782957
3.157393970918407
2.858328775516671
2.56596713497441
2.290782908157444
2.03597188207252
1.799640191183772
1.576909497788962
1.361775554203416
1.148815276221877
0.9348801734513218
0.7207861048609523
0.5127063901410426
0.3225584422784824
0.1664729274072694
0.06107277403569607
0.01905143790716586
0.04712616820127912
0.1480815043811991
0.3241203546861249
0.386230013643056
0.36766652631561
0.376268057013895
0.3790123502593133
0.3839671312503714
0.3803785064027893
0.3650884188128332
0.3256626344601976
0.3618610422465304
0.3948614460751471
0.3817845044244057
0.3518013992325894
0.3293016294938408
0.3189701462631875
0.2202906234635957
3.917478286913018
3.843331891469487
3.809779751837828
3.785870626955495
3.767865721754961
3.752590089070288
3.738815565482062
3.725689954606668
3.712620910756363
3.69899512730267
3.683997852458107
3.666146007746775
3.643207060469902
3.606048318288298
3.563717967955158
3.390409031629434
3.296700922161974
3.286955600169402
3.278180748289276
3.265745694033964
3.254111406466927
3.257884531855751
3.180229177758505
3.447973672769135
4.030406481534081
4.270164728372172
4.282217830246628
4.130503984005618
3.86681814469415
3.540547848670144
3.193536147321427
2.854975197888739
2.541010495504728
2.257450543903528
2.003117770830839
1.772607405928984
1.558278597503715
1.351728142148541
1.14506926668594
0.9323193932267156
0.7111513136714205
0.4850650290164122
0.2654908615466807
0.07242187466645908
-0.06838744687461464
-0.1321416668845095
-0.1017126833661566
0.03301587720155261
0.2846997512688973
0.3753191531349765
0.3481823357014982
0.3576317596429044
0.3568694792267272
0.3528248585041722
0.3367118497857408
0.2852701272578408
0.2411878103338827
0.2251958904120812
0.2125489140191563
0.1883043388473323
0.1591720838436803
0.12881795569762
0.09765569553849802
0.07514697355790011
3.887432141584627
3.856056971171956
3.830954453594364
3.805103050560465
3.782920410580611
3.763090867615216
3.745021012636116
3.727888647332564
3.710898024304999
3.693141359054743
3.67351222071813
3.650367426328053
3.6218127811589
3.58162248064684
3.534145106227637
3.432701030612129
3.335200526895606
3.268805804787543
3.219789794115243
3.186185134339835
3.165804098114732
3.179729141666969
3.099913257657813
3.44258007074081
4.204804875235709
4.512926699660041
4.496030687982952
4.266768087653333
3.920387241515667
3.530530076213837
3.14535054262378
2.790302281017729
2.47490064043135
2.199117521267735
1.957696468981197
1.742656674364633
1.544726330769309
1.354255434008195
1.161944248069916
0.9596696467818732
0.7417777505789145
0.5073223488946954
0.2635622413474679
0.03002122294916411
-0.159775620862249
-0.2635714679503476
-0.2438256026682935
-0.07859686549420007
0.2478989006400591
0.365337383334994
0.33054285640192
0.3430258532043187
0.343109300053534
0.340640488342595
0.3319411488094205
0.3121867498889833
0.2922327712502971
0.2803864720845677
0.2673815848600334
0.2464268621575355
0.2189618513600946
0.1863404084630993
0.144867933263465
0.1178793970819492
3.897198573798667
3.870375373956812
3.846290585890153
3.818492500021684
3.793583934934397
3.770654651068301
3.749524368861293
3.729480885377496
3.709651068192117
3.688958516336391
3.666132841315599
3.63948446714942
3.60719871805744
3.564935460600744
3.513886394513745
3.434088426404856
3.348066424818943
3.277420776040038
3.229289182409281
3.197172781981815
3.177790173452866
3.193677938869212
3.100788699887019
3.413898118307571
4.244326912107315
4.575683523536429
4.517864984448591
4.22028880423232
3.818341876849804
3.401060115064527
3.012986042330803
2.670316132176433
2.374884212598067
2.121988956480732
1.903976460654154
1.711845199211817
1.536060589976438
1.367024613704854
1.195369511408016
1.01221843014679
0.8096886285175349
0.5822319270799796
0.3298787902129434
0.06456066951205133
-0.181152121152127
-0.3492477658027718
-0.3680938583174398
-0.1846868266956241
0.2153961101275774
0.3559879652643482
0.3143988526100026
0.330833267092519
0.3320506267771122
0.3302464604796957
0.3222104908203594
0.3069340906901897
0.2895250021307779
0.2740024407168155
0.2565076136859915
0.2337247619372308
0.2053269733771278
0.1718646059196416
0.1289236525401167
0.1108064807747277
3.946818359640628
3.901184495394504
3.868748024449007
3.834733712407043
3.805543554654665
3.778968007132895
3.754745594026105
3.732122205586094
3.71009853867502
3.687481558893757
3.662985823587041
3.635121571437071
3.602527707082156
3.56243597855297
3.514485320342585
3.443741969845035
3.350051915474516
3.261120949092333
3.20848363087398
3.174123699306808
3.156016725408007
3.175443345984544
3.086354230543849
3.391827939828453
4.210253313298516
4.465498586737161
4.315304812993796
3.962209665620371
3.553208380756399
3.160892533586849
2.811149169978011
2.509164937615532
2.252129505914458
2.033886872997595
1.846693253438644
1.682124405110243
1.531619352763896
1.386761785581851
1.239355178434586
1.08134308983812
0.9046611295600304
0.7013073306145284
0.4645418187700406
0.1934822726126664
-0.09515251656863431
-0.347082271329833
-0.456954407301282
-0.3003200686863887
0.1751641370504685
0.3460629881297098
0.2997226790817676
0.3222996133174052
0.3263422786332271
0.3268607107759936
0.3212898308248731
0.3102000374025458
0.2961313851636843
0.2809530944771824
0.2629435074209794
0.2402592456455953
0.2117563607066945
0.1772483413909379
0.1314752599698357
0.1086195446829775
4.037888227300311
3.930827566431252
3.873672257125907
3.831429019884745
3.80052951684037
3.773927397494357
3.750317674870748
3.728748042343203
3.708017910979874
3.686708516870855
3.663416435616462
3.636848036519654
3.606355627170215
3.570741201666086
3.529798804964457
3.46117873382444
3.340040138367345
3.216222670322007
3.165159653403276
3.132823875688805
3.120575732643749
3.146531789900323
3.075270852419258
3.403613269315443
4.10902622095584
4.150019606619892
3.869792179213405
3.509558947066001
3.161277528414
2.846198029715441
2.567860729331329
2.326458724932314
2.119753223568901
1.943131105741345
1.790488350716776
1.655150487446782
1.530439457239587
1.409911337090944
1.287373499484399
1.156735589277029
1.011666949528623
0.8449821196001763
0.6478076199455155
0.409487805664386
0.1225263741577933
-0.1959669981026668
-0.4540387898645166
-0.4393721874648873
0.08266930411134971
0.3298718833650682
0.2861561090650925
0.3175909518555521
0.3256002353309038
0.3282802437682335
0.3243323977286416
0.3154189252348282
0.3031939572081659
0.288731589417502
0.2712151106363724
0.2493492424126783
0.2213891508298613
0.1862686534473022
0.1377483330275059
0.102641286281238
4.385130282379901
4.078378787586574
3.973348864095793
3.913894621937157
3.865837616580092
3.822939240060932
3.785452661872651
3.752142621856767
3.721439756325718
3.692077698377358
3.663143474125817
3.63397469429166
3.605027732464703
3.579806305106786
3.572085488953499
3.543844695444915
3.40343210859999
3.163643275535506
3.106434001076197
3.073663800160052
3.068478606506092
3.103538661007262
3.081086184839589
3.502988683645308
3.846592535249275
3.552253578740121
3.218281973357494
2.953538477820034
2.725125392939037
2.513278492957081
2.318476660009063
2.144465466171956
1.991814053540704
1.858179593506031
1.739750295399442
1.632230562574815
1.531332405712866
1.43296495952422
1.333261005220139
1.228511833894579
1.114982853156411
0.9884262483823514
0.8428994204104285
0.6682144068945018
0.4455086029045466
0.1463820150109126
-0.2307184634235876
-0.5084415404282885
-0.1058532049283967
0.2950185312181194
0.2778010501451747
0.3195788840939494
0.3318919904318515
0.3357479526220476
0.3323669060037573
0.3244421109470276
0.3135153629344019
0.3004693038734831
0.2849740274892091
0.266092877848866
0.2418082846488688
0.2104043751456319
0.1611609423911324
0.0955503201612888
4.848673076801912
3.879091888044949
3.631359436605572
3.664324191756238
3.697734802288193
3.700966266328434
3.69779263551971
3.697581161541284
3.698965560063749
3.698306067187629
3.691702451848077
3.675621801128184
3.654529554490154
3.660156789388808
3.739913568483439
3.729763882485194
3.126943944595077
2.923751167691051
2.965988570663026
2.971423991990762
2.984358662535451
3.024720796735762
3.071058714231855
3.50075864370088
3.131001418263019
2.697387592414572
2.547103173735265
2.456064344198259
2.344935034784613
2.221588116596077
2.100528510809639
1.987547477394554
1.883596978749253
1.787847089187473
1.698736897082737
1.614401139577461
1.532927136790087
1.452482015853338
1.37135130752876
1.28796333174844
1.200929950762139
1.108952838259374
1.010217132040836
0.9009795109694553
0.7727948939680866
0.6020359717532384
0.3194016257378722
-0.1492755254503067
-0.1928884352110057
0.2711592882266107
0.2979730062825984
0.3377446764720803
0.348848010535254
0.3502201020294282
0.3451074652640249
0.3365713290048329
0.3260320674572624
0.3141994838788396
0.3008176257563653
0.2846801256809596
0.262463644369033
0.2287347523048439
0.1529011813975436
0.03183541714274409
3.401549598615806
3.073596714631542
2.943498976102315
3.02526646565131
3.159141074927488
3.276285600964061
3.376710162281119
3.468542771290075
3.550676309816695
3.615562612153121
3.653458056352628
3.656788111046881
3.625446404478333
3.55536905933331
3.36755698746542
2.86019010944826
2.396937379283079
2.767714033051754
2.81764259679812
2.853580904109211
2.862998924378529
2.863396413908538
2.891548284901489
2.686931831115058
2.096547949835941
2.100312822426641
2.184598512835757
2.166147022570011
2.100839320916144
2.027472314804339
1.954853059599986
1.883088527690806
1.811957022165586
1.741534917913515
1.671810660662793
1.602628180478329
1.533771062549691
1.46501889211856
1.396167743489964
1.327059611038284
1.257681257637794
1.188261024742722
1.118951738065819
1.048724700766136
0.9765933877476526
0.9141903456447807
0.8991601756660142
0.8578948637611176
0.5153066266334679
0.3734375796008443
0.3937699989572727
0.3915094944792459
0.3830755920896632
0.373465809877535
0.3626369692139788
0.3515800239510379
0.3409610823497933
0.3314736601930134
0.3238560383409225
0.3195578418574874
0.3212890748989762
0.3371642169575123
0.3733735030064972
0.556019411260117
2.400864563842586
2.388212800678974
2.40832098097804
2.513738960166863
2.676073232656698
2.849026782126432
3.009471210850855
3.149956593871551
3.264009034825393
3.340706652714446
3.365483757344486
3.322052437907092
3.190174232324998
2.936881445922551
2.534520747613565
2.124208542850613
2.374931536894169
2.761853023045429
2.742092104225681
2.771084463841335
2.759722970017757
2.71759899943526
2.64437917530927
2.380630990257802
2.222118617202633
2.17838776057243
2.153550321858924
2.104239956793403
2.046920510989821
1.986580539352153
1.924564844692523
1.861206184477585
1.796812667980187
1.731667704287121
1.666001312243584
1.599995475999256
1.533802177297478
1.467559288291601
1.401404216274392
1.335488494687275
1.270007916381513
1.205243702290995
1.141585480400992
1.079452955142111
1.019565867075508
0.9642806586298719
0.9251100546814716
0.8801114482037369
0.7636985909025257
0.5542546682183337
0.4915092488529479
0.4481202550114791
0.4193128083003389
0.3978050446341062
0.3803674809678929
0.3659181937521438
0.3541407021574253
0.345182155430566
0.3395349611429831
0.3383303768338783
0.3435131376237562
0.3601809681878748
0.3945054448838247
0.4792453141558383
1.765284940168077
1.843709182370175
1.953510965116338
2.09333648687928
2.264333388060142
2.448969715446753
2.62460969031332
2.773731117260676
2.882258725630126
2.935004299538011
2.913443342949222
2.796071551517691
2.563550339856809
2.222245285670996
1.871280705345109
1.797744183141828
2.44347226056241
2.770555648823977
2.700894176805878
2.721797915472536
2.703031415008789
2.661358815062348
2.598135047652805
2.461340642964474
2.331421908444153
2.253675431979307
2.196064127464542
2.135190470319008
2.071431426502188
2.005594234866819
1.938769737131191
1.871457950045956
1.803939131866172
1.736365373730802
1.668811704976643
1.60130211549241
1.533833044313213
1.466390817287817
1.398963473610936
1.331552063099212
1.264180731884944
1.19689804917691
1.129752315827372
1.062724103058752
0.9958423032981883
0.9289704686508379
0.8636667010192461
0.7900172197967769
0.6914122063669548
0.5810825263483197
0.5238083285350829
0.477251291939035
0.4426271105449493
0.4155325140011956
0.3940384935551303
0.3771286987006152
0.3643450946679463
0.3556355920153111
0.3513101532261301
0.3521562089161953
0.35939579664364
0.375436847341077
0.4024218249921719
0.4446616216595827
1.364326196291101
1.452188602262505
1.587321074505527
1.745105030226042
1.916060761984477
2.089705063140511
2.249173899588011
2.375726298196968
2.451888426062654
2.460993652104939
2.386529329935955
2.215840243776522
1.954737013103945
1.65991356989458
1.480157002438998
1.658362098514654
2.446765590318752
2.764559547465785
2.674740421583273
2.689330324212574
2.663862111283522
2.619286208778692
2.554310978356069
2.452527694403649
2.351081537973118
2.272747331739551
2.205122909341996
2.138355576021624
2.071624433183417
2.004605907007359
1.937446157202599
1.870201373579815
1.802916622514056
1.735623475972105
1.668339755274466
1.601070839038764
1.533815011779212
1.466567754848254
1.399325124665936
1.332086921095549
1.264858263185009
1.197646508068871
1.130447094976856
1.063200838476535
0.9958365456828097
0.9280217509814325
0.8598317661895211
0.7866836516013501
0.7021707918408497
0.6140820143538855
0.5515930430056237
0.4998883357604204
0.4596662773662131
0.4279043084968042
0.4030418709141037
0.3839998910738341
0.3701496786031417
0.361214751054316
0.3572154344267163
0.3584751117488418
0.3655058525354032
0.3791614174155066
0.4000900265728506
0.4288595689678491
1.111068211530382
1.187898625348125
1.315389828870792
1.468624748050508
1.628335114716814
1.779537892089808
1.906588315258672
1.992732784659934
2.022506754733523
1.983989420079932
1.871549310543604
1.692411607077839
1.479885037398521
1.310113917213409
1.308462461189977
1.631804969582287
2.44575524058614
2.760592156283209
2.665304955366698
2.675487038375115
2.646993556767214
2.60280704346554
2.540712755637924
2.456739075418276
2.369306764292119
2.290539343772736
2.217385891551487
2.146341762678791
2.076660715060293
2.007745372661769
1.939369574002459
1.87135841883836
1.803601214037707
1.736018561810895
1.668553253293464
1.601161987693869
1.533809923829129
1.466466428185407
1.399101749871493
1.331683139688034
1.264169569116514
1.196503776557441
1.128602008268197
1.060324453807617
0.9915112038368389
0.9218411954559704
0.8512162844529343
0.7780737503946107
0.700939710097703
0.6244639824559357
0.5623382862789492
0.5095681842393489
0.4668445282234077
0.4325654991015347
0.4056818995140189
0.3852804171608117
0.3707158032768826
0.3615832871265299
0.3576743488054701
0.3589204411674339
0.3652427572366436
0.3764651434223619
0.392036177732288
0.4112394909407538
0.9540349812881564
1.018108836200373
1.128388293861483
1.264668518225991
1.404818155135315
1.528854130629995
1.619204908743047
1.660905182563842
1.643701289323411
1.565530169973437
1.436864188734631
1.285907416974994
1.162938024755111
1.138794342741994
1.293944766109826
1.708318693490296
2.475498595752079
2.763470950290976
2.671711128267907
2.677300086054189
2.646747353296418
2.601959161526602
2.540648643854444
2.463717818831374
2.381608024685622
2.302027404225175
2.225651949107176
2.151741321126835
2.079906554300186
2.009566952949576
1.940311729355118
1.871798881351093
1.803776176442533
1.736066614390458
1.668549809086542
1.601143794176623
1.533790142863376
1.466441653365701
1.399052498755841
1.331568886862492
1.263918472040968
1.195999416502357
1.127671024826073
1.058740451582519
0.9889966654354302
0.9181745751196101
0.8462221424046034
0.7728566508801464
0.6985033819028411
0.6264726304787344
0.5640021377105062
0.5101658452528791
0.465726254470838
0.4298568920186405
0.4017624835121812
0.3806146646016695
0.3657384427241953
0.3566351833835907
0.3529399603499384
0.3543199875409148
0.3602840925441059
0.370002368709213
0.3819913652690984
0.3947722379717719
0.862486201869857
0.9169129492027517
1.011777018748273
1.130231681620964
1.250384186838395
1.349715742440733
1.40864257138352
1.413371763667195
1.359223540576458
1.254664964376558
1.125015859291463
1.013766308005732
0.978659951783539
1.080326540044108
1.365452161554791
1.854089294254246
2.547926340390657
2.781732117569515
2.696594521309901
2.696157873740306
2.664232235366089
2.617603610283294
2.554278188816895
2.477077016896144
2.393865684601963
2.311267348138093
2.231592510631097
2.155167131634371
2.081641614932054
2.010306116298263
1.94052352149768
1.871766965530089
1.803657612906479
1.735940168873305
1.668450158352442
1.601083100590151
1.533770037879321
1.466458322971366
1.399095872512431
1.331617533983959
1.263928960783561
1.195890032714173
1.127300018964194
1.05788725387895
0.987339695005059
0.9153370346667056
0.8417947127995398
0.7669171579550839
0.6919203465759762
0.6199337343482773
0.5559376193146031
0.5007384859997023
0.4550911290130891
0.4184401214558228
0.3899761886903449
0.368809775119345
0.354196504655641
0.3455904530566319
0.3425894463088574
0.3447804558399715
0.3514714786204262
0.3613909783674477
0.3721550300147504
0.3811282100343811
0.8186799066375431
0.8676853654690591
0.9535984398888633
1.060930971165366
1.168336272877907
1.25244773931594
1.292666781862713
1.275879793616506
1.201016827151298
1.08332770137197
0.9569566555357273
0.8732070711089464
0.8923772578384097
1.069672043187672
1.438105253249293
1.988508082267082
2.637960991918349
2.815438313474248
2.733270731814638
2.730038911828867
2.697562643306081
2.648052303667054
2.579768596079598
2.496648151441583
2.407185475035349
2.318941024381981
2.23515477635173
2.156242580650154
2.081435515059988
2.009594006814597
1.939719265192247
1.871058945310671
1.803108193477813
1.735551656049098
1.668203062249601
1.600955907753808
1.533747888020338
1.466535706938628
1.399274917632475
1.331902051077946
1.26431293677862
1.196336619596975
1.127707107037555
1.05803924581828
0.9868430654396909
0.9135809721086805
0.837930870231966
0.7601051455613317
0.6817230991221483
0.6064995091268922
0.5394479067668136
0.4822536077698297
0.4355904846797186
0.3987548511768793
0.3706439764077278
0.3501305774955937
0.3363414054678057
0.3287270542317934
0.3269830831096792
0.3308305101546356
0.3396343009880821
0.3519207529838183
0.3645462761216535
0.373129166912323
)
;

boundaryField
{
    inletLower
    {
        type            zeroGradient;
    }
    inletUpper
    {
        type            zeroGradient;
    }
    outletLower
    {
        type            fixedValue;
        value           uniform 0;
    }
    outletUpper
    {
        type            fixedValue;
        value           uniform 0;
    }
    sideWalls
    {
        type            zeroGradient;
    }
    topBottomWalls
    {
        type            zeroGradient;
    }
    frontAndBack
    {
        type            symmetry;
    }
}


// ************************************************************************* //
