/*--------------------------------*- C++ -*----------------------------------*\
| =========                 |                                                 |
| \\      /  F ield         | OpenFOAM: The Open Source CFD Toolbox           |
|  \\    /   O peration     | Version:  2506                                  |
|   \\  /    A nd           | Website:  www.openfoam.com                      |
|    \\/     M anipulation  |                                                 |
\*---------------------------------------------------------------------------*/
FoamFile
{
    version     2.0;
    format      ascii;
    arch        "LSB;label=32;scalar=64";
    class       volScalarField;
    location    "5000";
    object      p;
}
// * * * * * * * * * * * * * * * * * * * * * * * * * * * * * * * * * * * * * //

dimensions      [0 2 -2 0 0 0 0];

internalField   nonuniform List<scalar> 
4096
(
2.986147687062783
3.03579533770053
3.126503799475779
3.249473212314409
3.391476916684893
3.53656104512069
3.668264245071926
3.771215206080894
3.831953358498993
3.839392245466343
3.785172711758854
3.663903946924336
3.473332078162833
3.21467611063242
2.893505151961283
2.521478250745934
2.118947314008255
1.717749548496206
1.362558901381442
1.108464924632631
1.013044768323215
1.123604438749631
1.462484402793298
2.010848560476326
2.68331532940581
2.869625510499568
2.782812701887906
2.779794767290523
2.747221054510321
2.697751455159741
2.629497722161755
2.546384165048826
2.456907505522103
2.368648766249047
2.284854961508296
2.205939208082455
2.131119556591202
2.059230044292938
1.989224141702842
1.920257888361474
1.851662710328704
1.782841819880748
1.713151346118002
1.64179730284071
1.567793649141553
1.490025954713868
1.407710517140124
1.321182795935014
1.233465549363267
1.151954507796423
1.084867022414387
1.036059508560745
1.003638399143317
1.00087140752534
0.9152366731380639
1.100440686805985
1.790406169526918
2.410738095214805
2.869847044400225
3.151417652448134
3.2821747121248
3.311258758306075
3.292702549690457
3.270480685286891
3.001150945517909
3.05487148010253
3.151524318838399
3.279863957281671
3.424701551845702
3.569721252726778
3.699299856418012
3.799204049030107
3.85703069180537
3.862728292094351
3.809002310392384
3.691471035442271
3.508705685160513
3.262415534478258
2.958023578704196
2.605813847020785
2.222727621978743
1.834652193530975
1.478523510452852
1.202638302816741
1.062617500803682
1.110980249747003
1.382194443709081
1.881505572619103
2.591039766398656
2.832134173429862
2.745319317257707
2.745570971299617
2.713726265247299
2.667211021655881
2.603937598024164
2.52675152861309
2.443527885502046
2.360911402900812
2.281213785572641
2.20475263162553
2.131162091268496
2.059700523874566
1.989681941629291
1.920492953747964
1.85161370334352
1.782564006599389
1.712844302641277
1.641878675123981
1.569022642206777
1.493589742099386
1.415220323276173
1.33419913506141
1.252643423976243
1.177087638055167
1.115068434529654
1.069311659980821
1.037547579202113
1.037769713273452
0.9487620867171991
1.191295026447509
1.929841993582082
2.492515414144697
2.870803305582417
3.075853534140525
3.146248367317262
3.13543099159702
3.095248453829194
3.064154390766292
3.033921692532155
3.095589312123176
3.203338328577384
3.340428670995991
3.488716101615288
3.632227667840053
3.757073245893959
3.850805080305573
3.902807019864392
3.904995438730377
3.852062112460265
3.741325945753345
3.572588499030598
3.348200723838517
3.073307311015395
2.7561863977073
2.408768146420602
2.047736769241582
1.696892531335116
1.391024399373736
1.179437162898861
1.124177663095986
1.289621709282298
1.733516561556896
2.52273083160544
2.815065899954464
2.720881332847511
2.726929302939079
2.696313595918225
2.651589265197225
2.590303009534497
2.513368203568032
2.431230205880865
2.351624946251332
2.275220958544442
2.201263831190059
2.129348171911404
2.058863765794483
1.989362930200665
1.920437052346802
1.851734252205245
1.782923497923294
1.713668027515053
1.643580572170811
1.57224941657278
1.499129322327668
1.423831046061444
1.345664854938749
1.265127141829072
1.190023190972766
1.130271563043676
1.08658598922131
1.056269820935157
1.06273170549114
0.966546086654656
1.264992153831687
2.083808188189878
2.580120727700602
2.833868137356159
2.912109569720834
2.883602359754978
2.81043965640084
2.738237178049037
2.694170631397827
3.094638943059336
3.168470491572255
3.290443380253671
3.435474068205159
3.584136088808887
3.722662878517946
3.839069800904172
3.922629399279052
3.965218690795322
3.96179041731914
3.909774701012051
3.808405138953714
3.658535717029289
3.462838861626483
3.225969907481774
2.95433191138388
2.655389011300986
2.337072290120544
2.008770150023041
1.686485799714554
1.404384807322039
1.22968540186559
1.267832016487136
1.64578352616187
2.49380768708557
2.812681060414593
2.714306069845062
2.725076764772548
2.696530065748486
2.652434320016673
2.590370288708732
2.506375659217461
2.418888169895772
2.340090854521985
2.266912624493662
2.195827653631786
2.126074628387465
2.057037254141914
1.988472241332977
1.920172912657653
1.851984803473057
1.783760783185577
1.715348654289646
1.64654768464719
1.577137051013227
1.506546184562212
1.434046464011653
1.356330737845681
1.270182887044852
1.188334121519671
1.128240259869548
1.085479820839264
1.057326597388156
1.068423279400171
0.9681050291033908
1.295254432876139
2.168871694258407
2.586172651648024
2.69282256674725
2.625043005636794
2.491275888120776
2.358550977288841
2.259176437024688
2.205235545699785
3.203939227333882
3.291514176794025
3.42292847813882
3.567382161027032
3.709790392059021
3.838504997953018
3.941316244962766
4.009157718131251
4.037852539890483
4.026526991616207
3.975536483853718
3.885557703387203
3.75776846375148
3.594451900301468
3.399399539118185
3.177626660677945
2.934145556034276
2.672037410687239
2.390982108546306
2.089314672187984
1.776115236800223
1.500657192691683
1.390745933863051
1.653437634296889
2.49352102770547
2.817197595456629
2.723286474694765
2.738809211343648
2.71336478423028
2.668942149183077
2.604019332783505
2.502186184354782
2.400637562615262
2.322284537353491
2.254673732961658
2.18791379188746
2.121172212177673
2.054128864363825
1.986932623342257
1.919650324667566
1.852347543013775
1.7850840404769
1.717915085082871
1.650886977907289
1.584142703340439
1.517351340856783
1.449698514992983
1.371745361110495
1.270839952172561
1.171625069085473
1.109442789658261
1.066760638863819
1.041767770461121
1.057094068048932
0.961702797726303
1.291332717933394
2.146175764326697
2.436176662381701
2.379729629690561
2.186128581896612
1.982716236270824
1.820387584495511
1.711167538026926
1.654751241476796
3.402760638457526
3.489597456511218
3.605320687001508
3.733006971588576
3.862889923215879
3.97616714432583
4.057451974349268
4.102034182155205
4.112076277447762
4.091089615683778
4.041409761719517
3.964107972991114
3.859820169977105
3.729703696364795
3.576199121928013
3.403233072672415
3.215357149188525
3.015577254045716
2.802326251068656
2.566834370927018
2.295089934913773
1.988714085085385
1.728911631720185
1.766862602616494
2.485597713976031
2.823401353223049
2.748571036301449
2.771041864312058
2.75249600053245
2.711086049366738
2.647947093723202
2.511008477043351
2.380835895718317
2.303026959093851
2.245406985900457
2.18447356308996
2.120583960928785
2.054555606787158
1.987496161131022
1.919949170909501
1.852274296203726
1.784761478165449
1.717724053875657
1.651622619033183
1.587475734355601
1.525990457895695
1.467415583914548
1.388840632991659
1.2570558792632
1.12312705557645
1.06394756923472
1.02473849969941
1.006599045841895
1.027735336595748
0.9516995046734782
1.28379609480233
2.000847618520395
2.065100719422767
1.854426408506177
1.608223698481538
1.406042791836365
1.256731498756603
1.156244147275165
1.103462769782144
3.77084021875987
3.783460586860033
3.826424751103128
3.925769336761595
4.041222020907275
4.128945944463956
4.176266031080311
4.189651460579835
4.178092503399526
4.147117209270947
4.099041899972768
4.034369455326604
3.952815475742621
3.854134728987436
3.739070359011038
3.610329813249054
3.472812617356205
3.332027105346956
3.190873099202331
3.046162716823979
2.883196971472898
2.666159102981096
2.355049242177942
2.063805530774577
2.404470353673345
2.813518697947684
2.788586172903023
2.820088228341727
2.809277452558401
2.767554730682258
2.694487787629574
2.430475666152447
2.27169879496953
2.228161640259563
2.20373135019464
2.15491811052001
2.098261167054562
2.038829868338824
1.978057964532759
1.916397768453045
1.854327689032559
1.792363786039867
1.730991068435274
1.670657087723716
1.612797382173647
1.562339128730997
1.535609918461217
1.489930611528035
1.326239558286412
1.069301858114704
1.00331116366436
0.9645448276502312
0.953987737236516
0.9823405441190128
0.9541497964346141
1.333721266176081
1.66200975839818
1.417040112057214
1.158709196025353
0.9806260904634314
0.8482208382185661
0.7406548070033889
0.658150640809968
0.6097542580654296
4.442572485130762
4.161472590463291
4.067779285209831
4.148001644182764
4.239024496206149
4.279323214630594
4.279535492807478
4.258916324106895
4.227147129906983
4.187386966034599
4.140397317283186
4.086024306940748
4.023494004009402
3.951704645518575
3.870000229434808
3.779553847395932
3.684785751227353
3.592833198852973
3.509837423038152
3.438679645154241
3.38262948250977
3.335206341511658
3.209920532367728
2.790589912758738
2.413517907836107
2.816770424892141
2.863314805793066
2.902568020006446
2.912895259628172
2.913796553627769
2.942239211631116
2.73700018392059
2.144541837506276
2.148337185195624
2.232917373662303
2.214087215209289
2.147776623849495
2.072907267096814
1.998276353626658
1.923966548711081
1.84983769045651
1.776066747117345
1.702289706941934
1.628114293568152
1.561689366937556
1.541695770135683
1.625218642353969
1.62763848730087
1.023467383403544
0.8177796676847398
0.8562713801242297
0.8597291060379672
0.870183592358285
0.9051475324250937
0.9453279960351557
1.305479046109985
0.9264852487025126
0.5745884899440461
0.4942473881221615
0.463350944850568
0.4091119692782194
0.3422911282759009
0.279727230258952
0.2317037710383819
5.531156941347971
4.604814497673692
4.3770331346697
4.405364233654168
4.419109104211721
4.390353107342732
4.346220146953255
4.299893949781664
4.253390845129065
4.206183471745751
4.157926193519127
4.108421727783622
4.057323624536047
4.004137911484246
3.948526683232104
3.890691112193982
3.831931683718684
3.775317366768119
3.723747974453375
3.676700829397605
3.639596389468732
3.643979260949273
3.736056666931068
3.741616269769234
3.168439591819994
2.979833395592225
3.016225938405559
3.022676075850988
3.035698168554461
3.076200364957024
3.122889409861078
3.551398909970887
3.177503246792472
2.74176728976281
2.588212625198835
2.491084644812592
2.370422863738745
2.233662803095902
2.094699839236995
1.958601149910937
1.825670631470264
1.694729979021537
1.564933318754141
1.439154516159692
1.328620367912717
1.238776737882434
1.088417836351005
0.6459195528104409
0.2316293985542117
0.640889195328102
0.6985535744294163
0.7397479800461405
0.7537949476562653
0.758434368926292
0.7881105479821346
0.6115026945803657
0.06507760936019336
0.08666227030987353
0.1909300014897043
0.2027165772904683
0.1675436014158329
0.1229676576711423
0.0834459027228948
0.03784107721996385
4.977336503539185
4.687742292282293
4.588643690985913
4.525434514100739
4.468967206845496
4.413412969549362
4.360035265759548
4.308574730753087
4.258302613835906
4.208666394149267
4.159367247012292
4.110238270237733
4.061172188133042
4.012097022085251
3.963026272097721
3.913952261056323
3.864695515542852
3.816003741781834
3.769898709747722
3.725732959471014
3.68452569593673
3.649793446310182
3.635684300650411
3.600758154868779
3.458928484206425
3.218396750012059
3.158628776405079
3.126222461654339
3.120970220535742
3.156061972824532
3.133845486854029
3.55519052847131
3.895164315501149
3.594310630882317
3.249828263592912
2.968791591815618
2.71677059119032
2.472603330910915
2.235240388486814
2.006748307625362
1.786130311391515
1.570172731194336
1.355769166220055
1.140753574547792
0.9181274672858837
0.6598899947822789
0.3232289300738279
-0.0007300461011329167
0.2492040276099079
0.6324830428558792
0.6243533039418412
0.6588741208869749
0.6559867497640585
0.6254965853455143
0.5678432191731025
0.3416975480796859
0.2176256126349552
0.1921711909507942
0.1859802087246422
0.1588888619839526
0.1247826362642233
0.08827611053495996
0.05223730664122615
0.01457497944880081
4.679633773013616
4.586378690759256
4.535097341753607
4.48725774882716
4.443643921342051
4.398120668051
4.351121207736059
4.303336735831945
4.255144189880703
4.206622334553074
4.157741002269267
4.108412550205808
4.058518090877108
4.007921836439966
3.956607581142348
3.904478442289597
3.851063433776396
3.797828315635071
3.748857637774435
3.702500728980993
3.658893020324391
3.616319295942857
3.573823869109485
3.506845272271029
3.389969244694116
3.268966818899631
3.218096982539991
3.186316499055265
3.174138578455961
3.200134434882653
3.128998247552949
3.45748866049572
4.159790922614452
4.189711379995411
3.8899315349765
3.500180812152445
3.11048344931606
2.739892615032693
2.389505957483762
2.056950694831768
1.737629069683635
1.425206281055573
1.112527190202423
0.7914295752910329
0.4530612407244405
0.1019117131842369
-0.1907075751731958
-0.2078018816290476
0.3626456376306021
0.6384814972402305
0.5843253082066661
0.6088590671866788
0.6000404449951159
0.5717274856877388
0.5250764632492703
0.412803963730937
0.3091446145150435
0.2545311562258013
0.2205919206961463
0.1846970279178136
0.1464365632334799
0.1063349774468225
0.06589627274656397
0.02401235969947054
4.605051307220927
4.565244857599196
4.533360892160683
4.489803446047112
4.445866162287496
4.399563937901322
4.35208943274305
4.304012707093724
4.25564141564816
4.207062550800725
4.158269017301564
4.109180774510932
4.05968172128009
4.009621895085199
3.959066682216577
3.907465290302841
3.852580492235137
3.796560673007449
3.74779125081902
3.701426416457177
3.656860564589195
3.610441969804462
3.560802464570207
3.492429780821084
3.402419252877526
3.315724856426388
3.263312261825679
3.229078000388807
3.210839643913838
3.230184667409677
3.141108541258093
3.447311371574805
4.262331755863083
4.501522404348783
4.321837759495593
3.924559938046957
3.454687276158655
2.982137070920254
2.529722342367281
2.099529928024594
1.68605209308681
1.281308869819428
0.877411944218101
0.4703863063357616
0.07081301073951814
-0.2724411351841286
-0.4439722495530722
-0.2733256494914594
0.3765174038631185
0.6229104726116991
0.5539766069139184
0.5720890569078622
0.5588011940573233
0.5301757441306645
0.4845701377833814
0.4053164029172295
0.3282443696756603
0.2743809213065418
0.231101911560784
0.1889353741001462
0.1471640219539572
0.1053639420871159
0.06383964770141594
0.02230575326454471
4.605105571829465
4.56532502807628
4.533388373156169
4.489831012837593
4.445906313882483
4.399629540458943
4.352195232400105
4.304184848081431
4.255926389835544
4.207535636247323
4.159037572217054
4.110354651082067
4.061351062553146
4.011853770607188
3.962298453974866
3.911191555661422
3.851996554919504
3.788710272306017
3.740417710916793
3.695213434846261
3.652231302001818
3.605569335264766
3.554839005872982
3.48143931786012
3.401751633416435
3.334230335177818
3.28614407395435
3.253672886494296
3.233858435028707
3.249495282355987
3.156547896123514
3.470830853189828
4.296513308165248
4.605851721715771
4.508123943827949
4.15172162106521
3.66995009766447
3.148888846146053
2.62982037300282
2.126044369036989
1.637636590701197
1.160538730133137
0.6929382462302422
0.2431571877633137
-0.1583228646239823
-0.4463539372347324
-0.5223222584568553
-0.2811268945203437
0.3621594887907396
0.6044273717768549
0.5336888763625163
0.5489348158637629
0.5353315217441208
0.5099395403039501
0.4696053961187436
0.4062094124662111
0.3417712318831889
0.2892224918656287
0.2416289482712053
0.1955841718856915
0.1511337021510013
0.1076116690645672
0.06484596357346942
0.02228533810794769
4.679923760225114
4.58669178472546
4.535117131117663
4.487155073262161
4.443457949203613
4.397878770276994
4.350846468195913
4.30307754412849
4.25499776962699
4.206750155000806
4.158336647392381
4.109558115508753
4.060083077895695
4.009759770568857
3.960848873579766
3.911302948015134
3.845028061577476
3.769050425959499
3.726850749809072
3.687692325026123
3.651450701737415
3.609785882927834
3.565160600703428
3.477677957115858
3.39172879197546
3.330092572756912
3.279704147803536
3.244356113865696
3.222747776969115
3.236073342898693
3.156318389968634
3.500727693126207
4.255052066172375
4.534006710004977
4.467116796336237
4.165965688555569
3.72334792169668
3.209827587296845
2.670743886406961
2.129977209985911
1.598027677742789
1.080595237188627
0.5866775296522532
0.1366606912565799
-0.2308618054746732
-0.4582804651575026
-0.4782490568951027
-0.2258312422771062
0.3651970505819904
0.5888797564819531
0.5231685169291349
0.5370070970632704
0.5254987417989105
0.5050910416076969
0.4717520923755796
0.4151673734929304
0.3563005535610338
0.3062166380540045
0.2551314610382687
0.2040591362081853
0.1558405640061648
0.1099780970267214
0.06605026820723478
0.02254679449696353
4.976338442912006
4.687954282120671
4.588814734879569
4.525911839990497
4.469791776338325
4.414629928716357
4.361715820393911
4.310848195595379
4.261401554037584
4.213028635301474
4.165766953301486
4.119799775387414
4.07530419629351
4.0334861094553
4.003526956154518
3.978507184908157
3.895460613110056
3.754923677944708
3.713481391204283
3.680555331280284
3.653005426935882
3.618399595133467
3.584003239642843
3.445350155045725
3.361938839739062
3.354796682903866
3.341325206978415
3.32643634745398
3.313572073944705
3.316611769236724
3.238963332585044
3.505735018463395
4.074174078841888
4.277606911045782
4.231611401900549
3.998167855317911
3.62609359993369
3.161968036107131
2.646046516957467
2.10838223484045
1.570122972679933
1.04860768199154
0.5636710384597844
0.1428376370597146
-0.1770439577258615
-0.3533767809381733
-0.3442439240925803
-0.1105258467176887
0.3899577370490665
0.5770001872280358
0.5211571779187643
0.5337323421633408
0.5249614518224093
0.508740719274296
0.4758978938338793
0.3907198475439063
0.3084515426962651
0.2718707335639767
0.2343063928733042
0.191095799480428
0.148369938622141
0.105796196996625
0.06400892639514076
0.02122306684029051
5.536020134797705
4.606535586334616
4.37659163924936
4.404141996157383
4.417470184242966
4.388163655339795
4.343263573606279
4.29601003338506
4.248597564762082
4.200955714447503
4.153135754323245
4.103369289887741
4.046133246033705
3.982174371116133
3.94533694415879
3.922809406312908
3.748423031110543
3.641577462122715
3.660816566477437
3.663294406029106
3.6628703197165
3.662077364025224
3.699815612495846
3.544126198412604
3.275255033104361
3.193719689437208
3.107695965619053
3.037416093941453
2.999981510457475
2.970616815834373
2.950737309277187
3.193274799724254
3.656268190033886
3.845535371048622
3.852500306995154
3.700733933468946
3.41393473466757
3.023126673738742
2.562058623654441
2.062577821302095
1.553061484230743
1.059929220299443
0.6104300976130397
0.2343428396464441
-0.03707761626148982
-0.1745922904525482
-0.154265227118771
0.04199887719763921
0.4275895462995992
0.5685998145082121
0.5262004900373173
0.5393330960573682
0.5384738827800042
0.5395768143004077
0.5323551455686806
0.4816746296577077
0.455302976924834
0.3969212136757012
0.3163767766987793
0.2288295596372966
0.1617083387748936
0.1095650668037078
0.06755072949396457
0.02565349089049978
4.455969713867229
4.166262397837778
4.065213040340891
4.139847719308678
4.225854756721631
4.260945777435842
4.255631457478446
4.229388550761506
4.192277394669604
4.147692334654361
4.095264989579036
4.029377669448261
3.935227115145729
3.784285787361814
3.528825218665852
3.160309896759978
3.229231540423854
3.584089393923516
3.608218768116358
3.645317927290833
3.669031653049796
3.696860136453057
3.733079155951167
3.981575987983914
3.769278845015009
3.088164439727124
2.58954392584136
2.304171374210072
2.178941384600933
2.167803071175419
2.281155603782991
2.576840868948064
3.020269346010217
3.299509233817425
3.393101410575552
3.327593508567361
3.128268414308246
2.820706877756963
2.433476483838011
1.997236461614185
1.543116010599022
1.101927010712582
0.703903274549839
0.3778804345674869
0.149323390872168
0.0377376067798712
0.05448176514636288
0.2010641649554855
0.4671967021408742
0.5622756660693916
0.5341465745347181
0.5485888306438668
0.5579715349931119
0.5823692568437895
0.5874258667129082
0.8539202573191984
1.0720085911662
0.8154361500495401
0.5507302150661442
0.357474633148317
0.2298426324326996
0.1460143976317926
0.08921680882840152
0.05357474368350357
3.784309228833562
3.788620171396135
3.82004629606953
3.907019895668031
4.009871207937865
4.084958623489701
4.120084387350735
4.122471003816425
4.101706619496828
4.062785646632603
4.004424911173534
3.917409655590524
3.782697548616796
3.575865084583236
3.30120955803402
3.096301141805586
3.335705039366093
3.600510957705318
3.605809059809552
3.643768508453552
3.669272845546612
3.700098553726398
3.7251275812888
3.913938912413563
3.836413603657714
3.194139260118069
2.534783126289597
2.069820683235845
1.82432035792371
1.774519341364039
1.899497584754664
2.163213387459566
2.493858375405844
2.768310562780683
2.915869136747807
2.924672270155587
2.807161681616071
2.583497912117274
2.278050142484763
1.918671872862221
1.535502772424168
1.159279972612245
0.8194452704711477
0.5420639704961497
0.3476262278131672
0.2489627886029387
0.2493045553963024
0.3401890995417973
0.4995180257080905
0.5554514432033153
0.5386275681506691
0.5503338286830536
0.5598939142364077
0.5837658466802053
0.581348103897773
0.7808780557293379
1.01811294775373
0.9238615647330507
0.7015895896036067
0.4878349799507471
0.3252375997751785
0.2134141271920721
0.1422528450323654
0.1057056415109565
3.414462045279776
3.492098731911014
3.592039922159542
3.699783720677794
3.807629265831785
3.898493119532182
3.958681196645096
3.985136145680943
3.981073992395219
3.949331432746669
3.888402511763458
3.791821835523062
3.652961227096159
3.481475891203651
3.334284937871685
3.327220133658624
3.528269130714569
3.629502354244436
3.622637015443148
3.647574507646462
3.665409701659213
3.685420051679457
3.699379438824597
3.75663026035044
3.67270092367007
3.215440702789103
2.622903673995921
2.110807248342843
1.782730831919063
1.658838514144073
1.712450521265863
1.886468683081088
2.113421750382776
2.331952027846756
2.483839237832898
2.537008824572726
2.485216444444706
2.337841108102684
2.112826610853144
1.833394242420639
1.525984124597927
1.218088589221494
0.935820679480766
0.7014817226942843
0.5314029465900807
0.4341639527246237
0.4091072558724561
0.445206887468098
0.5209973187739366
0.5483319109370463
0.539688489167241
0.5473794874302594
0.5535057804728125
0.5677128446399669
0.5586586435077532
0.6291370135711278
0.7884815821072391
0.8234676888787676
0.7229709808849373
0.5649459535478041
0.4121852450089682
0.2927647355415668
0.213406476009855
0.1729941385772145
3.21419647569543
3.29000293483649
3.400131743917705
3.516026804946813
3.625508284366251
3.720074168288344
3.790725630205081
3.83143785363467
3.840412022198339
3.817921524858955
3.764387917788889
3.6819503022728
3.581344767700368
3.49208301468066
3.462587758995206
3.524482012189311
3.623456409176878
3.641470824677191
3.636885218627557
3.651072863034928
3.662370973449981
3.672984979001062
3.686494805072364
3.672558238398871
3.535619205401309
3.191610393700235
2.719290036929668
2.251813221795802
1.897256789056798
1.703181444586735
1.661630448121717
1.731160382202607
1.862137133171571
2.010904339500804
2.135156190692648
2.20147370317374
2.192529541223339
2.106453272323138
1.952572483047618
1.747443123982751
1.51182748392653
1.26807441529016
1.037596218525739
0.8385409228260254
0.6838778483827035
0.5800377021216325
0.52622304027556
0.5146632409262102
0.5321949643929368
0.5412081053177282
0.5381047799387666
0.5424379355470258
0.5458711128357214
0.552862755794491
0.5468823764953226
0.5553067700872717
0.6256153205134867
0.6824391051582724
0.6627830640475163
0.5768637243517956
0.464704506845459
0.3610018537710095
0.2851223792479584
0.2444459112889234
3.104430931274161
3.16277756893649
3.256494232863556
3.362945784164804
3.466324400539079
3.557325911442709
3.628905941536415
3.675403627292375
3.693643536632414
3.683627255162377
3.649246557463723
3.600372351815841
3.555465469047722
3.539337899289514
3.568154062334322
3.624463237608799
3.652416354901043
3.64598733393881
3.645651204105724
3.653355936277659
3.660555428543696
3.665452795228759
3.680164329537684
3.647063993396783
3.479929505137301
3.183987269815356
2.800846487570185
2.400231931457404
2.057042750204793
1.819542735534175
1.698158551424963
1.674892733774895
1.719294739478456
1.798873451382338
1.881680945531211
1.939049594561415
1.950566577858991
1.906898206119841
1.809126791907668
1.666223167919246
1.492168290649463
1.303267330689247
1.115747354109546
0.9437211385176694
0.7976692887334831
0.6836183500071853
0.6032103016545529
0.5548215867697303
0.5355641679775832
0.5341982948095811
0.5346080156243024
0.5366427218429444
0.5385298513546417
0.5416206662281881
0.5396636271019769
0.5346413681622092
0.5501682702815739
0.579876211198573
0.5840936239721066
0.5463591735587702
0.4781672173604947
0.4028992640969965
0.3413310120861423
0.3061741986684178
3.04418358156398
3.085878543238089
3.157118276962827
3.244135173783618
3.333344157091616
3.41473157068175
3.481404226380896
3.528608580953366
3.55408195864143
3.559283886686389
3.550698039448341
3.540338408269247
3.543501750296667
3.571208074101061
3.618527916707012
3.659122774658826
3.659434840392562
3.647533248045015
3.649347412253847
3.654104493980289
3.65938749608633
3.661764665121796
3.676399815110065
3.642023675374983
3.47111969421549
3.198876650830265
2.868822837876344
2.523147972118512
2.205854864779862
1.952473535655469
1.780432992473483
1.688456546053498
1.66213615458714
1.680168273973186
1.71889651327959
1.755219476357541
1.769796531792702
1.749937360266291
1.690733062549596
1.594290237807764
1.467871444267506
1.321730059393843
1.16709335172009
1.014532371975308
0.8728910325255174
0.7489314970090025
0.6477978361040695
0.5742083933997134
0.5338857224900819
0.5273286489676888
0.529813365194724
0.5304655227749407
0.5315750134116253
0.5328654353356737
0.53321023273123
0.5283047807371497
0.520383659842396
0.5216670058204286
0.5201626915038765
0.5015299573600559
0.4632753641572839
0.4152185306014681
0.3719656323480927
0.3458269636264413
3.012081985503054
3.040751457978627
3.091521076029159
3.156914810249704
3.227663256422686
3.29533232482012
3.3537125480831
3.399110766764083
3.430694426884611
3.451202319050426
3.467269997087017
3.488123705070132
3.521667254133591
3.5687041995105
3.619139592349706
3.654872896375105
3.657567014333266
3.652002478214543
3.653980997463222
3.65671908217828
3.65992762647436
3.661426723417858
3.675067255258594
3.634762847349836
3.467757692543403
3.213720413117395
2.91843518441175
2.613324588461992
2.324280451509283
2.073929463509677
1.878347555078546
1.743857917206401
1.666731874348776
1.63543950660283
1.633938157472651
1.644592766020209
1.650766803252424
1.639193478983286
1.601573769486408
1.534948969672244
1.440987885222776
1.324687496461934
1.192981560618919
1.053603733920705
0.9144195338335855
0.7833349152954154
0.6687477747687709
0.5802898296825717
0.5293561803209473
0.520575336168964
0.524163771279339
0.5240518574860598
0.5247625583909037
0.5252179524999788
0.5265293617681759
0.5223896683638638
0.5063617477579782
0.4904900058819368
0.4762956533672728
0.4585881370734728
0.4333388087043329
0.4027876599141726
0.3744678061388784
0.3568438792639541
2.996308118692548
3.015251394616507
3.049540683282318
3.09541098243005
3.147482474403906
3.2000864676537
3.248715061707345
3.29096194936987
3.326990826795027
3.359608830414358
3.393567047026473
3.433593457212539
3.481431450360477
3.533580315681451
3.582025974441328
3.617670444230158
3.630093835837236
3.636069183457864
3.643344948530052
3.651770056057507
3.661251663274812
3.670530282591049
3.670103616563284
3.606127408121248
3.440167680495806
3.206419609115235
2.942084632174607
2.670901691588872
2.409873248158515
2.173470782887158
1.973938921420225
1.819200513304543
1.710966950246532
1.644557215762608
1.610298801665982
1.595597269092169
1.5870414314637
1.572353505755046
1.541964546292802
1.489919575396858
1.414013149383533
1.315341867855644
1.197606612408381
1.066478261846675
0.9292335235636331
0.7947242665393464
0.6735770491633798
0.5783573742349449
0.5233572074811801
0.5139070133468675
0.5179755786795169
0.5174874279442183
0.5179969887422576
0.5180479649212864
0.5197619359874154
0.5155744952776313
0.4964287776520262
0.4713735173309758
0.4459529726887244
0.4214358654910642
0.3968845260260124
0.3727344275698459
0.352200166306991
0.3397767982827005
2.989948661972704
3.001738282035957
3.023444812594263
3.05342966541004
3.089135047546913
3.127610420398877
3.166415490889324
3.204430348204528
3.242194587056315
3.281598193908017
3.32485968591577
3.372981877853291
3.42439866649875
3.474838229089315
3.518734796770588
3.551177561677115
3.570409677701777
3.585954506431707
3.602263728790312
3.62141124650939
3.640278641911001
3.648447412772315
3.624337944031372
3.537761030579833
3.375945297271823
3.168200523879019
2.936546626031508
2.698050126755725
2.465496070311367
2.249245748963431
2.058296179862349
1.899638692842351
1.776808407868376
1.688924269187443
1.63081080331238
1.594024454003652
1.568313435856583
1.543162893675237
1.509207302476955
1.459315477677676
1.389215308231613
1.29767053823511
1.186358313362196
1.059643742819599
0.9244000030905122
0.7899135348531874
0.6677871729455745
0.5716645606843501
0.5166119764645691
0.5072909218708671
0.5114465112654051
0.5108218668084297
0.511250197361545
0.511114903515399
0.5130874627202705
0.5086165731049436
0.4872440055883774
0.4560590807538927
0.4214364094208609
0.3877109762648049
0.357151270921623
0.3312601154220988
0.3118407987163092
0.3009122649192595
2.988850029527399
2.995450567247178
3.007861930814097
3.025699783548302
3.048271239862105
3.074708817044516
3.104331426292111
3.137015057266621
3.173260203917994
3.213786748138804
3.25875774923631
3.307017950119228
3.355875361594256
3.401729853379388
3.441308860577198
3.473023944914237
3.498146975906413
3.520063093873738
3.5410204955144
3.5605837977903
3.572743857169774
3.564705245721731
3.519437955622671
3.424685614084586
3.281045998098545
3.102555479359362
2.904026507686077
2.698114623325876
2.494912401039839
2.302521546381145
2.127734063523842
1.976036477104486
1.850905602025052
1.752977951048088
1.679677843733736
1.625518560934664
1.582942211136473
1.54344414918418
1.498761264247922
1.44195051551315
1.368224485177725
1.275478407928264
1.164527444021964
1.039129632762583
0.905872803500651
0.7739620571404398
0.6548887996524034
0.5619273530260417
0.5094188691430601
0.5007006521912533
0.5046807694065754
0.5040791034555283
0.5045127772006874
0.5043231263953533
0.5065797242710071
0.5017573013749308
0.4776934924167317
0.4405654199021311
0.397257773288777
0.3536831296237748
0.3146042835053939
0.2832911602061902
0.2615060994075331
0.2499455273643693
2.990542496449218
2.993445421662054
2.999167380423269
3.008073000989455
3.020613685720505
3.037263969582737
3.05851094683578
3.084837380878993
3.11657344020718
3.153570853268898
3.194836813098649
3.238401355974279
3.281634532351831
3.321970846447226
3.357733689821733
3.388652799010425
3.415560039706193
3.438965132385593
3.458363961995298
3.470739127666909
3.469313574119409
3.444280836416348
3.386643582211314
3.293223981781885
3.167480269218975
3.016574292775771
2.849573172630017
2.675411874623914
2.501871464048177
2.335361574522323
2.181078099845007
2.043078059013834
1.924023544402664
1.824705743187421
1.743669074868822
1.677201031998118
1.619757352670252
1.564727355548818
1.505380795841395
1.435839035575631
1.351935037198002
1.251860830206213
1.136547980660008
1.009773187016196
0.8780135660710922
0.7500951243164874
0.6366918245179919
0.5497389001656638
0.5018047948602713
0.4941190364821861
0.497711629665112
0.4972611564142107
0.4977762973582768
0.4976355944728565
0.5002665615165772
0.4948512010635612
0.4672094133291049
0.4229526131505431
0.3699991486018665
0.3163927536599604
0.269414048616528
0.2335439928985456
0.2099987858278168
0.1980631138735152
2.993626303055179
2.993935721717722
2.994923617521066
2.997374594392578
3.00236568582533
3.011095488014079
3.024671304109224
3.043877454928614
3.068938043039174
3.099319981943523
3.133678930506449
3.170054048610667
3.206314383723673
3.240699213291804
3.272185984052664
3.300413715205517
3.325040542597928
3.344901962321126
3.357608824145712
3.359103222633236
3.343850495997325
3.306280054126899
3.24314751313816
3.154961875288647
3.045075637617232
2.918008512601619
2.779261859498293
2.634741996457035
2.490040904558915
2.34995386477648
2.218285478851636
2.097794499872871
1.990094042450021
1.89544724405715
1.812560801230614
1.738546325598974
1.669165140840172
1.599362660602285
1.524009618283134
1.438725800322857
1.340655736874773
1.22908046020517
1.105778531248051
0.9750878620128166
0.8436630507989262
0.7199732890841597
0.6136460629250398
0.5348116642680624
0.4935851096793059
0.4875379051410216
0.4905179929010314
0.4903495335964576
0.491030962624261
0.4910665083171059
0.4941743010515705
0.4878005915815704
0.4559836052676112
0.4022545334061149
0.3373959825720526
0.2743778839967224
0.2232638374170359
0.1878059885502286
0.1666500837665003
0.1566465384518693
2.997379342156278
2.995873544817429
2.993503798891173
2.991245511176158
2.990445557999368
2.992601381689753
2.999071763048438
3.010779164966087
3.027975787715443
3.050145954604445
3.076096566082093
3.104230804183147
3.132915398378823
3.160780842007993
3.186785318480031
3.209957333990804
3.228924237388796
3.241523919676066
3.244700156731852
3.234771784412061
3.208200446520613
3.162709622062942
3.098135309701245
3.016317515974814
2.920212544986351
2.813152839942611
2.698735881423691
2.580762937536897
2.462943365373531
2.348510169368914
2.239923251545072
2.138708792840479
2.045380664197082
1.959381134112889
1.879043921801798
1.801649649256343
1.723654652463046
1.641126732512811
1.550352177704386
1.448523071287804
1.334387137652534
1.208743408955604
1.074690231478349
0.9375698464837128
0.8045976737249099
0.6842136302016584
0.5852583365325077
0.5161621657867107
0.4843893276939837
0.4809593628640171
0.4830423024198967
0.4833105510439056
0.484278999593164
0.4847218541534024
0.4884707967164027
0.4817760979519378
0.4455914837704585
0.3773811610935978
0.2979498949903391
0.2289801028545007
0.1811057849336515
0.1537998924231945
0.1409545919218946
0.136106478208334
3.001494013865095
2.998690855975351
2.993873611946801
2.988053570755967
2.982624454100052
2.979135441803861
2.979003191550034
2.983230558812239
2.992209156658419
3.005665598668926
3.022765382517356
3.042326958723904
3.063047162186322
3.083625795761964
3.102719011254786
3.11874611434397
3.129681779827851
3.132997070735914
3.125852939438104
3.105614772067037
3.07055685073348
3.02042036196877
2.956465478763511
2.880987029445649
2.796687948231991
2.70628584597947
2.612384146967885
2.517468497753216
2.42381514803027
2.333275681729607
2.247034914269769
2.165436835650626
2.087910412010769
2.012980788735417
1.938351942358667
1.861075592880908
1.777840191224116
1.685399979850066
1.581122210197372
1.463581999794976
1.333099921119446
1.192109540310134
1.045264054292167
0.8992360625897389
0.7622142209466563
0.6431359993115704
0.5507230501415196
0.4924516857321987
0.4737376462867702
0.4743893395554816
0.4751935929199782
0.47605308853267
0.4774498366443051
0.478658862545432
0.4837720376765702
0.4818897488139494
0.4370018876726346
0.3450563338255755
0.2530710527710633
0.1878550043929786
0.1530009004847425
0.1410459701372115
0.1414150472679713
0.1444579996450603
3.005902893580505
3.002140706412737
2.995470395384563
2.986844379138214
2.977579572276743
2.969154637259
2.962960566163464
2.960063401449622
2.961038704802379
2.965915609136412
2.97422740903054
2.985122854709479
2.997469903953885
3.00989647039075
3.020759664593977
3.028095605028656
3.029638621876019
3.022985439986684
3.005935324669661
2.976963393933969
2.935650173229456
2.88283493586061
2.820388896872082
2.750749313997156
2.676471876071605
2.599939512917181
2.523214266590504
2.447985651685507
2.375520721870191
2.306554565644734
2.24114176922217
2.17853353552921
2.117134692626167
2.05456212492906
1.987804267441221
1.913479605746882
1.828197872150672
1.72902266044563
1.614010511249512
1.482765272161063
1.336912378753881
1.180381968993641
1.01940589004962
0.8621857801800148
0.7182608481568852
0.5976527633902313
0.5098538808778564
0.4626946970317615
0.4612417364212559
0.4678508355730738
0.4669047736672253
0.4684584131210368
0.4703995835449723
0.472843309392507
0.4821036692793013
0.4950818979982005
0.4197206082260682
0.3011270059668438
0.215219089748653
0.1698200131160001
0.1545914199065087
0.1594203194204796
0.1737082332074268
0.1856725405918253
3.010666891977078
3.006197538907193
2.998124417446382
2.987288358572335
2.97486531682851
2.962203197412794
2.950621780826863
2.941219198775847
2.934724521894728
2.931418463342766
2.931118073095852
2.933199293359145
2.936626487544334
2.939975050141741
2.941463272659153
2.939033665901712
2.930523887271452
2.913941040382291
2.887809323492833
2.85150332174176
2.805438360978861
2.75102088747156
2.690374082063081
2.625961385799361
2.560237801512606
2.495387366915396
2.433147887575001
2.374705572096681
2.320625871366605
2.270784674442847
2.224293429020221
2.179446703819608
2.13373346979645
2.083942574356627
2.02637400580699
1.957154154932332
1.87264730855341
1.769949661061233
1.647437898992425
1.50531939551696
1.346100270942411
1.174862533956591
0.9992395326364043
0.829020447607282
0.6754085519925866
0.5500710870555037
0.4641578746937563
0.4273539683079653
0.4469093276856842
0.4613346201472261
0.4580746757281688
0.4600430749556413
0.4618057191148482
0.4641237761812859
0.4776683907352169
0.4967446114349425
0.3635926098008642
0.2616493457886859
0.2200694050421743
0.2047467123629079
0.2046301968212006
0.2178723949082084
0.239270294776056
0.2577053369720322
3.015903760808422
3.010987013196193
3.001987554058655
2.989601242546345
2.974817993388946
2.958801321321292
2.942736072881846
2.927673296902896
2.914397192285948
2.903328136850163
2.894462551791748
2.887342574738871
2.881051727612948
2.874245103425353
2.865234528489763
2.852149237721378
2.83317577562328
2.806851560527934
2.772353923129911
2.729704583575178
2.679820874272073
2.624394668269675
2.565642237774812
2.50600013623837
2.447829246294422
2.39315950013415
2.343487825959565
2.299631235849919
2.261629957621791
2.228689158830676
2.199152260084983
2.170513844139422
2.139492828058712
2.102187380995952
2.054323546338524
1.991597390434702
1.910101577935529
1.80682133798967
1.680177008952543
1.530575414131928
1.360907834314444
1.176900534152307
0.9871949280055939
0.8030342384576481
0.6375060973150113
0.504469633979561
0.4175177363472503
0.3893556184104716
0.431596038883044
0.4549005324360382
0.4488187982731785
0.4504218110901298
0.4501277603750975
0.4485073958116543
0.4585895195177839
0.4179995191386252
0.3125301853026211
0.3107737845898857
0.3214566603914275
0.3222778304681546
0.3223519765113951
0.326532840388517
0.3361891619328786
0.3491306072644152
3.021740895900961
3.016729146754547
3.007457024913309
2.994439361015202
2.978420102340328
2.960290299704365
2.940980733920062
2.921348551731022
2.902073567956592
2.883572085598618
2.865929424547061
2.848852554691992
2.831651934756301
2.813270816711168
2.792382066344001
2.767561397449061
2.737523210638095
2.701378655842701
2.65885644440989
2.610427774437929
2.557302730476346
2.501304337543873
2.444655579006643
2.389721266503554
2.338738325616644
2.293559486235845
2.255430604890721
2.224817542576025
2.201293208342231
2.183487920068138
2.169100766099511
2.154970622492641
2.137210367467449
2.111410157740222
2.07291235713451
2.017154558712295
1.940072763616799
1.838555839421274
1.710942074588412
1.557543588959914
1.381169380619671
1.187588440204145
0.9858280133064543
0.788146787030953
0.6095027866416556
0.4664580917019446
0.3758415286345679
0.3539881863689611
0.4172800546332863
0.4490193301821588
0.4401706627546852
0.441131330512941
0.4382830791021152
0.4318724571332008
0.4251143116464249
0.3922391367165715
0.3689611124287716
0.3681207762391518
0.3690658645590196
0.3679022855275602
0.3670717132793879
0.3672714025249215
0.3695644503103119
0.3747458879257302
3.028285973953587
3.023692428668564
3.0150999437962
3.00278681517333
2.9871522963024
2.968665498212832
2.947805526733537
2.925009022447104
2.900631982238503
2.874920226344995
2.847977528810832
2.819727859833399
2.789883378923301
2.757941888800038
2.723238054584048
2.68506002236441
2.642821128319979
2.596253054483912
2.545572313808414
2.491574950151039
2.435634417363078
2.379603181619895
2.325636102773531
2.275959650386077
2.232612122464574
2.197181882563911
2.170572173200685
2.152819084646467
2.142982567891873
2.139120099378869
2.138342229836002
2.136942736221645
2.130593654325984
2.114594161638149
2.08416079511414
2.034746920946549
1.962384220873108
1.86404770080932
1.738054478301249
1.584510275396548
1.40581209734797
1.207197151890904
0.9972886679773276
0.7885124739061453
0.5971338973206002
0.4425576332547874
0.3456989770487551
0.3270513354743073
0.4062616692978109
0.4443215600684038
0.4335356813031417
0.4345468893045062
0.4311261437076446
0.4248272589644146
0.4166130216709804
0.39680107662529
0.3751314130637891
0.3643494453883628
0.3584411934731794
0.3547070411183529
0.3533490868581686
0.3542133084671384
0.3575714339886887
0.3627292933564319
3.035619445312959
3.032168353440341
3.025596433046607
3.015859353514346
3.002858414326441
2.986412715429014
2.966260043905346
2.942104289724711
2.913698956477876
2.88093062192039
2.843863497520067
2.802727203537554
2.757858118225502
2.709624337072327
2.658369869757654
2.604406915917846
2.548068918017667
2.489814986262038
2.430354547229262
2.370748690928915
2.312447876881455
2.257242320011211
2.207122589254483
2.164065943554829
2.129776885279375
2.105418997898438
2.091378085330727
2.087092028514193
2.090971288863058
2.100419361514693
2.111949502329986
2.121384311965334
2.124116209270829
2.115399436601805
2.090642537623136
2.045678553317224
1.977007552584853
1.882026798773365
1.759281151000863
1.608775693089433
1.43239252784245
1.234444863814887
1.022382950834181
0.8076220546192799
0.606337260198498
0.4397714900037636
0.3331624165275095
0.3124194920310542
0.3995821567747027
0.440929235912929
0.4291074067523486
0.4301577574445858
0.4265133730431752
0.4204972305383503
0.4121224778936929
0.3976521565464708
0.3805553951954052
0.3686953535768388
0.3615687030241398
0.356884204009282
0.3548860336762347
0.3550945894528812
0.3576136749900128
0.3622390159952217
3.043820867345805
3.042483852048704
3.039726015243949
3.035053129166291
3.02764611630014
3.016354160695933
2.999788135794309
2.976529704613693
2.945405309576672
2.905736487055727
2.857491635050705
2.801307494870641
2.738389657782459
2.670327947869827
2.598877346195096
2.525761192995027
2.45254798827757
2.380631695290755
2.311308945171322
2.245906378896819
2.185887113799237
2.132871980379243
2.088545240700923
2.054455943921492
2.03175650721509
2.020934212055404
2.021590580954447
2.032310245445489
2.050640865902648
2.073187338446402
2.095811803203156
2.113919412766139
2.122792416747493
2.117920123175253
2.095273811658731
2.051497210233014
1.984015222489685
1.891093715294899
1.771904237853544
1.626658308925512
1.45687737727187
1.265858434112038
1.059386050474064
0.8467352255859123
0.6419856066367585
0.4654931974908927
0.3446838375022417
0.3118038698612078
0.3951718701064648
0.4381609881578834
0.4263351375652363
0.4273214597857466
0.4239532560788782
0.4187996867478371
0.4114278257748291
0.3995086123797482
0.3819367453529717
0.3670883871714391
0.3589413210398269
0.3533362751874924
0.3509743172818564
0.3509372299870648
0.3532647867595501
0.3576896612789722
3.053046028672532
3.055074017337297
3.058426162922611
3.061968092925452
3.063842773836314
3.061504044747954
3.05196907968969
3.032270816134331
2.999980372467474
2.953651497515066
2.893092656912252
2.819430967099005
2.734970235957313
2.642875676828165
2.546750055005285
2.450192422731572
2.356438153615077
2.268159400794322
2.187456234611261
2.115998988891924
2.055219108752036
2.006427977785106
1.970788283827445
1.949141178726935
1.941753662148482
1.948070183602867
1.966539568186428
1.994558508980179
2.028542219526896
2.064117933047318
2.096432391800022
2.12054404716014
2.131835236945787
2.126361170449976
2.101071184880033
2.053881466894476
1.983622261046419
1.88991175408808
1.773023599390759
1.633822127991062
1.473842580500247
1.295590965082388
1.10312572243253
0.902969709044219
0.705421422955852
0.5264217621443537
0.3901112231170791
0.3311520886284741
0.391674337505806
0.4389840613153731
0.4298871432574243
0.4306829964851468
0.4276485271266621
0.4232806923472626
0.4171143876688369
0.4058421775615045
0.3823185324997105
0.3612549296093308
0.353188771149764
0.347200602535534
0.344999181058372
0.3449621257506399
0.3470339457191229
0.3509224477347662
3.063676046263013
3.070642070701908
3.082955285353723
3.098534242042801
3.114017400068358
3.124922534988946
3.126181925349928
3.112910506337394
3.081171631214998
3.028586257067506
2.95472233187834
2.861224646206567
2.751652934624599
2.631039664269609
2.505246500780313
2.380249134548985
2.261493020503555
2.153442529261051
2.059399452028998
1.981589075727599
1.921411189641128
1.87968127553519
1.856712233020632
1.852207638049609
1.865056584565805
1.893152441317048
1.933317906053765
1.981364245627017
2.032277155318512
2.080531617188578
2.120537033003794
2.147155299469697
2.156173758496026
2.144619394425892
2.110863154676607
2.054531695943605
1.976282925915216
1.877511064465643
1.760043583035001
1.625891507147148
1.477121912333569
1.315931873588344
1.145001354480758
0.9681723871622315
0.7914600680029422
0.6244695707564347
0.4827632101646322
0.3927212794668493
0.4003759522063772
0.4204043425612147
0.4122396013825188
0.4121769699290226
0.4107306763408237
0.4099348886253273
0.4118002503456087
0.4113217941524436
0.385567833790103
0.3504722577583165
0.3442021842293833
0.3381364901842338
0.3366003371187148
0.3368825839092745
0.3387402159274369
0.3418148127771483
3.076570621755675
3.09044348610817
3.115195869110628
3.147256244809754
3.181051018569052
3.209531976890755
3.225168614012027
3.221001149576422
3.19150900751715
3.133292723681583
3.045581309436296
2.930473456190272
2.792800271743885
2.639590655707055
2.479239110646993
2.320541140692353
2.171760552182384
2.039862263204388
1.930018548811778
1.845463170084521
1.787676706833663
1.756740170335162
1.75161405281765
1.770209266741739
1.80932819148789
1.864640517667961
1.930775908630609
2.001528311685473
2.070162389289876
2.129882104336446
2.174462515152386
2.198893367865218
2.199834979274792
2.17578278695582
2.126963819677007
2.055054243681504
1.962806538603865
1.853645515418992
1.731266359946173
1.599258769531923
1.460792089424268
1.318425139741787
1.174138895932557
1.029699912528194
0.8874090360743617
0.7511875179911093
0.6281055874458652
0.5323982061890704
0.5020466548879369
0.487242904790061
0.4716101595652367
0.4647343074981115
0.4609841384294455
0.4625077213560888
0.4773983435388128
0.4772922925971998
0.3580958039694471
0.3128213565716549
0.3249357261951238
0.3239443113866725
0.3253148278224212
0.3269719255968697
0.3289899701372588
0.3311788973538344
3.093488100108188
3.116755404813452
3.158132730859896
3.211547251588954
3.268170957665354
3.317821817858291
3.350486626644838
3.357349848097873
3.331477690966615
3.268484489744743
3.167177467648248
3.029939972589025
2.862661286624254
2.674191849257517
2.475437744977243
2.2782589885705
2.094315488164006
1.933957720474547
1.805252918473635
1.713300113848252
1.660026558682554
1.644514571227354
1.663609272157811
1.712436901691902
1.784722672878187
1.873070088356768
1.969289079292803
2.064715615681551
2.1506338211981
2.218996124426384
2.263309416156914
2.279316734419417
2.265237960169951
2.221601792977308
2.150844868861548
2.056842232674538
1.94445728055674
1.819131341471925
1.68649475499857
1.551968910968244
1.420338901896956
1.295314904365717
1.17917478080132
1.072679178785343
0.9755305930843443
0.8876804359507255
0.8117380457085132
0.7556241321212451
0.7280195174682614
0.7066934621428145
0.6868300582993002
0.6654661443480019
0.6404870891961125
0.6093961000322283
0.5581004707727191
0.4430570168896311
0.277337201339433
0.2880428469695949
0.3059959986765392
0.309543336490552
0.3136604865196319
0.3168182638625796
0.3191684032635324
0.320626542262795
3.117810018957994
3.153642957365481
3.216513086355407
3.296003707745206
3.37875210959389
3.451350397465023
3.501896413571916
3.5203256121881
3.498704941623204
3.431915695105371
3.318389856405054
3.160536502800032
2.964753384609138
2.741055432483403
2.502362284367709
2.263490532614663
2.039913152571541
1.846331167712008
1.695083553009917
1.594541759925878
1.547931988414069
1.553178829844627
1.603915570634487
1.691002930024559
1.803754684428616
1.930726592425478
2.060261689322861
2.180760206405343
2.28132830200652
2.353004010454207
2.389877284031508
2.389489079340458
2.352505602904517
2.282026539627488
2.182864958257507
2.060967729526164
1.923005818151398
1.776088895293647
1.627525378940234
1.484537947090927
1.353851498958979
1.241104071473014
1.150117025022093
1.082230583244627
1.036125949700824
1.008551187891024
0.9956020561217889
0.9925756840013741
0.9907822650838005
0.978445695427186
0.9473578259915555
0.8924933458199339
0.8135878048763046
0.7091851583257934
0.5712152710404392
0.4028224749686954
0.2780184534058923
0.2787553519716533
0.2936547302217707
0.2980847776291148
0.3033875175286101
0.3077306672433076
0.3106570292231054
0.3119443895377926
3.155877251062046
3.208212517851065
3.297555893056292
3.406226764471796
3.515593593261776
3.610032029268665
3.676820157328013
3.705322531392704
3.687276876801036
3.617549375048752
3.494566443428849
3.320432447676004
3.101045399030273
2.846267710767132
2.569895990847484
2.289124267705335
2.023380219768681
1.792583009469431
1.614857882152842
1.503739498289564
1.465330009479462
1.496709557309903
1.586986167917126
1.720637469865614
1.8808222425416
2.051013606941261
2.215341904866605
2.358596162171831
2.467735553724027
2.53393981585717
2.553479475835769
2.527140950292213
2.458952993963024
2.354925738778778
2.222121366198011
2.068104274721454
1.900708425287289
1.728014778316914
1.558401797212248
1.400517724679151
1.26303304848709
1.154060653148422
1.080180280714096
1.045114047805662
1.04832797305791
1.084082345240855
1.141330007182163
1.204290716257762
1.253854390975575
1.270951109015764
1.237720704500168
1.143190161811671
0.9899029350044687
0.7945377646426875
0.5839887077389061
0.3970970791982137
0.2883575267033691
0.2715836430999737
0.2828342623123429
0.2876431044413985
0.2940544161060148
0.3000542510391608
0.3044031399062481
0.306755955294078
3.219621271250886
3.292565978892802
3.411117048061828
3.547477839411697
3.679535661886358
3.791439517508772
3.870022197152367
3.904410387276603
3.887283038865463
3.815043333846812
3.686911811426052
3.504251763429313
3.270945025233988
2.994666200476225
2.688234036451476
2.370103624704964
2.063474161362574
1.794082436198216
1.587026139889339
1.462764839759466
1.432420350771704
1.493667872925273
1.630366314160198
1.818013701525107
2.031290613245992
2.24756094524875
2.445278784523411
2.604588019089729
2.711280626583243
2.759102115344888
2.748878731928189
2.68615181154058
2.578926297186491
2.436087136809348
2.266472993965585
2.078495582524581
1.880201095115402
1.679636222794826
1.485322855699015
1.30661647199133
1.153746181111498
1.037385599384131
0.9676249221669025
0.95217755026212
0.9937035653512496
1.086665036299411
1.215339208601375
1.355207929886442
1.477113906953434
1.549167796199348
1.53728623949059
1.415727908689013
1.185316532906622
0.8866173435549114
0.5925752313062631
0.3760343675289455
0.2768356505474344
0.2599522324730856
0.2691143737281226
0.2764472189637674
0.2850529793339201
0.2938894615124025
0.3012156076231227
0.3069250363786923
3.331980194405484
3.426190793435307
3.567685983683064
3.721612978068909
3.868043713386681
3.990528152813598
4.073329585905097
4.10596853944942
4.084736303190265
4.009955512005092
3.882560511957881
3.702572005092597
3.470080397314447
3.188113423342369
2.866044042068485
2.521867445087127
2.18198979918401
1.878242180530357
1.643064103219523
1.504155098984147
1.478965519377168
1.568672503318906
1.754076615483091
2.000281657932252
2.270220864382541
2.533211589923568
2.758035099542033
2.919808612558017
3.006845154015311
3.019550760556508
2.965744661104953
2.856603406106369
2.70410645756301
2.519545828361298
2.312756493466581
2.09198036157865
1.864307644999569
1.636533995222677
1.416166550037765
1.212269892940266
1.035875654339491
0.899770676471524
0.8175616436790688
0.8018572522117539
0.8611536378464886
0.9949944284619625
1.188447664919388
1.410310429899849
1.619393874042833
1.771017010914547
1.811563050123052
1.693718150060627
1.405074559534862
0.9942699048628468
0.5771805607335116
0.296350460868381
0.2345302859891724
0.2448697435563899
0.2510381041399032
0.2638305574627246
0.2759767096550556
0.2891276486177435
0.3017104598783321
0.3148947381453238
3.53795551897662
3.636146631838064
3.771758309888046
3.923835952300568
4.075433409199936
4.199430929138723
4.274447513700633
4.294070703206742
4.262275257734916
4.185209744927817
4.065745732221739
3.90194508460548
3.688888794180342
3.423002359618442
3.107644958347072
2.757940916026922
2.402195952094643
2.078122245634403
1.824912089124156
1.675062776702725
1.649662333293369
1.755668315621552
1.979664596685201
2.282267277816365
2.611516521450652
2.918576154979643
3.154895256895061
3.29588867557882
3.34035734529968
3.29949071408141
3.189028723339673
3.025503431372326
2.824269347561304
2.598226823595462
2.357195512208101
2.108079012516202
1.855769203096324
1.604549487885636
1.359666338721356
1.128713945770321
0.9224896404948705
0.7550536472395574
0.6428999710935397
0.6033291099151462
0.6519532797024744
0.7982951202693155
1.037341911464862
1.33804278185019
1.642003743881309
1.886003629986111
1.999176434132862
1.920585809643898
1.621573257156586
1.126018584136714
0.5506734041230945
0.1328056734603151
0.1328712592988212
0.2235810111726004
0.2284532891096779
0.2498634280533233
0.2666528207364611
0.285203248189544
0.3052630419513157
0.3322347851128614
3.92402596855978
3.94669092764715
4.012616086780826
4.145507668999832
4.294870269251902
4.404524439205961
4.45376473979532
4.44818900491583
4.401359125500719
4.324109216777466
4.220162339160812
4.085614094406236
3.911215791613828
3.68700396870963
3.409004764516173
3.086646495247547
2.747127392292189
2.432025580050609
2.185352397524981
2.039541416210538
2.010174858398933
2.10476396251478
2.331097960242032
2.672351475723581
3.069162533835756
3.407020589786965
3.622559944309228
3.710519220383902
3.688098260883139
3.577269524887758
3.400274575927879
3.178024118484067
2.928400805508048
2.66485866259171
2.395984754156529
2.126140547738151
1.856913538529201
1.589016429094821
1.324316408941966
1.06770688954213
0.828492977443699
0.6209091557968857
0.4634803978222761
0.3773309941284683
0.3840982739613391
0.5038361300721962
0.7499448855280063
1.111073692000555
1.515457086709235
1.837229193708707
2.003496096317266
1.978234773215753
1.739473946973349
1.263275506312335
0.5853615538363647
-0.04826690538950793
-0.03429292803966368
0.1912361104916096
0.2050822770995426
0.2350400199325129
0.2551244967526594
0.2778916587017408
0.3084010881042194
0.3785725680355213
4.633114084688343
4.351961203045767
4.275275938450001
4.387837810382738
4.513391078502521
4.576767751610397
4.580784720457046
4.545088289970675
4.486172093351554
4.414215342015972
4.33195550148633
4.234987961034126
4.113542697568988
3.955667359712337
3.7526372229068
3.506715424083315
3.238239300311318
2.984925876152995
2.788609093802827
2.67583574286531
2.646587364052015
2.692008194085881
2.844741802495887
3.175373094924035
3.65610175092823
3.976766664743189
4.122696872214115
4.126893969610713
4.019295646424805
3.827670467252137
3.579331241083601
3.299015722041719
3.00608988182745
2.713095701835624
2.425983379372004
2.145525465046508
1.869306719280485
1.593904330208721
1.317093994538373
1.039997505685288
0.7689985693930041
0.5170305174292611
0.3036285943384361
0.1532618008151282
0.09230270349135755
0.1466063298016782
0.3426514780601697
0.7074875054753629
1.218030632382046
1.55763301493373
1.695175935636456
1.695514432591536
1.570066294382894
1.266507049239732
0.7300322104387578
0.02401370667106087
-0.1048840591399377
0.1773008428333998
0.2035846397766716
0.2301466595931367
0.248648668221821
0.2746726293476738
0.3189455723176899
0.5006936021350222
5.782602112307144
4.845109915851673
4.618738968052481
4.657444754156793
4.682226512977039
4.660431149447719
4.61661196228985
4.563782364639108
4.507493153898336
4.450170939631708
4.39204710769681
4.331609775006569
4.26577572873738
4.190556642865731
4.102712435669731
4.00193921719956
3.89401089150832
3.792850419572934
3.715252054128561
3.669772754293031
3.644227736325238
3.617577875212664
3.598959349065917
3.850655566977098
4.333206538672652
4.54661842267439
4.59273423127168
4.501184370503709
4.300253283967626
4.023876839533139
3.706044384443483
3.374826895479724
3.049170458417351
2.738695018270477
2.445357328265494
2.165763876999787
1.893462912829988
1.621047323369371
1.342160469387952
1.053566485187407
0.7573725592053874
0.4632283169408697
0.1898299052328503
-0.03547080005683461
-0.180058169712544
-0.2121834976549411
-0.1068485213895321
0.1597783876288105
0.6748641473744726
0.9428145586780551
0.9302486233591732
0.9026932069737906
0.8645041365182327
0.785520819519563
0.6758754051619374
0.5750418254055563
0.3463033888738027
0.201334316016052
0.2334207375252945
0.2284697297746966
0.2162474414856836
0.1942892197246815
0.1411280688302352
0.06219228151040317
5.240613418649916
4.946199706568894
4.84425879191968
4.780792008271455
4.724088657132887
4.667867037875665
4.613064234836469
4.55847164121545
4.505232363280646
4.453364793733802
4.402371192239453
4.352098708147722
4.302574345606029
4.253786123745156
4.205835695493514
4.158583048695808
4.112306981664124
4.070156295603118
4.036442479749356
4.011559644348584
3.99168461203272
3.990015739611542
3.907943930857692
4.180357571560772
4.764935201391907
4.986410288397084
4.971391869516253
4.789471290309417
4.495054314527959
4.138687532236363
3.762566838158859
3.395662655337108
3.05340298348005
2.740416784899832
2.453929205819299
2.186608305909182
1.928701029980916
1.669703276248125
1.399867369490807
1.111839875571589
0.8027352012259248
0.476888336586648
0.1491122450711681
-0.1527624116792658
-0.3884944242448297
-0.5107213639447222
-0.4701865719641241
-0.206059433513
0.3927013822235261
0.6652973978119067
0.5864171909547085
0.5886406666003802
0.5744535503061912
0.557123710627069
0.5388944272507313
0.5276087692518933
0.4521607414227316
0.3144969420633034
0.2791811853829431
0.2446556279944905
0.2161025517086826
0.1858500159571025
0.1432731437880534
0.09303771185771734
4.932099472400936
4.837012717090926
4.7855075307598
4.741165855787035
4.700822286101173
4.656903317854407
4.609083257777793
4.55608626428405
4.502371177734498
4.449258213954562
4.39607920746904
4.34229411322127
4.287338935120014
4.230350468097763
4.170687121358191
4.107526488184797
4.041559863242561
3.980023237747154
3.932769616125717
3.900666373922253
3.8809808110125
3.895671671870958
3.815286449798756
4.167775638207561
4.94009498548715
5.237049920589606
5.197092895615609
4.940041200410169
4.565163440318469
4.147968199437144
3.737213074551042
3.358175068082189
3.019613201594127
2.720233871151315
2.45304682218157
2.20793385342329
1.973195243196805
1.736630680594688
1.486478187884495
1.212455904292799
0.9072402921290774
0.5689470349492227
0.2053658115327341
-0.1597923184567114
-0.4803618334385088
-0.6851968719408834
-0.6821412500090734
-0.3617428995932624
0.4033980120426306
0.7444211947665631
0.6645368295872478
0.6773317041394362
0.6543153029127722
0.6161198468087608
0.5617128017782681
0.4972453720127363
0.4158003584254384
0.3303931455443255
0.2864930738728843
0.2453473910183694
0.2082636210706872
0.1695949672058764
0.1224730871968527
0.0866988261213158
4.846493080853866
4.810482827724171
4.781150041188632
4.743673317745643
4.704603530812108
4.660738709985164
4.612819286820013
4.556688957228391
4.501485668648567
4.449211818633116
4.397672070792861
4.346080081683042
4.294237268479091
4.241331515695108
4.186411820621104
4.126041595687038
4.057405308216269
3.991438326112219
3.944829296925797
3.913366349953653
3.893975555681549
3.909897070736733
3.815882462093177
4.13232174089069
4.969730741551385
5.295572937178945
5.222030571994134
4.903124095628209
4.478065836374035
4.038197223343337
3.629109921337482
3.267149700848017
2.953610732862419
2.682665289615902
2.445007786159877
2.229520851498794
2.024176292455062
1.816643260258207
1.594798485840984
1.347279474042087
1.064288920825292
0.7391447579030427
0.3717998219918393
-0.02340215144367537
-0.4038751174466236
-0.6828763416613765
-0.7278066093511748
-0.3920035623642215
0.4336330044602011
0.743168641677494
0.6508111186456137
0.6657918075837739
0.644802174984039
0.6101023821543986
0.5592634206228133
0.4897316271375696
0.4119478569521144
0.3402716547435524
0.2912327281480528
0.2464567420142719
0.2050311601931903
0.1630389084318998
0.1148454925212597
0.08201070068327164
4.81503213767469
4.796044378898158
4.774098997865153
4.742190816197208
4.707025022685974
4.665645516544123
4.61905606647813
4.556118677952366
4.497365673313435
4.446367189314469
4.396894218113051
4.347322962311817
4.298125052529003
4.248630002773051
4.197707195405206
4.136084880194693
4.052817491791745
3.968949819681133
3.918702742582046
3.885988027968509
3.8686534882142
3.888553684747437
3.79934378803746
4.105372716377512
4.925031859677223
5.177010175127714
5.017808256698159
4.651102416782812
4.226003175371283
3.817073159411138
3.451522717716525
3.135085788969905
2.864761033413417
2.633556649656054
2.432341633431239
2.250825621164817
2.078164742592691
1.90333536883562
1.715402538360525
1.503823000776297
1.258917111745605
0.9726754059333705
0.6404492496387033
0.2656211761327454
-0.1275952457025888
-0.46811351853918
-0.6104935987333097
-0.3542073706269928
0.4560480962561254
0.7566209739845675
0.6685488331145035
0.6872878602702487
0.6679629244111983
0.6315114787943021
0.5763882788945981
0.4876853346830031
0.3987931209278346
0.3326121327393198
0.2856833321081285
0.24202860301679
0.2000346647562564
0.1573961341732022
0.1100379153664439
0.07730665196740259
4.829633766925681
4.803152538703414
4.778866692973054
4.749147707605281
4.71804688989867
4.681075609344464
4.639617830361502
4.56294644472027
4.497140450390545
4.447546460074243
4.399002453068951
4.349556332644152
4.302290319087367
4.257485896978534
4.214617720949689
4.151480532269385
4.039549476539491
3.921689867367115
3.872765879056042
3.842384612934245
3.831045751569581
3.857470202627131
3.786644218818121
4.113560866814967
4.815512257210314
4.854127811580107
4.569986347600715
4.202976365466847
3.845379470881279
3.519718001731691
3.230831054155094
2.979682124961495
2.764127673869834
2.579041964622291
2.417311654468095
2.270834725563061
2.131127681358755
1.989604754495044
1.837720457245528
1.66717635075888
1.470380814227683
1.241235263545686
0.9759127039127906
0.6729383854331956
0.3343737837768322
-0.01935233671750813
-0.2963063881810309
-0.2557027816080001
0.441875545492576
0.7656399942470902
0.6958969348659315
0.7215305253546482
0.7082878592860835
0.6740416404221854
0.619863272271121
0.4966678092190492
0.3818924886383879
0.3187964500070227
0.2809398558383354
0.2427650525388494
0.2033481505562073
0.1619626816158584
0.1163524899621924
0.07766004967725065
4.889568883882144
4.816339748132553
4.78210391265663
4.754889821553713
4.729229399155503
4.696612408690136
4.654850761950882
4.51162049183613
4.432815319021371
4.411272931347807
4.386388537987212
4.35105032568212
4.315548129563565
4.285351626375227
4.274987570606289
4.244029224693671
4.10755856392792
3.870952582507234
3.812762349975427
3.781660779236955
3.777192602611089
3.812653957000594
3.791018938003102
4.210528974446244
4.547736529045962
4.252263174506085
3.918115556484245
3.651412181891005
3.418806808994229
3.201394665395776
3.000710531219098
2.821179601113388
2.663548620055516
2.525215637397153
2.401766345414587
2.288018857697621
2.178536458422387
2.067827512198579
1.950428382135982
1.821048235881309
1.674966418140418
1.508896594867832
1.322294706690235
1.117529192232036
0.8935697271833479
0.6296583174027086
0.2934693377321568
-0.004040925912526464
0.3348714330378655
0.7557186694206884
0.7359447411184868
0.771514410512028
0.7653365183923466
0.7299309529520934
0.6651362369609534
0.4199022036730314
0.2809521648361537
0.2498653890489611
0.2394093576826556
0.2070600387108805
0.1677591630202134
0.1269074100407846
0.08721054069205053
0.05035959051290353
5.107560338207528
4.880164339004925
4.807287275722332
4.775157764676873
4.760254083780553
4.756060382395356
4.773483728911132
4.664072826816748
4.481804875139848
4.455009998982193
4.41456993527651
4.346118389623375
4.290797930742421
4.285381986698773
4.37418927929518
4.382012374959063
3.818223010626236
3.63518039902579
3.671201273636269
3.678257186463739
3.691735754258195
3.73243068827466
3.779602467419561
4.206586999484383
3.829964225187832
3.397319678694859
3.249033838376048
3.158311970491619
3.045877892462701
2.920400683483679
2.797016478875892
2.681844390155064
2.575918372188382
2.47830462366277
2.38719319577633
2.300347426782507
2.215367681839646
2.129821748713038
2.041307670786153
1.94755591384144
1.846637023818047
1.737327122575585
1.620065242568578
1.499825695690606
1.389744540782183
1.295940280450282
1.138483729027518
0.6967253061159067
0.3264865393150867
0.7603200840466822
0.8114826300232083
0.8541248093319231
0.8670057368878143
0.8706730450626781
0.9004528525890068
0.708163371988441
0.1396341536971919
0.1589166809721988
0.2653174509274797
0.280076493656665
0.2518938179381688
0.2221046335207528
0.2043752138372004
0.1312277110189886
4.392396913823879
4.624904473210647
4.70180601127318
4.739549957115877
4.766366674816081
4.803884244951001
4.829809498386392
5.185303472085879
5.228132354922841
4.815226489394691
4.504900031860107
4.291708691605457
4.139820189631929
4.028398642235283
3.868837953177025
3.442759016690312
3.068339089767102
3.471421250694895
3.518670792360081
3.558191368484449
3.568833105957486
3.569822215814596
3.598509377474453
3.392389814074553
2.798215397176977
2.80308399873268
2.888947904534679
2.870935715922552
2.805447952776257
2.73176177364599
2.658835881450102
2.586799212575084
2.515425660356667
2.444776430616169
2.37481224583493
2.305336719690463
2.236081176382149
2.166763721357263
2.097116437150676
2.026937908025027
1.956168022387314
1.88482549173531
1.812617363072716
1.73949065286682
1.673705669777395
1.652722416149964
1.731127487721156
1.727552045092429
1.135411784757952
0.9369351424795068
0.9720914347735936
0.9768269226892902
0.9880698788556876
1.026335534578434
1.067922557784997
1.470745855164887
1.107695423310894
0.7254005763309004
0.6430517609214029
0.6382562503009452
0.6268404293169785
0.6079428592881111
0.582721709710173
0.5420652994667183
4.61026233895255
4.686637420859982
4.72184601001295
4.747366452599929
4.770707108512687
4.806645256058902
4.814352685791733
5.075995156578603
5.271457354162391
4.961923111141412
4.542590022497719
4.159079159435927
3.815443266924154
3.469036444255575
3.075238480560558
2.741576736837889
3.063336341567574
3.467984597810749
3.444793658538486
3.475966773369267
3.465298922048022
3.423543478940869
3.350490492581031
3.086265841670031
2.926731246673552
2.883100135704403
2.858463973847684
2.809216858811443
2.751931214554397
2.691635488180424
2.62967470608206
2.566374146175778
2.502040752475467
2.436964438607973
2.371388669592879
2.305515341515082
2.239522996469427
2.173583750390525
2.10787428227338
2.04258949907034
1.977962258209359
1.9142662819349
1.851785462924316
1.790806069962339
1.732591743532431
1.681770338857925
1.65414000652436
1.606847721667196
1.446323104794144
1.188254539545239
1.120873082741401
1.083032546907346
1.073586727736407
1.105640130112298
1.076528003206429
1.490920841369283
1.861990830398521
1.623150042507825
1.380221255449331
1.241676819011905
1.166017746248638
1.11749309828129
1.08110649188535
1.057756664613367
4.673578053563641
4.701516971756432
4.723072954192368
4.74382277412592
4.762655751333559
4.786823695164007
4.786043863407337
4.879267458868049
5.001459727401476
4.819372027322331
4.421496554124456
3.936159808263879
3.427545100719644
2.927191092267058
2.525117325337042
2.472316545192113
3.146408170962421
3.476733167605642
3.405316868330674
3.427050107971445
3.408588967997702
3.367069465412281
3.303831482283013
3.166670361124782
3.036121211314887
2.958326728240717
2.900787784611208
2.839932233011767
2.776132257005235
2.710219996873569
2.643307800014389
2.575907035703003
2.508302093326529
2.440644592770999
2.373005765478045
2.305403501414721
2.237827190735832
2.170256312272038
2.102677668749789
2.035100970197492
1.967581554154605
1.900242572876212
1.833317125084789
1.767241942879933
1.70300957081106
1.641255079680672
1.58224899376151
1.503329390535531
1.373760974842243
1.240681216950326
1.181702664436697
1.143438338475624
1.126217655414305
1.149938751013685
1.071009193180094
1.419097081111033
2.182711811154882
2.290248383052776
2.124305707184055
1.932984991470014
1.794181774033069
1.70688836465722
1.655948499728604
1.632346671264829
4.705986802343565
4.718091437556882
4.730444038596644
4.744280939473785
4.757110676489506
4.770214101743901
4.775177327552718
4.777053238811924
4.751888884769458
4.561401580707325
4.177040121386641
3.657578144274604
3.08797641150835
2.57060895797049
2.262450819473568
2.385910686423489
3.155722805254651
3.469262533405072
3.380521908642276
3.394943720158678
3.369564036379552
3.324976220017563
3.259915931593534
3.157888949741402
3.056087433451372
2.97764713754155
2.909983431190917
2.843177309613408
2.77639566681107
2.709319401507707
2.642099407093644
2.574794925317948
2.507452231688668
2.440102835691166
2.372763486538763
2.305437773520841
2.238121790379676
2.170808744149506
2.103494265640294
2.036180298696019
1.968880061874724
1.90161897687447
1.834434765887206
1.767369709438043
1.700563982778279
1.633665821121469
1.565905707025417
1.487922303794243
1.388063934402616
1.289392350469115
1.22754648600335
1.18556784942695
1.161191216132998
1.178172498812087
1.079829904278527
1.41624663607928
2.311761361096743
2.662169857608326
2.672803280294221
2.549119607162732
2.415365247020577
2.316386299464843
2.256606956546449
2.228714411477816
4.724797912441003
4.728968422745984
4.735599634547946
4.744502109200432
4.753227939946723
4.759220082454837
4.771921495801748
4.740611479466608
4.595590767179049
4.321999834766673
3.908781755206507
3.390605585216319
2.850108198667438
2.406067318801655
2.204598758039522
2.403111134601595
3.15780238001456
3.463609175980966
3.372059642272769
3.381365582356818
3.352854742620402
3.308536791584157
3.246302443608144
3.162120079639511
3.074438999732602
2.995537531309998
2.922295028666341
2.851178684871536
2.781429672547092
2.712446941550017
2.64400468115715
2.575928187288974
2.508106439239052
2.440458833329551
2.372925795852674
2.305460353212648
2.238022418641711
2.170574470774702
2.103078503948357
2.035491215225083
1.967759511881918
1.899812242630133
1.831553003530608
1.762825372657084
1.693442822533825
1.622864024833452
1.550424581338613
1.472864427079736
1.387376929070387
1.306034497182348
1.246386757508601
1.204227894566481
1.176536100597767
1.188786416966501
1.085864271783984
1.417649358222951
2.327087740753451
2.808918865951275
2.993448370891987
3.005942585764336
2.94775469231231
2.880092811678268
2.829511043646586
2.802896471417003
4.734349010729528
4.73520063554102
4.738916385094941
4.744867265142798
4.751141184517501
4.753160346472057
4.771185049914702
4.726967442842513
4.506753413002639
4.147827163085506
3.690094931167886
3.18510037601326
2.712712396975641
2.374914625019724
2.276593542943174
2.513476806647355
3.190490189891768
3.465192526544961
3.37920505925546
3.383409703052068
3.352761026442401
3.30775723544168
3.2462684898032
3.169136777806613
3.086818999779577
3.007090397278024
2.930601553070281
2.856599963934891
2.784686628416641
2.714275261843632
2.644952795272904
2.576375444432695
2.508289539830309
2.440516217113883
2.372932213267374
2.305451124433287
2.238007533941523
2.170543689438547
2.102998254485162
2.035293355241102
1.967320664357787
1.898924738784038
1.829888520364756
1.759910176345582
1.688638398140475
1.615578080802373
1.540401214296264
1.462452562040635
1.382397825015755
1.307756350430724
1.248461283105756
1.205304046413231
1.175378140956118
1.182764239954232
1.084204571230966
1.387229130637635
2.239865057568959
2.800408659658594
3.135200488055833
3.298711206140681
3.349933628098726
3.34380734268021
3.320521867846097
3.303294880976251
4.737707394289938
4.73750178792701
4.74022539157512
4.745081240093297
4.750433699441746
4.751131339381113
4.771745048148285
4.719578525333349
4.457556570378376
4.039817146638065
3.546385717414465
3.054780752451663
2.647225779488527
2.407208376491673
2.404679140466339
2.682914819605185
3.266417146998214
3.482668489522182
3.404447385419977
3.40242231095569
3.370326850099951
3.323446911152852
3.259925734539835
3.1825227017045
3.099113263451159
3.016356110771202
2.936554931148344
2.860029103847475
2.786420012484947
2.715011295638535
2.645161863287347
2.576342315360652
2.508172042713367
2.440393878021077
2.372840585272574
2.305403298870317
2.238005714397646
2.170583161428221
2.103063996402171
2.03535060607577
1.967295545528783
1.898673373731367
1.829151726899344
1.758265136458312
1.685445190985829
1.610065493086517
1.531826308058815
1.451046693216213
1.369916485230779
1.294821112597044
1.233274569718756
1.188023831282308
1.156647775022005
1.157669901867235
1.066444087996156
1.31404784641758
2.085831604258814
2.711617146137666
3.170931023422332
3.462798335078205
3.615086087926921
3.672923627435192
3.682336250915054
3.678186827910154
4.736921860744192
4.736761613240162
4.739786950700045
4.745049623217351
4.750763969584826
4.751209991516458
4.771544736121595
4.714965050957979
4.434995405306044
3.98726560275857
3.474735868344516
2.99125190832383
2.622184547895216
2.442167469212086
2.505904045350066
2.830176630612285
3.36041200049826
3.517111060851512
3.441541692020962
3.436422473429136
3.403692758528867
3.353921170372667
3.285437578935525
3.202110772910233
3.112443212114145
3.024028097835948
2.940107904596516
2.861092438694931
2.786202636559834
2.714290568652878
2.644352409061776
2.575633138432394
2.507626563421714
2.440016250928965
2.372614237404054
2.305310892511434
2.23803816907283
2.170742413122091
2.103359966438629
2.035792930467743
1.967874878533068
1.899325611114362
1.829695384447791
1.758307020259793
1.684252010353733
1.606477628368727
1.524261640379749
1.437980110768871
1.350693091366683
1.26967307899096
1.203093858695817
1.154815091335838
1.1228310836549
1.120887886119824
1.03334652441121
1.224198117758096
1.946861960402648
2.629404112918648
3.16897070549804
3.53758091150795
3.751070147964986
3.84971395251709
3.881335490243845
3.886242827558721
)
;

boundaryField
{
    inletLower
    {
        type            zeroGradient;
    }
    inletUpper
    {
        type            zeroGradient;
    }
    outletLower
    {
        type            fixedValue;
        value           uniform 0;
    }
    outletUpper
    {
        type            fixedValue;
        value           uniform 0;
    }
    sideWalls
    {
        type            zeroGradient;
    }
    topBottomWalls
    {
        type            zeroGradient;
    }
    frontAndBack
    {
        type            symmetry;
    }
}


// ************************************************************************* //
