/*--------------------------------*- C++ -*----------------------------------*\
| =========                 |                                                 |
| \\      /  F ield         | OpenFOAM: The Open Source CFD Toolbox           |
|  \\    /   O peration     | Version:  2506                                  |
|   \\  /    A nd           | Website:  www.openfoam.com                      |
|    \\/     M anipulation  |                                                 |
\*---------------------------------------------------------------------------*/
FoamFile
{
    version     2.0;
    format      ascii;
    arch        "LSB;label=32;scalar=64";
    class       volScalarField;
    location    "5000";
    object      p;
}
// * * * * * * * * * * * * * * * * * * * * * * * * * * * * * * * * * * * * * //

dimensions      [0 2 -2 0 0 0 0];

internalField   nonuniform List<scalar> 
4096
(
0.8285877176411193
0.9613575727135519
1.20961442078343
1.559658600661376
1.985410553504614
2.446561376369866
2.890578214110382
3.257763939451986
3.485408596371958
3.530968277666815
3.513206427345346
3.519627157729289
3.522089465262848
3.52427708972666
3.525226896266648
3.525310953918061
3.525058026864596
3.525149736181693
3.526122857567855
3.528244451484957
3.530852899060243
3.533924901854415
3.532018953762766
3.533470439003255
3.507513993927162
3.394436175718022
3.1883188499958
2.887609454791639
2.498773119144614
2.040792655181095
1.544364306315908
1.045988008655586
0.5808246066761784
0.1774181602897679
-0.1448503031046023
-0.3760563105432037
-0.5145281306661025
-0.5648731107578338
-0.5359873486365505
-0.4395833589119009
-0.2891885603264385
-0.0992151220071481
0.1160504229569334
0.3433793558220674
0.5714601258972395
0.7918985982410055
1.000208729461548
1.196265344169345
1.383832163393381
1.569240231393668
1.759666602151077
1.961575179461283
2.179735666482573
2.416887628613546
2.673731025419547
2.948823836534321
3.238295163936559
3.535602510523414
3.831425574078844
4.113685264830431
4.367942338071232
4.578616502884615
4.731075943552582
4.81402085308995
0.8818332954946252
1.010223567979801
1.248016514192493
1.581101279152412
1.986398132524916
2.4301184760697
2.865657268273446
3.235426429138815
3.478427889793588
3.529462092518649
3.509444407035644
3.516498762803947
3.518984663586397
3.521684611825901
3.523429040940757
3.524582598344719
3.525505620993568
3.526702182522818
3.528543546558022
3.531270330259042
3.534144883433596
3.538286691612842
3.535054525668346
3.547404817326499
3.544888217559785
3.44662947868908
3.24682374012467
2.941972020325764
2.541654353989702
2.070809333363409
1.564280458965019
1.059381966183941
0.5902998515561533
0.1849199116263794
-0.1367561605207159
-0.3633498614626752
-0.4921240789635366
-0.5280193827739345
-0.4817376660625077
-0.3675515270977996
-0.2015383720518313
-0.0002609530347535383
0.2203381065899927
0.445735797387235
0.6638926412938485
0.866721701973286
1.051227463895252
1.219621064253358
1.378332282033128
1.536279178100938
1.70286742951371
1.88616027279225
2.091610065362263
2.321608159677909
2.575749348467227
2.851238073753203
3.14286501615383
3.442714997578836
3.740137521693322
4.022005167130382
4.273554694398567
4.479936244336023
4.628115663970909
4.708642639384419
0.9886568722924656
1.1108156476332
1.332175909756881
1.634706603430616
1.999333552454094
2.405375887291698
2.821054751783578
3.195654805773016
3.466826733549273
3.527188063174995
3.504210791818616
3.513318578004744
3.51629657843946
3.519714314601963
3.522135341259347
3.524032083808162
3.52573337537428
3.527718140988359
3.530331059871708
3.533918805030622
3.537562599632282
3.544024873890739
3.536899788769413
3.564619265964938
3.609049745383355
3.542070833403306
3.351164871463392
3.034621895221823
2.613465513674376
2.123761244865099
1.604739942855727
1.09246847893878
0.6184938897977045
0.2098734578400963
-0.1115422408106858
-0.3309684591295792
-0.4429765729020351
-0.4526673057952048
-0.3742208886745999
-0.2271351037939029
-0.03246758355684542
0.1892789758519864
0.4190164174361468
0.6395779402282182
0.8376846937869775
1.00631690870091
1.145667032757867
1.262325560948753
1.367391325846019
1.47420074360134
1.596028223169228
1.743923895823658
1.9249321720524
2.141168519194313
2.390218759214868
2.666517713866227
2.96223667448576
3.266867960566272
3.567009367887314
3.847149231788763
4.091868553502767
4.28823112044051
4.42675084701046
4.501248561184111
1.161091751660364
1.279060466660696
1.482380685752804
1.744146096027606
2.048153093108477
2.389835285879106
2.762911670011498
3.137651279751887
3.450980125616638
3.524953803529023
3.49826762654663
3.510173664785514
3.514184580244104
3.518452942337296
3.521384461774975
3.52365182393922
3.525692904990703
3.528105666557382
3.531352104301189
3.536020538360308
3.541001387876155
3.551204697055109
3.538110940175585
3.584841116045085
3.70138880386341
3.674788296455282
3.481704151709633
3.140044852251967
2.695365813933962
2.19408511638076
1.672747666426231
1.160717137650807
0.6852810695815128
0.2736552375197105
-0.04844637968987318
-0.2605050130820487
-0.3520854570321759
-0.3271325900646766
-0.2043346799037918
-0.01142699738683775
0.2227489533581078
0.4721965517482975
0.7126237925403167
0.9225485823070174
1.087826105713536
1.204449520061194
1.277943929554521
1.320915885071386
1.35028357525243
1.384711572379622
1.442242277781211
1.538006017822755
1.681959322708097
1.87698183238044
2.118415454126411
2.396154861784063
2.697865475564392
3.009217601543984
3.312114799342432
3.586805068790953
3.817195742669842
3.994463615770515
4.115679797104178
4.179884487929729
1.423121119677105
1.538354149477485
1.720053305118906
1.934770677397093
2.167936654870947
2.419949500024484
2.708987476331314
3.054744863536287
3.423403150060887
3.521217669123682
3.490925701458188
3.507164683688166
3.512862115622935
3.518045764765948
3.521232130343783
3.523425304026395
3.525303801770563
3.52770021769747
3.531330460027063
3.537207364589533
3.544293588594541
3.560465543354313
3.540649026460399
3.621687883869345
3.83691731577838
3.82785720633372
3.596089632877299
3.217901071999869
2.765786164199007
2.280055805839305
1.780748044784659
1.285252889461866
0.817147748532516
0.406340833165948
0.08449502480265245
-0.1209858040946962
-0.1931668224162742
-0.1320736361745529
0.04101874432262037
0.2884074798718309
0.5698937137750352
0.8517593496252195
1.100065474285516
1.28807635011342
1.403865551843355
1.449927693283614
1.439032448967296
1.390353391109031
1.326590837387396
1.27157789001527
1.248057666492473
1.275578437276507
1.368288459692087
1.53219208816156
1.762297575591494
2.042648491593658
2.352408658703463
2.671382420913578
2.973892715002198
3.23479289825734
3.439217878903166
3.585358847512795
3.679767360549955
3.728996037127934
1.821881987964874
1.918341586411895
2.055986126583256
2.220346383785128
2.395504945188616
2.555619478586716
2.710357103603067
2.945185102508908
3.356903888972514
3.512228675991887
3.482438167491769
3.50505509632261
3.51318513582754
3.519096875715066
3.522008595565987
3.523422144371483
3.524380489655847
3.526031881587743
3.529470008541971
3.536364675648322
3.546489843114349
3.571573740247446
3.549520630967397
3.714989914890601
4.026265164707051
3.942829928728035
3.624158291571852
3.226966127390855
2.813171334646576
2.387446802674348
1.943762441425396
1.487956837309304
1.042945402008205
0.6442358719693549
0.3305278032845063
0.1342993579173589
0.07631552554738488
0.1625525524895075
0.3778294035983542
0.6802492812226564
1.014998544563026
1.330385653027442
1.574809899784517
1.721219473787663
1.767381798427294
1.725768824517756
1.616561611444808
1.464459389538578
1.296747663501636
1.141337938617902
1.024711080589982
0.9701034455172309
0.996025215106683
1.114187038147923
1.324746662174513
1.609154676691553
1.930983883967086
2.255415391936344
2.54602683789988
2.776720238322827
2.940949413545943
3.045083674576119
3.103258399078343
3.132033858278882
2.445911874076892
2.445008728375235
2.482138613092031
2.599697522775882
2.749902564391288
2.855212368257571
2.871573063146827
2.880278750143369
3.223398892668663
3.489479227444887
3.475950013617865
3.50608257510061
3.516852247397893
3.522635374481453
3.524236628657831
3.523761441770752
3.522670907470389
3.522402928978905
3.524445458731886
3.53127452343309
3.544593546568877
3.580090885338084
3.575271798295415
3.898382441383167
4.17880628165571
3.886175140100504
3.499214447484247
3.15794605889655
2.8460728431777
2.524609958926767
2.170655666932096
1.784510394410895
1.389999282227621
1.028227453278672
0.7437831465859297
0.5695385896617
0.5207821287627455
0.6039929638145756
0.8255239712045072
1.16661192011193
1.565582319373285
1.904664293929239
2.116931099738691
2.193992279751534
2.15093674217993
2.009651938308217
1.795447286103426
1.536443845307929
1.262489054445508
1.003627540941409
0.7884591137879799
0.6425690750825771
0.5874761585176396
0.6404186008867429
0.8125926447733264
1.097295307183803
1.443389256469341
1.762167018446753
2.01138834899777
2.184742353479443
2.296766804294926
2.35762386735273
2.375939702896823
2.373404270851622
3.434461486447426
3.113277703506768
2.991933206710851
3.081571277108782
3.214646867843168
3.301264735752833
3.28581704872136
3.110441136071901
3.150323877232804
3.470748933929809
3.487111400853258
3.516952154359783
3.526907084932271
3.530051707068429
3.528521782784144
3.524579190025988
3.519930209140313
3.51603696425049
3.514417324588479
3.517717164235329
3.52903328555194
3.563183683981696
3.58920921907621
3.986058612558933
3.955335471868624
3.526673156788615
3.248903928133883
3.058334637571259
2.883292300739488
2.687583094231796
2.452778983175186
2.177574007779295
1.882020965910756
1.605009340472701
1.389702758635574
1.263333761395
1.225496696350818
1.266012309064657
1.416435966202719
1.747127844530732
2.229573352340231
2.547356344735459
2.68255386305237
2.66463500265128
2.520285390208016
2.275533358580637
1.958645857381844
1.59930671339507
1.227164996206918
0.8712803439597974
0.5600286803876909
0.320339851717054
0.1759702155189276
0.146480408492633
0.2500206141877919
0.5066746923130352
0.9007797920594584
1.18209664415114
1.333383339487006
1.418291959098603
1.473527612415953
1.504789560733806
1.500834878896679
1.441517479417683
4.883624108285194
3.91452532353725
3.668956897114438
3.704445388165812
3.739729799306745
3.750922187298207
3.785460336369918
3.804181852329022
3.613077176877273
3.531710312564498
3.548216369564889
3.551385448898456
3.548573961452252
3.543331497216384
3.53561465109669
3.526061448317307
3.515996712779536
3.506249017437024
3.497301233590655
3.489723358707449
3.483480932477662
3.481683595066021
3.501592660466242
3.371220464294382
3.095423940777545
3.071319304842789
3.056648046058525
2.997699474900891
2.926858548833545
2.848434154916978
2.757111440792452
2.651599987676383
2.538230789535567
2.431906654291073
2.350158782742968
2.3018903325327
2.274628324913289
2.246330557434757
2.224836667888004
2.476903300028261
2.96381846496788
3.172782853641344
3.204662837550539
3.085072619717171
2.838295995738505
2.495067591195291
2.087812173150904
1.646149887545695
1.195722246091515
0.7601467989538502
0.3640824174675229
0.03483189409637234
-0.1993957925536118
-0.3143851967772541
-0.2944972213808382
-0.1254960213579516
0.2681229540041895
0.4702609093264993
0.4552557720199644
0.4419293031672156
0.4403601476541877
0.4559708082086955
0.4799981624232237
0.3507218165041188
4.423939242163561
4.115908439264043
4.011530745476764
3.953641833225958
3.908621302691873
3.871855344144474
3.85154884675033
3.832201718117557
3.77418591525437
3.646082284186509
3.611971732152493
3.589139870196564
3.573071099932883
3.558778767253157
3.544130541804942
3.527945269424015
3.511631594877567
3.495431060286756
3.47861434704714
3.459641520609448
3.435503750033212
3.398997868867654
3.347909494219277
3.170499509065908
3.076461494522652
3.048696523796133
3.022707922685956
2.982634278013611
2.9390969974084
2.894125060330464
2.848413720786615
2.802222225142259
2.756154421217846
2.713821697528425
2.679802364896345
2.654593138310478
2.634379892083654
2.632725847356262
2.54834850012375
2.827287293068555
3.425845842637305
3.64746113823701
3.618914344802576
3.407970514952735
3.065791308830907
2.638727378277029
2.164861231638292
1.670844452913528
1.173904903867426
0.6875652703769135
0.2284358561954938
-0.1784014730125722
-0.4981710552955778
-0.6908678029150614
-0.7166068014126329
-0.5270709901807625
-0.02928168434417754
0.1986002579909292
0.1287003507055689
0.1305518883718157
0.1185558461309035
0.1087333454920579
0.09702002620367609
0.1002407631423356
4.074516011233959
3.967232902518383
3.910616937430952
3.869200409848649
3.839289144039326
3.813405950382568
3.790900572823745
3.763359141480274
3.719254931816703
3.661346295861221
3.634494190572649
3.611301645718516
3.591851646829201
3.572743650575693
3.552770948027717
3.529835832895734
3.507393305169658
3.485845107112521
3.463782271514133
3.439159981728969
3.40978438141405
3.370992696517937
3.324433026397045
3.232910596907154
3.153955631996145
3.097589909405539
3.046413370045299
2.992691470604498
2.937473885998994
2.879794460062709
2.818971984398943
2.754143362875137
2.685980130124731
2.622282752039157
2.573238303653715
2.53975985689042
2.519139608418088
2.533866807490992
2.451176927435827
2.815028298695218
3.610238204779845
3.912433678975028
3.861857000355325
3.57930843707857
3.161808318831534
2.679783431911121
2.17573035728309
1.669351447922418
1.166486029101996
0.6682962946960761
0.180061533133628
-0.2797417394801106
-0.6712262018548559
-0.9300867497045376
-0.972939979452935
-0.704903477807505
-0.02494818445032356
0.2807299508436097
0.2127481978596382
0.2320501652122522
0.2243124369049981
0.2109329128475716
0.1816121432883498
0.1753453077720233
3.982037025447178
3.936350276047365
3.90418190111147
3.870518213074147
3.841653715780369
3.814972575615577
3.790049145338277
3.762574274802145
3.727341474421797
3.68620176927698
3.658413445152001
3.633590741902723
3.6111753625637
3.588006220173373
3.563193764895752
3.532097055140201
3.503050977396665
3.4770590291458
3.451239374784169
3.422459755666462
3.388646923909135
3.34634481553675
3.296173306832327
3.224814684075612
3.158033555138385
3.101971782356147
3.049664104352049
2.997319773825657
2.944754470583453
2.890961502160268
2.834908972173506
2.772999801607313
2.702035024595549
2.633884589500078
2.585648121926271
2.552904204018671
2.532630543103138
2.548465765592143
2.452141727747687
2.77778420357447
3.636357680829878
3.966948869501938
3.886027188276675
3.549426572138967
3.09333966670279
2.602737755890875
2.115672059869126
1.641301618332745
1.175174402917189
0.7087005229246791
0.2363515986758913
-0.2346472333669922
-0.6691184872380317
-0.9873558461702083
-1.064502794266571
-0.7664909588846371
-0.008495594400447504
0.274673026684041
0.1922077726580295
0.2118002233040047
0.2016926450001722
0.185584708056641
0.1530167157431668
0.1611894261917961
3.93078159251422
3.90404324657922
3.880067935227344
3.85225658856
3.827089599143453
3.803310353505909
3.780477687639854
3.756425172060685
3.72906875824398
3.699269581400337
3.675202151048145
3.652371795644222
3.629834930085144
3.604298312898127
3.575512825919968
3.532706742384667
3.495701869668298
3.466931317031713
3.440098681845338
3.410012443260293
3.375119989635635
3.333172928727152
3.284545067259561
3.22446634679009
3.164859729319912
3.109411422579285
3.056183007288736
3.003861836482576
2.952355315497843
2.900879441257081
2.848180002465268
2.784525545035218
2.697769330832745
2.610913067631863
2.558842198151972
2.524662386798378
2.506358818807274
2.525784907532282
2.435225356208612
2.747236645252388
3.57741727957712
3.828971906089999
3.667079624347644
3.294695114859902
2.854857398869582
2.414551292281475
1.993578084586454
1.590883081841671
1.197536345212417
0.8019990649842376
0.3934152939194878
-0.03281069370618231
-0.4612629661817821
-0.8292543651501487
-0.9982344304771165
-0.7731795715255385
-0.005668609158587298
0.2818671699526017
0.2009598617430236
0.2239180092910122
0.2136876392218347
0.1942815125373527
0.1554015877243073
0.153626055359166
3.919528627995181
3.888318740114097
3.863261910202038
3.837250612297721
3.814626223288774
3.793852433020906
3.774167611159186
3.754206636808937
3.733026536606215
3.710965371559591
3.691421208712614
3.6723025754504
3.652424364210388
3.628029967779836
3.599832575689508
3.539303593269914
3.492642719801905
3.463925161370854
3.439675127407799
3.41049083234234
3.375754164162078
3.333902505514564
3.285307165683928
3.228859426310672
3.170941875331262
3.114492127862237
3.059863562726886
3.007243193242708
2.957453134152666
2.910719658080322
2.866536550125119
2.801610350086305
2.684397083753066
2.56233870317728
2.511684366331265
2.479762789629336
2.467429680931612
2.492687906787869
2.421691816876339
2.745396075989287
3.440440851068779
3.476524529661587
3.199690568054037
2.842116890106185
2.487240928038567
2.150665631067952
1.831652356642447
1.526237846636445
1.228002831659306
0.9286850252893346
0.6195177949042935
0.2917143961445137
-0.0620278569636015
-0.4313905587352407
-0.7317135338128077
-0.7201733918482364
-0.03836563613597339
0.2826198369755521
0.2152519539526866
0.2423107242331981
0.2327544233487718
0.209160742825581
0.1621292088719113
0.1356712793070478
3.948325261062764
3.87436658237184
3.840825284817675
3.816701178036992
3.798214790821095
3.782077066569495
3.766991525347843
3.751958819253017
3.736544441157634
3.720947125377509
3.706532985284011
3.69206229721045
3.67542901204812
3.651197345336766
3.616080529966095
3.48453080215297
3.425887796987127
3.411149155048973
3.397841727826465
3.370536844594233
3.337067069582365
3.298716410774483
3.256306917320485
3.209624420062628
3.161891904456177
3.114676596453017
3.068314691313764
3.023059869613519
2.980254484261
2.944511084890093
2.931084108135423
2.897833322583259
2.752707386036434
2.509274132928848
2.449949757478012
2.417335430064316
2.41197462157465
2.44550292530388
2.424055299724082
2.823204287562837
3.136801008724603
2.849412849453294
2.537919278333891
2.294200306163939
2.078043035871504
1.866944366822958
1.659638268687954
1.457889105264637
1.260202243122251
1.0629705499093
0.8629735331721852
0.6577200170661649
0.4384923881385766
0.1742682429815907
-0.1758826988503664
-0.4967525691834528
-0.1531177165866109
0.2658725381592008
0.243406531464746
0.2779228156898447
0.2726242939249949
0.248053265781312
0.1917597679901127
0.1092051663651949
4.132842067595059
3.908579175732504
3.836596798985143
3.803012691319092
3.784289469774652
3.771292632106366
3.760422518802016
3.750182679972138
3.740218805580778
3.730874721034815
3.723237367878097
3.717778312169178
3.714493049194505
3.716325295765593
3.733409227264325
3.644974584849674
3.439798849435293
3.458935053808287
3.491385170381338
3.481500815381932
3.451489004843277
3.407139238805992
3.348060919280077
3.276695739864664
3.200615730717431
3.126321715843478
3.056367788989208
2.991054644169706
2.938210708578414
2.934654251645575
3.03231873719209
3.047574174116012
2.459412863869325
2.265880283179426
2.30492462619694
2.311704099458216
2.325387089706169
2.364708912001262
2.412274113464382
2.809047700637694
2.40660879624403
2.000966865234882
1.884133893839923
1.820814649805835
1.730694304092897
1.622060433227218
1.509394276287435
1.397950433637686
1.288106514862166
1.179013142816484
1.070609459577014
0.9664215798131287
0.8759227956878126
0.7976320581438702
0.64272566056007
0.1921928946008913
-0.1759139611756747
0.2569238548507234
0.3011392898188329
0.3328955108697532
0.3243361760907337
0.2851386713577161
0.1735710447477035
-0.01683724775085987
3.388057691551988
3.626768853961234
3.704645635931152
3.736509326665164
3.748783931550515
3.751761830549635
3.750249402948048
3.746648148478576
3.742410933436763
3.738838634987575
3.737532330693145
3.740655949603173
3.750474194224899
3.779343733738696
3.798255665776338
4.113611103734161
4.119357393122703
3.904361103190468
3.826723493076178
3.803573721444928
3.769698603333197
3.699903659950453
3.58853989037954
3.443341309722909
3.280799844559569
3.117421898599762
2.963817109256426
2.827204665807751
2.718799208704172
2.642336403585714
2.514999012548116
2.102277367324942
1.697160432359093
2.095997471629716
2.149046005166053
2.190061024832742
2.203328149881032
2.206710719969592
2.238793058331992
2.038417298393954
1.449212347760329
1.469253963134323
1.572455242898873
1.573730881857871
1.526991659383538
1.471283989059663
1.415712995795654
1.360385108687751
1.305106154897142
1.250112346048119
1.195407135541286
1.141308045123585
1.095782854128659
1.092450101746225
1.177519442062297
1.178511102543485
0.6049135620885917
0.4173639890963299
0.4521866217539808
0.4505777455121964
0.447613326969637
0.4515166366529867
0.4591805478117089
0.5983614003329281
3.585503252520406
3.66981220120842
3.70705154242241
3.72743570010805
3.738025342116355
3.742933128955493
3.744544887683549
3.744452527815134
3.74381758186608
3.743830166157105
3.745814394687465
3.751762521046849
3.762689061200509
3.791896619869534
3.782703407127554
4.041203236021945
4.332534754613072
4.251183506155067
4.132090941748903
4.048506278650596
3.968528868875145
3.857099405765227
3.69935742332491
3.498262901203303
3.267220536538536
3.022114364422285
2.775653332338431
2.535073902269363
2.297393420411151
2.035776218763383
1.707673956238178
1.40476177435763
1.697766321218219
2.089314294766978
2.07279781037862
2.106363644705085
2.100241190729098
2.064181277132965
1.999019584244832
1.748891735152392
1.603299690131501
1.572803160145501
1.561853153258285
1.527790603265114
1.486525008338488
1.442991329938873
1.398531384110451
1.353455003668028
1.30811139698251
1.262895089752599
1.218186086545128
1.174356634221383
1.132704440598363
1.097527773144917
1.083147442834715
1.048813648502433
0.9131923993584649
0.6635054327262728
0.5994738920266096
0.5595624494200608
0.5444033597182224
0.5486473366840388
0.5766588158526204
0.659886375183881
3.636491367206274
3.672878707944641
3.697736612079069
3.716115627503902
3.727982236247517
3.735290190379684
3.739595327671586
3.742247053791353
3.744193577813557
3.746474567976122
3.7500495022821
3.75632983120211
3.764835045691832
3.786314673897194
3.762478643547158
3.905615491116431
4.243024765616656
4.339182407602887
4.292747869849632
4.196249538856573
4.074924374409412
3.919285898315592
3.718026511886298
3.46955752800241
3.180961433241496
2.863053385516729
2.525437077138461
2.172799780510894
1.804763816693892
1.431663461066092
1.131323275735238
1.134299332207865
1.785511912149188
2.094745555367023
2.029846797113719
2.054598730217248
2.042006592676488
2.007571367582646
1.95262817432782
1.824878272166766
1.704915757882424
1.640562434528896
1.597947238315317
1.55309885714062
1.50587999988011
1.456872843077168
1.407065396091117
1.35688879605828
1.306606258942283
1.256439523086914
1.206636320206479
1.157542600909379
1.109901357356008
1.063855865726447
1.018935245561505
0.9529345069571471
0.8394432084007105
0.7164366552949047
0.6648128273870667
0.6301954935501544
0.6174522506159115
0.6234727640026978
0.6516722340452064
0.7039193718574611
3.663397911662424
3.683287302836646
3.699658185964866
3.713614300739132
3.723977864664791
3.731419495298827
3.736709980712939
3.740830250828659
3.744238250687556
3.747720721753459
3.751876411403328
3.757632443740695
3.763890562558629
3.778748464937402
3.756164614222598
3.837850531901938
4.108078706340326
4.269759626725186
4.299064580776652
4.229896250491186
4.095634478563502
3.909223744218135
3.671651173633574
3.382887697493825
3.046329089524371
2.668410066800976
2.256982402817496
1.822391219665849
1.387391152597464
1.012436551263646
0.8278308097543583
1.028008080762397
1.78750391613401
2.080835844609163
1.998722397027732
2.017869038610433
2.000416868567986
1.965067438810186
1.910146355098707
1.816402969473282
1.724368934599442
1.660101798320836
1.607885686079418
1.557096877192527
1.506868184431458
1.456702979571657
1.406631339822457
1.356588606443958
1.306551146200025
1.256512053839448
1.206455877379465
1.156330945755653
1.106119567996473
1.055232115922801
1.002632514547287
0.9390534110407424
0.8544632907385996
0.7680451522553862
0.7169344635275062
0.6833652929991414
0.6707631943090642
0.6770389367955671
0.7046957338131947
0.7525688397813296
3.681083652189125
3.691720980307737
3.702465058773713
3.713107865195274
3.72203263480454
3.729155176284161
3.734799627937196
3.739855635831851
3.744117103902706
3.74820375901232
3.752455022346393
3.757500483173867
3.762207503472969
3.772481638335714
3.755157786713923
3.809934783582901
4.002480049703508
4.1503889930536
4.208692214143924
4.167301817208829
4.039316446425978
3.840083856922453
3.578827050309179
3.260367957127036
2.889034044471583
2.47145690917854
2.019330478861125
1.55527076770937
1.124344412202834
0.8078276695499204
0.7246929324906317
1.007124646955711
1.773251271246838
2.06559425524935
1.980445755727725
1.99711530438402
1.979247652341481
1.946804785051355
1.896713477503845
1.817436318699152
1.736803266840237
1.673664028835513
1.617491711881026
1.563154951227272
1.510503371569725
1.458836248788172
1.407772949416567
1.356991102987129
1.306294789664664
1.255530767375169
1.204529390006523
1.153057238129378
1.100807039927264
1.047092525844064
0.9911210775028326
0.9295929991511594
0.8602791931917695
0.7935772847876298
0.7478584642353366
0.7181724496365122
0.7071819821053249
0.7137031758982253
0.7393533298261172
0.7824659842171374
3.69250402216255
3.698683637732001
3.706673463616701
3.715399365698115
3.723124132200582
3.729348410217569
3.734410026742831
3.739855569509949
3.744375223147305
3.748629161379537
3.752654059787458
3.756961731222236
3.760608582954304
3.767773615584603
3.755614853047331
3.793694422358537
3.923546262604419
4.030767579503321
4.079835189048714
4.046866302216611
3.926771527156611
3.726309689731968
3.455037306768209
3.121423180223263
2.733732803902478
2.303324436343184
1.849427267385681
1.405415527986514
1.025020179766604
0.7835271632473851
0.769297365120344
1.071744265025898
1.783749925022522
2.054507581496486
1.974723645836744
1.990148431853809
1.974719290129736
1.947369029325484
1.904641167591322
1.827600334325707
1.748006534623648
1.687633368363292
1.629427522100469
1.570896847359312
1.514921006347627
1.461165572948403
1.408855760753243
1.35725335892033
1.305855075034434
1.254249493675752
1.20200294663282
1.148586206599759
1.09338574760913
1.035670519496306
0.974998443368413
0.9107770996439581
0.8441920023972516
0.7825509527982971
0.7369787064062017
0.7082756968684615
0.6991194125745738
0.7086235968623124
0.7384975421302079
0.78236445937347
3.693827038870039
3.696926535972609
3.702320583301742
3.709153575717593
3.716469399322814
3.723715307131137
3.731006207776018
3.739989593712397
3.744009615710164
3.74858732971399
3.75258159696659
3.756360939160746
3.75929154478402
3.764251856990548
3.756426407313571
3.780936924543958
3.86168290824287
3.925683157183588
3.947587469078751
3.904927807140083
3.785222000762952
3.58714077608251
3.316734486919278
2.983702383909557
2.600568609536548
2.184754889294832
1.762250326435382
1.370990900223575
1.061406682573328
0.8921732202367899
0.9231175698389965
1.212229161051609
1.820850815193599
2.048107461005435
1.979791925577963
1.993958495338665
1.981799703905466
1.958551474214512
1.916370618820758
1.794944101049535
1.686817687132907
1.64602368523918
1.606157387135825
1.556798839260655
1.5069120533214
1.457155451974214
1.407223983896741
1.357074510833354
1.306854872207408
1.256703679363032
1.206732370991701
1.157056254675092
1.107830592752684
1.059224518165629
1.011539772418491
0.9648500342409262
0.9197695397314781
0.8795272540172623
0.8490666914864948
0.828587775906287
0.8193831439281284
0.8209636686034338
0.8400929351922073
0.8813291363235204
3.701671367977788
3.708556342212623
3.720713015710202
3.733161943521778
3.740881745550773
3.74081896620137
3.736580734405569
3.739115832145759
3.751537501406202
3.751058850453405
3.753489130969219
3.756397692175215
3.758589946612904
3.761841079191495
3.757471368061071
3.771104098319431
3.813097786130274
3.838276845716798
3.828375834977336
3.76624400644392
3.639500542523572
3.44344005597855
3.181214134551099
2.862471914916011
2.502552664074639
2.123066706698554
1.753076959798847
1.42915588679272
1.192822654989248
1.085592843422832
1.1442322368209
1.398965568488201
1.874008207599499
2.046321194474046
1.994107231224171
2.009637413339232
2.008213962699444
2.007918124940093
2.007329059266639
1.92117942272676
1.802303666553909
1.750016010595669
1.685607144503257
1.596898456774465
1.522289007458921
1.46248842504332
1.408922580375197
1.357004655971088
1.305222250433086
1.252654317811653
1.197935219460043
1.138892762922326
1.072422262610642
0.9948812110979317
0.9034522666663686
0.7982831267356247
0.6856599477402421
0.5798646662661464
0.4986024901229339
0.4540918790693154
0.4514762073141462
0.4874066807786188
0.5658142491033642
0.6707720711612174
3.737721582855319
3.754514723224643
3.779120503558485
3.799764362379332
3.804709050551495
3.787725219029176
3.752700394558351
3.719473486178845
3.737748363289652
3.75249443628954
3.753594758329315
3.756357023364484
3.758220560433624
3.760303236723634
3.758632603759716
3.764281756185849
3.776466905478612
3.768826828524676
3.728818332641948
3.644765927272541
3.50757454363129
3.313089866034848
3.063741680966458
2.768982279897989
2.445048096292266
2.114532681249328
1.805516359271218
1.549521537757421
1.377961824186964
1.317779519505424
1.387491673384401
1.594030240676308
1.929913277421546
2.047156727714252
2.01199780069128
2.02954874776547
2.041138527283046
2.069957474288252
2.086903928560951
2.39543539180868
2.52753279249582
2.207918676035937
1.928225572221605
1.728834701621466
1.592035475360471
1.496092061131987
1.422089924884717
1.357559519789286
1.295011289739806
1.228685276326626
1.15210913727403
1.056718887007661
0.9315540660156363
0.764819121081503
0.5484448161861868
0.2856393417779376
-0.00184887809508485
-0.2738132497787613
-0.4830920066569038
-0.591675207229777
-0.5818648501303191
-0.4635497267826297
-0.2821514694699345
-0.1266815605735193
3.78459377926912
3.798613554715411
3.818015685247041
3.83139358509333
3.828295755427217
3.804918663990851
3.768783491302723
3.740461740597352
3.744161160795901
3.753638055672917
3.754952468235469
3.757084594279626
3.758498842992928
3.75965567038783
3.759918714253387
3.760139700372362
3.750500808548625
3.716544788135246
3.650988865092599
3.54718565486081
3.400161141318339
3.208256948195315
2.974819786532126
2.70924204867696
2.427041274949701
2.148975880480474
1.899209610439582
1.702538752568545
1.580911488070907
1.549686633871776
1.613940262076232
1.764878131647449
1.977037426658564
2.047397834248297
2.025607385660424
2.040017182782489
2.051830959048231
2.079929426517921
2.08404395367724
2.312631703139207
2.525355717078815
2.371629063832863
2.107868753065897
1.869620971978031
1.687179241585423
1.55219837126985
1.448217573584557
1.360213140586693
1.276092521966743
1.185255902216724
1.076714071889854
0.938021677259952
0.7558040090336779
0.5186339599803739
0.2225915459472219
-0.1217730072068697
-0.4849192184516638
-0.8210502421457258
-1.079419027578911
-1.219964597418101
-1.227885293496725
-1.124424385805819
-0.9712197948171519
-0.8552329166481737
3.826598468993014
3.833658377782422
3.842130161685075
3.844381890078223
3.834305243018054
3.811504463589212
3.783399084239817
3.762279010141157
3.755370761126331
3.756353940159598
3.757350660695227
3.758421259845956
3.759300994781927
3.759724185068428
3.761265938279652
3.758082459245162
3.733500111156935
3.679854603435056
3.594649973855502
3.475727146053219
3.322069937589899
3.134951198407174
2.919191216150841
2.684040212397574
2.443224833870703
2.21395928966721
2.015007686524099
1.864083264243782
1.774934133337715
1.754361157878523
1.79929001696377
1.894294627286089
2.010858280863154
2.047271112237041
2.035035914543106
2.044726191447991
2.052359989777606
2.068943043723579
2.062076877920089
2.13786499442547
2.294075899898473
2.297499934257358
2.155721275954813
1.95975862617068
1.771365506836815
1.611575653337089
1.478747217343329
1.362557711870447
1.250385025748458
1.129169021285858
0.9855438136434169
0.8060957403198969
0.578886690737733
0.2967315484927596
-0.0381952463492928
-0.410121737628313
-0.7885095442199448
-1.132189722505859
-1.398906958824362
-1.558047298060077
-1.60292707671008
-1.557942031598822
-1.474696341030245
-1.411874068239057
3.856097117824223
3.856631235707425
3.855222166843802
3.848384933428535
3.834040852039094
3.813498908795623
3.791441171360632
3.773189334637586
3.761353257049187
3.758401693787627
3.759421505392218
3.759801079243565
3.760326649359776
3.76026364495204
3.762594446590193
3.757486998865343
3.723592010905777
3.656658252730377
3.558194617752058
3.42980775343704
3.273821132531652
3.094045576753523
2.896546232731894
2.690117357370665
2.486141443615693
2.29766547180858
2.137788261042858
2.01765710836409
1.944411470952742
1.919314181473785
1.936254186213359
1.980995136443868
2.031925282570477
2.047079575863631
2.041212975341657
2.046990629606484
2.051397986020066
2.059609845377623
2.055044757097287
2.060491398793689
2.124652595994651
2.162188883021574
2.107612857618598
1.977726210283394
1.815634623015795
1.652774555696886
1.501349406313081
1.359795304105731
1.219245537570127
1.067681417269205
0.8922734799798986
0.6811996027557807
0.4258870486180854
0.123898935933943
-0.2181578935119797
-0.5829977889258272
-0.9436798623527465
-1.268000964687646
-1.525864808392239
-1.698073984492743
-1.783689904904044
-1.802007970499354
-1.785914519819298
-1.767845099161038
3.870970110483168
3.867213328975631
3.859513294245192
3.847318813838785
3.830953285000798
3.812003778625493
3.792819530501516
3.775693044757727
3.763237608865827
3.760070799607125
3.761096537564317
3.761143199250717
3.761466948027495
3.761117646889594
3.763872373369607
3.757852146454977
3.719041160106732
3.6446688362137
3.539199943010615
3.407076513938298
3.253104333673987
3.0828849157849
2.903159811431812
2.721907243635406
2.54803216288248
2.390582602962052
2.25758986324634
2.154782052213716
2.084492812525519
2.04507767123726
2.031059151684313
2.033956225678883
2.043273504114724
2.04690111017218
2.044979914944181
2.048106844693633
2.050686043816336
2.054430747217417
2.053858677051812
2.045471315173656
2.049295316564139
2.058203179023736
2.027868012842405
1.941890957716822
1.812813848941419
1.662088674910814
1.505020744343185
1.346572598822857
1.183340585875401
1.007116439649417
0.8081522577548221
0.5779333296583908
0.3116816381789134
0.01054276802948493
-0.3170148694642466
-0.6552529701721291
-0.9831212834955491
-1.278062535657163
-1.521014866204584
-1.701333140940615
-1.819727627920268
-1.887315229611027
-1.920435666320059
-1.933713714945213
3.871838935081708
3.866164821786069
3.855815091082224
3.841689733553273
3.825082601771666
3.807431924773879
3.790098685094909
3.774672326863223
3.763959550356865
3.761623065169181
3.762523539003243
3.762450047437572
3.762665962957302
3.762174200370474
3.765086418049595
3.758817352041864
3.718427372870135
3.641684105165949
3.534862834937781
3.4041988694222
3.256029338322596
3.096922571814944
2.93369951636748
2.773270938964803
2.622245831578459
2.486326594234641
2.369596477133734
2.273901313045375
2.198605183128275
2.141033835972195
2.09782864987803
2.066992008440879
2.049292409855904
2.046936827983949
2.047336757433766
2.048879038856481
2.050575164161885
2.052293226047744
2.053907331450194
2.045607367953737
2.021239260495416
1.994896920224027
1.95358619709968
1.881307537026603
1.773928672445389
1.638509297637324
1.484981959645026
1.319630544988897
1.143142621599378
0.9518691328290834
0.7403708237975939
0.504087036785869
0.2415814313703117
-0.04396815413191157
-0.3443320034106076
-0.6470283995499146
-0.9372862842637122
-1.200772468936373
-1.426398412209674
-1.608324537081292
-1.746320497609521
-1.844196430189567
-1.907083276942568
-1.939096470438614
3.860021688284544
3.854268308391986
3.844075221724161
3.830726998667803
3.815671742500126
3.800199689727392
3.785455464470105
3.772884494145385
3.764742971637772
3.76315975962541
3.763851147664622
3.76375075431555
3.763904238177224
3.763362704308963
3.766237481100228
3.760146192163559
3.72067276713632
3.645740213347971
3.542347043522828
3.417500328860084
3.278151385455053
3.131087247307618
2.982732539866986
2.83884538974658
2.704129136928047
2.581822877448604
2.473378253006183
2.378374966338598
2.294862011318003
2.220313246474914
2.153323102475234
2.095996783456788
2.056575968821276
2.045585248055347
2.047355064405596
2.048371862105262
2.049626115442803
2.050777414508549
2.053446443024249
2.042688204386719
2.004146040684104
1.952697668137193
1.891881405616822
1.815021497837573
1.715008573781792
1.590209922711954
1.443678251605045
1.279434782446475
1.099690853826755
0.9042793093898996
0.6917510568305648
0.4611168125941322
0.2134082358852054
-0.04744530211258657
-0.3146405703018698
-0.5793784267180483
-0.8323097097620802
-1.065087951421826
-1.271507424061193
-1.447813445737262
-1.592102092467142
-1.703218348465224
-1.779906369507687
-1.820764301836572
3.836457919074879
3.831893888204254
3.823878524497083
3.813516313334865
3.802012090144932
3.790439571134119
3.77977272887732
3.77109731835148
3.765711765546091
3.764689356908392
3.76514479881063
3.765055951801771
3.76516896989975
3.764635843095205
3.7673328885879
3.761693460955012
3.724979258581802
3.655160153825712
3.559023092529862
3.443451635485927
3.31522252592405
3.180742362429645
3.045724767794207
2.914834781182135
2.791357775907554
2.676974434588965
2.571736971668336
2.474342921047253
2.382783099269763
2.295388234081911
2.212234137402569
2.136904840481193
2.078925897126558
2.051223013357562
2.046216507817043
2.048468588256645
2.052197305224547
2.055181110481545
2.052945715932888
2.031295854996382
1.981204157639702
1.9139406417829
1.836877402449866
1.74972034998179
1.648012364795719
1.527814942489186
1.387998979199568
1.22973457068612
1.054917188210321
0.8651206927559512
0.6615615633642812
0.4457332234034536
0.2201251851363233
-0.01142140694620942
-0.2438947095541096
-0.4717337914548735
-0.6896070677051308
-0.8929961808408624
-1.07831035053744
-1.242478695110432
-1.382276290033657
-1.493866865986172
-1.572984331596187
-1.615799010363099
3.801399880545764
3.798951906205032
3.79470360502886
3.789321223826885
3.783521840816576
3.777927890295105
3.77303645990209
3.76923338617964
3.766755373550553
3.76621246869319
3.766424723131564
3.766366555367355
3.766451005599765
3.765962373553472
3.768384797669268
3.763370335787176
3.730740003452632
3.668533590824868
3.582588318584555
3.478955365317609
3.363626660946681
3.242197040305415
3.119493906154438
2.999228850188831
2.883744399233129
2.773935614439631
2.669415789214211
2.568966200198623
2.471260418580042
2.375785367611553
2.283805244293416
2.199168167269514
2.128950489703937
2.085405188894633
2.066376731676065
2.061987636029868
2.062684362913928
2.060094332247898
2.045229166049244
2.008820765571026
1.947518611464697
1.870052697734992
1.781998199182788
1.6854466850184
1.579024214130672
1.459807292018421
1.325539160861514
1.175683443778727
1.011255696977014
0.8341842393780532
0.6468393888138635
0.4518954702932342
0.2523553171861969
0.05151004496446717
-0.1472658260648156
-0.3408140970460467
-0.5264084425107336
-0.7017081071480628
-0.8643894665719303
-1.011587718546036
-1.139452884613461
-1.24315245952316
-1.317479209941597
-1.357941230789265
3.754539840420644
3.755026970425798
3.756017602087855
3.757580374746674
3.759713842574716
3.762276087399083
3.764925213709105
3.767064255072607
3.767804159194666
3.767734492752551
3.767694117296911
3.767679792743983
3.767743556190261
3.767321291982881
3.769409341812912
3.765116910407775
3.737459028471818
3.684653859332243
3.611066737720319
3.521417712125088
3.420492884026245
3.312793750363176
3.202174304591039
3.091534059408118
2.982641151476694
2.876149418805277
2.771845678453138
2.66912010857871
2.567598843883439
2.467824773631432
2.371839993701387
2.283527449733587
2.208509788170139
2.152690824936816
2.116554359001956
2.09477302229734
2.07855242372158
2.058233543083557
2.025151594079815
1.973880593977201
1.903887622463649
1.819106317138887
1.723770604620114
1.620625845210357
1.510206004141805
1.391286782404576
1.262170720263348
1.121910908735725
0.9708733204852114
0.8106474235196109
0.6436365854094142
0.472617896692002
0.3003862057397778
0.1294849890125875
-0.0379790718655455
-0.2003957000633914
-0.3565186937768041
-0.5051142327336928
-0.6444601623723403
-0.7718767421065189
-0.8835211525716018
-0.974619992855574
-1.040161732430564
-1.075909253090219
3.695329876299206
3.699602920296182
3.70736127388619
3.717898804840241
3.730237988546546
3.743158144580057
3.755164351618595
3.764439568795202
3.768836813172413
3.769259161213901
3.768951153125179
3.768991939792325
3.7690419548057
3.768698169784455
3.77042699120841
3.766884873269231
3.744684833808838
3.702422188858752
3.642699792444212
3.568622905027548
3.483525719104934
3.390645406296489
3.292802132547236
3.192154946335521
3.090094956580337
2.987312903554672
2.88404332172054
2.780447130676188
2.677055388487215
2.575167545165906
2.477080118915122
2.385993904850203
2.305380851537648
2.237689603989503
2.183210794910472
2.138864496360318
2.09841392329707
2.054394891315771
2.000553890909582
1.933637210077934
1.853473791699271
1.761793013837921
1.661262594968361
1.554267325159912
1.442078831776557
1.324697114320725
1.201375217536131
1.071459433239139
0.9350547383797687
0.7932452379591545
0.6479007493456949
0.5012623475574856
0.3555033800599676
0.212398133814669
0.07317095882567286
-0.06144078339429286
-0.1909149757253081
-0.3145226919810751
-0.430875430738988
-0.5376005361550827
-0.6312900876056573
-0.7077962666662933
-0.7628460402454083
-0.7928675897703051
3.623395413378113
3.632364900391071
3.648507488935998
3.670123700377667
3.694974662707269
3.720460505870803
3.743662732352371
3.761322822621638
3.769852822046965
3.770783132494742
3.770191821515397
3.770298683815182
3.770343313224495
3.770082914710948
3.771463667815004
3.76862742656235
3.751951746330177
3.720725178491021
3.675753225939457
3.618458600137183
3.550627368714033
3.474125796109409
3.390650452111097
3.301571248474162
3.207900800083098
3.110389638478238
3.00971688432328
2.906723586163029
2.802621303833922
2.699100933592631
2.598264762182672
2.502316944029102
2.413031187455426
2.331245145206637
2.256685954066137
2.187467020442017
2.120019719201514
2.050064786758494
1.974094238792672
1.890314400766841
1.798543354254466
1.699609856406554
1.595007894467624
1.486356309677034
1.374852598112539
1.260992003339723
1.14468378442202
1.025676376661586
0.9040319974560358
0.7803983271766706
0.6559780782347875
0.5322635659211843
0.4106895489803705
0.2923559585205783
0.1779203841936827
0.06769381697289077
-0.0380902344593603
-0.1389154955470171
-0.2336458661324931
-0.3203267251389434
-0.3962058522901674
-0.4579982895757611
-0.5023628667992023
-0.5265227956804557
3.539043836037028
3.553590350638021
3.579699614089413
3.614477069129396
3.65412841576637
3.694356300347962
3.730545775527058
3.757783577358961
3.770861654080204
3.772293965861109
3.771409633501499
3.771594904218925
3.771646420180641
3.771469052171848
3.772552203342891
3.770293116848024
3.75872691163761
3.738302456428225
3.708285494177148
3.668567072689672
3.619411551158964
3.561230627975352
3.494440676511937
3.419434666681067
3.336656194204132
3.246727012808889
3.15056723697977
3.049455724844857
2.944996325463854
2.838976032879792
2.733125317199446
2.628830678705395
2.526911455442959
2.427588227072737
2.330584893812997
2.235125827716408
2.139961325052561
2.043674110815804
1.945162740233308
1.843926563005233
1.740015037485138
1.63385193228779
1.526115518400923
1.417584477691867
1.308924988190081
1.200521366739822
1.092458374291577
0.9846773498827457
0.8772174154994002
0.7704003192363279
0.664859438811545
0.5614102502808892
0.4608426832848206
0.3637443520369791
0.270438566132154
0.1810666682049217
0.09578726416979536
0.01502419212743888
-0.06031985018991374
-0.1287557229937116
-0.1882482504097783
-0.2364116684872345
-0.2708397649613541
-0.2895373374331285
3.443894166413077
3.464641779038204
3.501953288713373
3.551701249542904
3.608290684083224
3.665330682608596
3.716151696030934
3.753979028140557
3.771875671363314
3.773768846169061
3.772593299299081
3.772874214709856
3.772952099981069
3.772855024539811
3.773733282883641
3.771823078948761
3.764375504377148
3.753645040126323
3.737949507021042
3.716019001265545
3.686719727227519
3.648922664089892
3.601536437196871
3.543673294423092
3.474873705911764
3.395290496572538
3.305747339489545
3.207633640312625
3.102655470697038
2.992513882162045
2.878615646618498
2.761922319898027
2.642998792623776
2.522224840666087
2.400029852947595
2.277031821660965
2.154028077865905
2.031890686417799
1.911437554570847
1.793312604576081
1.677915268034617
1.565410881070118
1.455801398301911
1.34901644682132
1.244963341348906
1.143528378454702
1.044571617150344
0.9479579736456211
0.8536267721092934
0.7616585177696489
0.6722893503984728
0.5858556854745209
0.5026969472334265
0.4230709112010228
0.3471302328149861
0.2749782502344305
0.206786115308763
0.1429289851566785
0.08409415912501295
0.03132555380697045
-0.0140130890291101
-0.05035887063943727
-0.07614882983712985
-0.09008996940980919
3.341599828821186
3.368564384776929
3.417444354626301
3.483223830147815
3.558454230747671
3.634145916624788
3.700995102560973
3.750113803254736
3.772886344568906
3.775171926732343
3.773721770825682
3.774128349388945
3.774264485266459
3.774248911691824
3.775054682922449
3.773156158934319
3.768179684821297
3.764999016804371
3.761929463704042
3.757120812622999
3.748246458277084
3.732555836002286
3.707197543034765
3.669658339456999
3.618176391651964
3.552004670461775
3.471432405225131
3.377551474309326
3.271850410514829
3.155801749656464
3.030622412268277
2.897298652404916
2.756826780568266
2.610519151094762
2.460217862662379
2.308322316421203
2.157587680574373
2.010736289407779
1.870020289835352
1.73690314405952
1.611962038071925
1.49500225478322
1.385302815770311
1.281905292028445
1.183859000775832
1.090368960084638
1.000846019250771
0.9148958407395353
0.832287523479365
0.7529225937921306
0.6768038854278016
0.6039985011707827
0.5345986919960053
0.46869555250497
0.4063807892303275
0.3477799950500535
0.2931050763881136
0.2427042030630359
0.1970900134825547
0.156937358120834
0.1230514097584419
0.09630799929329585
0.07756135536483424
0.06750794073215115
3.238506150818775
3.270762310248695
3.330095358903904
3.411466259849975
3.505985105237993
3.601653425653424
3.685634153664358
3.746381289432742
3.773828327389287
3.776450749067756
3.774756636897311
3.775346971123348
3.775594146379075
3.775679165741844
3.776567495910102
3.77425469930893
3.769478585928451
3.770589728276007
3.77714062540154
3.787465351069493
3.798357770144526
3.805444072462416
3.803947355638289
3.78947134866399
3.758592422121631
3.709189215416687
3.640457202884776
3.55261987027878
3.446474973093148
3.323032799652122
3.183450690442511
3.02925387159993
2.862654813614554
2.686765044079987
2.505580824605161
2.323713454361493
2.14589590689068
1.976365727356948
1.818294708025227
1.673444174326366
1.542138491385978
1.42352369235045
1.315993606515779
1.217648008066914
1.126672141390973
1.041573791389854
0.9612693097774747
0.8850547122202516
0.8125176052566676
0.7434394755297756
0.6777173214056798
0.6153135871598236
0.5562323580279649
0.5005168484716853
0.4482624860425681
0.3996372159684641
0.3548969257551593
0.3143835743038984
0.2785003836368751
0.2476708739436103
0.2222985954608087
0.2027418459225835
0.18929996560233
0.1821877726425709
3.143922891965894
3.179655012753375
3.246548351763822
3.34059564065535
3.452663056480954
3.568275665808444
3.670236764312587
3.742915736833204
3.774632665083243
3.777542286002963
3.775632466929558
3.776519082735445
3.776964390632592
3.777214827816796
3.778318551987115
3.775177101173291
3.768031003374036
3.769210653951656
3.780824122731753
3.802310287424199
3.830144911858713
3.858607961703732
3.881098980996152
3.891323108939547
3.883987857153517
3.855102396057542
3.802004103421245
3.723137805431151
3.617785118116711
3.486052974877617
3.329186909308413
3.14995244608176
2.952793255566954
2.743651468115877
2.529479289039956
2.317520401355583
2.114471864615449
1.925688758491291
1.754621821504854
1.602629226876711
1.469183891731437
1.352373417030541
1.249523961603698
1.157786219799007
1.07457552664551
0.9978229182468596
0.9260485218385424
0.8583044436850327
0.7940487176413913
0.7330066758676768
0.6750578177057239
0.6201642600290358
0.5683393644521869
0.519645711506574
0.4742088020056363
0.4322329418172116
0.394006032000017
0.3598810615753609
0.3302277191701818
0.3053611606171489
0.2854736137367698
0.2706044200533853
0.2606678099240778
0.255517201025955
3.069670419246026
3.107097502549257
3.177578235634745
3.27808852069326
3.401203871432362
3.533130647212265
3.653375215637999
3.739547260683382
3.775574704853943
3.778417617161473
3.776235905740957
3.777635545349808
3.778421901610626
3.77899809018544
3.780339909379069
3.776236892089308
3.76470918154976
3.76128750471925
3.771615035857022
3.797317885012003
3.835713667843002
3.880710026358877
3.924502488870212
3.959225577176642
3.977736668293182
3.973657682789661
3.941358920970193
3.875989124447925
3.773913424381632
3.63367288599449
3.456927612721083
3.248751012121553
3.017157003623845
2.772122615199895
2.524370021452987
2.284074854559095
2.059674670688591
1.857002082967201
1.678930401833723
1.525573226217685
1.394910363664846
1.28361516785423
1.18786165208344
1.10396130771116
1.028768605348424
0.959863952819927
0.8955620424259974
0.834807629564023
0.7770190435047001
0.7219285188058929
0.6694517790341875
0.619601166208762
0.5724413428432641
0.528077412414511
0.4866625887329578
0.4484135967686102
0.4136226372301248
0.3826524922852046
0.3558989273405113
0.3337109328577446
0.3162836018339754
0.3035750813941914
0.2953154871896052
0.2911297334268964
3.028995363094593
3.068288014966477
3.139350580035905
3.23694885792828
3.357132982057417
3.493753328485724
3.629557469056912
3.734016035763382
3.777596687188157
3.779156953717616
3.776313015318721
3.778675899236588
3.780047916042204
3.781285438087165
3.782637164737514
3.778278867978624
3.762541963526996
3.750339975456034
3.750991607276132
3.76962645817923
3.806722753824225
3.858208046089187
3.91660885945841
3.973098434203133
4.018823286378839
4.044460982613455
4.039762083789268
3.994134785227126
3.898968873420562
3.750589609169511
3.551843132199004
3.311634462126
3.043158980159914
2.761707934228439
2.482473875719721
2.218570193829016
1.97954513773024
1.770683359085808
1.593188628206871
1.445054883844866
1.322258248536883
1.219913369727768
1.13316983432261
1.057775982721975
0.9903432543800352
0.9283907474226111
0.8702537694243485
0.8149247733879855
0.7618759867183797
0.7108964000203412
0.6619619458879056
0.615145849602421
0.5705666914036794
0.5283661379683279
0.4887074759154482
0.4517887454369602
0.4178663500585905
0.387280958769588
0.3604650064169499
0.3378984037205974
0.319987953016168
0.3068985603953576
0.2984481366873937
0.2942049185185385
3.036130625667805
3.081121318952238
3.152665116717192
3.236711030700971
3.332746930440598
3.449551458703969
3.586862657737767
3.71551998876048
3.779745755396687
3.779816163563852
3.775204750613916
3.779562473015869
3.781977048210758
3.78449009291718
3.785181952670748
3.783027961639362
3.767850727207925
3.744339593049596
3.724666775171693
3.719151780115268
3.73534647169534
3.775896256400513
3.836964658218626
3.909555944739355
3.982698223477851
4.04343092825316
4.074323961165714
4.055548774828821
3.971323406834452
3.815731639492614
3.594118473811724
3.320916609062192
3.016102795055248
2.701453422347053
2.397031102293761
2.118364938343785
1.874884070370731
1.669870136799839
1.501657317711552
1.365438394609943
1.2550317366729
1.164214822847381
1.08751856452246
1.020566294271235
0.9601094885524045
0.9039004686868986
0.8504999989906121
0.7990764446868963
0.7492246720380542
0.7008167571782635
0.65388813428149
0.6085578592901942
0.5649782514153914
0.5233074227257037
0.4836991663302407
0.4463088781667613
0.4113198242830394
0.3789949719578704
0.3497459712726846
0.3241784196647066
0.3030396727456647
0.2870106871136664
0.2764014220606346
0.2710149852512854
3.109547404419281
3.165394587321875
3.237229850086026
3.299236425641229
3.351493252748341
3.413176060423383
3.51226567917852
3.653725619485601
3.767230867707152
3.779172969525063
3.771406720290948
3.780060041487557
3.784420068458284
3.789192579597661
3.787903924499056
3.793298738896411
3.790751197879216
3.7558895377643
3.702992725138027
3.649851294089876
3.616153862195636
3.61845563334602
3.663283961996185
3.743519163667616
3.843376405821496
3.944371250577719
4.017721894043825
4.030912741468841
3.960638750513662
3.800002066764891
3.557942066757031
3.255390347052948
2.920252598679982
2.581625567199338
2.264249709875688
1.984718835826845
1.750414189178912
1.560919896660448
1.410759462327312
1.292194524006165
1.197314890298842
1.119224300482292
1.0524891724569
0.9931319336279536
0.9384120677148361
0.8865497804569025
0.8364688855087159
0.787585743301409
0.739646518353192
0.6926061340167935
0.6465408505138397
0.6015873127172984
0.557901954891394
0.5156354515048995
0.4749182870477127
0.4358571468809618
0.3985495447140712
0.363134664261363
0.32990069695324
0.2994403692710736
0.2727748996800258
0.2512897234756762
0.2363319229222964
0.2285572931420306
3.283405201027197
3.341231708322405
3.399357387643489
3.437182304123709
3.445881090991991
3.426131526870757
3.419255029357777
3.505825981178373
3.69485130734944
3.772602680713754
3.763639406831921
3.780323820131442
3.787970014323357
3.796190822413162
3.790731663666354
3.812695691664631
3.843853904296902
3.799892543073099
3.699148463092782
3.570228490141873
3.449422431906539
3.374579940924367
3.37380259336705
3.450216501640758
3.577521971758753
3.721610477387685
3.836735968614297
3.879278182911292
3.823686818530852
3.663760125109774
3.410699268499607
3.091000854630022
2.740752742968819
2.396399398150526
2.086007379069198
1.824783289712495
1.615699709738253
1.453348511369265
1.328404811287689
1.231015660044623
1.152662073805885
1.086797663630011
1.028777325365139
0.9754949253768391
0.9249754304843578
0.8760275821863162
0.8279830194385576
0.7805128124948807
0.7335025435564601
0.6869681060601071
0.6409987362081387
0.595718161762169
0.5512580405503315
0.5077399023333339
0.4652628323593696
0.4238950561781953
0.3836715845907989
0.3446137431195081
0.3068126418058931
0.27063445206287
0.2370519043683454
0.2079571627809611
0.1861301509944363
0.1743029298866301
3.630102447130219
3.620464268055876
3.619554229045097
3.644151695718896
3.639605999186115
3.552882509275606
3.396509339189139
3.3022449258346
3.526694025043004
3.750985365803143
3.754205453100944
3.782067568779716
3.79394728959375
3.806407459643461
3.793633940343861
3.844493235773476
3.938119934531346
3.888186336444162
3.724548440046499
3.491720175345671
3.244938653997959
3.045817030783302
2.954419814579411
3.006439652149249
3.17089800326789
3.352012531423594
3.487782343167923
3.542211785478987
3.500421989101352
3.354505932718859
3.112059301152443
2.80189171158853
2.466625814369545
2.147746050166285
1.873161094753902
1.653376239861981
1.485320038899926
1.358954246898042
1.262741718325338
1.18667396213581
1.123267252224559
1.067428613571911
1.015911594046426
0.966748813143763
0.9188027621302485
0.8714522671995772
0.8243883836455335
0.7774870228068756
0.7307313831121466
0.6841649764242408
0.6378626147400962
0.5919116257501879
0.546398992547135
0.5014023814333839
0.4569841709972596
0.4131869115882513
0.3700256436461356
0.3274731360488185
0.2854610275710248
0.2439987809607964
0.2035847371714108
0.1659489243328544
0.1348082347382525
0.1161566368734128
4.279644864673844
3.98388859501357
3.86658768904489
3.90424343808814
3.915683583587088
3.818573118914404
3.604185165903813
3.321604268902629
3.445414768535856
3.747392415430922
3.76502417800446
3.793748564561081
3.805604525472786
3.82083198519436
3.796741946871505
3.889769125716719
4.076129676846458
4.022779682375727
3.783128668642703
3.424161464078452
3.021971367482724
2.658251127647418
2.419916818219206
2.396213496638981
2.620358742284143
2.809834979716853
2.908794924563707
2.941578450625912
2.913093894455848
2.804191439465991
2.611896832815445
2.361696468677535
2.09516699879608
1.850434931442817
1.648776373138827
1.493697534544868
1.377788307610112
1.290084577054616
1.220598280927012
1.161963993879287
1.109388752362611
1.059998305302998
1.012167638575237
0.965025169456278
0.9181325093788241
0.8712910362811439
0.8244296439482154
0.7775418818904093
0.730652116927514
0.6837980056394515
0.6370215462834511
0.5903642252153747
0.5438638894551011
0.4975524902777971
0.4514552796001291
0.4055929704859835
0.3599846824279049
0.314633590476938
0.2694603065285169
0.224219828769601
0.1787370452170238
0.1340049440557499
0.09350560624302268
0.06315139138434953
5.342766486213254
4.412937283763983
4.180641319929349
4.199899822103844
4.191504849197857
4.129041798608034
4.077518422927811
4.033561662369847
3.909658042911279
3.825611175802509
3.826914180297835
3.827393577499689
3.826625755152236
3.839657075846176
3.800079949017444
3.944677059578233
4.245745688765294
4.191453083911195
3.868368487465851
3.371113247854591
2.801302572801316
2.262219678006393
1.85161861708459
1.668309065079871
1.88905488743854
2.043557581445968
2.016902229371657
1.992612364802288
1.96878949175312
1.923880039375198
1.846577535709738
1.745464897699764
1.637494716116623
1.536850979076856
1.44966710498146
1.376039747660637
1.31319174324939
1.257578298846132
1.206238541282198
1.157187471002267
1.109270386883903
1.06187224743347
1.014683689602426
0.9675585161853641
0.9204350582403058
0.8732936088613183
0.8261335102453504
0.7789612873776905
0.7317850087300427
0.6846120078074492
0.6374482568897494
0.5902984008593174
0.5431658898889486
0.4960529201833723
0.4489604911957122
0.4018905534089113
0.3548534974445843
0.3078745603769502
0.2609536301694547
0.2138920315065369
0.1661949705740414
0.1181229171542285
0.07489834650599625
0.0293123201179098
4.779549875640714
4.49166761805636
4.393179889161126
4.331069268748639
4.275785267321119
4.222372025061953
4.180988846998229
4.140407509541595
4.035225745540934
3.916617562468905
3.876746540338094
3.854806881751611
3.843533828225658
3.85515018839787
3.800198011079599
3.998283975511983
4.41978144147716
4.368823903881033
3.964953389659578
3.330757542282545
2.598645156853101
1.905870321978362
1.387080774963025
1.187589265162149
1.514695839682816
1.730389144319177
1.665189657289191
1.660839325335216
1.640446630202123
1.614445465844792
1.579726267304943
1.536778191667507
1.490150398015035
1.443098768694638
1.395969767121727
1.348627355720562
1.301181422505585
1.253662783314945
1.206120030590965
1.158578870937217
1.111061542950757
1.063581193759905
1.016141827707875
0.9687420309124448
0.9213776296409033
0.8740435089973783
0.8267344756656922
0.7794455677690287
0.7321721101583012
0.6849097010599567
0.6376542239374005
0.5904018877114112
0.5431492938464085
0.4958935041044443
0.4486320939036935
0.401363384895386
0.3540872976556023
0.306806282432832
0.2595237439885871
0.2122198707454849
0.164853421567483
0.1172897075572022
0.07081463100669026
0.02358866243257806
4.483884786822745
4.390587905617136
4.337877215759811
4.287220505808754
4.238801531351967
4.186307651963508
4.132932041283216
4.076542136305269
4.000795193022435
3.927559399822301
3.887923565989091
3.862554307083129
3.848346491212641
3.861463530584894
3.794733548240041
4.037452668290807
4.564401432742158
4.521845756091095
4.050920479915095
3.299915376414496
2.435532212517356
1.636611116895956
1.086312820089822
0.974955692310257
1.507956536012641
1.819043105508318
1.754960154738883
1.765629720803086
1.745710370779177
1.712735844492267
1.664730782528328
1.602649721847766
1.536624080119255
1.473927108911644
1.415303874665478
1.359964744480158
1.307344632242182
1.256676353460938
1.207346909908653
1.158870215618887
1.110913248524791
1.063261858586617
1.015785349171109
0.9684076343779408
0.9210861634157471
0.8737981431074276
0.8265318767160384
0.7792815612592139
0.7320443140392393
0.6848185856943102
0.6376033830291014
0.5903979230349968
0.5432014984128559
0.4960134414025633
0.4488331551142727
0.4016602256915844
0.3544945519196613
0.3073351924617008
0.2601779653011889
0.2130057437442601
0.1658280262150232
0.118619598531489
0.07192780118085382
0.02498734494944574
4.410116573366759
4.370447864010958
4.338004284223458
4.293250343782916
4.247157456737364
4.197153672965168
4.144404410028226
4.084705390944188
4.008706926912775
3.934395898234787
3.888143522699823
3.858377830965932
3.842070079922657
3.856932063552929
3.783367078683215
4.051503429027669
4.651400392820326
4.614785067987293
4.094842775391157
3.270919945323872
2.336473367920197
1.491586881028283
0.9478015656607671
0.9110447460618817
1.537583865465042
1.817875037373314
1.739629271290523
1.751946398078589
1.732351367293351
1.699739232785815
1.652043839674886
1.585436822614567
1.516976395337393
1.457411856445672
1.403807168744591
1.35265404983083
1.303054854020593
1.254322471373412
1.206156897998057
1.158335074255304
1.110722806871621
1.063238215883723
1.015831742600742
0.9684749365920879
0.9211518138314224
0.8738535671150138
0.8265752615351504
0.7793138561422376
0.7320671066390906
0.6848330499802309
0.6376098421732841
0.5903957343246973
0.543189100221348
0.4959884785154841
0.4487926000006462
0.401600418352787
0.3544111504013138
0.3072236408321494
0.2600363547054642
0.2128418862738563
0.1656602298313249
0.1184752931676655
0.07158060403204117
0.02474678932761988
4.412262843488779
4.3725525424485
4.340502825744274
4.296667063294067
4.252238171491991
4.204758283123983
4.154678634855848
4.092971104400077
4.006507545141759
3.919311011689689
3.869068682309149
3.83716189525623
3.821577302633668
3.839629659495166
3.766579277835809
4.04237763140912
4.669528443025162
4.605076462202188
4.047230755968806
3.224338063367971
2.322051732118655
1.501194625992729
0.9553530272535381
0.9156219092929453
1.560359387527433
1.833376804058806
1.757922869506627
1.774544586411931
1.756828419243283
1.722649384920682
1.670840414045801
1.586349164044579
1.503821673134947
1.443578277338195
1.394261970388197
1.346447566814146
1.299121333653385
1.251810729251169
1.20455189140855
1.157304461491639
1.110053629693809
1.0627957431619
1.015533155113242
0.9682699298519064
0.9210097935113167
0.8737556965401654
0.8265096277391776
0.7792725778708232
0.7320446446886003
0.6848252614090328
0.6376134856787945
0.5904082295903594
0.5432084031707776
0.4960130096840646
0.4488211644328142
0.4016321140000115
0.3544451937187841
0.3072588529797483
0.2600702208218808
0.2128698680130447
0.1656831991155224
0.1185057894516075
0.07169479344411807
0.02482411406514303
4.486560932972589
4.39310713676665
4.341382565989831
4.294195742939805
4.252546134930987
4.210590233582194
4.168641288433363
4.105655953048094
3.992976777110157
3.874600012077392
3.825318555325303
3.795181981344949
3.784657819853686
3.80907533706637
3.74991492618753
4.051447908698901
4.614633519629229
4.424277988306955
3.844808773224476
3.134463849279388
2.401766665532913
1.701812255023326
1.142762000559802
0.9754720652507387
1.546032980546056
1.844375642779607
1.784622784721009
1.808213410634756
1.796178286178634
1.76384952091548
1.712510491114981
1.59456379143664
1.485313085054372
1.425102049258905
1.385030786630461
1.342885605246537
1.298539650186697
1.252538654345972
1.205786688654322
1.158649424163561
1.11130603080102
1.063860543876201
1.016377587862919
0.9688963024577403
0.9214392378336409
0.8740184381494591
0.8266389407247206
0.7793008724833991
0.7320010251486802
0.6847342171798216
0.6374944244817887
0.5902756245907905
0.5430723196142208
0.4958798271717464
0.4486942915983722
0.4015126950200152
0.354332471662084
0.3071489028798591
0.2599512424221695
0.2127162841525468
0.1654799218641623
0.1182866127651182
0.07195362731406033
0.02502682408271209
4.798741517688111
4.511492384593525
4.413959606044555
4.354160424768608
4.303505654164687
4.260419041065011
4.240465753873642
4.203167991124861
4.062576724867326
3.827097493214687
3.767891614097821
3.736769889996336
3.732400389376015
3.765718198923537
3.750824359094809
4.145853073102459
4.399373125178085
3.974055212569438
3.467275175282528
3.000733590180837
2.552678006671696
2.092614797011571
1.596801901774789
1.183153251787643
1.441687707241575
1.837186387326716
1.823575700753057
1.857122890398067
1.851791634122677
1.818231370564177
1.756291320314669
1.520461103172471
1.387846041795551
1.358784400353064
1.348368583688341
1.316239951856151
1.27698228681288
1.235139674561955
1.191989664555315
1.147826124454709
1.102904292372191
1.057443669006012
1.011599681150025
0.9654705944352285
0.9191177002733147
0.872581383718676
0.8258910976475038
0.779071000883405
0.7321427832382252
0.6851267116250347
0.6380416754549363
0.5909048060314689
0.543731055338593
0.4965329534873055
0.4493205283687814
0.4021018644941848
0.3548847301810361
0.3076770577509269
0.2604800696625346
0.2132516771680408
0.1659351628986702
0.1184802225553668
0.07283863957412021
0.02507710068251415
5.322972174518735
4.394625132793205
4.164594529739553
4.190383928284086
4.207914113694836
4.223585612200031
4.313660529561337
4.321698923008463
3.774689123817908
3.595517621884537
3.628675253414009
3.635610606845309
3.64882116774723
3.687735177969916
3.737107736570833
4.143525547888288
3.740827914016162
3.262448793048607
3.044272126431913
2.876266297497354
2.699040253394556
2.530319665185686
2.309200889703763
1.828189452239778
1.432504439204997
1.843819718658815
1.896663686735141
1.937320374869438
1.950219688895907
1.954182879370503
1.982908873899715
1.799910245173461
1.253298451732635
1.269275609284452
1.363503470170514
1.364282581090458
1.321094104677383
1.27007992940171
1.219691951149826
1.169873548218697
1.120197065312005
1.070678905560951
1.02141467897236
0.9724458268513044
0.9237759019103319
0.8753937340362768
0.827279438788591
0.7794047343810188
0.7317346770746204
0.6842312129791526
0.6368569718670671
0.5895781065693955
0.542365680093156
0.4951957089904339
0.4480491908808124
0.4009151931493627
0.3537988463245773
0.3067127589475445
0.2595759844788139
0.2119679840944883
0.163304798555487
0.1150119918921524
0.07505151778418695
0.02923630915076269
4.05393053492452
3.758047686736523
3.644478542457827
3.70196502937078
3.775382271969063
3.80584312217595
3.7282015043298
3.355593212212459
3.026305792482801
3.434049395672834
3.477864240009918
3.517897692792084
3.5288410215341
3.530012830942874
3.560080849119331
3.357868010689586
2.7744670013306
2.773315064006056
2.849074226462794
2.823118969705786
2.758550603090498
2.730161350210748
2.799722590598755
2.791821247797319
2.210682301610942
2.015526377720619
2.051602792277865
2.056086063547423
2.067438636461597
2.104889746651337
2.145967164048745
2.537704125506362
2.185159270529217
1.799913819149967
1.68311184683608
1.622687613916601
1.545213192211055
1.457686172376226
1.371958560957186
1.29143848819903
1.215785494589805
1.144163687326171
1.076018166161291
1.011050087652017
0.9490887409046981
0.8899864469739101
0.8335500294312035
0.7795133709836496
0.7275452536191465
0.6772778678173871
0.6283406735190161
0.5803890298817349
0.5331228141421878
0.4862949704382051
0.4397131149271044
0.393237149152076
0.3467661547940907
0.300183277865554
0.2532284265831877
0.2054426503891942
0.1567548296906071
0.1091205019132034
0.06718335150472432
0.03597995601488875
3.04854038388106
3.037319074625525
3.03728470372538
3.072959093545417
3.095080921673075
3.033083493405796
2.842554349619721
2.641993904337313
3.023032800067945
3.432614726985826
3.405415660270556
3.437717583068943
3.427862184974841
3.38782405288979
3.318224828545751
3.062167772756443
2.909982653773506
2.871643279027061
2.853168384353804
2.812526008132621
2.766757772051157
2.725079133684108
2.703984809672176
2.662465141696804
2.509089323989531
2.2595586922671
2.1953771262231
2.158819806250303
2.149997340469996
2.181032105456765
2.15412275243631
2.553598505613721
2.898573709727148
2.632106213949181
2.333308587500733
2.109792031544599
1.930444618434406
1.771976870421549
1.628449981406619
1.498240244991103
1.379471159909304
1.270314859757843
1.169591166613007
1.076739832052965
0.9915009288855825
0.9136114875258171
0.842628591048849
0.7778808052926264
0.7185096098519532
0.663555105863707
0.6120485909046276
0.5630887699170297
0.5158918786449144
0.4698155797053969
0.4243610073036599
0.3791563219599647
0.3339208454889922
0.2884159477894501
0.2424414846900072
0.1960423250540914
0.1500967816455774
0.1071149997083276
0.07172510866559864
0.05076740861053614
2.244221512641778
2.298742783556153
2.349957418185983
2.373319725344428
2.348857528436275
2.26390323396369
2.184554257635442
2.34613904091126
3.107498855787691
3.444077714945622
3.36691021282402
3.390077938936242
3.372308556048083
3.332324796257934
3.271366641566862
3.137848844491605
3.010668441789683
2.934635090025404
2.878506232697159
2.819992429313575
2.76047230192992
2.701419024749034
2.644169813285567
2.567354090669236
2.441093380100255
2.31160184513725
2.254596248516979
2.217424653893061
2.200856816997928
2.223463206918364
2.148982790908198
2.48154233886614
3.193117870180175
3.239481114986269
2.988318031568155
2.682464367640552
2.404905533558856
2.164098299280534
1.952030961928233
1.761748538717915
1.589049988952504
1.431658337648327
1.288562889953361
1.159445727213691
1.044137747303082
0.9422188352850199
0.8528297282434868
0.7746726137636291
0.7061313390296934
0.6454394303577619
0.5908428507503373
0.5407276833738757
0.493702088912983
0.4486342236860321
0.4046539270644636
0.3611290820601351
0.3176345292888993
0.2739513867177125
0.2301632623727006
0.186908138274479
0.1457382380819322
0.1093891280334034
0.08168420416238407
0.06646120726664807
1.554772988978156
1.605376837362827
1.663202132555264
1.694265783167314
1.692352920903226
1.693925557064972
1.808849869003486
2.222085440246637
3.115427264454598
3.439164945510356
3.342409399685591
3.358766694945874
3.334099173477397
3.291125146633355
3.228232402393446
3.129120951092979
3.030185848153475
2.95388163041197
2.888056281976186
2.823182660263649
2.758611337210739
2.693692173997474
2.627823383659406
2.552019838978354
2.45488279164742
2.358960778019723
2.299004757198979
2.25820084366557
2.234612719769552
2.250470684468186
2.157793613112407
2.477545403635956
3.306068028958874
3.56729684839958
3.461233158304372
3.189901778821494
2.879517736895481
2.581040145740507
2.305979544740102
2.053546132548087
1.821832181764635
1.610261211026922
1.41922106864024
1.249256424495919
1.100453660531157
0.9721286585733608
0.8627874502655227
0.7702771238010968
0.6920319763316548
0.6253359566303323
0.567550521285879
0.5162836779642509
0.4694951887533877
0.4255445116453542
0.3831949146330472
0.3415935334896735
0.3002562517027836
0.2590946551528325
0.2185125363214934
0.1795488657913655
0.1439637780013604
0.1141143105108829
0.09247609570816213
0.08080523382299125
0.9522597201943271
0.9925273554350714
1.053170656793859
1.119708030767397
1.202417476492324
1.349500286973358
1.646527251644837
2.198498028246386
3.113777506604006
3.435551791343916
3.333513275583111
3.345355934679467
3.317558804409031
3.274799304130485
3.214443142310029
3.132485231835631
3.046889230638679
2.969506850102196
2.897246567557587
2.826576545702441
2.756596725628185
2.686224712587576
2.614604347334673
2.538428295777878
2.454814874101982
2.37545529020073
2.317387069649716
2.276310522412081
2.249435860232386
2.260594573975796
2.163822584319439
2.478303912135809
3.313071096773248
3.685773503665669
3.725099208357483
3.555912872464605
3.281732288418881
2.968774398485797
2.650840448171835
2.343298900949951
2.05386126905235
1.787495930777544
1.547706962238609
1.336522893939648
1.154366014608345
1.000137795851687
0.8715070106016151
0.7652995847519923
0.6778985486037684
0.60559558935288
0.5448665078458356
0.4925643574142009
0.446036593443859
0.4031793432869953
0.3624463645635122
0.3228346305905236
0.2838712569959311
0.2456203114168107
0.2087032886075732
0.1742859617281381
0.1439541573537949
0.1194212224213804
0.1021100849587369
0.0928399143850059
0.4514214592812675
0.4912771581581808
0.5683084779327972
0.6909156181831732
0.8825034346546994
1.181861848381979
1.631785583134889
2.269079912271701
3.139811011073909
3.438441993608027
3.339676187939665
3.347088780721712
3.317276452572969
3.273881701326866
3.21418896731651
3.138999846452923
3.058402673919784
2.979812763371537
2.903683049703065
2.829022793977643
2.755115999566519
2.680956624505172
2.605830387251757
2.528779106425648
2.450189157035298
2.377206963330529
2.319381141175218
2.277307734062253
2.248245260667694
2.254718391543216
2.162282814845288
2.449807864286812
3.225600515348371
3.663205178492327
3.828821438326622
3.779565330250962
3.578403039314567
3.285481383591242
2.948145769791874
2.599183184586138
2.260043105733457
1.944403000243536
1.660455924289148
1.412224460922463
1.200490634841411
1.023627237761806
0.8783708814885076
0.7604987427717622
0.6653790841713474
0.5883908383700502
0.5252243224440725
0.4720817517475956
0.4257970850627394
0.3838937024558886
0.3445973884281989
0.3068208057993139
0.2701314328314178
0.2347040755272336
0.2012418148614961
0.1708358985635994
0.1447446022665949
0.1241180647760274
0.1097702640754597
0.1021294796642458
0.08473295973049699
0.1314669787577888
0.2324007479446702
0.4113062176549735
0.6987303719345928
1.122813312725379
1.695420452579644
2.401302588884934
3.203745523878334
3.455384166665281
3.363389493570921
3.365190678391507
3.334271777296713
3.289169913852668
3.227552768213976
3.152108652675767
3.070369634707121
2.988611544114691
2.908785170471896
2.830774043194361
2.753705340964021
2.676312246220792
2.597688854223013
2.517642143570414
2.437928331866373
2.364509185385648
2.304532979877618
2.260521830526211
2.230185996383307
2.23091722557449
2.145850196289402
2.382487616999392
3.079264329677818
3.571772861658923
3.842648389339007
3.897149656230385
3.768649243922952
3.507557259377816
3.166812321753108
2.791806816086697
2.41641518487328
2.063164057481923
1.745191964932452
1.468576958341748
1.234438185728998
1.040638527410641
0.8830823330681332
0.7566629123977356
0.6559319941747717
0.5755601577003898
0.5106447286766734
0.4569074267624649
0.4108120556491164
0.3696234960241618
0.331422121299667
0.2950808281862231
0.2602041928785727
0.2270222502291116
0.1962300986749493
0.1687757862305416
0.1456251103047661
0.1275629588402971
0.1150986927123439
0.1084922706088771
-0.1166798754521371
-0.06399660196319962
0.05435279052936857
0.269012201851462
0.613275426408078
1.110167580398749
1.758945817868175
2.519984262000649
3.29028471495894
3.491064750217746
3.399613926907894
3.398469964877812
3.367018756991226
3.319164335774551
3.252827863299725
3.171742978865134
3.084024473986123
2.996804107595138
2.912829755254108
2.831875960929807
2.752335363272022
2.672096592670263
2.589501641190979
2.504192311457043
2.418646328682381
2.339621059156522
2.274860853044128
2.227938699278957
2.196852573855501
2.194301759836819
2.109299889095736
2.29201575585696
2.951861158662667
3.492762396181554
3.830917504587858
3.947625613252009
3.86415269701825
3.625638354969086
3.286710652472382
2.89911937974027
2.504044656080003
2.129674987153868
1.792444217366508
1.499810654019593
1.253117431801823
1.049902639213372
0.8855577182103054
0.7544488253262374
0.6506540628164544
0.5684420019130016
0.5025789595518695
0.4485220925067208
0.4025345496242444
0.3617447320441746
0.3241605803872354
0.2886395833664464
0.2548067567490545
0.2229107981625793
0.1936190927709966
0.1677766313800529
0.146181784196571
0.1294406336138426
0.1179313116763907
0.1118525242261406
)
;

boundaryField
{
    inletLower
    {
        type            zeroGradient;
    }
    inletUpper
    {
        type            zeroGradient;
    }
    outletLower
    {
        type            fixedValue;
        value           uniform 0;
    }
    outletUpper
    {
        type            fixedValue;
        value           uniform 0;
    }
    sideWalls
    {
        type            zeroGradient;
    }
    topBottomWalls
    {
        type            zeroGradient;
    }
    frontAndBack
    {
        type            symmetry;
    }
}


// ************************************************************************* //
