/*--------------------------------*- C++ -*----------------------------------*\
| =========                 |                                                 |
| \\      /  F ield         | OpenFOAM: The Open Source CFD Toolbox           |
|  \\    /   O peration     | Version:  2506                                  |
|   \\  /    A nd           | Website:  www.openfoam.com                      |
|    \\/     M anipulation  |                                                 |
\*---------------------------------------------------------------------------*/
FoamFile
{
    version     2.0;
    format      ascii;
    arch        "LSB;label=32;scalar=64";
    class       volScalarField;
    location    "5000";
    object      p;
}
// * * * * * * * * * * * * * * * * * * * * * * * * * * * * * * * * * * * * * //

dimensions      [0 2 -2 0 0 0 0];

internalField   nonuniform List<scalar> 
4096
(
1.647869989767262
1.640184732689554
1.624503851667541
1.598095626205079
1.55676074305268
1.496252323948983
1.414016612383064
1.310174043093361
1.187655420552176
1.05195203997223
0.9107113895030752
0.7731032591324302
0.6488793094014963
0.5472288132653197
0.4756797795753782
0.4393241305676476
0.4405692216691161
0.4794767071742572
0.5545917396908769
0.6640329510528067
0.8065277469755673
0.9820500319405892
1.191785254806346
1.437348563367586
1.719450696985906
2.036381459965042
2.382718362317064
2.748673655771565
3.120453791012507
3.481694223008066
3.815438473721272
4.105864481405159
4.339396748217838
4.505376549934293
4.596388783350419
4.60820368106228
4.539552452073683
4.392174805332147
4.171255501567838
3.88585324664834
3.548838463055402
3.176163578759237
2.785581783499101
2.39503720088778
2.02097028376263
1.676808874756759
1.371918477400644
1.11120184443418
0.8953729880250638
0.7217589428894362
0.5853815182222741
0.4800675586333031
0.3994040035115906
0.3374458054479936
0.2891615071267918
0.2506455711445372
0.2191409355711284
0.1929140734792067
0.1710249746145191
0.1530455572039332
0.1387955952576266
0.1281630809122546
0.1210373317692289
0.1173242625250176
1.686192108570614
1.68479348427234
1.678980741355255
1.662623608644227
1.628514955809049
1.571079006459544
1.487898008109805
1.379890573868561
1.251046457676685
1.108117499619608
0.9600929267022277
0.8173004575495231
0.6902206656048007
0.5882493087340587
0.5186620659938075
0.4859881946233254
0.4919103750524687
0.5356916265906361
0.615013508866419
0.7270259609787828
0.8693740478089266
1.040958481109331
1.242181254457682
1.474488743810415
1.739247040801367
2.036244475966654
2.362197594336904
2.709618168032582
3.066625643412118
3.418029162929221
3.747308706499256
4.038549466995883
4.27752296200895
4.452088610174497
4.55255633123936
4.572012780477693
4.506917814045835
4.358069725705465
4.131392721831493
3.837930638008264
3.492975960112777
3.114640293134439
2.722149946246091
2.334042522375711
1.966459354991956
1.631801962709071
1.337999900877171
1.088486981636965
0.8827889046092876
0.7174924111183121
0.5873374267350771
0.4862271651270035
0.4080380146220305
0.3471907276321639
0.2989974725911769
0.2598235989954527
0.2271054910912175
0.199256727550821
0.1754851949205097
0.1555451108127018
0.1394660055311531
0.1273257904704262
0.1191357623761148
0.1148490058304896
1.760398379231413
1.771355483978958
1.784274853663538
1.785928540933425
1.764166700956013
1.711863113475518
1.626934989060748
1.51140293298063
1.371057465649282
1.215109463093185
1.055162589305892
0.903648014377276
0.7722029083812878
0.6703606974613376
0.6047318999997754
0.5787183496498006
0.5927100389331453
0.6446567719119571
0.7308819501204565
0.8470039479584948
0.9888612920390971
1.15338679131877
1.33932486979682
1.547475764925351
1.780091853372213
2.039444795257137
2.325986476803621
2.636548644815175
2.963370864768882
3.294217533746389
3.613732148707052
3.905677887588038
4.154505158243759
4.345302030681456
4.463863325726419
4.497784663184032
4.439103321204827
4.287180531742389
4.049772258171376
3.741843028510978
3.383172843696498
2.995765469703246
2.601417844027703
2.219543868083715
1.865463446082336
1.549451070728755
1.276680433392024
1.047922277057273
0.8606643352645585
0.7103109752496564
0.5912307899909199
0.4975548680523315
0.423724384909406
0.3648311095194955
0.3168040281937248
0.2764888420322001
0.2416554388394109
0.2109530215930957
0.1838124630735366
0.1602779049549989
0.140755132402166
0.125712878139547
0.1154486245857938
0.110045917725523
1.874969400910629
1.904814494204059
1.943626946186467
1.967657343976982
1.960645945298415
1.914835463700895
1.82784792584691
1.702294072284263
1.546465886500898
1.373452444115464
1.198720190892265
1.037415549339687
0.9022742676461768
0.8024339235959163
0.7431199689245814
0.7259783286265108
0.74973369243009
0.810907571484769
0.9044843772324823
1.024537582920209
1.16487268509855
1.319819934207878
1.485392121056245
1.660652288432917
1.848244532984761
2.053199260888364
2.280400436440362
2.532661061258149
2.809417346487793
3.10485395474495
3.406656423285338
3.697725880235853
3.959808480625351
4.173975311409702
4.318765209727025
4.372979780784626
4.322515275722724
4.165760383535624
3.913885846944461
3.587548970452167
3.212678629069652
2.816511304950159
2.42408214586215
2.055437264449441
1.724044592835205
1.436669193290714
1.194471212446178
0.9947158967078464
0.8324771220350585
0.7019611662837549
0.5973571714185089
0.5132974243710181
0.4450655253049041
0.3886698100636304
0.3408558758004829
0.2990973017314911
0.2615857327937953
0.2272315885204227
0.1956684426456169
0.1672186782137425
0.1427443367978931
0.1233272107875568
0.1098456713494397
0.1027070277622044
2.042962528692463
2.095443640882938
2.159358842208108
2.202754310698642
2.210320737535006
2.172763634801628
2.084382562618348
1.947671324200876
1.774742493619297
1.584060463437051
1.395694514142676
1.227413821987989
1.092327460895537
0.9981331872053114
0.9476919341746214
0.940305707671419
0.9729854756910975
1.041239405887134
1.139345557095674
1.260420002058375
1.396609788390202
1.539583785384048
1.681725910434438
1.81864386227418
1.951739540710605
2.087935739816086
2.235570930446555
2.404496475106153
2.605157937470056
2.843672567428943
3.115367251054558
3.402380955635227
3.679924580593734
3.922942974903588
4.098950899005873
4.175456245752217
4.132974684174256
3.970786114857624
3.704494240498356
3.361044677256849
2.973407683640099
2.574901603476794
2.193820205383171
1.849769674439818
1.55268394528102
1.304290975087779
1.100867514406956
0.9360204392645188
0.8027361286756517
0.6945287749324286
0.6058820634548766
0.5322817603842036
0.4700825683544711
0.4163514512684078
0.3687456186996056
0.3254366649198755
0.2850793571862834
0.2468304578176568
0.2104272835594409
0.1763070943172476
0.1456732871472251
0.1203396870650087
0.1022130857520646
0.09253011025810695
2.297048368885098
2.359260862090095
2.426278780664391
2.477747387869416
2.500379311553306
2.4737412528178
2.385033294612197
2.238387621225332
2.05163175980505
1.848920705148628
1.654272211504757
1.486983221629463
1.359171564654887
1.275765838837713
1.236342145863393
1.237574415504522
1.275144444752252
1.344476380428556
1.440327046870406
1.555905631715238
1.682456335493144
1.809654863622348
1.926580969818295
2.023932438803695
2.098715873218758
2.155805421046638
2.204349113681138
2.262896414310269
2.356273307634393
2.507768693689582
2.728727407128322
3.006332802086536
3.302166281779776
3.575076099533321
3.777361209094165
3.868999383299206
3.832031929862806
3.668366401077245
3.395825999906463
3.045892760805532
2.658496446172494
2.273125732865607
1.92022444010941
1.616787657136914
1.367118406144315
1.166840289065961
1.007478923595588
0.8798893998545106
0.7760904272814584
0.6898474210480394
0.6165564614941493
0.5528714918819041
0.4963259633052428
0.4450474676647732
0.3975769704035758
0.3527690359159064
0.3097466076751847
0.2679034157797995
0.2269823031100343
0.1872792534380559
0.1499641505282078
0.1173416298275879
0.09269520858326719
0.07920654032450934
2.709372207298585
2.708235274342449
2.722349493776677
2.772995420835502
2.814315704145681
2.797626880351661
2.70869731737959
2.559029146511896
2.37142138533099
2.172530132637523
1.987568934408353
1.835200588646377
1.724830340642176
1.657624622430506
1.629726054992869
1.63566870520159
1.670657038335909
1.731161476669381
1.813822209457422
1.913276776787546
2.020591787288544
2.124223930038057
2.212741799747658
2.273643721110201
2.295861590526731
2.267184898735589
2.198497457108233
2.122320393221749
2.078347924396442
2.106420062046833
2.241469061591296
2.495488706020439
2.820289275343642
3.112358807991635
3.313136660920452
3.397931865752637
3.364298414947046
3.212728575017564
2.955619081156582
2.624917597176345
2.265795628846238
1.921833638066917
1.622416925577471
1.378883869793492
1.18855416182052
1.041599276217564
0.9266841944198613
0.8340455658265014
0.7564521033777819
0.6890030389227805
0.6285253937289713
0.5729770209762886
0.5209999315712582
0.4716345978965825
0.4241586609981646
0.3780063488365951
0.332730161794428
0.2879780791003008
0.2434970660282647
0.1992633607577304
0.1559197790268013
0.1155453249503301
0.08234285872298387
0.06263975751169994
3.408646958782979
3.123221398083974
3.018108092054476
3.075625830860415
3.127604664319254
3.106960133290631
3.020194276317517
2.887481096296871
2.728174725007948
2.563760161489005
2.415551729357896
2.298026953144998
2.21640247253399
2.168659713487476
2.149285267318634
2.152569632403851
2.174527586452339
2.213332903045095
2.268197735211482
2.336452992370319
2.4099128613734
2.476017838549106
2.526835356134373
2.557132743102458
2.545582024053161
2.422899412224823
2.22319996317382
1.998328369929142
1.798384014196533
1.672517083729728
1.673433380619639
1.858125250926994
2.234413618125103
2.509102118116798
2.64351273726512
2.686970013562553
2.65878872794639
2.544791710935536
2.343531037860655
2.081761552765703
1.80258368358515
1.545510334673289
1.33259914009473
1.167515886050032
1.042675567107533
0.946891535474388
0.8700559116354077
0.8048046183629682
0.7464200807228675
0.6921152169961844
0.6403165753928193
0.5901448785229585
0.5410919210458729
0.4928381009342272
0.4451588300787399
0.3978842921207652
0.3508868141815414
0.3040635109290742
0.2572704339348195
0.2102403586076347
0.1628338889328867
0.1162210510409397
0.07436200213884311
0.04375002386874109
4.505209170187265
3.579682788491576
3.350748603471857
3.375032291643574
3.380642972008941
3.337863574908816
3.272313371406069
3.196993752814987
3.11658187312054
3.037186554574023
2.96657681664458
2.908782253823233
2.865131241709581
2.834565404010496
2.814957338037145
2.804207046352185
2.800872840000336
2.804401306807498
2.814869355874411
2.831569972427523
2.848953806373221
2.85872896752373
2.854072299381937
2.864968109720292
2.827240894092041
2.602123214448969
2.276372197079649
1.906175254694651
1.548116855633704
1.261773353149837
1.104681407743601
1.138122861962325
1.500303141381075
1.706651319333836
1.684570533547489
1.659065861196396
1.6338050511929
1.587097522385751
1.507129162464316
1.402737369873556
1.291348894013557
1.187629587706331
1.097854489333316
1.022070247040572
0.9573697161338378
0.9000806787545923
0.8471632674348937
0.796600482142632
0.7472388100567366
0.6984761711803154
0.6500136122348471
0.6017068038520009
0.5534868338091268
0.5053195863304089
0.457185741324908
0.4090736392314065
0.360983195728341
0.3129319170409441
0.2649151892069865
0.2167271960309697
0.1678430197033748
0.1184778038068358
0.07402687560287552
0.02810549235965784
3.951639636184052
3.662823204751798
3.564113111091244
3.501118191163779
3.44484321614715
3.389510997203854
3.336530760783857
3.285662625896345
3.236339913952885
3.189602570570575
3.148231433097683
3.111749257842943
3.080562759804704
3.054436707918051
3.033118447953663
3.016256582863199
3.003464768530768
2.9943500759618
2.988460116650116
2.985430667407206
2.98336646627279
2.98478017971952
2.970320469968207
3.016797162906437
3.016963454075372
2.766440344553823
2.357781415159786
1.862159524707956
1.355857120491036
0.925856860311485
0.6648975617564923
0.6811586244360796
1.142125410974106
1.387407219054062
1.312975730650438
1.30924041015515
1.288207821731664
1.261570393393844
1.226027019685062
1.182120138313476
1.134486068465787
1.086559207435123
1.038622819321374
0.9905149138665085
0.9423193747279729
0.8940505687314528
0.8457453585473591
0.7974206254656288
0.7490932191054519
0.7007724064437553
0.6524595962606349
0.6041521701590611
0.5558463327920607
0.5075389508507925
0.4592281613595501
0.4109133562597035
0.3625954165127892
0.3142768866536554
0.2659594860327601
0.2176181339690943
0.1691965359473003
0.1205305731046245
0.07289277458307825
0.02450159736607783
3.653765266328492
3.56068272340286
3.508769508770207
3.459321025021449
3.412880861923628
3.362936371114221
3.30971523996664
3.25352891811683
3.194911686723021
3.137395254069226
3.087635136324358
3.044956871886241
3.010241078101885
2.982831335582331
2.962041318603901
2.947110093162831
2.937385417226322
2.932358343605735
2.931503196692574
2.934471704355598
2.93915233337512
2.950332588944817
2.937334862221197
3.02803607215417
3.120192157614714
2.908296235037971
2.467079951566772
1.879888685242159
1.252318378245969
0.7131758921918487
0.4075339537774565
0.4945017519785805
1.147749895231461
1.48102183335921
1.408886839153197
1.421090264976529
1.400435798380864
1.36643733802136
1.316979642360756
1.253090250103157
1.185125733624272
1.120769886544729
1.060661339351207
1.00396846484002
0.950077235851425
0.8981896034276636
0.8476736901879809
0.7980375785449505
0.7489476682912983
0.7001912823664294
0.6516381257192629
0.6032102282591395
0.5548609964249369
0.5065621758971446
0.4582961033661435
0.4100513602871647
0.3618204399113722
0.3135973653309933
0.265374538015025
0.217132960071582
0.1688805106918045
0.1205996533212387
0.07286218381661973
0.02497308644546201
3.580462377583488
3.540795976467761
3.508636651512618
3.46430148965762
3.418938790035344
3.370205667207474
3.319049314161797
3.264357011623313
3.204416393166063
3.144246923458987
3.096022456478134
3.055252944420237
3.022710302406494
2.997009314638427
2.977290982590789
2.962785617263969
2.952930771469461
2.947348813656768
2.94566867449905
2.947863372273014
2.951826298391487
2.964384289107172
2.942480549540767
3.032096413264088
3.198767290312972
3.041929709359577
2.599220886083661
1.962713640652614
1.262965557075379
0.6572996245076076
0.3274631898713653
0.4566837984264691
1.181460525477447
1.478920454114013
1.393276767956634
1.406533539960951
1.386017453166342
1.352308392608466
1.303187358802347
1.234689101745233
1.164178165239234
1.103174980469834
1.0483571771555
0.9960869511298123
0.9453977494391363
0.895579339592784
0.8463280402186071
0.7974258904372349
0.7487458616839651
0.7002106916504737
0.6517718513467162
0.6033985614683407
0.5550704908820364
0.5067737985784238
0.4584988259993974
0.4102387057024377
0.3619885509935134
0.3137443604398336
0.2655024594488867
0.2172535183355703
0.1690106684210608
0.1207547125553785
0.07276725452441481
0.02482903587251671
3.582324450824427
3.542481952776465
3.510458203158299
3.466705314091487
3.422375593031798
3.375142979317985
3.326094020168721
3.27120776666405
3.203528877786274
3.132120843900585
3.082854386952175
3.042375470464722
3.0116188534027
2.987900658689744
2.969918438838515
2.956755053123415
2.947882794852311
2.94308213668931
2.942240781954929
2.945775542752071
2.951824183100141
2.969616814557017
2.943529527794127
3.054697057357741
3.300398330860752
3.173418653306612
2.727380645338441
2.091289147066247
1.39756267942529
0.77837000062202
0.4056253057380668
0.4924392213511582
1.208074279537401
1.494050665395676
1.413070560654419
1.430038438955379
1.411315782182978
1.375882433911245
1.322561701150441
1.235692850444498
1.150465713350058
1.088898472377339
1.038592225276375
0.9898102490580987
0.9414690225294507
0.8930985151541759
0.8447558041729067
0.7964182133344998
0.74808759798952
0.6997681122600556
0.6514638347257518
0.6031757664483591
0.5549023966348087
0.5066411975303728
0.4583895165652834
0.4101449753399177
0.3619056801844207
0.3136697554426572
0.265435220369891
0.217194217375817
0.1689616443358595
0.1207181093887179
0.07274963570801739
0.02481287001966465
3.658301779015583
3.564553383471726
3.512720951519988
3.464852555924626
3.421537341155227
3.376547513340908
3.331517137647042
3.277165157759893
3.195447720108609
3.103272598534642
3.058032257713959
3.021482543949935
2.995313356392441
2.975484595987227
2.960392534749395
2.949171686141479
2.941484045844167
2.937412974994809
2.937289797477004
2.942222408712293
2.951348888342034
2.976809638331494
2.95182378804299
3.130454576255095
3.438473727584179
3.254841661479762
2.78672967204498
2.220024408781657
1.641999294188279
1.095595361621919
0.6701762974075199
0.5944980827850311
1.204290477911557
1.505063864060905
1.441733691945266
1.464712193823491
1.45156394486533
1.417812301182663
1.364998544199704
1.243685544285877
1.130305484245362
1.069133955224462
1.028684651578344
0.9859486310988697
0.9407522838515447
0.8937185726180981
0.8458474665276428
0.7975752148038189
0.7491310663048873
0.7006412065620633
0.6521702368317182
0.603743661348952
0.5553655183039975
0.5070304479059642
0.4587301829517011
0.4104565103322853
0.3622024861299498
0.3139617378713629
0.2657260992265086
0.2174759494044924
0.1692187099797754
0.1209292255048023
0.07318266553411029
0.02512554679657618
3.960509856394481
3.671999345310438
3.574287572405137
3.514477471807067
3.463489548296379
3.417872268211444
3.389927893444151
3.359028747285527
3.259228005688255
3.079023321023229
3.028964183526882
2.994500689093569
2.973068012116596
2.9578713916147
2.946215727819507
2.937191563495331
2.93061919522242
2.926913914157168
2.926948980029685
2.932714305263725
2.945495087878312
2.980496872506206
2.977174854550176
3.294483393196431
3.523141381115362
3.163280271278042
2.709461733717351
2.304052061780925
1.942904301170944
1.587441271295556
1.193478711195499
0.8513854281672247
1.119861312245498
1.499173994508811
1.482958815400114
1.514814098904382
1.508386521548359
1.473373947334652
1.410670607966801
1.169998579532337
1.031579201374961
1.002732696726405
0.992483936332321
0.9596340127669536
0.9194706720333912
0.8767471371751951
0.8327198484249253
0.7876208614701016
0.7416667220485537
0.6950668030203127
0.647989350083901
0.6005597117018309
0.5528717009616946
0.5049963135177247
0.4569870985317836
0.4088841766454711
0.3607182199306188
0.3125140900101165
0.2642912009655803
0.2160406036384344
0.1677261031106788
0.1192063608524277
0.07180621747455657
0.02360316942065296
4.510598424275015
3.578919877516303
3.347552231438582
3.373446302787694
3.384144484056063
3.364449999263791
3.379013689218573
3.367220040356978
3.048185399600214
2.91936098114377
2.943083319940592
2.943755903779715
2.939740677188383
2.934641659238204
2.928559334079164
2.922352838762461
2.916653641616703
2.912359392744155
2.910829246129213
2.914430116154781
2.926163612051836
2.960119610992165
2.992558337231031
3.37196956819134
3.239073966309098
2.79741497681816
2.526747222991419
2.343231671426791
2.200878835161256
2.09333382155461
1.941192470761615
1.520733529728219
1.120738165140141
1.505241233247148
1.556294310128862
1.595539072347403
1.608096958972043
1.611386789378904
1.642607908978458
1.45016984466466
0.8822245846283553
0.903912909333271
1.005526830757634
1.008275588072264
0.9643000655723686
0.9116626194577562
0.859462506377046
0.8079382532426114
0.7568560799304554
0.7062984151904671
0.6563112870465058
0.6068286440293379
0.5577405248318533
0.5089435847906156
0.4603551479255908
0.411913238646655
0.3635793641642324
0.3153418326758523
0.2671739349438602
0.2188556129089855
0.1698618412628382
0.1204160524693427
0.0759150570696745
0.02939324878703112
3.391148166829661
3.093012279758158
2.977213556489511
3.029552145571669
3.080218525251739
3.048480070341642
2.881418841418268
2.510927449222517
2.434236480209941
2.828883203278624
2.858981310591801
2.895465499633529
2.908087631899034
2.912293520994694
2.91098000255782
2.906760342139185
2.90078299337979
2.893994527098268
2.887462061913181
2.88165404382721
2.876650569302035
2.874723834917591
2.897730112959366
2.760349774641342
2.424639095145877
2.408353272286917
2.416552577863106
2.372158420714279
2.322428830617753
2.31840554167441
2.410845590433331
2.423358276118414
1.854972359109879
1.668440660217474
1.706261430113344
1.712738662785957
1.72588586329456
1.763935022062046
1.809809965814676
2.194081120504258
1.806781476948195
1.420838627194179
1.315413513923272
1.262458572667711
1.185210342228442
1.092943968861392
1.000883657159295
0.9152057057122926
0.8371507768067604
0.7662620118788868
0.7014973534281215
0.6416448893810152
0.5855566929261357
0.5322624974306408
0.4809924246947596
0.4311566509123011
0.38231466518646
0.3341317072670363
0.2862908578053703
0.2383956157149593
0.1902040452060899
0.1427650055951184
0.09982702471958289
0.06777538350255791
2.66733900588416
2.654064940540226
2.650509065048277
2.679118160536542
2.684950153841609
2.596582560654254
2.38844830701976
2.198675170873825
2.517893610721066
2.849689115822956
2.840869953596453
2.87815123351318
2.891394646961283
2.897488350174087
2.897412506148053
2.893310822718501
2.885836869559073
2.875613168478909
2.8634348905871
2.84767959737253
2.825581928271081
2.789104032100015
2.737200153449626
2.552928898075855
2.453195182050454
2.428707450230091
2.410627562974354
2.37816919158169
2.34376463603847
2.314220513170485
2.304684812626109
2.275008844488776
2.137134659200446
1.902843534797296
1.845890784021495
1.814503916277333
1.809363235661249
1.841828001559655
1.820859843267023
2.206834751382922
2.513313970096273
2.24381788290307
1.956320106933195
1.739871810411006
1.556518066250725
1.386020881652351
1.229183781780469
1.090169445466153
0.9700949139321731
0.8674068546161955
0.7793744584826258
0.7030670556441047
0.6358162597327774
0.5753801938559288
0.5199573738805604
0.4681362930044101
0.4188256688828221
0.3711849608902746
0.3245863319983084
0.2787127191490838
0.2339695600838693
0.1922473659364353
0.1576864933302891
0.1369164788581737
2.239248842062369
2.289067759513177
2.332875357262139
2.349217919341383
2.322846139037571
2.244872397255268
2.167413663299779
2.252129820127783
2.686130133676091
2.879761381293455
2.846716960999268
2.874373276266353
2.883647721483975
2.888713795893763
2.88820576600598
2.88336539367392
2.87395657607074
2.860512346008961
2.845047090976362
2.825116891641323
2.799002969314468
2.761151357611791
2.713613417579678
2.61594177546561
2.529305323386521
2.472881753773227
2.426055437604924
2.378607036486621
2.332713052546632
2.288840162484387
2.246821183027303
2.184489253431652
2.071826088648682
1.954215456693596
1.905463709306959
1.874719029925422
1.862851969006568
1.887358131843552
1.818528117168753
2.131576841160151
2.807470442944245
2.854429331143976
2.609360716023894
2.297786412617869
2.001060884799315
1.735654596088082
1.503476854526593
1.304528315608164
1.137165789274897
0.9979638433354726
0.8825241933696333
0.7863369084587695
0.7052903582686718
0.6358705552140441
0.5751843614465476
0.5209067382190293
0.4712117404709402
0.4247308327112319
0.3805912989958336
0.3385942275826626
0.2995305339304928
0.2654718033859639
0.2396759727848517
0.2255031545284216
1.983031084132727
2.024246239042364
2.067071325235453
2.083260178093885
2.07234941260957
2.065518204969796
2.132862324243025
2.358886753031482
2.763816792247365
2.891695331554072
2.855566365290864
2.875637373926292
2.881645839208236
2.885165780557831
2.883666837206236
2.877767508367975
2.865750228775164
2.848319752749271
2.830559563219268
2.807845240146406
2.778886309123052
2.738768069784646
2.688280802104994
2.610032607291995
2.536462749735203
2.47956584725492
2.428799123038611
2.378765114588902
2.329521734316941
2.280180274568793
2.229561439744233
2.168313549255069
2.084834434506944
2.001141111300119
1.950984503180844
1.918059209705782
1.900428954495964
1.919332645731895
1.831558178756065
2.133092703236409
2.94103433934924
3.203447017640238
3.082922494175423
2.776009120953277
2.420879230225612
2.083488940854536
1.786166874823387
1.532902932336161
1.321279452131311
1.146636211606539
1.003549237212956
0.8865620206455775
0.7906074400351224
0.7112156522334561
0.6445802136091189
0.5875526390766206
0.5376223509287819
0.4929274058255227
0.452327138672589
0.4155275014923639
0.3831683958204772
0.3566961962967298
0.3378465293054435
0.3278051418748808
1.831595783159512
1.856583411674227
1.889660658968588
1.918195651519912
1.950705383720572
2.02087296906614
2.173564266348542
2.43469770955672
2.788697396033244
2.895856072240318
2.862733445083626
2.878040881566543
2.882309062066099
2.884942643559604
2.883057606962498
2.876987784136089
2.861862693302889
2.839002264917146
2.820937412844399
2.79799282866883
2.76987908251044
2.731535629839829
2.683179444606545
2.610937163311447
2.541182277588139
2.484224547820579
2.431002337162687
2.378178285900488
2.325837243814087
2.272875671207507
2.218122848201144
2.157981920341419
2.089316980673919
2.02344319747268
1.976852433613737
1.945249712920184
1.925682533677659
1.941191717995262
1.84774016401043
2.161924909432314
3.001574566112233
3.353304018166214
3.329780080014839
3.07939360378484
2.73269188955694
2.373161476233219
2.041369715973715
1.751762522922675
1.506404201178481
1.302344121934264
1.134795059568665
0.9984352632497012
0.8880014622939322
0.7985962150360094
0.725852683822273
0.6660242017302477
0.6160448850014156
0.5735909716161297
0.5371444242551864
0.5060165627692788
0.480248770335753
0.4603192108935773
0.4467054358956847
0.4395673126086085
1.757652907130355
1.776075772422627
1.809519666789591
1.859292687807254
1.936067831993256
2.0585796939665
2.242166631304222
2.489122907759274
2.794425559510032
2.901262695973188
2.87528385697461
2.888838056904035
2.892978404297756
2.894805479049729
2.891558542357135
2.884529970249079
2.862803581868163
2.829219395872232
2.814064056946844
2.793846863557925
2.770247215410438
2.737244597900855
2.695181250640304
2.619012229863808
2.546584285427623
2.491174716354027
2.436073974682746
2.378922644775822
2.321827864779395
2.263825527718795
2.203793992271826
2.140526118988382
2.074436899873939
2.012862273080166
1.965544720224487
1.9333092876078
1.91349469629904
1.928165250285542
1.847311284533322
2.197905758574044
2.987803031037858
3.332759244854632
3.361254944483501
3.185081727265393
2.896832812813606
2.566571854211748
2.239491511838749
1.93968710304968
1.67715288047663
1.453959082220176
1.268195990634203
1.116105230103228
0.9931785587632417
0.8947529924296476
0.8163642956279564
0.7539764859392523
0.7041416691410928
0.6641102553343791
0.6318823326045135
0.6061683577348335
0.5862318297170013
0.5716401148093762
0.5620382504110829
0.5570919547589654
1.750409121901252
1.771304054772106
1.814564021670475
1.886676330439218
1.99525467407581
2.14490166736364
2.332327421196243
2.548476934629921
2.792297008131897
2.87977709473157
2.854406300280223
2.861673649451523
2.865668218300636
2.871463262454149
2.879997687367039
2.896906252878637
2.883865351265987
2.820432232590866
2.810771888128559
2.794438510228538
2.776570165679788
2.748661441793068
2.70711571080062
2.578502208820578
2.483971455723669
2.451044428829361
2.415979249699334
2.370853261015753
2.324694676395369
2.278478037816911
2.232286303881056
2.186131699560913
2.140488373495156
2.098746405806084
2.065265258702774
2.040475058249898
2.020608241054094
2.019051936853028
1.935840901308719
2.217039804479947
2.841981604737026
3.135127551923197
3.206645369959905
3.117271931382042
2.916429979217674
2.651517647245218
2.363027628903505
2.079946306873566
1.819655720184278
1.590612310607409
1.395431034425946
1.233261325176259
1.101339545857682
0.9959543295839659
0.9130599516197333
0.8486846476998785
0.7992075988274459
0.7615325246263925
0.7331607392251844
0.712162477510673
0.6970667951649704
0.6867290428655924
0.6802548825395762
0.6770146915683521
1.801431494089756
1.828444028848468
1.883629351295407
1.972500657937247
2.098356924859894
2.258801234787202
2.444458947190058
2.642573708015937
2.854750622861777
2.951986326177035
2.956977473463769
2.965276029312681
2.977226965854121
2.981479886113831
2.980556569357375
2.983285922584499
2.842660934641201
2.762660320624593
2.793140879247921
2.796325117174729
2.797066599552462
2.797862645792034
2.805969059140125
2.711623002327539
2.573060661411522
2.53310459617139
2.476688332201486
2.391837622998155
2.311156229573117
2.231323291985308
2.142257088110572
2.040710173652953
1.932075331038575
1.83039788499204
1.752358298666114
1.706278403983763
1.679900772433462
1.653565744570684
1.642274279661613
1.924012230652741
2.469128503734798
2.77069744968349
2.914567199659254
2.92264525142373
2.81927877573641
2.636554960267659
2.408133863376604
2.163235247837347
1.92351652166815
1.70282005631724
1.508553904714036
1.343497190596191
1.207384048341327
1.098095048434362
1.012503445652513
0.9470676824745844
0.8982390515619421
0.8627234493025027
0.8376201142857304
0.8204625025665055
0.8092011787960131
0.8021789037210199
0.7981332388375777
0.7962210826132345
1.899093798433412
1.931325420528127
1.994809173234253
2.092095753582813
2.223277225797875
2.384663485007001
2.570357933021001
2.775057077402104
2.985225788400252
3.122797457148716
3.196313952480332
3.238947747344185
3.254854748220461
3.214062093798338
3.066385261420505
2.783495844681506
2.65270308221881
2.768459744447679
2.788023773764012
2.804846802823224
2.822337049064369
2.854077340617353
2.873414816363917
3.199656894994395
3.305460053946555
2.95834283458605
2.670654087373858
2.455002988688932
2.270314077090196
2.080510481028973
1.860847931022887
1.605209358869101
1.330488663609549
1.073052886622243
0.8739960458368708
0.7595500338713449
0.7306263936898085
0.782353719718528
0.955807505690952
1.332350347464913
1.887084411486035
2.299500051748986
2.545091573462777
2.649861269527906
2.639843837099229
2.541335541258131
2.382020332813485
2.188535452214574
1.983511608580908
1.783927090338276
1.600983546322727
1.440942330641765
1.306302418822888
1.196936216893221
1.111030616305587
1.045810045250177
0.9980647212533633
0.9645154527523122
0.9420467814515232
0.9278439384950172
0.9194725964418033
0.9149344671773619
0.912713008793696
0.9118029191295849
2.028379582422629
2.062830794477201
2.128897872988464
2.226733958567296
2.354873255607594
2.50994956499023
2.686870831420239
2.87654866432286
3.059105250981593
3.205683786041599
3.303675669854854
3.34750245697404
3.324883104380108
3.20764575126171
2.977484271997662
2.708706925125516
2.688507979687034
2.779158009718287
2.790735675264215
2.809344150104478
2.827662563593133
2.859588044899293
2.864208152803275
3.10699200847473
3.326205040922976
3.130528412480824
2.819787562403585
2.520129242602846
2.238871277039014
1.950558009042795
1.634554341199161
1.289023971209446
0.9348542292668048
0.6104489645376571
0.3584448040493998
0.2113451545484201
0.1867318588774733
0.2966264967505365
0.5550237329752407
0.9496728233400947
1.420295743506314
1.845870497804313
2.156058058090688
2.339843587693564
2.410797626471357
2.389517712652877
2.298845634256255
2.161903758626564
2.000052879375463
1.831120474715712
1.66847682378541
1.521009221617631
1.393699552935438
1.288461827323128
1.204997907148073
1.141548056648373
1.095493821322337
1.063813575369274
1.043411289564733
1.031347647040383
1.025002655076343
1.022190986104931
1.021239748050844
1.021030832061682
2.172822887878676
2.206364113109919
2.269740925807072
2.361805236332521
2.480259342591037
2.62128366774954
2.778551443112304
2.941436849191008
3.094917613333713
3.223813527449559
3.309525026028761
3.332278403270051
3.27498899631475
3.130889982093935
2.928342437496859
2.76039373705192
2.756726574458725
2.79361349430888
2.799379215099353
2.812500599467328
2.825084455289362
2.845018615089337
2.838929577528514
2.925055951203886
3.088043266329374
3.050579987664018
2.837868796885201
2.541671919978345
2.2125081390761
1.861484167682965
1.488353812238274
1.100587665201841
0.7201171958947493
0.3806527299186495
0.1195660271675576
-0.03053059281648351
-0.04664313581570447
0.08134363560395812
0.3429834397601628
0.6997677870192726
1.097762263840372
1.484128120176934
1.805606158784532
2.033359207162022
2.163271485563653
2.205397518751129
2.176143206128489
2.094251595293414
1.978437024153133
1.845620239798095
1.709706251182868
1.581016765059737
1.466322495439625
1.369282874677779
1.291079729219398
1.231083480296707
1.187458316218761
1.157666872725121
1.138868859098372
1.128224974235965
1.123122273182554
1.121335063564378
1.121131842348446
1.121337190069301
2.316470842277652
2.346739028807625
2.403506216031668
2.485033144597506
2.588411188655352
2.709119524066321
2.840294615940058
2.972405818483152
3.094097225846836
3.192411982881786
3.250147118837565
3.249703274132616
3.182273602655855
3.059220629370286
2.920029226303186
2.821436500503311
2.79848180676083
2.801896899758237
2.806567559990494
2.814280673706751
2.821969506140928
2.832413179547047
2.829139638225886
2.838357996529223
2.897156606916747
2.892933094127733
2.757387428213714
2.506779286583382
2.182047824331841
1.814523203844775
1.424573140046645
1.030954680039008
0.6571961895843681
0.332144199097532
0.08650136987025316
-0.05226877154634882
-0.06579669572819066
0.04835112678127859
0.2715223972823342
0.5679850885488522
0.8986096377568364
1.229972823806066
1.527801286779262
1.764398269868269
1.926106014999763
2.012646748406314
2.032598943705854
1.999206940553239
1.927468997729345
1.832132088199739
1.726286846367872
1.620496875254223
1.522441953294437
1.43698911349648
1.366551038150736
1.311587680617243
1.271139514869929
1.243323263071594
1.225756610242197
1.215901743350634
1.211329935164912
1.209914980650859
1.209965957925509
1.210311205993753
2.445102514548606
2.470646079029239
2.51833368017085
2.586204862775028
2.67104494082593
2.768130778379799
2.871021481823905
2.971681529473643
3.060700305943641
3.126978191639228
3.158213016091276
3.144994337915408
3.087885053082248
3.002637175950151
2.916328970753102
2.852058241626819
2.815431014557851
2.806631189505481
2.811247377114767
2.81521860405217
2.81973640923039
2.824560613495714
2.825823852319815
2.815314030651953
2.801652802178644
2.765307606578618
2.65199108075531
2.442011770221138
2.149768259999887
1.803410064719283
1.431422183798344
1.059877756768881
0.7139617860567381
0.4189103986555047
0.1988863239068862
0.07381163514636363
0.05463361473456044
0.1387411195452998
0.309137110859477
0.5398067287539272
0.8035263288259439
1.075657354631634
1.332717065721801
1.553204747275105
1.721876711295635
1.832348555957904
1.886370000989951
1.891386439693934
1.857994407970822
1.797886742034204
1.722330525133601
1.641122378453061
1.561984860140341
1.490356219360055
1.429490360219677
1.380761390150774
1.344070911017767
1.318278470258035
1.301603204404894
1.291968723895044
1.287280654188135
1.285637612809039
1.285483347415302
1.285711282815088
2.546816668096878
2.56698545901236
2.604485222235249
2.65738425024868
2.722565396150087
2.795679210912805
2.871192888613514
2.94253954897323
3.002270786969472
3.042512208680096
3.056640551330578
3.042235412507406
3.003928813150334
2.953040456742114
2.901964574913456
2.857251027211212
2.82018995499985
2.809546048733912
2.813766485965012
2.815606564931632
2.818287617339162
2.820211895590007
2.824126075823747
2.811258453355003
2.763407356701548
2.690711054539117
2.570602111230028
2.383626971502266
2.129156104729859
1.823915537776278
1.492958272411248
1.162611467282767
0.8574492042450658
0.5993899572849153
0.4068367862914903
0.2928619571305212
0.2627422279889202
0.3123962203651211
0.429436264651572
0.5966517352267202
0.795540541116347
1.008114360274705
1.217342671044628
1.407244317493333
1.564525983524222
1.6807687307865
1.753366898815659
1.784883179451627
1.781536147008011
1.751546959250584
1.703711923125034
1.646315027442679
1.586396503841536
1.529357827346748
1.478856463027749
1.436920808668874
1.40420626615786
1.380319424031532
1.364153618128076
1.354198544586227
1.348804144584517
1.346392458769031
1.345620153162314
1.345499361339329
2.612301158906205
2.627125415270815
2.654574097215204
2.692949022720012
2.739573440813495
2.790861253635213
2.842459931935195
2.889470628767465
2.926846359576797
2.950244357843887
2.957396496217418
2.949308757992435
2.930190987113323
2.905376703014393
2.878294822072119
2.849642300858933
2.820449437058283
2.811524495093769
2.814905263042843
2.815654638278772
2.817258950376724
2.817714158420112
2.822596313779227
2.80995636816035
2.750340348921497
2.657408099316147
2.528046540134643
2.354301979855097
2.133741258644159
1.874835021190778
1.594991242615258
1.315482621316993
1.057145420396917
0.8378791493979716
0.6712699762337586
0.5655859822691787
0.5231156594016585
0.5403670698112192
0.6093520843290648
0.7193464115412609
0.8583077569080934
1.013789672058737
1.173554202331796
1.325873063815298
1.460199243364089
1.568410925562746
1.645915000751106
1.691952123674658
1.709070777059832
1.702131480130084
1.677213030900287
1.640646957536353
1.598279103911811
1.554984638336554
1.514422972977516
1.478994028439743
1.449942914328061
1.42755697140149
1.411405675123184
1.400586123538745
1.393950373755798
1.390302653156145
1.388563009698573
1.387899192885666
2.634960685111812
2.645046436361981
2.663657207091478
2.689477314907352
2.720488959224265
2.754092649832718
2.787297278430686
2.817020765936141
2.840579465979059
2.856367071817555
2.864427529575454
2.866375305552079
2.864341863681719
2.859432227713124
2.850998090688951
2.837684830170822
2.819268201483057
2.812899324211556
2.815255887956033
2.815509781034389
2.816473233874266
2.816205479089252
2.821161475526281
2.809119933354785
2.748409661154053
2.650409318183041
2.520354284344617
2.359596086892455
2.169210910130631
1.954449319535376
1.72613761235279
1.498827406810534
1.287698776272097
1.105919841941828
0.9630431193052776
0.8643648812856751
0.8110709550175519
0.8009743311314921
0.8294873924003762
0.8904210374470645
0.9764932234904494
1.079720317139831
1.191794739831539
1.304405383707855
1.409627607243228
1.500589833599226
1.572282365321011
1.622123566014623
1.650033252812385
1.658046408518626
1.649664565362709
1.629148227552343
1.600886765578695
1.568913683747804
1.536587694512344
1.506430853482088
1.480098012810587
1.458443948736643
1.44165398394156
1.429408544370552
1.42105912621677
1.415800209303229
1.412827383080477
1.41147613616988
2.610952887836711
2.617368186227996
2.629206243015106
2.64561100809372
2.665319596588144
2.686797487832765
2.7084301364846
2.72879835462558
2.747022789928697
2.763040434528972
2.777551499345519
2.791447610432362
2.80489274722982
2.816671634349417
2.82440784931683
2.825491093099345
2.817724349306961
2.813830512512857
2.815189418742085
2.815264334254841
2.815845681410951
2.815267041148811
2.819870216763194
2.808939947832644
2.752445756052291
2.659432747158234
2.53808737355364
2.394447992327494
2.232867397262238
2.058025854274836
1.876618431466882
1.697407295606633
1.529867593673192
1.382447214692084
1.261299864089271
1.169834907995984
1.108985378760544
1.07783882891847
1.074231738065909
1.095088939872704
1.136555932089583
1.194086737065738
1.262577150883095
1.33654967297057
1.410395495922308
1.478750068873354
1.537015722984722
1.581885068616322
1.611666406906831
1.626310497702195
1.627172158574254
1.616613767403232
1.597561175582662
1.573091472791967
1.54609753687141
1.519048405777019
1.493847577872237
1.471780847626435
1.453539280750703
1.439300160197649
1.428848098329435
1.421719092128911
1.4173516168318
1.415230960678177
2.53914801227715
2.543294712134006
2.551023770876754
2.561936466633189
2.575499751704019
2.591162315507797
2.608483823368598
2.627275891377742
2.647700432093095
2.67020938102996
2.695221501090723
2.72257973910504
2.751048134095722
2.778182360754325
2.800657076664699
2.814707588142264
2.816229438431395
2.814424921025874
2.814918033298468
2.814971008766586
2.815326694666617
2.814669063749434
2.818713747988265
2.80930286404463
2.759920133213796
2.677953240547549
2.572148431215286
2.449924609293591
2.317015197148284
2.177987725422023
2.03722552487049
1.899513150073123
1.769844561744336
1.652738120211871
1.551594148754482
1.468450970005928
1.404146919612201
1.358666812041341
1.331431757302979
1.321419134642812
1.327142510435771
1.346581507929406
1.37713673435203
1.415648439228297
1.458492134829213
1.501777769636939
1.541675902838191
1.574829666140775
1.598742970924491
1.612033141712079
1.614494204162362
1.606983556191323
1.591183650258706
1.569299174104637
1.543742678174462
1.516849407034365
1.490650074953782
1.466719081349165
1.446104878440025
1.429339064351595
1.416511996341362
1.407396181309781
1.40159514659357
1.398695378589649
2.42103561143568
2.424518847909127
2.431149173439702
2.440899233848465
2.453815653392454
2.470087385595403
2.490070474026246
2.514260127785334
2.543176863985813
2.57713080257045
2.615879913865004
2.658288464951705
2.702140904080056
2.74419094874179
2.780349832873785
2.805804974755226
2.81494805022905
2.81476304869231
2.81455503836552
2.81465612885057
2.814880989839989
2.814267839150414
2.817670046737301
2.809893416487524
2.769031282538617
2.701470634340875
2.615189926409279
2.517059963017037
2.412503616358409
2.305539524224993
2.199185893917489
2.095906025284789
1.997832666224173
1.906764220662253
1.824085814695847
1.750752537425371
1.687362835429416
1.634287058010649
1.591780285848945
1.560014093842004
1.539005648657225
1.528471289619763
1.527660557593708
1.53522796667176
1.549184368711209
1.566957988691607
1.585586652011429
1.602033560572153
1.61357063738237
1.618139466483744
1.614604378479413
1.602848217624676
1.583705611451121
1.558763310130326
1.530076653816429
1.499857353659669
1.470184187225634
1.44277770867243
1.418864787885343
1.399141160916996
1.383823244430453
1.372767252851988
1.365626151532183
1.362013684227884
2.260611873095676
2.26512191245693
2.273786548253478
2.286781353147944
2.304463135806307
2.327385097564032
2.356228453094221
2.391652349780768
2.434061696534122
2.483315490777237
2.538444688798499
2.597474151557845
2.657399826831035
2.714273869868773
2.763281812729852
2.798726429469875
2.813923006699218
2.814902612490202
2.814153253325401
2.81432986750709
2.814484081932957
2.813974693264327
2.816732108479369
2.810442669487019
2.778400174222724
2.726689116362409
2.661598760822407
2.588313893956848
2.510867006854489
2.432244911042501
2.35454185987309
2.279101439232527
2.206659402396681
2.137550785656681
2.071954574603502
2.010012321312592
1.951867617855645
1.897740842890243
1.848032469190448
1.803371481652833
1.764547284690609
1.732325164227784
1.707195700819978
1.689128865249703
1.677398810246221
1.670528990216556
1.666388561259726
1.662444604294245
1.656134037329349
1.645276571754697
1.628430211972455
1.605106343061299
1.575803390918407
1.541866109915385
1.505215237495796
1.468012785266487
1.432331970292203
1.399890769378149
1.371888139826638
1.348956930193125
1.331223208706318
1.318443548446866
1.310182723766713
1.305994110504322
2.064284927496379
2.071502808847855
2.085283136982056
2.105762632996296
2.133236523477876
2.168149005996573
2.211002943800051
2.262192317941616
2.321749539131451
2.389035200034894
2.462460729354816
2.539350434201276
2.615973620577095
2.687661298190747
2.748876705843037
2.793180582337511
2.813128754537617
2.814881012314624
2.813727398399142
2.81399293250847
2.814122104964468
2.81374552228246
2.815907996420481
2.810770397768132
2.787084805745189
2.751291984108728
2.707228563831295
2.657751103834302
2.605047395118762
2.550849221681673
2.496511761210302
2.442997341019818
2.390784392268809
2.339896299324422
2.290145902688205
2.241139543725108
2.192348562877639
2.14335132008416
2.094096006009215
2.045038364068138
1.99710071381238
1.951469948139142
1.90929282461752
1.871346498322958
1.837765765884418
1.807898349529605
1.78033796762102
1.753148570977632
1.724240969338886
1.691811652687458
1.654729947052197
1.612776945402418
1.566687061040021
1.517997883911359
1.46875804956109
1.421167927224073
1.377233053127386
1.338497711955366
1.305900593526943
1.279763043228739
1.259891330541052
1.24575463290939
1.236693335110786
1.232116141205954
1.84083466618101
1.852368634440247
1.874179752278153
1.906061483298187
1.947789098781175
1.999151873582926
2.059966353346613
2.130027328960544
2.208911394795117
2.295623058321759
2.388202022848441
2.483470345244267
2.577026087906127
2.663425972986219
2.736370804827667
2.788740490816196
2.81249060634826
2.814717585716485
2.813264333880789
2.813639068113434
2.813791703254339
2.813580292880876
2.815226820973995
2.810893192593929
2.794734701925147
2.773925252354334
2.749058686179831
2.720601034750239
2.689164938178941
2.655309344302048
2.619552612983654
2.582671825323476
2.545713297890681
2.509585217824698
2.474548650250048
2.439842876659747
2.40405556894251
2.365765606450347
2.32403619089612
2.27864067470183
2.230053257791706
2.17926112890629
2.127454199193584
2.075661884976297
2.024424923256235
1.973598240923765
1.922361875836147
1.869457831128749
1.813588070967225
1.753848324663805
1.690066917166547
1.622960707735879
1.554081514027839
1.485581425032378
1.419863587662419
1.359203398399273
1.305422674284485
1.259678443130566
1.222395385915299
1.193336466603874
1.171778692314109
1.156745674480164
1.147247258513951
1.142486224714878
1.601458243561408
1.618813880224202
1.651345528695131
1.698130424307908
1.757878296927065
1.829126988326047
1.910528912853471
2.001039876275601
2.099805973497547
2.205724113915172
2.316839120492138
2.429828876733571
2.539809482413771
2.640539741523171
2.724835146766412
2.784825989587918
2.811872044708999
2.814414900679036
2.812725619572154
2.813256781146885
2.813506869237643
2.813544863443811
2.814807080986302
2.811338236363139
2.801819119568951
2.79405079275551
2.784649849475842
2.772566249631895
2.757858045908721
2.740249907326936
2.719007373625498
2.694162483414061
2.667723062859047
2.643164061148277
2.621667896493525
2.602062428849075
2.582004966386706
2.559013133148518
2.531069576911274
2.496879277326198
2.455905424887837
2.408257959077071
2.354459641726452
2.295127843667412
2.230657520461018
2.161035457785534
2.085895177258521
2.004811975774917
1.917712427792661
1.8252273219122
1.728863469369749
1.63095149313116
1.53439468246636
1.442287003788464
1.357491204936873
1.282270456736503
1.218046364879071
1.165318016267603
1.123735784394179
1.092294041908864
1.06959345883122
1.054122398652678
1.044513419606081
1.039743561057705
1.359926763845231
1.384511357799151
1.430204812383651
1.494872784492187
1.575505676071529
1.668810449372215
1.771938251549486
1.882896195831525
2.000440446248294
2.123559752976144
2.250723893558364
2.379058530633326
2.503719039187195
2.617831894061725
2.713110683181865
2.78063838813132
2.811044198312525
2.813955636747651
2.812038578597446
2.812812175701748
2.813262773766771
2.81368024788781
2.814682895313251
2.812732859949414
2.809434593579247
2.81106211453033
2.811253156908334
2.809299050328506
2.805784149173113
2.80011367242217
2.790126885580603
2.773900003283254
2.754011032092195
2.738413313997314
2.728727398674639
2.723594736842337
2.720302291381266
2.715682149787225
2.70667058888917
2.690607560549115
2.665363468791555
2.629382312008121
2.581633676953706
2.521457728758919
2.448377871301808
2.362057331447144
2.262513617341605
2.150501151075343
2.027841809682049
1.897528721758114
1.763555847099846
1.63052082020183
1.503091423374887
1.385445755295214
1.2808023783446
1.191135628845808
1.117117947124649
1.058265801189149
1.013219584773996
0.9800783047671993
0.9567299471441741
0.9411450944396741
0.9316160711535226
0.9269280541423731
1.13288223964004
1.166043290181173
1.227060881906332
1.311826949781313
1.414851913291194
1.530660385827599
1.654933616923138
1.784799187268026
1.918540519151518
2.055160363642869
2.193805341377051
2.332813105442342
2.468434788567287
2.593893207120626
2.699680328819191
2.775124949663924
2.809695577218887
2.813301558763093
2.811086525258649
2.812234552014703
2.813010810057949
2.813952451457561
2.814934245267326
2.816224280177094
2.817809783377204
2.821783533270762
2.824761298554999
2.826542912461745
2.827854664973179
2.828442633600484
2.826151360120181
2.81691117286671
2.804137451380779
2.795429547894703
2.793866053274912
2.799822892465111
2.811689765053051
2.826380500025613
2.83995255317967
2.848124293476829
2.846566919344061
2.831133285463523
2.798099012639411
2.744331438567703
2.667468548419256
2.566306403170918
2.441354691429459
2.2952417616069
2.132704489153624
1.960147946835927
1.784915333430188
1.614422718935707
1.455296197328755
1.312656170573061
1.189687551082275
1.087572576318101
1.005757842287683
0.9424336706879982
0.8950686076122827
0.860873596545908
0.8371424935091205
0.821483943692662
0.8119857651815396
0.8073317587549432
0.9403413640443111
0.983426615574679
1.061492422664069
1.167180615397771
1.291869386086058
1.428249133756397
1.571155033762242
1.716996183953746
1.863225266819741
2.008364593329813
2.152069644577209
2.294475893954531
2.434429140988665
2.567058368632858
2.682387314067703
2.766936866948538
2.80756740395916
2.812415142872116
2.809720960019311
2.811446768374233
2.812705953192641
2.814357819221179
2.816217676948455
2.81882424539723
2.821096854292402
2.823770592981065
2.826136682941554
2.828101619744775
2.829735763129196
2.830943807238167
2.83187603553635
2.829921648261051
2.823992828650708
2.817123467921947
2.816116694946597
2.825749489617527
2.847560815244964
2.879662021728074
2.917477588656192
2.954824004451171
2.984567704484523
2.998934959343889
2.990040257487169
2.95057225324239
2.874858718485695
2.760273747685017
2.608310495538677
2.424674192717851
2.218418075700693
2.000570294616342
1.782637081087428
1.575183242767992
1.386644409047508
1.222557090813441
1.085352282853787
0.9747119551569959
0.8883217313910974
0.8227632540728977
0.7743056072802025
0.7394471282948721
0.7151802883762191
0.6990606405575541
0.6892123729865708
0.6843603054708641
0.8065897906388791
0.8609313455958554
0.9566584695573811
1.081274522229153
1.223385275135839
1.375511041477985
1.532602659543782
1.690188831627378
1.84427141052822
1.992239887662256
2.133637366754445
2.270161357099409
2.404304291425893
2.535971477870842
2.657885209126642
2.753876637630241
2.804583357047624
2.811255355642229
2.807684981871054
2.8102416005833
2.812012939923665
2.814182703880124
2.816349477735707
2.818698060091494
2.820913961831615
2.823300409196002
2.82543126246442
2.827203167645348
2.828617198285278
2.829545961415792
2.830447935176918
2.831090630253212
2.82461925407743
2.808948939208096
2.795954838146497
2.796865387091144
2.818718938151774
2.862537694041084
2.923591463489724
2.993352200244979
3.061217106367609
3.114731921757839
3.139973747817837
3.123030611184809
3.053112215676117
2.925907573126423
2.745015217313788
2.520926583805853
2.268638422170576
2.005006621046039
1.746317123388394
1.506238966934966
1.294380414975143
1.11570221520453
0.9708561082097488
0.8572317080178543
0.770317859522651
0.7049931554653793
0.6564896691976327
0.620924549131304
0.5954173678095436
0.5779145177232232
0.5669312212754684
0.5614303815793085
0.7619580700632895
0.8282700547438713
0.9388915831444535
1.075006850169376
1.225824646877142
1.386348681728013
1.551515504153171
1.714988433122517
1.870972077752493
2.01568436961072
2.147898270902906
2.269372476156938
2.385168009812974
2.501954581531118
2.62148960284143
2.730677270032368
2.799923473303075
2.809780450791029
2.804682334494244
2.80862778979231
2.811152462302708
2.814015793134892
2.816679923987009
2.819285923746137
2.821702135995896
2.824062848071511
2.826187706973493
2.828021648574689
2.829537479864439
2.830563199543698
2.831782457317829
2.831735989571628
2.816621093955305
2.778334708704771
2.736573031903292
2.711073032132818
2.71715291771933
2.761681743204269
2.841272044739994
2.944393600095901
3.055696389058163
3.157037467098311
3.225945247408185
3.238794900240128
3.178148521706639
3.038666406926211
2.827764782939663
2.562472585985738
2.265183316637952
1.959565356708682
1.666939206830388
1.403464540009701
1.178645380068289
0.9954057517841363
0.8514523384994676
0.7412625818800138
0.6580338969496843
0.5951866935207687
0.5472991023936034
0.5105170723081062
0.4825224268980408
0.4621443041941404
0.4487753158156733
0.441923789330456
0.8466872391039676
0.9216969523223196
1.03496496295946
1.166845485467669
1.31454355429415
1.475270519988991
1.640620512182596
1.801323714284556
1.950895320682467
2.085586933808993
2.203315946567109
2.303811610742858
2.390698026728961
2.47442226618958
2.570770288399098
2.685496456316268
2.787391801494056
2.807369641015751
2.800120995537781
2.806504998543306
2.810167394250116
2.813868006299862
2.817030578000638
2.819887948640569
2.822451940443889
2.824838296424493
2.826996020072333
2.828905361580469
2.830522213607791
2.831675864954537
2.833267954136587
2.833658265413067
2.806547822541267
2.733426993198511
2.64491925292419
2.5713466854982
2.539178325866319
2.565717518507212
2.653381635928822
2.788049672977691
2.946080625402843
3.101741847702443
3.220323342641617
3.266054845798803
3.215756808509065
3.065138847189547
2.826645905927042
2.524511528302275
2.189317727858318
1.852134893142627
1.538981380546608
1.267063714434373
1.043791449709263
0.8683353145060329
0.7345430173167973
0.6339177214726477
0.5578694539962914
0.499052656044712
0.4519808680516578
0.4132000705958904
0.3811894623435568
0.3559847445032462
0.3384374266591555
0.3292115985993117
1.119346637514475
1.182115841848945
1.264742803325382
1.370494505482722
1.505874793334288
1.658813439260781
1.812676692817422
1.957481014791179
2.089210332628362
2.205789166834131
2.304779258867278
2.383105882867272
2.438849044700456
2.476870373304206
2.518923050399182
2.60502338248471
2.748779213433081
2.801910286032764
2.793657057621981
2.804063763742831
2.809431363401047
2.814091050801067
2.817723538408597
2.820787936542556
2.823451853076858
2.825879904549956
2.828103941795943
2.830139695702891
2.831908732786865
2.833317405253474
2.835028924301405
2.83713172625627
2.79825816831537
2.68249944504214
2.532041209566872
2.388307314723345
2.290121305850529
2.269790820321651
2.344696561103305
2.505122360494321
2.712594234303708
2.923714733742816
3.087199375669427
3.15895553454991
3.117211043224335
2.960757748214061
2.705071560113688
2.379900797266391
2.023829479855949
1.675173654062263
1.363206123796441
1.10364831435276
0.8993909747957546
0.7445383452786245
0.6290804478277563
0.5424495696990684
0.4754949337387808
0.4212036767274089
0.3747413011152983
0.3333047672069284
0.2960482929854799
0.2640419057782283
0.2399429636134609
0.2267624936673821
1.671937365021873
1.641636651184478
1.631890549574249
1.700190264487106
1.822185612400495
1.954665553584477
2.077807184877948
2.189014812134319
2.289277378739692
2.37803169154699
2.452854586476505
2.509506713692705
2.541578163870917
2.542085449294821
2.515310465347711
2.513482142682807
2.669041248344922
2.789173778214588
2.786677425605823
2.80230313469612
2.809736207099285
2.815175250484329
2.819031231498638
2.82210180210685
2.82472585601102
2.827137400592054
2.829421132401578
2.83162472959557
2.833596545258457
2.835460911542288
2.836836110937109
2.84230513598956
2.795049443939487
2.634363028589665
2.412644207613495
2.181121955571351
1.98919667606642
1.884287127298127
1.908006628334094
2.076888255858526
2.342801467594849
2.597302546522094
2.776596768178199
2.851413958618762
2.815867702491144
2.668153166255337
2.419266488656048
2.100346540098827
1.756070171794158
1.42963073333976
1.150006586294045
0.928041209531811
0.760430857571593
0.6365968271549786
0.5443773202608118
0.4731901904665822
0.4150837058438839
0.3646038245690524
0.3182461008818015
0.2739975297086036
0.231297565381683
0.1914841754437036
0.1583709545098505
0.1384141959574304
2.637780622685987
2.292865000594905
2.13702046107521
2.188784891736367
2.290328724370009
2.373682921162031
2.439892586797099
2.499178195018043
2.554379249739053
2.604178490270214
2.64637573697169
2.677851644883976
2.693276988587752
2.683890194675339
2.634992793892855
2.545229054217738
2.622613532889515
2.78091202600997
2.788433114450203
2.805016448223931
2.812758024676846
2.817844445456594
2.821251017589488
2.823921453999766
2.826270055573875
2.828554664045154
2.830872874121668
2.83329551143799
2.835539040339659
2.838149939544064
2.838503381836915
2.849561922967704
2.800720420830743
2.598869898988325
2.303957693595031
1.975052163184486
1.669829650013709
1.445757858516243
1.363811441834608
1.488479219177168
1.831144399225168
2.088760521025008
2.215442402274141
2.256124442006465
2.227849680462341
2.115238166984966
1.916278401185558
1.657583526487464
1.382293808205161
1.129958074462166
0.9226412187136837
0.7639582511263681
0.6461778016395591
0.557861913071625
0.4885736702458256
0.4305987726516188
0.3789060630902439
0.3304628474103032
0.2834767992872053
0.2367948536299511
0.1898072181333322
0.1433805007353903
0.1011322863876525
0.06934087453087535
4.097366417986112
3.118694020071134
2.86233120448354
2.887573132180809
2.913236394624137
2.908885012861161
2.898569901474672
2.892087714430073
2.888955085392685
2.887202293907606
2.885644513209441
2.882861360743876
2.876400001899221
2.867513875263305
2.872205771547726
2.883380868062887
2.837717512419767
2.807577662597966
2.813968773804093
2.818526790936888
2.820864756250823
2.822921672400604
2.824604150085971
2.826229609630744
2.82797312127442
2.829982548241225
2.832305004172559
2.835022104397964
2.837645566657161
2.841417503509569
2.839834792668904
2.859437849308836
2.819771295065322
2.587346247589512
2.225071236034802
1.797112883984311
1.37081309295974
1.01526875151044
0.7966806034397422
0.7848191837913785
1.127046934879482
1.329626913952256
1.307214676342722
1.281714040526452
1.256542976483403
1.209884389526635
1.129750033079402
1.024990897907646
0.9131537928026633
0.8089454338546777
0.7187312798118681
0.6426123573102461
0.57770421762351
0.5203228188798276
0.4673872807515546
0.4168318803061876
0.3674624958656439
0.3186629818561863
0.2701117326166131
0.2214525139366633
0.1721033227424912
0.1222909345616693
0.07745041121711092
0.03024349613519433
3.641890533733392
3.332385075572395
3.226746359514074
3.168132160379918
3.121987882576557
3.082246392428461
3.049328761574698
3.022191143552279
2.99947088116067
2.980143676828006
2.963579207726184
2.949341081183408
2.937092343505095
2.927040061029345
2.9230625938192
2.920687204784965
2.896040190598068
2.84870006829495
2.837437985960808
2.831781915387981
2.829166758710012
2.828172465460837
2.827974563954635
2.828400255615304
2.829421568285161
2.831100748324077
2.833449967891697
2.836593477362787
2.839776625154931
2.845287919142515
2.840641352455969
2.872218729872946
2.856847916227146
2.612313122731688
2.196589130722181
1.674471939105372
1.127244915490294
0.6501251702618559
0.3440855279974183
0.3252046955111594
0.7705473566702262
1.014991416893549
0.941298575986047
0.9376739832477821
0.9165967599111402
0.8897771485053092
0.8538514121999019
0.8093672691409872
0.7610401199803344
0.7122519840276695
0.663367252472563
0.6142475971927238
0.5650094934334543
0.5156875376232182
0.4663350477595929
0.4169820876196831
0.3676559638972566
0.3183761430470129
0.2691523606013587
0.2199634395659793
0.1707613653811121
0.1213953866849593
0.07319866253467119
0.02422135517385823
3.289552090895233
3.179695236849635
3.120324637113211
3.07657417071481
3.044884940071028
3.018429730700266
2.996174247542917
2.97754217108663
2.961853221948409
2.948383112348262
2.936510402693948
2.925695312650021
2.915509268946158
2.905731582418191
2.897346182741344
2.888773473416923
2.873547381415935
2.853444082627686
2.844876919558242
2.838578901138187
2.83455596936403
2.831983036522605
2.830450914261111
2.829843960714008
2.830166525774714
2.831517442893993
2.833949115325462
2.837704431905186
2.841728859725639
2.849793274897028
2.840738610126107
2.887350222391032
2.916413883451056
2.685348729229616
2.236133836783055
1.632627160964295
0.9771326746807975
0.404063684310727
0.0659758499224016
0.1283755111372582
0.7724182792550454
1.105776983400924
1.033632746622808
1.045968859490237
1.025318495382325
0.9912472757079017
0.9415436335874823
0.8772481531140106
0.808866154204539
0.7439424791113357
0.6832529250993234
0.6259777908359252
0.5715296704181613
0.5191110160858262
0.468084578546462
0.4179443166694994
0.3683441204165547
0.3190606062534141
0.2699541277197859
0.2209284840528002
0.1719494988513423
0.122965763070859
0.07453857793040225
0.02582382854101465
3.197892291520745
3.150223332273204
3.116486998685835
3.08190038672009
3.052838456090823
3.027314813159506
3.005299186182582
2.986381535555119
2.970036464243207
2.955715885193593
2.942942423647571
2.931304363017322
2.920467748045159
2.910151542050722
2.900436413773583
2.89030293436528
2.877059469609955
2.861897811988372
2.852121554640327
2.844431659917363
2.838854207834942
2.834790592463893
2.831965604272833
2.830299948868591
2.829853351066882
2.83081254992712
2.833343250080532
2.837915854510062
2.843228602094169
2.855112468401492
2.840144413186084
2.90528159563764
3.005710671212356
2.811514240296276
2.34508161639031
1.683329928769025
0.9528845550724151
0.3158737347992093
-0.03848328481652382
0.07819594384929651
0.804613629803456
1.104399876673862
1.018156255827496
1.031983182452906
1.011593383784781
0.9778693326533739
0.928464449256612
0.8594580910386279
0.7885391656569181
0.7268502250682144
0.6713482596225246
0.6183922040929023
0.5670493837847558
0.5166062460664593
0.4667511865147552
0.417252226518635
0.3679701863832592
0.318819757417035
0.2697489488588843
0.2207215982288027
0.1717430553460219
0.1227878162809299
0.07415777142103397
0.02558674477312672
3.146280483940723
3.117848356055522
3.092747346917754
3.064531441720155
3.039785981253037
3.017783629756866
2.99855043286702
2.981704461630422
2.966832044208908
2.953515231019247
2.941384731845845
2.930118340504998
2.91944843751744
2.909135369956251
2.899081461965901
2.888800961048474
2.877281141577241
2.865174205841008
2.855715523150359
2.847712051826423
2.841270432671757
2.836114022186524
2.83214685352292
2.829402461915572
2.828056815209752
2.828457188168194
2.83099696066942
2.836562476392832
2.843936654780171
2.861837241705436
2.840376583253986
2.938580618963606
3.140505565359698
2.974275603794574
2.486627262009316
1.806469976118216
1.069004460869223
0.4116277503084466
0.01445306118858355
0.09781791231997647
0.8286183219210997
1.11983420387134
1.037289793172259
1.055414788290885
1.036969403984686
1.001600418503289
0.9479130238921445
0.860354876455372
0.774858776139332
0.712477529263856
0.6614362304468658
0.6119550048948618
0.5629800394943756
0.5140208854363998
0.4651146957684031
0.4162193854901896
0.3673192324879671
0.3184094023036532
0.2694901328788341
0.2205569117697902
0.1716417793812371
0.1227461360399537
0.07424398062924725
0.02569500741230928
3.134001528938623
3.101610723719221
3.075900104086342
3.049813532752654
3.02779635232501
3.008668205906043
2.991980087071032
2.977186624927609
2.963860237841392
2.951651881013142
2.940276809197624
2.929498291950351
2.919120469564902
2.90896644943323
2.898921194087525
2.888752448161678
2.878112156753884
2.867371434289995
2.857996895283695
2.849627021622696
2.842382479098772
2.836165820185037
2.830987199943707
2.826969996047844
2.824403337528033
2.823825258561133
2.825970235435759
2.832399590917834
2.842827957134658
2.869791002941182
2.847077986827399
3.030926142814362
3.328343000117151
3.102826194162928
2.574520935927333
1.946700615144032
1.313169308668203
0.7184790593534891
0.258407757449104
0.175936075076207
0.8144818359933904
1.130461967432368
1.065153184396145
1.090319197112531
1.077765412227718
1.04428329917003
0.991052476934956
0.868794046914237
0.7556105937977985
0.6932680844103098
0.6518186062342715
0.608217067564743
0.5623262823628767
0.5147130872687241
0.4663157920599917
0.4175146509884228
0.3684956587513696
0.3193647450275252
0.2701809837719953
0.2209648702260424
0.1717828692244007
0.1227037131625872
0.07458691559276606
0.02596370365121894
3.160980856942003
3.086517727953395
3.052764621124528
3.028735699974547
3.01075902115617
2.995755414878184
2.982557516970162
2.970507450395699
2.959244987335712
2.94854340411912
2.938237749975655
2.928197254983803
2.918316210915647
2.908498502207829
2.898675275241105
2.888751141686689
2.878631029682763
2.868539405200507
2.859152821316953
2.850398045771977
2.842371831415164
2.835057412194082
2.828508914515517
2.822888883679753
2.818548919218304
2.816174345167911
2.816873818596679
2.82308946383848
2.836750007425541
2.874468001310331
2.872787868483435
3.223876535196994
3.465338410140494
3.044405651707351
2.516462302902383
2.046729734164495
1.630586742644856
1.223575697050937
0.7805949203370106
0.4082564922705243
0.7070761414240492
1.122096038612199
1.105696588009996
1.141002486247029
1.135409684859079
1.100619347026258
1.03636787193693
0.7919098595803081
0.6546022169554637
0.6245872840679254
0.6139205012165161
0.5807528779929376
0.5401969806919872
0.4969670411859268
0.4523878969748655
0.406763311524724
0.3603575966231551
0.3133989993095256
0.2660424850448627
0.2183385866224123
0.1702840528286188
0.1218622902499896
0.07512439614628022
0.02606684722984906
3.343249638440906
3.119277589192957
3.047512004752402
3.014140586676957
2.995722468492563
2.983158101461808
2.972896011393127
2.963453601137149
2.954276226175667
2.945153516062484
2.936005357052216
2.926794444213853
2.91749660633084
2.908087568287646
2.89855175743465
2.888870506360175
2.879042768334866
2.869204916763781
2.859676002526927
2.850456703616193
2.841597591342901
2.833085096003893
2.824945864545676
2.817292208401728
2.810407978590974
2.804913498831225
2.801964797421835
2.804261005036324
2.815397819565987
2.851096713116551
2.885612498704689
3.313036539226816
3.181682202926654
2.663300115736657
2.329817606539722
2.098728333986594
1.915443806840113
1.767036402066939
1.567913985597558
1.093556912071049
0.6986054976872641
1.128155961316614
1.181655566901223
1.224145925383449
1.237462523132355
1.24152502385497
1.271198533629351
1.081468510616161
0.5148560680680518
0.5314919755970883
0.6292994144463312
0.6302211216456739
0.5855022574221412
0.5326277153269128
0.4803777737425142
0.4287033309911709
0.3771790095658043
0.325845634514336
0.2747289360323205
0.2234467680897486
0.171414154532283
0.120141763730131
0.07793749500681421
0.03021674276375283
2.596420363669542
2.836164592446347
2.914680300851166
2.946807827175526
2.959104047524553
2.961819954102731
2.959704735472879
2.954987241880434
2.948755648446148
2.941569281090209
2.933734494601445
2.925427290718396
2.916753177648804
2.907775972884465
2.898539886428234
2.88907600253855
2.879414767551768
2.869634384747721
2.859884910655405
2.850153825514818
2.840429055418397
2.83064187489507
2.820715341974183
2.810587871773773
2.800241668687383
2.789753532513898
2.779306503952587
2.769419396357217
2.760177039404476
2.754253978369294
2.776693331846596
2.61779604410982
2.250417398740591
2.214073546650528
2.201945966170921
2.13486477886856
2.062722063419367
2.037388846057825
2.113448911925555
2.107733563104699
1.507477801047459
1.305822679191792
1.342593364428608
1.347360282403203
1.359048131679221
1.397792445022415
1.440292217121184
1.845877775728001
1.479877466636814
1.080531134610653
0.9592875025593378
0.8961955788270358
0.8151522894919441
0.7234564545640072
0.6334379449935703
0.5486707053827065
0.4688462523519368
0.3931108827747686
0.3207576985188488
0.2511625446637809
0.1842867112840444
0.1223051942640946
0.0702467902252806
0.03351648417866279
2.792657228231413
2.878546287132264
2.916692063951783
2.937331803479881
2.947662451505626
2.951718688036248
2.951758391332288
2.949125226243883
2.944636021402751
2.938813997835288
2.932007444466158
2.924454825284865
2.916322816310457
2.907728332665259
2.89875510360622
2.889461701974976
2.87988935178911
2.870080654541088
2.860089179310437
2.849865846638701
2.839325319840906
2.828315219250564
2.816629977887225
2.803999446557447
2.790065571009668
2.774312074350639
2.755879302849684
2.73319389232954
2.702973495281664
2.656498381875929
2.592814775522609
2.379786491743889
2.260611321950923
2.22230863444539
2.189983906446156
2.141850858174857
2.091483486386383
2.046151074313455
2.022397066801215
1.97776481504482
1.817575540582133
1.558726382269301
1.4918482271908
1.453953557414529
1.444731983642324
1.476836331911645
1.448909516891957
1.862726600763341
2.219636490866159
1.942438296778328
1.631384312726006
1.397887016536115
1.209646601531658
1.042537722027284
0.8904581365525339
0.7518050600416544
0.624734193352841
0.5074646572468784
0.3989440639335208
0.2990839910177174
0.2090895464256351
0.1320124703497517
0.07306919200717783
0.03960595997677548
2.843371456153824
2.881686472010119
2.907615097455086
2.926227935780974
2.937619709491927
2.94364248175136
2.945682475472855
2.944789267196147
2.941709786291016
2.936981647122712
2.930997322721914
2.92404714325044
2.916346955834183
2.908055862441225
2.89928886037745
2.890123299996671
2.880604099639844
2.870751994744281
2.860558053490331
2.849932555492328
2.838726873384012
2.826709796952179
2.813565824993356
2.798874696723362
2.78208377403774
2.76245026550294
2.738933779605918
2.709983916839517
2.673426456245826
2.623930752421824
2.56403864083128
2.449437370845557
2.346395958743554
2.272777714325465
2.208106140842632
2.142341130491769
2.078104911541784
2.016082454155221
1.956651104997154
1.877149064227705
1.746391623115633
1.612335975546569
1.553204058990123
1.514716390324682
1.497523379948165
1.520927017595407
1.443745029513585
1.788425277825133
2.525203015070335
2.571287234206962
2.308140100995465
1.98749348943837
1.695323632254536
1.440399126260837
1.214489749643405
1.010539829401173
0.8244483114325563
0.6542778801059984
0.4997520077045065
0.362001998408016
0.2434478956576927
0.1477106542361566
0.07932483382784607
0.04258996268888453
2.871234091374099
2.893076072035477
2.910506535391257
2.924651378186602
2.934416746428179
2.940330492595387
2.942941376683725
2.942832696586438
2.940519235491228
2.936441590736963
2.930966595929031
2.924394320437082
2.916964581953178
2.90886309934608
2.900226942088826
2.891147214439397
2.881671542105465
2.871804845111668
2.861499676307441
2.85063003440232
2.838992060552869
2.826283729301327
2.812092833701769
2.795874959274825
2.776922381370841
2.754320745989625
2.726882768602983
2.693016310019381
2.650844502484714
2.596771512858262
2.53202560231504
2.440987762149404
2.353547981662905
2.279600776229477
2.210995933925185
2.142910599205017
2.075495538942713
2.008090890963923
1.939852869097354
1.861358372325697
1.760746221907308
1.661417466030876
1.599281217069706
1.557024838532968
1.532576347245096
1.54899767503866
1.452991028256747
1.784414806152272
2.642123675152872
2.910101714482079
2.795945597219667
2.509173904594123
2.180640842856363
1.863217672293656
1.568981004708888
1.297406768721163
1.047033291651581
0.8181297651696543
0.6125260510165677
0.4330321810793962
0.2829840835867274
0.1658593362596427
0.08477486673258172
0.04176610672355095
2.891354239575212
2.903676672841544
2.915354377717623
2.926165541513834
2.934475135220293
2.940005875625129
2.942765319849786
2.943002092719326
2.941052574537939
2.93727808368509
2.932023630719049
2.925596603557536
2.918256795059174
2.910212619019275
2.901620755207282
2.892585773196416
2.883160208247534
2.87334110665763
2.863059434518703
2.852162883741604
2.840406558518365
2.827433453164445
2.812757958937102
2.795745291075447
2.775590376656972
2.751297765671593
2.721674562827996
2.685299895201915
2.640747948698869
2.58595967887363
2.521746001299913
2.442706162468569
2.362856672309263
2.287734184097158
2.215103888658772
2.143132306393841
2.07144726586186
1.999169539770725
1.925443484860204
1.846864553250122
1.760464487180601
1.678402073425439
1.618311183140141
1.575802248343401
1.547972491933934
1.55953059392682
1.459318846315627
1.785177706818802
2.64893846406023
3.031732900662026
3.06704035914956
2.884375822002641
2.591121551300368
2.256049907136614
1.914470419702636
1.582814505941905
1.269914438765375
0.9822383275376854
0.7253767348726788
0.5041527677770196
0.3224769082626059
0.1832242448040959
0.08815722736278997
0.03801856112020718
2.905593985521806
2.912666346537989
2.921014032126318
2.929782428062244
2.937113494915919
2.942285655415923
2.944987470760184
2.945261667288148
2.943339375801266
2.939543493663657
2.934218740729741
2.927690583660709
2.920243084377851
2.912108659688684
2.903464399745827
2.89443031803474
2.885068047917122
2.875375580334239
2.865276386089116
2.854604337750122
2.843088749533218
2.830333379602199
2.815795996272538
2.798767249566686
2.778354575266994
2.753478045039932
2.722898008172002
2.685262173677132
2.639356078130574
2.583955934219079
2.519733862920465
2.445490547468308
2.368550681314681
2.292580249021854
2.217606958062923
2.143024350499059
2.068365981938302
1.992851939907025
1.915900276674084
1.836646461611098
1.755581558812971
1.680186931460046
1.620387696483125
1.576856160226363
1.546766367076197
1.553464033364307
1.457780634577986
1.755581417795136
2.557783320576698
3.007198331967333
3.172378826615811
3.112545057454611
2.893063170847012
2.576499858523533
2.212355780385034
1.835347170192674
1.468858242964192
1.128749142102037
0.82581107989462
0.5671435232315378
0.3570327229965372
0.1976426165468605
0.08965143200562976
0.03292691901055458
2.914627612840162
2.919078120112319
2.926251761334521
2.934566873066156
2.94185955705017
2.94708326824215
2.949761837660195
2.949876326608744
2.947666014770105
2.943494034964822
2.937754669719011
2.930819842776632
2.92301230256648
2.914594994254869
2.905768843732734
2.896673014305692
2.88738454142617
2.877913316754996
2.868191071171366
2.858055391962171
2.847230298946466
2.835301272649596
2.821688407280853
2.805618952464815
2.786106326708913
2.761947014937517
2.731760488510745
2.694082248407221
2.647635234549478
2.591471281558378
2.526155425383086
2.452277826444011
2.374824680241144
2.29706286582499
2.219906088525541
2.143124902594759
2.06603225443709
1.987655289828555
1.907339686670722
1.825106513476114
1.742928411609862
1.667090013876745
1.605059520192862
1.559505793696289
1.528084277826864
1.528818941705501
1.440790480329696
1.685753158993918
2.405727327690049
2.911538657589639
3.185053467666638
3.231683704495765
3.086116873243252
2.800890958712321
2.431436283569162
2.025730444385983
1.620276869449909
1.240349603113172
0.9020432717170578
0.6146455692755651
0.3827358043413444
0.2078805659388393
0.08997211115254555
0.02825412197723469
2.918145209810261
2.922364985807101
2.930559961869073
2.940113472934558
2.948434657600932
2.954226727167188
2.956987677892251
2.956785709279672
2.9539909203278
2.94909454291782
2.942596381888394
2.934946787579666
2.926523254805789
2.917626318483737
2.908484154549123
2.899258595341596
2.890048405131221
2.880886074258707
2.871726670569338
2.86242961410219
2.852734650095979
2.842230494815184
2.830318035262353
2.816169314117961
2.798689445092399
2.776496176566065
2.747948706486211
2.711258998193061
2.664798022492533
2.607447399881815
2.539652488701537
2.46291999830399
2.382296479689058
2.301608576976178
2.222166747624105
2.143568482725242
2.064561459902161
1.983512182469115
1.89915891522551
1.811458069561001
1.723187011413376
1.641480338894769
1.574438978475438
1.525822570017756
1.493588713174101
1.490894652391091
1.402922899244039
1.5919396149456
2.273471807127654
2.829148137398065
3.171965945079037
3.282476947420108
3.182813199209654
2.920083422704744
2.551547111428663
2.131886399488929
1.705310761217675
1.303084080346363
0.9447893655303196
0.6411495225906862
0.396933953891254
0.2133524390764819
0.08986000395404713
0.02546215323306972
)
;

boundaryField
{
    inletLower
    {
        type            zeroGradient;
    }
    inletUpper
    {
        type            zeroGradient;
    }
    outletLower
    {
        type            fixedValue;
        value           uniform 0;
    }
    outletUpper
    {
        type            fixedValue;
        value           uniform 0;
    }
    sideWalls
    {
        type            zeroGradient;
    }
    topBottomWalls
    {
        type            zeroGradient;
    }
    frontAndBack
    {
        type            symmetry;
    }
}


// ************************************************************************* //
