/*--------------------------------*- C++ -*----------------------------------*\
| =========                 |                                                 |
| \\      /  F ield         | OpenFOAM: The Open Source CFD Toolbox           |
|  \\    /   O peration     | Version:  2506                                  |
|   \\  /    A nd           | Website:  www.openfoam.com                      |
|    \\/     M anipulation  |                                                 |
\*---------------------------------------------------------------------------*/
FoamFile
{
    version     2.0;
    format      ascii;
    arch        "LSB;label=32;scalar=64";
    class       volScalarField;
    location    "5000";
    object      p;
}
// * * * * * * * * * * * * * * * * * * * * * * * * * * * * * * * * * * * * * //

dimensions      [0 2 -2 0 0 0 0];

internalField   nonuniform List<scalar> 
4096
(
2.141779456281435
2.193300274973065
2.288519238610437
2.420518640401053
2.578777799112861
2.750697285857973
2.923642695630346
3.086411203828411
3.229980077583899
3.347917613929036
3.436611008306049
3.495182267887561
3.524992877283617
3.52883396409887
3.510029383843954
3.471667997095161
3.416075408861222
3.344514715006306
3.25703134813014
3.152355630181822
3.027839684614471
2.879494996790415
2.702259360317208
2.490614305994533
2.23958867927609
1.94604901608764
1.610040712493827
1.235858576965991
0.8325361581405505
0.4135662953262785
-0.004136172812232957
-0.4018299713249542
-0.7608016537873682
-1.064171380127375
-1.298360916037485
-1.453951202288221
-1.52577825956196
-1.512451864836801
-1.415836957153704
-1.240952656583626
-0.9961760600342464
-0.6932755388909281
-0.3470317587744511
0.02551041667559251
0.4062724451543778
0.7780561939022246
1.126762715057182
1.443051229998844
1.722840156933419
1.966683089071615
2.178399911484598
2.363392937591843
2.527061944318302
2.673685273176808
2.805964080527358
2.925169677211685
3.031644762044454
3.125361896545545
3.206304097462271
3.274557171588293
3.330163476614258
3.372926238064144
3.402367623525234
3.417912964698653
2.162626054173732
2.218153766647519
2.319096601314395
2.45597760865776
2.616187402907334
2.786661085627678
2.955527055158282
3.11263011352352
3.249822935683005
3.361362607109079
3.444156972686339
3.49761842292726
3.523136611362361
3.523338586611883
3.501332186100441
3.460082529328741
3.401981960525008
3.328577404564058
3.240367654998444
3.136605180180477
3.015116838690418
2.872243438137548
2.703033872814457
2.501796772838123
2.263032044063879
1.982665710837667
1.659411797638672
1.29599970194825
0.899964087260514
0.4837383985926098
0.06394291085416212
-0.3400304953390357
-0.7078700538748877
-1.020337706407924
-1.261180725912673
-1.418749188448972
-1.486986233007942
-1.46544108117957
-1.358384662556112
-1.173719827989375
-0.9223008318151309
-0.6175544629404257
-0.2750573175845246
0.0879383349845126
0.4537320655726318
0.8063396935536803
1.133708284713956
1.428959989988929
1.690272021269468
1.919723108219864
2.121701730549377
2.301246873208615
2.462698091658658
2.608954001884633
2.741386108347668
2.860222082659948
2.965138938074726
3.055830514834832
3.13237203903644
3.195287055779493
3.245326812850537
3.283106757661433
3.308871086865168
3.322565046837111
2.205729921645042
2.269103540854498
2.380811606433789
2.525627820903573
2.687701719293916
2.854076486992775
3.014461439346024
3.160354408245501
3.28513731359936
3.384496989951076
3.456425108252386
3.500804171238479
3.518878213660365
3.512773266020419
3.485092441031594
3.438579470635572
3.375833475888456
3.299021165693607
3.209525692586988
3.107533133488947
2.991656912176594
2.858754195291738
2.704051668335059
2.521616808738304
2.305154076310107
2.049088252724435
1.749879163737969
1.407446071808494
1.026460789210302
0.6171585744372783
0.1953239658367916
-0.2186987776269409
-0.6018296751220984
-0.9306045319988826
-1.18383493046271
-1.345476041276421
-1.407297050170044
-1.370228376701544
-1.243215682875741
-1.040066907955731
-0.7765561057607133
-0.4692156411737672
-0.1352279359206363
0.2075891532404061
0.5426038225197281
0.8569246982196007
1.14293243721064
1.398407251152976
1.62548467235015
1.828763713424008
2.01335037936717
2.18327226381997
2.340685384234968
2.48592728993061
2.618071399448975
2.735630976713163
2.837229211811735
2.922127606283711
2.990529175671554
3.043616746480077
3.083305117603673
3.1116907707894
3.130369595031255
3.140109875366416
2.279703920653586
2.355207595510976
2.480860666882174
2.632679117568033
2.793032816171462
2.950741030023735
3.097154864859073
3.225362051191428
3.331054643250217
3.412459569024116
3.469304597149583
3.501877832591656
3.510714446573913
3.496768531632378
3.461699823703388
3.407987014093171
3.33874727865551
3.257252271313985
3.166211776560969
3.067000523110634
2.95908030682776
2.83979959329777
2.704573009880291
2.547320572348297
2.361067356560422
2.138719017383668
1.874131111238617
1.563584482627908
1.207611065034712
0.812814264028398
0.3930518259882342
-0.03066271957295075
-0.4318094041768621
-0.7813017880806566
-1.051238486047208
-1.219215048795038
-1.27299507464262
-1.214243849841916
-1.058346510944645
-0.8285766839213659
-0.54863206586339
-0.2395585116908678
0.07825557282643769
0.385721846536458
0.6692147763639068
0.9226353364547684
1.146138562381073
1.344021408896065
1.523164028267724
1.690946908046177
1.852614956202286
2.009925347691229
2.161517335263025
2.304235560728814
2.434375257580988
2.548566906300977
2.644376650173991
2.720667644494569
2.777744198061826
2.81734883739881
2.842557829462398
2.857376134166307
2.865639036746749
2.869635741255284
2.403068767922157
2.492431291033818
2.627452414439915
2.777851716169711
2.929618030123718
3.073017373280207
3.198726477603615
3.301343052020193
3.380527586359217
3.438524392657893
3.477244851909142
3.496913736548407
3.496384585855243
3.474445393991787
3.431245383914394
3.369066129393953
3.292089444927232
3.205328062629655
3.113173775849915
3.018136075819711
2.920220354649907
2.816993227737329
2.70403082073196
2.575397655708944
2.423991498411629
2.241842409417025
2.020661335837946
1.753025030167301
1.434472910682729
1.066392487279539
0.6589268318361221
0.2325779593277363
-0.1827448352134757
-0.5515137734869326
-0.8382302648051928
-1.01349451300235
-1.059857358939411
-0.9775046570979995
-0.7872653901947085
-0.5245548411101416
-0.2251542741000896
0.08299964073775855
0.3720231413861223
0.6215853235941738
0.8260168828610485
0.9919258262972078
1.131319249430072
1.256226416073078
1.377379493432975
1.504047274278617
1.639898364325109
1.782503767329955
1.925792402542625
2.062786614001047
2.187193961788588
2.29420079719676
2.380776925735899
2.445643244688073
2.489132417574055
2.513136782934354
2.521260137788572
2.519112154754205
2.513706013541052
2.510358090952782
2.614341515801272
2.703250623217083
2.822744842804236
2.955722661101224
3.09265347050921
3.215789760016392
3.31190202525067
3.379603538542136
3.425088998689813
3.455409249740488
3.474371658304165
3.481409892381591
3.472687315988643
3.443800054343626
3.392814684952882
3.322007718748941
3.237338739154449
3.146175214654354
3.054608916986336
2.965740317597461
2.87944538675737
2.793108058090123
2.702501918347136
2.602310010841262
2.486171415022333
2.346431153698185
2.173977837653802
1.958733493935632
1.691444901307553
1.367188818271975
0.9901738076698978
0.5780475591667215
0.162853008642005
-0.2134517328418319
-0.5079810917915505
-0.6863289397399522
-0.728228859472293
-0.6303420626085234
-0.4111764753023666
-0.1140711871453678
0.2084607132945821
0.5105269587264951
0.7488814270915871
0.9083311811185107
1.000370473221088
1.049962440958152
1.084407411948751
1.125138564121745
1.18421796363176
1.268935195222342
1.378103843467404
1.503309631943167
1.633749141539927
1.759175141194213
1.871487826777582
1.965424749443697
2.038256775918418
2.088965194984274
2.117740549972378
2.1260981215019
2.117290730642107
2.097077985938728
2.07505611317644
2.06224972661628
2.990833973402416
3.005900350071203
3.052809262957785
3.15676459185399
3.277081070657947
3.370155190044046
3.424448903772141
3.448934788510024
3.456632809323833
3.457501657898162
3.456117465888235
3.45081665232923
3.434899107803105
3.400490216970653
3.343346018818061
3.265889623556362
3.176284702958059
3.084272749080639
2.99687795285713
2.916711294101762
2.842782773986123
2.772117835529509
2.700950614226869
2.625150337075705
2.539986708250467
2.439469638399303
2.315573399010626
2.157851431668185
1.954274762547336
1.694327491710523
1.374880386063134
1.007501921027291
0.6229280922335207
0.2672695979484578
-0.01114255048733217
-0.1774531701546573
-0.2170787166688145
-0.1276635275680784
0.09003799408848234
0.4100312907921513
0.7678994945957892
1.048725863570544
1.198124060171898
1.227868893170733
1.1750908032368
1.082512182019735
0.9929993263204679
0.9424480466593899
0.9452464710679012
0.9922716804726466
1.073335460459193
1.17502707680159
1.284377301292881
1.388950393996419
1.479892326619821
1.552885652475031
1.60660124466163
1.640631278363659
1.654634896098827
1.649162640786843
1.627027131658389
1.593127472324297
1.554578704269288
1.526435529390611
3.664884104471264
3.386416249328889
3.296189309809294
3.379689807606947
3.473333324296566
3.515366390499346
3.516543689931547
3.497255264612761
3.470271963790263
3.443529423817836
3.421141187366793
3.401095706454003
3.375756345567583
3.33587865086454
3.275992668977173
3.19826141443692
3.111852320430524
3.02692954948777
2.949382376897843
2.880232100532758
2.817639421579961
2.758832002355645
2.701106513643237
2.642003625122135
2.578949749497235
2.508564988859801
2.425754049165682
2.322812529572468
2.189187041463053
2.013091155840974
1.786327598941757
1.512363675207854
1.214074875817011
0.9330930254519311
0.7153601612213687
0.5899384410552146
0.5561417473546725
0.6002342744503635
0.7456197671157074
1.048457270874624
1.46658141227084
1.675782396641963
1.68297112473536
1.549239923954494
1.331164017826645
1.081566724529177
0.854241142483769
0.7046211599067039
0.6703698176896593
0.6877210009085769
0.7338375911454484
0.7995576613186902
0.8743440667643253
0.9447150859892955
1.002471814130902
1.045553532803813
1.074487727753478
1.089478164354715
1.089360731087122
1.073009639808929
1.043288097037479
1.007960625091677
0.9661241400614634
0.9067722637945134
4.748541119926649
3.823881045083578
3.597222987556636
3.626006292892895
3.639644760908471
3.610037156335796
3.564201218276151
3.515450848569025
3.466432551015107
3.41841681465772
3.373120830771636
3.329389437596955
3.284390617504257
3.234701009153263
3.178214396524866
3.115140627502521
3.049718976820334
2.985881811933118
2.925106874657888
2.86740953290455
2.812098472190819
2.758244878448971
2.705043740353866
2.651875757967034
2.59817824648881
2.543217638007634
2.485779590642661
2.423805801439243
2.354185287443748
2.273130250559507
2.17759901177447
2.067562042174947
1.949469221531527
1.838670608617018
1.753553738299536
1.703529414297888
1.675751216648388
1.647038004944298
1.622177388667716
1.851701012329136
2.257040594442138
2.303648985059449
2.141392887789744
1.836072153487108
1.449593782965619
1.046169871488531
0.6867576408490849
0.4315004584204271
0.3703608923991761
0.371988106660689
0.367334107502151
0.378329705711889
0.3969377791286597
0.4148676741270511
0.426744331319618
0.4320071768905447
0.4311227564389399
0.4240907634322938
0.4098606147654391
0.3868844452471843
0.3572909073116884
0.3348755326619715
0.3241041531868089
0.2239259861984403
4.192656604759882
3.903562234345509
3.804372773683953
3.740595852358583
3.683153654209143
3.626161927206817
3.570871375000887
3.516958061644197
3.463365124144924
3.40976046723066
3.357345203896904
3.305100155165588
3.252675554507973
3.199326440857241
3.144928797564445
3.08856882808773
3.032288027369062
2.976950511850005
2.922177142220426
2.867850651565532
2.813934665180446
2.760345568676192
2.707010180457442
2.653871552137708
2.600899018258607
2.548088570959756
2.495464130449959
2.443074832665644
2.391008847474115
2.339350476071842
2.288272374029781
2.237667973789255
2.187812477149747
2.142247585855143
2.105654527414922
2.078426482617284
2.056641244271198
2.053550455036515
1.971387313874918
2.243988938744366
2.759766024360289
2.789543164082609
2.515564153956507
2.055557079537421
1.51026217948808
0.9735462221274115
0.5267041150337679
0.2440531639732391
0.220425731659664
0.2601394144553778
0.2478993051075745
0.2499396024692498
0.2490191893994401
0.2473559187783017
0.2431023692668849
0.2359045078972823
0.2253802874623741
0.2112441311649587
0.1932118175482308
0.1711053134918369
0.1451065806631015
0.1178766098113159
0.08997364578871642
0.07043216784782924
3.896387231033362
3.803532433893481
3.752350957833288
3.704240416133348
3.659958415066862
3.613295992983849
3.564728636443729
3.514887937600251
3.46356812063184
3.411455637811786
3.361760604792349
3.312494456564357
3.262783823181782
3.21079289968933
3.156071039026718
3.09672359086664
3.037279838371183
2.97977395067576
2.923506675330509
2.868224347477192
2.813771140422204
2.759874392057196
2.70627814286253
2.652738115975021
2.599016679602049
2.544838606142678
2.489839837508416
2.433519427196441
2.375253258812001
2.314253010790764
2.249941016861822
2.181528432191579
2.109727072312369
2.042674858902112
1.991065093865693
1.955796149417052
1.9342066081292
1.948401809188732
1.868240679313756
2.237845770876592
2.966317170527653
3.073915524940329
2.750951234703663
2.172114864013508
1.495902935256669
0.861338521988595
0.3799874302530131
0.1369880957850826
0.206791827921761
0.2913310262908102
0.2802318301583187
0.2919118485147042
0.297758320432297
0.3021221719887662
0.3029223937399227
0.2998641041015503
0.2925752899082783
0.280785029701234
0.2641516797873919
0.2424026154137495
0.2152466875845217
0.1835375052473896
0.1433596573947202
0.1172353911362365
3.822423768669336
3.782763846240135
3.75079410663495
3.706863422431112
3.662192117374437
3.614702438813902
3.565775340210957
3.515730042349046
3.46289459356536
3.408186815312851
3.358906804423218
3.310612375902247
3.262342086351608
3.211320211416802
3.1571318504992
3.094734159311602
3.033513693158463
2.976752366326405
2.921536675530686
2.867006555474605
2.813111851992565
2.759615752595132
2.70633798162973
2.653122164394055
2.599850270456061
2.546407520057616
2.49264720791385
2.438349709102094
2.383214487162637
2.326526649936337
2.267348965813612
2.202014010150521
2.127221853702251
2.055403256882815
2.004555821923319
1.96999077799828
1.948746533096698
1.964208499762757
1.869043265644908
2.200498779738637
3.008619692318354
3.160852757314543
2.809268460680675
2.156400808168154
1.401248292732098
0.7136215565997222
0.2314393589342134
0.04862598919688338
0.1999816795500554
0.2858475092358007
0.2655096734854585
0.2789563689028102
0.2842095662885697
0.2878055540806234
0.2876474414855881
0.2837472073429334
0.2758413440582047
0.2637238281581528
0.2470688722692894
0.225540893550384
0.1985448509575156
0.1666730064843452
0.1255836976343013
0.1092033517326745
3.82365272173401
3.783821417398348
3.751830407620536
3.708101672016733
3.663733068773064
3.616591510228616
3.568497402028173
3.519396125712861
3.464136487707108
3.404163527566886
3.356596331567816
3.311020523170539
3.266134451862242
3.217250875567343
3.164002942774071
3.093673274695449
3.027444435817412
2.971734078029234
2.91823008304864
2.864753680669542
2.811700190400896
2.7588712455082
2.706129227312292
2.653373694414458
2.600581747711156
2.547753974087134
2.494888218589964
2.441956554905295
2.389003003468816
2.335509002899216
2.280359762807874
2.213493572724435
2.12231673374879
2.030948126995393
1.976144997886816
1.940145615563182
1.921010584546878
1.940488586497562
1.850333828532547
2.169819591069106
2.966939841086737
3.069292540882383
2.66767394387991
1.997837951463778
1.247833354646717
0.5602853077021837
0.07599096611715782
-0.0703118151389233
0.1726448981997618
0.2838284864986137
0.2584825258217949
0.2777953251164453
0.2853134800393279
0.2902597353166506
0.2907651540185219
0.2872927878809179
0.2798068827762198
0.2682197068370529
0.2521969739762236
0.2312482072110594
0.2043504219466363
0.1714951456808942
0.1276334479509068
0.1066181875364492
3.899517238306834
3.805772388826933
3.753765176716628
3.705136715103023
3.660013234356334
3.611997475329621
3.564095304138488
3.517210778627163
3.458474858320832
3.389167370098594
3.348609082011373
3.31036603272818
3.273423262628572
3.231257528836549
3.18449566767382
3.099480783213839
3.024217516286234
2.97085045644546
2.919064429855901
2.865255924547123
2.811847340377589
2.758804712994172
2.705873295689028
2.652885719186448
2.599871939654342
2.546968540576229
2.49440997606595
2.442615493796428
2.392564661021347
2.344781408867164
2.298994125849
2.230989009259076
2.107973803327487
1.979651562310075
1.926366071502385
1.892799085301011
1.879928175843378
1.905776486902456
1.834880337752175
2.16911896636432
2.845995050124641
2.767105268643869
2.306184729506348
1.714351822349013
1.08843081090808
0.474607612369423
-0.03285260483545904
-0.2348129560565306
0.08605580010345831
0.2735940181133476
0.2487669278581403
0.2767831140875812
0.2876841484111817
0.294040971270731
0.2950185136421366
0.2917959230824116
0.2847024848884764
0.2738242100036644
0.2588281173292011
0.2390144678440103
0.21282890420136
0.1794159680063038
0.1328806334323868
0.09977127284410114
4.198064306344487
3.909231706294736
3.811158791434316
3.750776443363864
3.698535231171254
3.649397459045771
3.613070843376441
3.585819213524434
3.510158710077622
3.381853617811913
3.342074487436263
3.310880388441928
3.282466838398486
3.246574881684189
3.200643206089929
3.044270998855053
2.950052438976169
2.924746655118633
2.894745224262164
2.850769728333693
2.803752418369523
2.755443144965745
2.706270205503621
2.656702882289556
2.607258477499026
2.558360291314927
2.510322313013661
2.463406382114288
2.418901619598439
2.381633284746434
2.367604937799512
2.33261775355338
2.180241838405312
1.923900260462553
1.861293115782259
1.826998173277388
1.821373355073481
1.856084736153774
1.835931804689624
2.251163928391247
2.547213162434698
2.176752862229745
1.751957936806571
1.36868742027112
0.9770490911206834
0.5353792512707145
0.04140789914537246
-0.3476127340440576
-0.09814872594803289
0.2441462654974997
0.2421150607645981
0.2810554732884935
0.296057274062454
0.3032714681187506
0.304170030828693
0.3008930741533882
0.294246369426946
0.2845717881360853
0.2716567602518247
0.2548049708605303
0.2321519868416572
0.20217076505563
0.1546534831786883
0.09126169055806162
4.756470894594547
3.82459025499339
3.593509943960932
3.619127588036567
3.621940449988006
3.569813896483344
3.520952839520107
3.494816125560051
3.375617711673883
3.284902034426678
3.300050846961615
3.30416630531583
3.303862034116752
3.305906431461548
3.327939864758626
3.204247217448814
2.988112238966453
2.972398145148225
2.944958624701163
2.879950155432221
2.817288305640128
2.76100087576767
2.705863492159007
2.649798029619077
2.592994696702303
2.535859637673064
2.478193135715264
2.420085604831135
2.370787214147509
2.370158263656432
2.473544577604363
2.48904926717109
1.870459346537132
1.667633329137239
1.708401860739357
1.715690929455664
1.730039985899976
1.771037205364017
1.82253639367416
2.237035444591999
1.794522123307948
1.3429694012102
1.186002705817024
1.073735475012621
0.9191260069006245
0.7160691039524227
0.4166956773259186
-0.06260701026519465
-0.1906086987358561
0.2244894420184911
0.2611426725412772
0.2996769457821326
0.313774296964949
0.3186521920476165
0.317637622141703
0.3132904674212686
0.3066191085147147
0.2979816101964232
0.2871140777789228
0.2728981303916344
0.252101693450297
0.2194531241460554
0.1450794040613688
0.02592719569905156
3.681708504140601
3.386341128190101
3.27455499579531
3.326783088634866
3.360398194227017
3.280445821174396
3.054184149030769
2.721084602907275
2.876999845437633
3.240381240292991
3.2581400141063
3.297778432479943
3.324921862072995
3.365266886135083
3.395655285040816
3.766854187178193
3.793153319416738
3.399685502591127
3.137732931048742
2.977802152125995
2.866651974588712
2.776038501375764
2.690654775604348
2.602991410427085
2.509907105407122
2.410298608365949
2.30503661128698
2.200025415937297
2.110344619064574
2.044041342504924
1.916810011248253
1.484942590036174
1.065209000688843
1.489685231210579
1.544226012615024
1.587649883044854
1.601452291470369
1.604860582285532
1.639709831510287
1.428329030442722
0.8050575795018476
0.8265504664383787
0.9347527381884132
0.9337861094090851
0.8803264283874965
0.8302757651794048
0.8343719395241971
0.8152738162705829
0.4644465516942763
0.322265917746544
0.3506301084137655
0.3513501185953594
0.3474920412392775
0.3422186169511371
0.3357568962901171
0.3288523552748664
0.3219558100152176
0.3155249808862591
0.3102295706898734
0.3074098263362229
0.3095361051847695
0.3241643438492875
0.3564509080029322
0.5260251232498352
3.034641849231263
3.028963614393669
3.037340672459364
3.076771769033924
3.086614208473272
2.999697387441674
2.815730699252263
2.689549383693505
2.99054985341178
3.261753519612725
3.262446249554811
3.302644739524322
3.330343876500772
3.370955827644912
3.380726873542567
3.654135920034518
3.871971939752774
3.637338965817361
3.336902076801883
3.101664442165094
2.927865069510241
2.78640383433696
2.654522233591455
2.518086691534991
2.368871816950794
2.202737630899699
2.019486932833608
1.822420753821049
1.611181151319679
1.363053838901268
1.037796252343959
0.735494627276423
1.064328363944903
1.484341277315313
1.464120258236313
1.499641617540729
1.492674912826845
1.454490429075435
1.386527498079831
1.124150552979113
0.9748916611773697
0.9462404182962467
0.938983754965599
0.9085596184318264
0.8722045280559897
0.8375522701620276
0.8176803709656887
0.7914320621432054
0.6876509606691217
0.494748866836814
0.4426334595717519
0.4058667401089345
0.3831653461237378
0.3669146535072838
0.3542845835402012
0.3441574140218742
0.336136841485379
0.3302969550517516
0.32706744338838
0.3275043137308837
0.3334143662236432
0.3496076299980653
0.3818397966463432
0.461141250724221
2.701914309286362
2.765037752756644
2.832485127125953
2.880766898960119
2.894933364408365
2.869274182566011
2.848536642125893
2.938634626865144
3.188138732793327
3.295339370124343
3.284980000018885
3.311530764468535
3.330129550277109
3.356273760848751
3.352028877404377
3.45019076127692
3.634700503890303
3.600313766887048
3.413606285042336
3.189585316568506
2.980663691389478
2.790528622144457
2.605850635095013
2.412006572024344
2.197522708535909
1.954697435449589
1.679409197558652
1.370242496807821
1.028623082099094
0.6727951882615061
0.3924086129885039
0.4330095153248768
1.156577201007118
1.492223029989039
1.419065071838433
1.445050706241388
1.430641314093353
1.393794144518977
1.336195763924727
1.203528420466654
1.079634150731506
1.012794022958922
0.9685991207949052
0.9219734106535866
0.8728213858621247
0.8218391786693289
0.7714696406815561
0.7117698255982786
0.6228212138367706
0.522952678360511
0.4745916315818837
0.4352612293845575
0.4072051912321136
0.3858559001943032
0.3694841011307611
0.3570671280942556
0.3481478941187126
0.3426611685800184
0.3408943458264299
0.3435978220856483
0.3519190351595196
0.3681086907318161
0.3941475494867873
0.4339816607481461
2.548929572791764
2.609329977723149
2.688242724998071
2.756941338037956
2.8127727254522
2.875695782712606
2.980931740388606
3.143025514312999
3.289009213664789
3.312482713770211
3.304422849360408
3.319509675871461
3.330559634721684
3.344855408813725
3.342482569000998
3.354029069460021
3.431733838271218
3.458977970706524
3.373524889593943
3.204744047756976
2.998252732465653
2.778049638654533
2.546963451097697
2.297446918822745
2.0194137959848
1.704059247298446
1.346173343700183
0.9486436833878789
0.535325835014672
0.1783090680306014
0.02821871140034634
0.2976839491148028
1.159738906879254
1.481340583259203
1.387544553798911
1.407211641299057
1.386691411742659
1.34806110526116
1.289887677545168
1.19497269621941
1.101909249183299
1.03472245254636
0.9797930811724889
0.9264121816591303
0.8732856574449869
0.8195455852358573
0.7651228132260022
0.7051815632915914
0.631751991529679
0.5545202417625916
0.5015610411966993
0.4579596822968474
0.4248813532709624
0.3993251250149275
0.3798841956804869
0.365539807513832
0.3557205758210125
0.3501913932615625
0.3490083294958767
0.3525190772375109
0.3612390834210327
0.375954622514569
0.3972586795245647
0.4255350882407025
2.49951182229248
2.54772359149173
2.624371707708969
2.714240811591218
2.817072003632568
2.944266595606138
3.098519806217498
3.247787738477463
3.32193627231894
3.321950272190465
3.318022832445187
3.326016798482668
3.332325336690256
3.339344611005501
3.341172977599477
3.32939526719523
3.329678399497985
3.335038186985231
3.284758953766095
3.158939933970379
2.970818707168082
2.739928383757976
2.477119686264222
2.18345149132315
1.854650286167722
1.486114490597849
1.07838358736624
0.6459715589829333
0.2324736949316018
-0.07140861762326016
-0.1238587517212835
0.2359328731394556
1.129884272868124
1.465762688556258
1.365782721378377
1.381683860923665
1.359189998107074
1.322434357332309
1.268757511935255
1.193802303234633
1.116566722275271
1.049577953298906
0.9891011420946494
0.9310097318698913
0.8740344321550502
0.8170003010846114
0.7592883666228838
0.6988946795079368
0.6334338775663199
0.5681019413827511
0.5159933225692716
0.4719859439529505
0.4369239930060205
0.4092419118483241
0.3880117889943492
0.3724129336989795
0.3618961888186745
0.356153622139846
0.3550792728443981
0.3587042651320516
0.3670440472170124
0.3799205237606542
0.3969128131637654
0.4173541652066439
2.517456538038279
2.559146681590759
2.634652962524063
2.73905474867532
2.869518343246383
3.02093201716091
3.174343283718658
3.291989279592393
3.332095308735066
3.328820945397636
3.327293753290183
3.331470851287234
3.335104149074266
3.338225166740286
3.342513646736823
3.327632493737911
3.290728615881354
3.25838157492338
3.199052993679204
3.085603273888974
2.909855964892097
2.677756365872084
2.398465420630446
2.07819154234195
1.72017117534345
1.328460791103887
0.9140112222976232
0.5025680028954992
0.1428082850262084
-0.08942087736814197
-0.09352060114632373
0.2527455881721449
1.091368953461527
1.467639177211919
1.381297391046432
1.396397427735398
1.373864754596022
1.336858185212678
1.282843397286655
1.212926012785661
1.138364478327014
1.067433410012081
1.000639331921426
0.9367935440515704
0.8748668186796035
0.8135398721810212
0.7518717832698059
0.6888818373076547
0.6243009778554397
0.5615338999047258
0.5075607733410461
0.4614138876043032
0.4239602332815234
0.3944076352246861
0.3719967576563066
0.3559312149038872
0.3456050976031134
0.3406444840181581
0.3408692011291066
0.3461514998438063
0.3561853199959226
0.3701511494390052
0.3873993176793288
0.4052275390366435
2.583352283664194
2.622996764836835
2.698056464094227
2.806209915526247
2.940544452108928
3.086355988973934
3.219460062721035
3.31097220440163
3.337672327467598
3.334813623184406
3.334175068375636
3.336342888900206
3.338447445157286
3.33952636289245
3.344701342599197
3.330286837076504
3.278918628874146
3.217883512866454
3.134969245657873
3.012000293320895
2.835852222363798
2.603393251413167
2.319089121365077
1.990863385646793
1.62850099822939
1.245415147905394
0.8625465066283695
0.5121225149360961
0.238222739916258
0.09227201633134871
0.1282711600435295
0.4136635575719785
1.071725031562039
1.371884826053166
1.282496248212511
1.279605420721541
1.256554239686042
1.227391384659585
1.188337000369164
1.140030494859538
1.08756056862594
1.034706371761786
0.9818044038709326
0.928708961630747
0.8755566295352337
0.8224207908198515
0.7695261847446292
0.716920483636368
0.6647953432986154
0.6148845432592074
0.5705236698085325
0.5313229206258316
0.4978342680831834
0.4698780540100446
0.4472669573134464
0.4297162148967477
0.416925833334655
0.4085933558361431
0.4044239492012851
0.404100519247147
0.4071960089188551
0.4129638824817676
0.422467699716868
0.4358818220494284
2.682114811117535
2.720132957072949
2.791652448889361
2.892944394991707
3.014488805434524
3.140005527492792
3.248866410671222
3.321288987768303
3.342353698621744
3.340206227854631
3.339782961327949
3.340893023619795
3.342116789657791
3.342135014455689
3.347456965655042
3.33388561722168
3.277303950199222
3.197838601069328
3.092121992937845
2.951513901010534
2.766545653849105
2.532326720356873
2.250896235721247
1.930799664938319
1.586266306502388
1.237458803839888
0.9113939721183554
0.6418215548471927
0.466295823023356
0.4202110887716795
0.5307186246856962
0.8231338753817774
1.393789581870697
1.692431043898764
1.680484916587622
1.652891847642343
1.624656557535328
1.573761305244973
1.486814025577286
1.373162041288378
1.251573916668057
1.137726683861092
1.037860907635368
0.9509530572726193
0.8721793436713799
0.7954918583616721
0.7158728440282829
0.630804897900577
0.5417393723959663
0.454952587489301
0.3785316684521903
0.3163381072368561
0.2694027460643565
0.236289441345392
0.2145089343169106
0.2017089165083841
0.1963914677171872
0.1981834441752194
0.20775368386935
0.2261487318456779
0.2532492075336925
0.2865935466591033
0.325103828099213
0.3620352669299888
2.799190274212741
2.83374568904286
2.897319704535689
2.98444693277128
3.085254091373679
3.186050401640339
3.271821949990639
3.32903433231309
3.346542936308443
3.345084042308166
3.344699819079339
3.345257872885721
3.345984278846342
3.345468942065539
3.350683640725999
3.338078319118198
3.279589241125292
3.188334867376232
3.065136240183128
2.907856864169661
2.712664626883906
2.477418444839413
2.2049609969253
1.904866736475693
1.593778242400012
1.294959692334061
1.037154004033645
0.8523533534800958
0.7726211958631966
0.8277998363588798
1.047211190098251
1.46023383636384
2.041229063624615
2.441837938346055
2.631340638910349
2.693048120462008
2.667686428541964
2.547418726963536
2.332050277119541
2.050246604018237
1.747929961499057
1.46654387902224
1.227497277009651
1.03067567195763
0.862073647802863
0.7028609480923169
0.5367572315779793
0.3557759481695037
0.1640690109295582
-0.02302471096612982
-0.1867696580812312
-0.3144435826974097
-0.4025576467430513
-0.4548817338472329
-0.4785149245626114
-0.480310962216254
-0.4646409469907058
-0.4325647354928626
-0.3823040816022856
-0.3111664558733055
-0.2190310234120872
-0.1126302942331328
-0.00921584194998179
0.06269338794630365
2.921070893565628
2.950328398647297
3.002961100857755
3.072839248004721
3.15118471337848
3.227822834527173
3.292651796919536
3.336409329852994
3.350467068152467
3.349552779293007
3.349242080777441
3.349515770348977
3.349976707541798
3.349212158759979
3.354260444656058
3.342604593053403
3.283441496267125
3.18457108125678
3.049556864018123
2.880539302154799
2.678672052580156
2.445954027601614
2.187821358337483
1.91529133040104
1.645846374761528
1.402869040991881
1.213809128352644
1.107542745025346
1.111744692577382
1.250693893212666
1.54026085810941
1.969000005537562
2.460328624221388
2.881706184630402
3.165139328610556
3.293513144474664
3.277771348623074
3.12747329666564
2.859641368331535
2.50918804163605
2.123679890874619
1.747732523287223
1.409157668342855
1.114580062738134
0.8541495160609373
0.6104333506478805
0.3673712722476059
0.1172734330718312
-0.1357086479546632
-0.3773033327903852
-0.5896657452756674
-0.7588810854712903
-0.8791685089868606
-0.9524105769265715
-0.9849544557907411
-0.9839584649908749
-0.9547446042795058
-0.8997548882512015
-0.8192620989738612
-0.7138084819979669
-0.5880350072924446
-0.4548254253534006
-0.3373330343346825
-0.2643347834680587
3.036816393431236
3.060045029756692
3.101120042383233
3.154233118215462
3.212041797807463
3.267183681916646
3.3132197674774
3.344327342083072
3.354362701048784
3.353707011825627
3.353593877116569
3.353716237827836
3.354051709766997
3.353187884847086
3.358073574583138
3.347210580185847
3.28797733732297
3.184544865146724
3.042726110997188
2.867773421356643
2.664736022866177
2.439449152736959
2.200132929982925
1.959016960866478
1.733204804202097
1.544261051671294
1.416517531935505
1.374475711366034
1.439507594820391
1.624978596451093
1.927616940959784
2.316209703567898
2.732129257330803
3.116408797219894
3.40799930367977
3.56154018545774
3.561424379976367
3.414637523319895
3.143340090940031
2.781884291941574
2.371756955737789
1.952454211580869
1.552359925684344
1.184216383920408
0.8467145335372145
0.5304725115868758
0.2253747495556866
-0.0734177214716773
-0.3626540429201919
-0.6320620411598562
-0.8683610101516583
-1.060058417520193
-1.200835040434988
-1.290224900929748
-1.332030699764287
-1.331831616719953
-1.294898414490984
-1.225347512101222
-1.126845354924906
-1.00469894868969
-0.8686271026538706
-0.7347840914421999
-0.6248401470860558
-0.5602844336815102
3.139016626774753
3.15649929391982
3.187204665518184
3.226295393535014
3.267597082876389
3.305157045300359
3.334683775865131
3.353466224532696
3.358514813248077
3.357614275230804
3.357873381704804
3.357895515174944
3.358189484527701
3.357304173573445
3.362042697936322
3.351796110336003
3.29298436642061
3.187517065401116
3.043066081895485
2.867301403234932
2.668248473324965
2.454762908224193
2.237227514454883
2.028377682064176
1.843877696692704
1.702117056889205
1.622858691780687
1.624661943849334
1.720937965162792
1.914557933629933
2.19240290480425
2.52461569370576
2.872997826477815
3.199250731235761
3.457771832678
3.605551008073919
3.617464823102472
3.491478517324148
3.243958411766335
2.902863331944265
2.501544112404865
2.072674217997787
1.642689411363154
1.228290949457354
0.8362630781085006
0.4664190246138639
0.1161233013744177
-0.2156065814090583
-0.525888265921135
-0.8080543984604094
-1.053453105087659
-1.253950991287555
-1.404085711020612
-1.502067260920673
-1.549468688687117
-1.550120168515892
-1.50900647676484
-1.431831115163781
-1.325512742738759
-1.19937332076405
-1.066265541885708
-0.942520428386819
-0.845745138465871
-0.7906842709179567
3.223882844760137
3.236275651117117
3.258342918142333
3.286844998510305
3.316763324738764
3.342143469520893
3.358449829958086
3.364975698668136
3.363439915726115
3.361323259729914
3.362160467189298
3.362081044097117
3.362383967648971
3.361518941934755
3.366120491193242
3.356386042356601
3.298538381659339
3.193144863040288
3.049269906721685
2.876405251332402
2.684802084257739
2.485568702958301
2.290582100042114
2.11240067150705
1.964338398668257
1.860448318981072
1.814645584288409
1.838555301456961
1.938416574825798
2.11173660912362
2.345352274898946
2.617256835225222
2.901114471131858
3.167405783636831
3.381974151122556
3.510683717591996
3.528758931027348
3.427529370161107
3.214294696363538
2.907761563860833
2.532688639626629
2.115224928344908
1.679118803609472
1.24306055648092
0.8196654270314936
0.4162559827225785
0.03687967476879893
-0.3154594631699271
-0.6372314440483116
-0.9238220109393444
-1.16986697661794
-1.370149656747548
-1.520663080204219
-1.619446121365387
-1.666946085739557
-1.66595050469673
-1.621371185613826
-1.540185585652085
-1.431632459561522
-1.307434185429462
-1.181555138373109
-1.069016726661516
-0.9837409220771814
-0.9361236135940812
3.290604752724102
3.298469802593549
3.313143263791591
3.333575169926811
3.356830627508706
3.376942286672406
3.386128595850468
3.381017112573093
3.369102280718892
3.36478040367276
3.3664871925401
3.366292910842061
3.366637331237193
3.365815753114067
3.370286854031818
3.361044997232281
3.304695527577424
3.200916885265871
3.059705856680561
2.891789079670281
2.708935272326522
2.523859439433694
2.349577285871389
2.198329339224943
2.080677827789921
2.005447838140446
1.979743480699479
2.007922529137818
2.090905051148296
2.225924263742441
2.405652942206671
2.617115402258787
2.841534696911327
3.054765766213618
3.229307980521565
3.33785010578903
3.358466920888498
3.279311603927316
3.100285844753588
2.831446117386798
2.489729946411042
2.095506406308813
1.669621046068035
1.231145584882249
0.7959849878673848
0.3764323516470878
-0.0184639499455362
-0.3820788925712529
-0.7093264486368571
-0.9959727302502057
-1.238261609315143
-1.432882079571094
-1.577248386973391
-1.669995283591996
-1.711531743749161
-1.704511521426592
-1.654153941258968
-1.568393943478716
-1.457799396072536
-1.335111002213092
-1.214252500905819
-1.108822986770205
-1.030383658011784
-0.9870449112811009
3.340160426661281
3.344069939606768
3.35208690552703
3.365168920725442
3.383679013120779
3.40448804712716
3.41683081964088
3.405148223514274
3.372576006879616
3.367236754942975
3.370652892876438
3.370488964661187
3.370934636382641
3.37017763701084
3.374540292263158
3.365802224899975
3.311228842715891
3.209717723811493
3.071969101992652
2.909463995757954
2.734754841914674
2.561434214570114
2.403440338879745
2.273341639340878
2.179824847166802
2.126283091788587
2.112035582078964
2.13380611634206
2.188451557747368
2.275616850508646
2.396841398024768
2.55010635132101
2.723393193046703
2.894316570205473
3.037903670818636
3.130345548760227
3.152019741866857
3.090010589945869
2.939816091180071
2.70543397221811
2.397807570784418
2.032451549396207
1.627099132180774
1.199780818712173
0.7674105431892009
0.3448520326601061
-0.05556720998704177
-0.4241450868308256
-0.7535869863210652
-1.038601335139195
-1.275441196237972
-1.461527000070352
-1.595282215511604
-1.676275678121583
-1.705658318369407
-1.686741846345817
-1.625483500462006
-1.530658044635798
-1.413574513206931
-1.287291508130146
-1.165408356988353
-1.06063484455739
-0.9834325350609021
-0.9410009778952325
3.373926175529329
3.374919432559457
3.37758160273865
3.383352056133381
3.39498130421795
3.415255749011997
3.438726639599638
3.437272983616757
3.374494571402764
3.369219369617242
3.374781074418543
3.374775920385009
3.375312278000014
3.374597518858217
3.378905584543113
3.370605679662179
3.317415577880404
3.217520505481845
3.082553227439813
2.924566283396966
2.756260868349495
2.591159558705751
2.443431990124721
2.326731973904613
2.250799796185257
2.215208969289796
2.209149262796143
2.22120198683874
2.245873053772081
2.285068282191711
2.348201257842154
2.447215280239877
2.57856294291997
2.717861421947645
2.839111896283547
2.919609302038079
2.940997586467388
2.890328787289797
2.761463039331255
2.555434386197561
2.279411876828349
1.944947599647472
1.566291314568062
1.159079911043318
0.7393198796268911
0.322505715491362
-0.07716592514805004
-0.447417504301759
-0.7782716846288206
-1.062179613587302
-1.293941043784302
-1.470486744889436
-1.590625971238183
-1.654912979328922
-1.665771322126994
-1.627848303765291
-1.548355775734792
-1.437102486727659
-1.306070316104679
-1.168567842868215
-1.038106217267304
-0.9271466750104518
-0.8459004293966332
-0.8013890958771667
3.392675642427434
3.392514038402242
3.392622030784096
3.393312786759586
3.395998378029251
3.404452264574141
3.421220156106339
3.430759751151853
3.387858555014513
3.375971505003768
3.380201147546185
3.379694337837541
3.379957245419387
3.379105288473045
3.383445204441222
3.37528235685676
3.321927716394618
3.221333643504963
3.086778247954214
2.931175825238008
2.76716654045236
2.607380251107776
2.464816102635186
2.353182200736033
2.286732808453634
2.267052378382019
2.2685343829873
2.272282230890325
2.276075604753
2.282074171841545
2.298934024097762
2.349531626761276
2.440928378046348
2.555049215310941
2.658639260477436
2.728457277543757
2.746258289777801
2.699883750407551
2.584148687760926
2.399923931297737
2.15238320741383
1.849558572699531
1.501589539128143
1.120435857111028
0.7196400731520326
0.31385565816564
-0.08190569147837098
-0.4531755945803507
-0.7869088751182559
-1.072241297572078
-1.301092294391726
-1.468563293303731
-1.57303849552496
-1.615975478363896
-1.601577437563971
-1.536589426729723
-1.430194281234807
-1.293750634419234
-1.140246183375496
-0.9835584615622417
-0.8375321761522163
-0.7148188000774504
-0.6256733586192958
-0.5770464480298825
3.39614321841275
3.395984381121389
3.395907184507586
3.395978495629659
3.396280094889333
3.397247718163943
3.399676300263678
3.401072172173545
3.396445590939433
3.387397930535558
3.386415468237449
3.384945618134745
3.384707847261609
3.383578650782959
3.388161851473217
3.37948685398251
3.322988644507634
3.217563026354676
3.079177896447781
2.922459718557871
2.76048186711085
2.60491226709799
2.466700492528624
2.357399448552382
2.29116896513623
2.277296697566876
2.281957232718793
2.282126762014885
2.282574558299465
2.283271885472062
2.28161732687094
2.294003249890699
2.34557233292716
2.431360604182799
2.516439775767459
2.572373871887977
2.579484059807869
2.528435550951229
2.417826631771733
2.250202265962556
2.029307258345153
1.759332155297847
1.445485766016206
1.094961941278439
0.7176428667917448
0.3262224640634802
-0.0642953784900126
-0.4375805472227939
-0.7772254880432886
-1.068104319672089
-1.297795230209112
-1.457982077896729
-1.545500407953228
-1.562525111569905
-1.515756402939312
-1.415157568428005
-1.272915319984805
-1.102703550717971
-0.9190608705171605
-0.7369438801381075
-0.5709123484733933
-0.4337971355507124
-0.3354690857428236
-0.282241099718935
3.39458910515763
3.394498197438188
3.394603618970431
3.395047970533055
3.395913970970485
3.397296271678317
3.398934669026273
3.398974895351532
3.394869410810741
3.390776201985938
3.389893805796246
3.388978743876101
3.388887649613743
3.38768871351263
3.392957510634063
3.382846864133292
3.318931862933713
3.202800887895862
3.054397057797058
2.891447002451682
2.728705579665617
2.577708913235434
2.447451322715726
2.34628778650064
2.285133894605899
2.272981194130482
2.276965831132752
2.27805389257932
2.280135635366606
2.282987625185803
2.282917060299207
2.277278888554017
2.299203057943114
2.361588843856405
2.42621892890735
2.458948828329993
2.443102640965719
2.377068053341763
2.265357955526491
2.111944928679632
1.918121130708775
1.683373311712209
1.407359080513528
1.091864961150326
0.7422824079392485
0.368402245492594
-0.01559064189881197
-0.3919274966699953
-0.7407133346257367
-1.041816378073963
-1.277105394430107
-1.433047054754457
-1.503314355572639
-1.490270296314909
-1.404055504440113
-1.259567921883705
-1.073444110944139
-0.8625569625491559
-0.6436992466719449
-0.4336145639974688
-0.2476775635958324
-0.09805873861290031
0.007111306379503554
0.06336954364239519
3.394379225227647
3.394316719442271
3.394351890245314
3.394522169383679
3.394818644314646
3.395250753018972
3.395728255164251
3.395769837860229
3.394581942792211
3.393411783128323
3.393082397212165
3.392738644092375
3.392889009259024
3.391591900665442
3.397942755976849
3.385305739226193
3.308893709796006
3.174813033922825
3.008457211859112
2.832388164675986
2.664860377208635
2.518907690388168
2.402584283180857
2.320847042102714
2.278932378062949
2.273521886527268
2.275889295405179
2.278090748289454
2.280595493827398
2.284340923178983
2.282894083495157
2.274559036346235
2.29715202855973
2.353585928514867
2.391889148095685
2.383836376081316
2.329545384207586
2.240512027151945
2.125817328145618
1.987799048393228
1.823356127556123
1.626794173752088
1.392437498172533
1.116757587034643
0.8001978618476645
0.4486906197951164
0.07453911693686274
-0.3037668351083971
-0.6629792186770246
-0.9775400859753164
-1.222699327906409
-1.378221379755669
-1.432670109520166
-1.387175078253633
-1.255809565324925
-1.060620782234272
-0.8247166783544396
-0.5690732011284592
-0.314099690555642
-0.07933529729063701
0.1198766394859516
0.274268638224458
0.3797414949923639
0.4352280408214302
3.393851603025138
3.3938930090999
3.393918863250488
3.393949023291168
3.393916940615186
3.393782246241972
3.393552693697809
3.393645048990528
3.394542435353741
3.39558880228196
3.395974000049359
3.396284712315415
3.396771998440029
3.39535558999945
3.403148171837502
3.387026759496781
3.293173553641291
3.133427601027595
2.940173698532778
2.742554389272827
2.564296729280211
2.422060602406705
2.324827899432896
2.274628710526736
2.268517076512741
2.273610556612767
2.2724628468901
2.276922477115806
2.281046307309916
2.288555073278705
2.284077429923328
2.288539956898103
2.353476033045802
2.410860920993603
2.399099244761878
2.326324318467485
2.223378246577924
2.111973893732231
1.998714695454687
1.879954546051054
1.747261958222912
1.590782582757026
1.401010476245069
1.170101113071725
0.8935501472675402
0.5724308426779439
0.2156530270438257
-0.1588400105445389
-0.5249620025634684
-0.8516528216856456
-1.107468160779657
-1.265455269143162
-1.308073813935216
-1.232623164703661
-1.055037742025513
-0.8057004323834769
-0.517097324494618
-0.2160401355741432
0.06976330340632983
0.3175470080071648
0.5153500817628855
0.6607039686884388
0.7561043604681958
0.8051236886383474
3.392484873770864
3.392679099697126
3.392644091206268
3.392568768617218
3.392216656062907
3.391429613555183
3.390331411107504
3.390622838806602
3.394247633367649
3.398145784245721
3.39910914572585
3.400010661172916
3.400786936428791
3.399181605111429
3.408621809315208
3.388358039918171
3.273287982073184
3.081167302999585
2.852500949399009
2.624244507893395
2.427137798351221
2.283611347096134
2.206448475423295
2.197923238627626
2.249648147623027
2.273763988119082
2.266963050600703
2.274852252765855
2.281828729802457
2.296683444483234
2.290411105770728
2.357836915953605
2.499858262342538
2.513042760096734
2.404602988743437
2.253350366620762
2.110238400190338
1.989775416075518
1.887201763202144
1.791360062988339
1.690334621958626
1.57287627026452
1.428243306145933
1.246163622209605
1.01794285663551
0.7391505489532799
0.4134873691965277
0.05627688004205232
-0.3048310627782185
-0.6336479639118769
-0.8928246606729026
-1.051257323131447
-1.08813699309895
-0.9951254269918383
-0.7819791145792619
-0.4819071618841385
-0.1395174804006154
0.2033743347813914
0.5046370332786034
0.7429280080877392
0.9169083559947273
1.034941006629588
1.107499990578333
1.143233734274864
3.395763781634922
3.396480597758792
3.396344154926013
3.395884249922102
3.395013596274181
3.393406811952019
3.390466855059278
3.388801919503265
3.392148910423936
3.401114227628788
3.402404123918979
3.403954880078023
3.405009649554884
3.403218263800202
3.414339324962397
3.389750828892841
3.251902235632014
3.023679724428199
2.753658834453013
2.486651066024446
2.261002708915622
2.106784637648125
2.044551960172812
2.083562873067419
2.219459818464625
2.273793981365883
2.258516145279534
2.270573399341025
2.281267269683726
2.306344132895986
2.310022908804069
2.513782721645188
2.703753269691648
2.57000875439296
2.342128555521653
2.140356212276213
1.989963512179346
1.881352397704541
1.797933185482661
1.725050748983496
1.651429065987736
1.567797046713791
1.465029295288178
1.33299578260231
1.160845310639504
0.9394167827225888
0.6660848736041417
0.3508438916333667
0.0199947786067952
-0.2871202824324938
-0.5291543578834605
-0.6755454906356473
-0.7110243843852537
-0.6269489243184839
-0.4130703457664813
-0.08049831951941534
0.32123052634192
0.6919426875445612
0.9769164928932161
1.173195816973257
1.297271343871884
1.368695481375739
1.405267557612984
1.420683720040761
3.384710268014511
3.386701040175951
3.388082339835511
3.388982696102063
3.388535086468719
3.382976416310063
3.369494272998986
3.362194516102397
3.402092654168557
3.411973789338894
3.408404108691636
3.409125359681087
3.409905543135454
3.407805441367904
3.420325857871581
3.391756684086366
3.232782483364017
2.970065201573518
2.657956792186757
2.347130615302214
2.083009273243307
1.905181975057413
1.84680854495586
1.932935197688176
2.177544789535079
2.273479467726431
2.246338331006506
2.261158698600353
2.271641631722965
2.297343827203563
2.312580704189004
2.5877209604611
2.704299179714932
2.420111963838595
2.173167116272872
1.998942692885312
1.8811878440857
1.799908283055323
1.73757545768724
1.682583790494633
1.628071007052138
1.569018076679679
1.499995095140718
1.413824422243544
1.301192939563002
1.151944484631478
0.9591105234745391
0.7257013866869118
0.4712075343287198
0.2309789744368505
0.04394620351452739
-0.06520795702128894
-0.09620857287519921
-0.05629316845519414
0.087264201871699
0.4050559220287734
0.8791432715680405
1.231927226982917
1.452992510370497
1.574700723899555
1.626363750821167
1.634513052483224
1.623477059901813
1.612327840478523
3.325244487462647
3.327875719591736
3.332656575795907
3.339397708788357
3.346051673087796
3.347946425065508
3.345552506137106
3.359840716799944
3.417905584754145
3.417998443321594
3.413403592215872
3.413946739579745
3.414867059404198
3.412886450626964
3.426381103686893
3.394866085650294
3.220827057026456
2.933111937841265
2.586069145330038
2.231200846236725
1.919677206587809
1.703604257560381
1.634437098152908
1.760890701962008
2.127857541057761
2.272641483628429
2.230325027304721
2.243308565845531
2.242165264927277
2.241887196478396
2.241515613650774
2.164456386595265
2.057483406147444
2.011201987876672
1.954286617083026
1.875605221153418
1.809471871006744
1.756557340369139
1.709179731367012
1.663204910395714
1.617276429765316
1.57060811512067
1.522045518628017
1.469718232832627
1.410898902985882
1.342328296274837
1.261409952896496
1.168124052761347
1.067957424556955
0.9739324820835161
0.901607723777988
0.8589184299624609
0.8346597928491309
0.8094687106686489
0.7925886295888016
1.03163088284087
1.502558455018016
1.753585859612224
1.879424546429638
1.910125563187547
1.875013333097368
1.807978697238585
1.741400337299394
1.699773825235374
3.22305061656118
3.227891198363336
3.237784372609845
3.253698520428354
3.276641772653201
3.307072686675623
3.345053827879249
3.388787193208609
3.419414757906363
3.418428910583474
3.416255664456714
3.417926439002207
3.419769656175404
3.418710114785712
3.432395477993424
3.399570454620052
3.222317326475152
2.929229234831472
2.563845404144647
2.170127958459866
1.80387295318072
1.534897452423479
1.439675077532389
1.595040663423528
2.080450405263313
2.274197480506524
2.217464226027543
2.229219647336239
2.218473705397824
2.197700221552841
2.160119615630483
2.051671693813926
1.955227632466677
1.91888984326308
1.883343623524852
1.83924663385769
1.794622339333389
1.750093852130871
1.705419162768103
1.660578130135084
1.615708414308049
1.57092584483921
1.526307421042866
1.481917096788449
1.4378348011224
1.394128436926421
1.350936402709072
1.308160732018928
1.266034894775822
1.227569105771023
1.196739135436406
1.173940114871464
1.155698999341884
1.154243827321224
1.077627386527799
1.331604041293806
1.891942900227971
2.143800894491847
2.205166270943665
2.144136498666815
2.015289619500653
1.86883879069613
1.746085831813398
1.674686063599387
3.110353852544222
3.121533423862934
3.140236954900371
3.16494023513138
3.200492075201666
3.255546910931872
3.329213039420971
3.397926132831088
3.42202752209141
3.419214515088807
3.418065566044265
3.421625409933429
3.424994264784466
3.425935979982057
3.438367314197627
3.406479759419258
3.246158104327542
2.977630995806313
2.617412950224758
2.194182506743926
1.769056896276082
1.434601685284587
1.298553833310513
1.467298817420388
2.046915711227978
2.279987473829877
2.212805969392265
2.22572947146004
2.212064755679394
2.187660720975377
2.149615949100382
2.080908518219295
2.00993182147724
1.95616936663216
1.904365849161585
1.85227603490722
1.802457863627438
1.754609602555118
1.708035267553608
1.66207052244403
1.616263753654899
1.570250085038205
1.523645833371273
1.475978417361998
1.426686907306563
1.37508025413234
1.320652975583377
1.262725648635389
1.2018984388277
1.145068243922573
1.101305955700573
1.071444586795045
1.053044701765455
1.066401689338659
0.9917309605218418
1.317369616705595
2.043186829943051
2.353358307705378
2.379104759635821
2.235938416669893
2.019768306426812
1.803641590123765
1.635509913951184
1.54153045121468
3.018602299851827
3.043319727682697
3.07674616846385
3.106727769877872
3.138185316655508
3.190421223255068
3.276304550037224
3.374091519811157
3.422895060631485
3.420159067142548
3.417819182774709
3.424878327373113
3.430798380865223
3.435592446788667
3.444523624051713
3.419007698248649
3.308508791673292
3.097079031751308
2.761028326650295
2.319574203974371
1.841995543325909
1.437866497214048
1.244465963403309
1.402849759020057
2.036545638975697
2.29012202135166
2.217728890416851
2.231863474799751
2.216030795094465
2.18712182388258
2.142547656701634
2.071948957423869
2.000114392834442
1.943860318434682
1.89379757233632
1.845366414914246
1.798432091118263
1.752370732834938
1.706841761676072
1.661555675866747
1.616336585870757
1.57104865924457
1.525544184535979
1.479619740578352
1.433007431163919
1.38508878695671
1.335055253983093
1.279783068342564
1.216465689409981
1.155616518487895
1.112497472159788
1.08322448281904
1.06507510799097
1.079307606104265
0.9927666511564932
1.283796446646787
2.05956853602955
2.382223327669421
2.362849403817554
2.148204503685566
1.868956256661064
1.611563202265873
1.421460687159161
1.318131890335726
2.982058321878766
3.026762317091539
3.077671469310302
3.108860849509518
3.119850650522428
3.131420316665275
3.180696627836661
3.290290990431552
3.402572076121309
3.418807797368083
3.413536116274075
3.427235823759654
3.437606143115474
3.449411801823608
3.452526358091029
3.45355308924597
3.439619890169558
3.294151371067514
2.976485562466112
2.531039372503439
2.034261061220586
1.581174876855851
1.311100365351055
1.411078905932679
2.048008529254572
2.304144361724884
2.233856346025249
2.250327096575346
2.234872639114065
2.203417597989149
2.154592627786971
2.071199021628432
1.989246094287266
1.931958547708696
1.885374204710924
1.840070021080753
1.795273697989856
1.750539346352137
1.705888279734257
1.661258979969488
1.616628189849963
1.571990005967934
1.527338277303313
1.482646185825276
1.43794802622385
1.39279973195428
1.346245860513198
1.28974359333277
1.212600703183407
1.13518598755247
1.088659554177254
1.058113543791435
1.041725197952173
1.059125146451745
0.9779267079259053
1.256807260601488
2.003502771310062
2.245517389324151
2.136911659012525
1.865654184545053
1.567567016286505
1.312666111589609
1.130658769772567
1.033046852715699
3.050019065991013
3.104008226344082
3.156298546275721
3.186758139848498
3.182050929603422
3.132881922899314
3.075900414526282
3.114904858891061
3.315892119288324
3.409786452161029
3.403777112423619
3.428393125549632
3.445798995695371
3.468684344740423
3.46716548408054
3.550482826457096
3.670213154822557
3.532504946924203
3.19550193231857
2.773003379054673
2.329707541278988
1.897222251225607
1.549667466820682
1.494836274074128
2.045667321268153
2.317173325999225
2.261524268819593
2.283087839043515
2.271957730626504
2.241362991281826
2.192586155978711
2.079002231436187
1.97216168523937
1.91474214658417
1.876629884016032
1.836554225215828
1.794391798342045
1.750647871404097
1.706188629553301
1.661387937350144
1.616474721965597
1.571647294779898
1.527142922132308
1.483334923420232
1.441059955161252
1.400760038382614
1.362187888764277
1.304809640089247
1.200818168240062
1.092114398168362
1.046788977673121
1.018235818353354
1.007147249355554
1.029713776006062
0.9660766782138341
1.255323951434089
1.879499839674406
1.922321584341224
1.697341656756567
1.41654156145964
1.160594349851547
0.9522094325057452
0.8024479382290766
0.7210264305243158
3.309587590750676
3.29913201756098
3.300469024823478
3.334579817722404
3.345002077826873
3.263659411553369
3.075670617095501
2.908660399179539
3.128159802485998
3.382716004206987
3.39088861860024
3.428998916337975
3.454883164067615
3.490760935770892
3.496453279163642
3.734088518588935
3.943218642850201
3.690707052700983
3.317752943521032
2.971305758145557
2.667885753885877
2.370978371909136
2.03151520991096
1.727170500022037
1.968573983312265
2.313238538608134
2.299874470307944
2.329296458294754
2.323894626771739
2.291900848275732
2.234126666575761
2.011761806116167
1.881949413549598
1.854593466464532
1.844635269383316
1.814179955555205
1.777372207444726
1.73858830885474
1.699020367572388
1.658945446271684
1.61867406105364
1.578548176423678
1.53887381659581
1.499921934454658
1.46283437935882
1.43174843138404
1.42025680662942
1.391008504668504
1.262397597081277
1.04533639983976
0.9920218486290888
0.9627895875618804
0.9578599208484155
0.987764878529397
0.9683766963107661
1.32473760106972
1.607415257390965
1.35758999458286
1.091949768885019
0.8944278140458278
0.7327796654361102
0.5930846828896925
0.4837476378076749
0.4200953614905311
3.903745693606591
3.606088459151572
3.491229851727168
3.542445839005177
3.582976546455545
3.525458520931644
3.33156819305087
2.992202127107431
3.022665800718639
3.367987167660665
3.396668283881533
3.434862502351262
3.460383535144054
3.496147557293218
3.514626692607192
3.839603693820419
3.955284324159717
3.591658887290158
3.292006983662596
3.084869882073786
2.94582998897731
2.853738368745829
2.722851148040944
2.3411548004398
1.969367952582959
2.320087605058701
2.36785341203925
2.403870667133457
2.415656543363738
2.418783541810549
2.447624963070143
2.269527635795859
1.745375370336851
1.762787240439975
1.854081806811257
1.854823998750897
1.812984579586716
1.763193970148643
1.713473588743096
1.663873296014195
1.614181851108399
1.564534903929412
1.514758462408889
1.46495376979886
1.422969712723553
1.42253609937085
1.510365456987647
1.523954197941543
1.000885503732901
0.828929667704617
0.8629036708808108
0.8688085906489776
0.8808036107409511
0.9159272570307495
0.9583589522613385
1.31305585852505
0.9550173165810546
0.5977327847278627
0.4996237199165485
0.4505193280131938
0.3801467869655355
0.2991510750964604
0.2259521056489524
0.1733660532708305
4.951919106723529
4.019051887333781
3.787073439766586
3.81209096505546
3.817051071790508
3.777479394751193
3.757262636908331
3.743783188115827
3.542961849186324
3.431083467667033
3.452454741041879
3.455521629266338
3.455983438895402
3.459798484451495
3.474963397338898
3.390877726287187
3.281723633325838
3.252489316306096
3.197453450532265
3.125648936947972
3.073123851053157
3.070050385265624
3.156931489386634
3.169822000841217
2.644393341476444
2.470905478271262
2.506056668040952
2.511875465395844
2.524091696815649
2.559193287889591
2.601754131925448
2.955398279755907
2.597966063956429
2.236190740539871
2.131192350487267
2.073901077157655
1.99271287935517
1.894727155515916
1.792563785998867
1.69067553782197
1.589225082448899
1.487383971960207
1.38534170226791
1.287498645066767
1.206101972020764
1.147449190282339
1.039505144252828
0.6749850483864823
0.3199991547095079
0.6782760352656837
0.7239400895974253
0.7604345334105719
0.7719779390091495
0.7751345642809833
0.8041557891650819
0.6267682388650899
0.1023409776309195
0.1218779663645772
0.215326532292834
0.2175446981273444
0.1762131333537269
0.1271574183209979
0.0840390117428918
0.03660455217001059
4.389075567762427
4.100009548764927
4.002013067981582
3.941773142771321
3.889895493209294
3.842070826123767
3.809475909378803
3.782527168216876
3.693448356115931
3.549473183999162
3.508134215499733
3.476127688695406
3.450757208233884
3.422602697651686
3.387346473981905
3.271894538061395
3.206877012449982
3.187613249217446
3.162268385135359
3.128756766060402
3.095710293542175
3.067811443890703
3.058604131771717
3.031114015873857
2.903213143479989
2.687076433133353
2.634618181616365
2.60556490261712
2.600871273009159
2.630778645488763
2.611890258871651
2.96714086782262
3.246136958210318
2.990219266438693
2.712305905156921
2.494111767525027
2.299671823390066
2.108632616609833
1.919482001922384
1.733437616265305
1.548983221591972
1.363179981708762
1.174487797653713
0.9840073509193681
0.7899703719057913
0.5717989461014592
0.2937640009305391
0.03830718227829375
0.3178313426820519
0.6732668734011903
0.6557740093139331
0.6857271205434183
0.6797729363604739
0.6476110745752577
0.5899265704027659
0.3679963684613953
0.2403057647286509
0.2136324884065978
0.2041976352611045
0.1739906150539277
0.1370905106283967
0.09786072528807735
0.05892254017255357
0.01837970465025838
4.091993108353408
3.998184764339616
3.946236863723777
3.897854748155892
3.853443352058618
3.806797687444548
3.760483829313834
3.71159246301946
3.642227814563843
3.56451367389515
3.522416487167558
3.484505997473924
3.451137907844312
3.41633400081859
3.379512793958776
3.316265046360826
3.262771327686483
3.21938005917911
3.174119356217583
3.12803635149073
3.084424953550935
3.04355558038838
3.004757808903551
2.947330229223268
2.843105031888736
2.73444853711349
2.689401276829984
2.660938113174949
2.649991928473115
2.672479267642736
2.609464128926215
2.897070876145998
3.514858545115799
3.547029064928432
3.300163560648892
2.980229759743644
2.66107731322729
2.356193831680203
2.064497735782215
1.782112871155289
1.503282965022992
1.221334014228208
0.930477520562071
0.6267748008764836
0.3090983645190237
-0.009025167626726048
-0.2537942002644138
-0.220252907785453
0.394513905168084
0.6795252279755978
0.6172800177352606
0.6392838039992983
0.6271119945240307
0.5961173363014461
0.5475288765985453
0.435709380425966
0.3311118172977357
0.2746227868150346
0.2372786894310579
0.1978701874652777
0.1562652671510341
0.1130279329259224
0.06963321038931607
0.02534267901050432
4.015501463578789
3.975671294250512
3.943617732885087
3.899870453181213
3.85555037805671
3.808490076040612
3.760213639840672
3.70921163369073
3.648403132981068
3.584064027373434
3.535658838357981
3.491294224130102
3.450513545551175
3.409002795267565
3.365745486968581
3.311063540515035
3.260621521502026
3.215381230953459
3.170278298373633
3.124885345918289
3.079870306589325
3.034671042405798
2.988185771290869
2.931814440382519
2.854717916793937
2.777444923320349
2.731133296070795
2.700696472352488
2.684435928283313
2.70172004248003
2.621290367963411
2.898353265948949
3.636151704488702
3.859873847975193
3.715027301241694
3.381229864639237
2.985121976607608
2.585815092159125
2.200517214801567
1.82804431014374
1.460587773965106
1.08871692467268
0.7046149873197259
0.3070946531756584
-0.08664252318348004
-0.4176331139360516
-0.5599463721139436
-0.3359008404627548
0.3964549987000671
0.6701325930589684
0.5904012128614722
0.6070918214378025
0.5897644409540674
0.5572248477557571
0.5081563255945616
0.4281294585433277
0.3495682985867912
0.292787298937466
0.2463951163640504
0.2014199544997886
0.1568880588900189
0.1123440189647761
0.06811391433239826
0.02397348763724816
4.014016025392374
3.974444887296263
3.942342498571239
3.898271799134417
3.853374615096608
3.805480303206011
3.755750634275305
3.703967491145761
3.647902337329518
3.590790240491186
3.54131855399018
3.494794443526852
3.450794625432368
3.406738659701336
3.361790514256974
3.311725299469257
3.263124339140678
3.216537023144696
3.169990046844808
3.123138924647898
3.075929717979776
3.027673198661883
2.977476651672993
2.922157927170915
2.858820853708188
2.798028595496024
2.75501850200921
2.725815178020491
2.707764575014411
2.721833539115369
2.636234652068424
2.92553405754041
3.688753022618816
3.98245658899106
3.909041125061642
3.606181636523159
3.19431381658483
2.748489371377155
2.302192799694633
1.863444717160603
1.428518731740505
0.9904802992362223
0.545598223829581
0.101863139183656
-0.3073812506884401
-0.6075413539615316
-0.6792492511919046
-0.3866374456105132
0.3705554671926983
0.6567503183781922
0.5717890970077841
0.5852478612496146
0.566275290019657
0.5353387772334696
0.4901433689636217
0.4270655808701903
0.3620969234257753
0.3058629483250495
0.2553135289648293
0.2070876597367904
0.1603116551981547
0.1142993337283052
0.06907176001553479
0.02393049051914482
4.087919109614313
3.995161803759518
3.943568083553601
3.895011382801136
3.85004129023528
3.802320049124349
3.752172240095731
3.700094025626978
3.645916124587259
3.591682629213934
3.541654871949095
3.494134611139146
3.448712235153681
3.40366957064414
3.358155826014416
3.310135132449194
3.262351124803569
3.215051804299785
3.167375918050996
3.118860443468555
3.06901676263918
3.017102197782851
2.962546278752513
2.90461469012828
2.843843858092772
2.787128807296502
2.743513358746217
2.7137734045788
2.695507060918573
2.70867879186786
2.635239866520673
2.95887973887683
3.666060035011546
3.934128821246452
3.887001757507105
3.631340684530815
3.252751369105198
2.813354015347962
2.350641785529711
1.882090402052499
1.413130345578765
0.9452964503767458
0.4839780142436963
0.04652620236151929
-0.3298669548950564
-0.5836825045254093
-0.6302734247139741
-0.3641309988866748
0.3377561997483598
0.6588090168100662
0.585864290669347
0.5984736688123556
0.5794109233449823
0.5481979855383482
0.5026793682466377
0.443848483687898
0.3812412325533878
0.3219405425004948
0.2665273285505785
0.2142055209235755
0.1644239019154886
0.1164426600004263
0.0704149924248563
0.02424534138100319
4.382675408921929
4.094942857838229
3.995705906149959
3.932155976649729
3.874950554946655
3.81821733087221
3.763220805459107
3.709634536799348
3.656418568486234
3.603839661434529
3.553528338557068
3.504533197403438
3.45668049078431
3.409273706425356
3.362032771810223
3.314070217931032
3.266731345487409
3.220190669393695
3.174171148897752
3.128663764804554
3.08373434811271
3.039390667083677
2.995715291626084
2.952568039420626
2.910140732364599
2.87143385026731
2.840405356664939
2.817417957002864
2.799043225286989
2.797301740848469
2.722115375212186
2.970254398379707
3.502552821037733
3.69860784747926
3.670539284751754
3.477953101738812
3.165760650095153
2.774750062944535
2.33856312650606
1.880903843365242
1.417318527290186
0.9602659932163364
0.5252008883888387
0.1356135509332659
-0.1752294106664064
-0.3670759671944671
-0.3956143380618088
-0.2017189084459085
0.3264989028750108
0.5725667900045042
0.4976061684436341
0.4952493248878825
0.4760534668764754
0.4517616067742011
0.4191693226937739
0.378816785408625
0.3349689801993369
0.2907945446235385
0.2465513935068303
0.2020443076214018
0.1572906809892381
0.1122350495386174
0.06879447884639485
0.02307705345715261
4.944831609277681
4.017311736582733
3.788421911861169
3.815736988078213
3.827287324824687
3.793925082655491
3.74211218979714
3.685137195413369
3.62647576070341
3.569398528126958
3.517840045490339
3.472347509303598
3.431236177943121
3.391347580149327
3.349774632128775
3.304940750768596
3.258066039185612
3.210040042337296
3.160356647039092
3.107394163035251
3.048436882090017
2.980092624959771
2.899628475355207
2.806926323164156
2.707400812305987
2.614033627717645
2.542348455440634
2.500272668765442
2.476723268194896
2.452114421772231
2.4335100293812
2.65826406590622
3.091577149628293
3.27638206500928
3.30188525477477
3.190356835940858
2.962978088538791
2.646803650767065
2.270555827264651
1.860646621739727
1.440157975309218
1.030651680536817
0.655087678275417
0.3396329455689067
0.1126621584684483
0.0008539122695824691
0.02512233176381248
0.2077055828270506
0.6378674134060281
0.8610148339312541
0.84274684756914
0.8184706955051635
0.7947504709757838
0.7515599441412613
0.6777553716401978
0.5815027078408221
0.4788749313033926
0.38341521634982
0.3008400283343164
0.2307800732850552
0.1699331955842654
0.1161173380235462
0.07405997820408626
0.0285346830882142
3.869812884012915
3.58296698139696
3.484990305400999
3.560565636522668
3.643197539076853
3.668402649165969
3.645229591155827
3.594214699626302
3.530978936857833
3.468885200482025
3.418432658119487
3.383076133831341
3.358561846526927
3.336202362602602
3.307715232901198
3.268956784227897
3.220209604584748
3.162458651650028
3.093891096597485
3.008852926469534
2.898409729800446
2.752312285910404
2.563347102003998
2.334254632303465
2.084280828410145
1.848572825853747
1.66588771359078
1.560723900853581
1.532908812371598
1.57353736751902
1.710829213471049
2.007427614402678
2.437763307153041
2.719884756382304
2.837530105196909
2.816688729492043
2.680953604825226
2.453420182016226
2.159280090225222
1.825126324244993
1.477739428597565
1.143749536068768
0.8498179038290372
0.6223214862695511
0.4861914665442549
0.4643000711311369
0.5801397764064565
0.8597886176496965
1.287459117071178
1.582931836455568
1.720787640689509
1.762622845883887
1.735286201272696
1.628667658209171
1.442018376861638
1.200111517245088
0.9427261591271258
0.7062901470166992
0.5109696878801053
0.3597235582741147
0.2454037701819362
0.159373956278365
0.09664656759035828
0.05579846134786454
3.19211755387141
3.199214009758845
3.234217024477632
3.322832610671898
3.422536691799685
3.487427747071835
3.504742784811357
3.484431040025902
3.44327706494506
3.397376761242604
3.358365073794051
3.330685802650024
3.311195687353853
3.291954191405885
3.264499550726517
3.223106108136427
3.165108823304251
3.088653727092959
2.989912249115677
2.861794048820411
2.694806471086472
2.480145816491946
2.215020316574563
1.909015665615676
1.587942238514944
1.290646352515251
1.057962198177987
0.9197572441573163
0.8899849110810094
0.9746485508803268
1.179600475229963
1.488307175698088
1.845998036247035
2.147957934989634
2.33474084672796
2.399040549135677
2.354484054512973
2.220776299062429
2.020705906950026
1.779653370707383
1.524736629607808
1.283634658808739
1.083372082408381
0.9491725785455204
0.9036592692690523
0.9664306698568692
1.15113548308658
1.450696772431405
1.806187239984208
2.113522627315451
2.317956754642144
2.40227850785691
2.371135771095724
2.229398312859744
1.990476169080688
1.684550611741954
1.353531523944644
1.037704613193335
0.7642241409552291
0.5437866241269717
0.3749319160728787
0.2512610445987468
0.1674431208293037
0.1227801107392338
2.806071489762939
2.886809091072117
2.991353789362231
3.102928502474282
3.211413853439752
3.298192556768805
3.350028976734613
3.367319253578443
3.360139826658589
3.341050265409291
3.319839902270922
3.300875830404793
3.282747019210779
3.259945148705001
3.225536673578235
3.173312653010905
3.098387619976317
2.996393784260036
2.862189059088681
2.689346481022073
2.471343814048681
2.20463647511053
1.892958304367786
1.551168076678361
1.206200312464554
0.8934114845425013
0.6492004986030429
0.5034328316693046
0.4750835840979006
0.5698176055498952
0.7744860918516452
1.052245962925872
1.3548501112896
1.636900852684448
1.853116109263044
1.980067569987254
2.016391948001077
1.973767860135303
1.870694996401377
1.729703152490283
1.575734992075874
1.43454640686561
1.331018717534945
1.28758440667945
1.322653295521603
1.447871641772686
1.661946314263804
1.941639294689297
2.241906578295195
2.51742816167311
2.719777139838489
2.811588904135656
2.778919969715688
2.626717468275112
2.373703054299416
2.050179011387955
1.6936514076845
1.341051298810344
1.021140273036375
0.7508247531329675
0.5363161367454591
0.3772856971140015
0.2713330314965317
0.2165485004135146
2.582079092989811
2.662249689523998
2.779747202977984
2.904447318765005
3.022599359272446
3.124959581079887
3.203400125145585
3.254860354280448
3.282545922240812
3.293008417900354
3.292364014390858
3.283837916205546
3.267013900728355
3.238415177014357
3.192769368111985
3.124237860490245
3.027141696111582
2.896149775848237
2.726272674803945
2.513266075129799
2.254976324838923
1.953633289027746
1.618364423617513
1.266690024169018
0.9238809106253205
0.6199417097283473
0.3850580896574191
0.2446574459930293
0.2144054830793829
0.2948065529435173
0.467586587839009
0.7000508240913489
0.9574661432478816
1.210986894080406
1.431611953414754
1.596721597836046
1.696791295861024
1.735007981768189
1.723566452348668
1.680241757757902
1.625873975987764
1.582283437146611
1.570274244121121
1.607565638986847
1.706302933146657
1.869655283141711
2.088120735644698
2.339111754952183
2.593588163851196
2.822518836192876
2.990861359837251
3.065510275057833
3.027757769096349
2.877834039005697
2.631517189964576
2.314900145294525
1.959439709157019
1.596980732958844
1.255147405082596
0.9543014823474086
0.7068863843645568
0.5188466895388457
0.3919306545520591
0.3256774378786931
2.444880952108844
2.510029376371222
2.616072719923948
2.739438088513286
2.863412490733086
2.978264697257587
3.077367231472169
3.156404469206763
3.214067767578886
3.251569562652384
3.27098505777279
3.273593247248648
3.258922716945364
3.224555996202214
3.16646984652592
3.079658860376699
2.958859132749686
2.799284688881517
2.597409904731609
2.351928351263811
2.064977535612997
1.743460310950393
1.399970693684448
1.052748246441242
0.7243861801288241
0.4394746415988209
0.2215316336210329
0.08933600719795176
0.05272062931789973
0.1089420509192253
0.2424479862730226
0.4299349765396524
0.6473412957856212
0.8732630804028698
1.087837876759638
1.273638424052681
1.419627528003192
1.523589826370409
1.591542754203867
1.635513020193215
1.671023330494173
1.714725306906892
1.782119049499202
1.885191826885235
2.029912088036776
2.214006805960461
2.42635734808752
2.649397116142902
2.863032156762871
3.045540128687763
3.17250955748169
3.220332381696871
3.173287935847533
3.028712288699072
2.79689608439122
2.497576989764184
2.155823864767373
1.79842137147843
1.45080956723251
1.13467348267469
0.8665042303559687
0.6573091071363636
0.513280923713813
0.4370791718695829
2.358018591471985
2.410116407337883
2.500747277991398
2.615542173500997
2.740132421163949
2.863621655369978
2.978183098423463
3.07792195817055
3.158634500138153
3.217819069375421
3.25422544834185
3.267019758697653
3.254962900784301
3.215875242252179
3.146495411471943
3.042758775967506
2.900463680386668
2.716231154728229
2.488621693173237
2.21925088315625
1.913717971855432
1.582117783660799
1.238904710800067
0.9019990954800121
0.591236578908505
0.326380371707313
0.1248302188014919
-0.0009304590416964287
-0.04578984840173518
-0.01327973454129197
0.08553455541649102
0.2352345602156969
0.4192411709660365
0.6215667685291674
0.8274718146508919
1.023823697897125
1.200763166954197
1.35372962778371
1.484212821539351
1.598908982892188
1.707884451609129
1.822350371231211
1.952352515805893
2.104542426032277
2.280332608641472
2.475037878313956
2.678607169917874
2.877633339314207
3.057026576285284
3.200416227669243
3.290880726250053
3.31279117951259
3.255097422773342
3.114598432788596
2.897146056847164
2.616473851157654
2.291840895093125
1.945554756356749
1.600700761553618
1.279084218202917
0.9995027037304129
0.7765958661404072
0.6204533628787823
0.536953417676321
2.304894749595934
2.348569344123579
2.427560552381009
2.533652306687797
2.656150701197403
2.7844164925234
2.909233690657804
3.022949825111395
3.119343563786277
3.193613394433252
3.242282084322972
3.262824987538838
3.253087417115629
3.210713194419808
3.132826316864886
3.016144105894848
2.857580061694934
2.655246117264257
2.409630721510112
2.124650432967903
1.808272988104712
1.472495834633177
1.132618552988378
0.8059216841265671
0.509981362810082
0.2608552060807147
0.07131959681010332
-0.05063625556272994
-0.1026959796048111
-0.08806868964704147
-0.01430185452498609
0.1083154226853194
0.2680932667323242
0.4529646803533351
0.6513644297001207
0.852855013227847
1.048986853964599
1.234500054229047
1.408196693245831
1.572852809147946
1.73409399116739
1.898567925215343
2.071875276219671
2.256731979237518
2.451826581117535
2.651711179748213
2.847658923764793
3.028869226686498
3.183359585675737
3.298652245209902
3.362734992484665
3.365177755684857
3.298565820911053
3.160183395927663
2.953287303407055
2.687346819033964
2.377250651040398
2.041871410129337
1.702319039691139
1.380062104419563
1.095090605192012
0.8643687918760561
0.7008054063803852
0.612765522761848
2.27837687864522
2.317772324846274
2.390625053756092
2.491529656096893
2.612122210519247
2.742407262651923
2.872472606393492
2.993525314919205
3.098181770951885
3.180473114041854
3.235784788190789
3.260645725278061
3.252300048272472
3.208186734997589
3.125584666761448
3.001664023418242
2.834048664411521
2.621804189263391
2.366591366172065
2.073626877378159
1.752115926123474
1.414964723734534
1.077787178422512
0.7573954739209422
0.470043307049722
0.229691948599843
0.04657171678895248
-0.07366242340564685
-0.1299535090718185
-0.1251198191464894
-0.06484369633653286
0.04315423577082252
0.1897228817522996
0.3649468797847501
0.5589460107148819
0.7626258545405462
0.9683556859262292
1.170740602196563
1.3673337236935
1.558804293216713
1.74821963874595
1.939540602533614
2.135805115452572
2.337609906904034
2.542369762118206
2.744463261070946
2.935935329006408
3.107283649576635
3.248179562298152
3.34828694582547
3.398146632194636
3.389934761282734
3.318162006099702
3.180587265350636
2.979316216313435
2.721613870910938
2.419967501368438
2.091303887191111
1.755563555423915
1.433913215054393
1.14686164186143
0.9125352606829316
0.745338632791956
0.655127852474424
)
;

boundaryField
{
    inletLower
    {
        type            zeroGradient;
    }
    inletUpper
    {
        type            zeroGradient;
    }
    outletLower
    {
        type            fixedValue;
        value           uniform 0;
    }
    outletUpper
    {
        type            fixedValue;
        value           uniform 0;
    }
    sideWalls
    {
        type            zeroGradient;
    }
    topBottomWalls
    {
        type            zeroGradient;
    }
    frontAndBack
    {
        type            symmetry;
    }
}


// ************************************************************************* //
