/*--------------------------------*- C++ -*----------------------------------*\
| =========                 |                                                 |
| \\      /  F ield         | OpenFOAM: The Open Source CFD Toolbox           |
|  \\    /   O peration     | Version:  2506                                  |
|   \\  /    A nd           | Website:  www.openfoam.com                      |
|    \\/     M anipulation  |                                                 |
\*---------------------------------------------------------------------------*/
FoamFile
{
    version     2.0;
    format      ascii;
    arch        "LSB;label=32;scalar=64";
    class       volScalarField;
    location    "5000";
    object      p;
}
// * * * * * * * * * * * * * * * * * * * * * * * * * * * * * * * * * * * * * //

dimensions      [0 2 -2 0 0 0 0];

internalField   nonuniform List<scalar> 
4096
(
2.632025148349013
2.705984327390496
2.843845880479782
3.035396228326408
3.260015026714619
3.486994528667435
3.681417579394655
3.8129477069198
3.861634259767911
3.866302827283314
3.866626374886099
3.870998518642627
3.875289942378497
3.87916587669447
3.88103583230757
3.880002119970099
3.896287401262814
3.963663847400351
4.066121192370617
4.179158628265208
4.275355390864569
4.331462727055603
4.332435023607652
4.271268011470208
4.146538086950972
3.959816313149214
3.713976441239155
3.412444734859197
3.059149623962716
2.659077644090097
2.219561610562835
1.752477051425817
1.277270674348179
0.8241132509510383
0.4355445575049042
0.1642946267231505
0.06555385615627472
0.184324837431106
0.5405620128930558
1.111948000096552
1.805460014132311
1.994828899961942
1.90558553859075
1.902372856813006
1.868623303998305
1.817299915701249
1.7463789756132
1.659790505805141
1.566169418896654
1.473099277874932
1.383490206424714
1.297097422291229
1.212228463124362
1.126711936832217
1.038935657240811
0.9487424642143744
0.8591363627196673
0.7775394158482777
0.713170278404883
0.670620979483505
0.6522830730569937
0.6565883444573599
0.6778593562890576
0.7039102988669854
2.661079139860426
2.731414987885187
2.861718391414699
3.042947377384907
3.258372578371456
3.482258788778954
3.680790104319543
3.818529975753874
3.867899108652626
3.86841188238488
3.867527330642226
3.871366162800991
3.874979184056295
3.878452164623701
3.879023522759656
3.875445232273489
3.898015387819328
3.980003787845777
4.094993572434872
4.211486950970839
4.301360364263548
4.345460434451564
4.333698979329302
4.262405503536453
4.131668471505899
3.943596365161217
3.701352923380747
3.408655045684541
3.069626329145737
2.689101823766292
2.273551668453287
1.832734543082232
1.382047461071102
0.9452975418555175
0.5571528413831566
0.2636703595862985
0.1183607357186179
0.1717220688607815
0.4560815341863034
0.9743360712135042
1.707482156126556
1.956415921231151
1.866676844407379
1.866809499571376
1.833734037464973
1.785368053458448
1.719493526644938
1.638926922141564
1.551692350899062
1.464472571327444
1.37933721913422
1.296167913017193
1.214065372487527
1.131757844192552
1.048432691468541
0.9640938056362602
0.8810138189226334
0.8055795035999058
0.7462503588859959
0.7057567660410896
0.6861635203057543
0.6862290059875206
0.702984765336261
0.7295347942073356
2.719859191101809
2.785988183511789
2.905074522974053
3.066409117178688
3.25907729399693
3.469170532076147
3.670270163227413
3.819612300566631
3.871570222436327
3.868120420810208
3.866621203361941
3.871251467369277
3.875237546943952
3.879598698722852
3.878984195364651
3.874210008799013
3.909998716325644
4.018655465363494
4.152420126004407
4.26908498102309
4.343316003369571
4.364759107186087
4.331040260647858
4.242866646606046
4.10228103357122
3.912367430600209
3.677054613652028
3.400691404254684
3.087654135410079
2.742327159853955
2.369606471614862
1.975863265142265
1.570268859873558
1.166625779224562
0.7862058192769394
0.4618251305768707
0.2413746249666678
0.1859308809943247
0.3592809616669206
0.819481764267874
1.636118899480355
1.938651991347802
1.841220054619143
1.847387699616563
1.815577964340771
1.769048820958564
1.705237299808818
1.624958225883455
1.538960038268065
1.455149276040571
1.373994568941446
1.294443255497114
1.215755797464542
1.136918993405638
1.05731901625966
0.976132422824238
0.8943072041176503
0.8190380902186593
0.7613884261316169
0.7214999878714461
0.7016041059636342
0.7007412295050511
0.7186978255105081
0.7518820920784253
2.815403378624964
2.881788567208206
2.991069574780099
3.123956053163718
3.274069107477823
3.445274381662489
3.63267211074694
3.798547109417509
3.870281226486039
3.866345390500474
3.863211874795432
3.870502826939315
3.876216780715515
3.883294765746406
3.880405780621754
3.878873194775335
3.946999146335861
4.092299001066687
4.23756953628423
4.339108625845101
4.384635238265187
4.375564724927911
4.31556349573392
4.207875966859662
4.056168535371965
3.8652025197622
3.640463978450468
3.387254028014141
3.109967834590419
2.811960030897296
2.495933500645887
2.164504572862739
1.820649178938297
1.468207530536827
1.113627462129242
0.7714204014784654
0.4756548869004021
0.2946258960556275
0.3357427790173139
0.7285280246341024
1.606445259922693
1.936215864037229
1.834354803924302
1.845419757476598
1.815768286920864
1.769923943372938
1.705406880515829
1.617940180710573
1.526646964729155
1.444171565442898
1.36718053685103
1.291896560474761
1.217350694200152
1.142403834093469
1.066271812382473
0.9856500278292898
0.8983954803031097
0.8155439564353991
0.7564555437916827
0.7157387963862434
0.6960827018977614
0.6962968284159214
0.7181385733009079
0.7594779269714589
2.962051030505794
3.035153401617775
3.137118195280927
3.236799252590265
3.327824591852693
3.424468186966239
3.553663295223864
3.720906015544895
3.848419905307064
3.861988176353651
3.855622730624517
3.868757784787817
3.878168458021387
3.890779995517299
3.884205505003059
3.901427179200046
4.034805372634239
4.208047205281446
4.332691397225674
4.393660689188156
4.40065798771238
4.36090150746964
4.276944623199456
4.151547168418657
3.990248245659607
3.800775548494737
3.591017347619915
3.367180413005202
3.132997393694614
2.889991575256581
2.638239425810346
2.376989216551375
2.104754595602436
1.818908209424572
1.515526218487765
1.192134303546198
0.8596833949841997
0.5712721046040649
0.4595118346020092
0.7358102267967976
1.606676519021068
1.940938623187611
1.843576982641065
1.859600549409072
1.833225308598771
1.787135058502802
1.719888685060472
1.614173406098318
1.508697988385353
1.427433018959886
1.357345456683135
1.288251922838846
1.219398585006589
1.150012654011956
1.079506405284119
0.9986377278128824
0.8972225157511341
0.795551695012642
0.7327649105111311
0.6897817748130654
0.6701610756322016
0.6717266807865723
0.6975100908042093
0.7464670987275313
3.192883159229569
3.264953730175729
3.347766654729132
3.415936105236277
3.453600970114363
3.453463634780447
3.453796754173167
3.545956493354213
3.760427864052663
3.850101020524146
3.84238765810995
3.865765765994915
3.881469054304965
3.90322517691317
3.894427946405906
3.975443438941258
4.199191449845519
4.33950088065009
4.388574925793662
4.39108147487545
4.364386537675289
4.304118872850999
4.204343417935704
4.066821480637819
3.900665272020099
3.717939493879808
3.52910059498067
3.34044507765678
3.153972214135277
2.968691476166405
2.782095995375077
2.591025680374727
2.391785328527651
2.179752651640227
1.948640717872784
1.689556625819061
1.392908203988972
1.067238919441106
0.8006511389934623
0.8496660436320148
1.598571138169741
1.947387745112088
1.8695365466609
1.892852127024482
1.873696889770606
1.830752137426971
1.765517498416243
1.623255495940823
1.487833989757592
1.407085638868181
1.347534728228875
1.285339563798885
1.221760809271817
1.15802955717177
1.095426297627325
1.012053045601136
0.8808747529500432
0.741970471166267
0.6804365572584311
0.6380861618521606
0.6200934791573529
0.6231447335960247
0.65123418374598
0.7062800447727503
3.582034176850803
3.584361876226913
3.602814245124336
3.651733540075124
3.671998392334794
3.60039909705496
3.436876607643434
3.319943895541585
3.5731105075956
3.821349673043012
3.825890101745357
3.862331091350112
3.885944595257654
3.918823336118957
3.918727113536974
4.126220837036119
4.391643912335507
4.386870789950604
4.331200225626644
4.292144695205685
4.253418011319344
4.188278178161611
4.084056501477857
3.944375633393415
3.783346252392803
3.617197565384519
3.457575245440389
3.309269123310686
3.171640614754705
3.041259996935655
2.913934179031857
2.785599436213828
2.652372905651772
2.510436836584711
2.356378846617246
2.187188295682259
1.995282795673266
1.755076586437949
1.434054773485982
1.148517166164121
1.512822403764937
1.936991771599922
1.910531051071866
1.943463602295025
1.932544363968205
1.889474376849955
1.814898170218367
1.542163395959948
1.379762333901132
1.338771834708131
1.318833854488666
1.275349082855437
1.226549078776954
1.181915273845589
1.158085561611673
1.112532933927596
0.9580971837393479
0.6863388910944058
0.6137296471191521
0.5675832645601797
0.5487049717731896
0.5512602981173281
0.5800057348046391
0.6666743967825283
4.263793571049394
3.977881766308979
3.872544444542501
3.925994016432477
3.95803645859643
3.880311716063409
3.667557411301839
3.352147700496251
3.469505702185971
3.80668616828553
3.827888349417361
3.864664703441388
3.888589095888934
3.922183887638623
3.937438437354822
4.221566963437688
4.356811946501185
4.197900857106803
4.113833383033104
4.079328832090035
4.046865608013288
3.988684979336916
3.894963297799271
3.771866374982166
3.635763041906799
3.503159400290825
3.383559864937065
3.278838702154578
3.186258096868205
3.101555176433504
3.020734552918292
2.940642174634619
2.858830978461527
2.773271975981211
2.682842766065683
2.590370623145626
2.507157096405931
2.438852564770002
2.306775931996917
1.889511832105006
1.517751859860076
1.939381403798172
1.987022892869061
2.028426698347284
2.039605769183018
2.040466649861246
2.071833390878865
1.856612177364711
1.236137104030417
1.236440275709195
1.319005102992399
1.2935895285127
1.226478187207294
1.193139925618028
1.253428523244297
1.230770682989113
0.6258102371877092
0.4235200531355959
0.4585230071581514
0.4549668355826625
0.4508549770193306
0.4545077337577036
0.4635259429587299
0.6069572025332101
5.356873165542885
4.429709457653211
4.200696015060327
4.22459201136499
4.223561762917615
4.169642788686469
4.125486518675361
4.096534468304634
3.95816958759703
3.864981903497507
3.877735355386409
3.881428673244214
3.883142389031937
3.889214597269659
3.902556835416234
3.842110984962805
3.754389431253042
3.772117762732378
3.773536118140082
3.745555500877057
3.709745656223661
3.664318593181951
3.60540960127123
3.534776624560907
3.459907182105339
3.387219477778078
3.319524596640389
3.257049680106464
3.198758599088565
3.143218089895628
3.089207151527697
3.035929001400171
2.982974603724675
2.930072434364965
2.876609307871159
2.82234972408286
2.775710499885551
2.773719624538464
2.867720286068776
2.877766809238232
2.297014668873996
2.108707289581382
2.145240541654397
2.152661080478756
2.166645583001396
2.207981129198399
2.259610477643876
2.693670851857763
2.27028673927956
1.770360385137452
1.549057921060558
1.379072957089744
1.191840360470683
0.9982553308720694
0.7269440161440613
0.1718973794102194
-0.2194064458994339
0.2493778504036252
0.2986058147392489
0.3326857042720007
0.3250861877663153
0.2861640986702316
0.1747833589422742
-0.01593194777388804
4.804359265300047
4.514965981856569
4.416794269140514
4.355332605423686
4.301435402081225
4.25031156383884
4.212358496871256
4.180314523387095
4.090440223850988
3.962528063528485
3.923222944679597
3.895958358501584
3.876008354034104
3.855561658931794
3.828747680661289
3.734650072313719
3.687402375590182
3.67405263746685
3.655167504181064
3.624465952859047
3.588646866642723
3.548179082184856
3.503508660452882
3.454305247084088
3.403681759233351
3.353050356101538
3.302555894596107
3.252235406563765
3.202223485616325
3.152557079683793
3.103277561129896
3.054456819028263
3.006223234313081
2.958766373813964
2.912307294915101
2.867097790330996
2.824382067218089
2.788651746252761
2.774821163111097
2.740606476156489
2.598079777131371
2.352737453486017
2.291996450431188
2.25970230030259
2.255121540096803
2.290647675901896
2.273242444351238
2.696464694622129
2.979147740196518
2.548659940524615
2.032431235087409
1.55073235523069
1.072566364414996
0.5599047468890916
-0.01023893220368105
-0.4876830245123502
-0.1839695115168902
0.2569442167279616
0.2396902508892164
0.2763783587376861
0.2723714800805479
0.2484075769238018
0.1924227949070336
0.1096784796151568
4.504991173310582
4.411561891757025
4.359612568810712
4.310248337926003
4.263783607176429
4.213922926074372
4.163806816782205
4.112617373756398
4.044504636703208
3.970846066542105
3.930877995146874
3.898252524030593
3.872568024628327
3.84836506179779
3.824086771633956
3.779509532739889
3.745967415797019
3.722353470319755
3.696877006330773
3.66576943216459
3.629422213782165
3.586428888453212
3.536967258716986
3.479792599680342
3.421197473783638
3.364025083680338
3.308390168413461
3.254064356560659
3.200939692905935
3.148708204098976
3.097109856658564
3.045950245157788
2.995127285278982
2.944626005977354
2.894541886019883
2.84516754119174
2.797341945069784
2.751491917022094
2.707409771570715
2.642242147301803
2.526577614733426
2.404707629204803
2.353955311196935
2.322432486403379
2.310848665178428
2.336671557247611
2.270764278543422
2.594935406869717
3.218868848447999
3.053707266529718
2.470054440782893
1.732111463354087
0.9519521480429403
0.18892115512767
-0.436093451212224
-0.6422711481062481
-0.04402039694420585
0.274395793230842
0.2132770239861536
0.2408104931385707
0.2322430860630925
0.2091142765434417
0.1623493504148968
0.1359860063606701
4.430570609706295
4.390858466832756
4.358728486845084
4.314397943674077
4.268943132761335
4.220033408613739
4.16941626467986
4.115329903583808
4.049741675021034
3.98072457737721
3.934258881488402
3.896072985885983
3.865560321753213
3.837746002193581
3.810624224857171
3.775555632937308
3.74546360066706
3.719930336441237
3.693292025780941
3.662673052586825
3.62701953366873
3.584310635542419
3.534944490982037
3.47414334182858
3.413869549005502
3.357906236159864
3.304255799318515
3.251604856007701
3.199817280261753
3.148574951531472
3.097684001656404
3.047000372632558
2.996440129132743
2.945944426859129
2.895461576388513
2.844924655456
2.79434526363039
2.743207725519662
2.690492042963338
2.626668695156769
2.540466445687498
2.453631316085794
2.401518724729696
2.367518832379129
2.3497583675964
2.368436101838071
2.285700442321362
2.584338942396634
3.294497917822548
3.275018602805603
2.714053188737985
1.853656908177702
0.8980778329547463
0.02276592578309412
-0.5670803528806339
-0.6323579134255601
0.001580954032280147
0.2726374844134478
0.2007000588694696
0.2227129068368282
0.2131825514585141
0.1940688531625607
0.1554075898984709
0.1538824398229732
4.431148981822879
4.391451816130798
4.359375690144438
4.315292795109869
4.270264661096739
4.221899721540238
4.171663846540531
4.116445777262898
4.047955121495751
3.974281657018077
3.926110597859616
3.886705665434541
3.855980506782211
3.829196311449851
3.804210621060622
3.776623483366984
3.751271069126529
3.727514863931541
3.702403571859777
3.673712950048714
3.639663845424512
3.596999141349081
3.546421196825192
3.474631608820446
3.407528764546361
3.35155804893811
3.299709743693835
3.248344007884873
3.197537638406421
3.14695235469897
3.096435021036668
3.045861162811854
2.995161266822539
2.944254379936657
2.893015070366734
2.841232872109454
2.78862453470238
2.734516809407029
2.678061651809735
2.615796120813666
2.544876685693346
2.47663545651914
2.428349800519897
2.395636614509186
2.37576149030658
2.390018648837938
2.304124216603527
2.610043005141899
3.308045891956696
3.308507729009748
2.768587875625305
1.89837958173136
0.9172644243201291
0.03870978944234986
-0.5247187578011613
-0.5798430006747258
0.003270472837120997
0.2642122717206132
0.193294916784562
0.2110569333316725
0.2014509436856519
0.1854705919716726
0.1530170876778202
0.1614717420798524
4.506678278200583
4.413297529191259
4.361490052232717
4.313010271479081
4.268185718107974
4.220485946492491
4.171895086601803
4.116538276197903
4.038441276200285
3.948618719287789
3.904245181485703
3.868091679049714
3.84106022972787
3.81810454756567
3.7970753892061
3.775491287218428
3.754944363150989
3.734845395883984
3.713529640897496
3.689247485737529
3.659933904657088
3.621059427147172
3.574352932097662
3.482566346743903
3.403545561992817
3.34806339716715
3.298650545752623
3.247924735476285
3.197483507750182
3.147119327215898
3.096668678402287
3.045961371969135
2.994890791100792
2.943293290255472
2.890879574703121
2.83719551227661
2.781660355856183
2.723535029672188
2.66229874536155
2.597213951443154
2.529077748026043
2.465415194818481
2.416452769465473
2.383029374480385
2.362705389137041
2.375370761043479
2.304332688081169
2.643009801216224
3.252346928552723
3.196192417116229
2.675515959448301
1.877899616056343
0.9858347022235059
0.1798112760389266
-0.3664487966302282
-0.4855019033595144
-0.008768727375418667
0.26932894567668
0.2140201228994649
0.2307687828996935
0.2232299002462947
0.2098558423883653
0.1806417596292217
0.1751029317071606
4.80557479772838
4.517365301108011
4.419502306257353
4.359088185334782
4.30695683883512
4.258962037840339
4.226246725562397
4.193636600954653
4.098643287374715
3.927410081777427
3.878838233911196
3.845137695105484
3.822985792624426
3.805496734151708
3.789727173149906
3.774003234518851
3.758722588194748
3.743518511465444
3.727401038448462
3.708882153232383
3.684973839623442
3.648530120754883
3.597383879310915
3.419356836221838
3.324757350298813
3.297097037663768
3.27091085996681
3.230183207126864
3.185569925107622
3.139081218619545
3.091247970373616
3.042445083235852
2.993032427098453
2.943269054629387
2.893342738963541
2.843405401655941
2.793622388555109
2.74413965298647
2.69517934530051
2.646683251464475
2.599002068359387
2.555427744917916
2.5204565720398
2.494437555946345
2.473714602032299
2.470194104076179
2.397654592418505
2.643444732171671
3.051865639166607
2.927144180250168
2.46729124788931
1.809558706224724
1.080754520173483
0.4081796145653605
-0.08689441210255761
-0.2798614824202785
0.002777118733902298
0.1906974783691456
0.134303283243472
0.1346015752360715
0.1226824377352486
0.1126106111305667
0.1004011153618364
0.1032969639945262
5.362655111959232
4.432291724132098
4.202095330567037
4.228489013157528
4.236247833413621
4.20285951505018
4.188646614883943
4.160933109363758
3.902371435372169
3.780100397027371
3.799963211051264
3.800241925502243
3.795391011523827
3.78898800558866
3.780956239344856
3.771833864720268
3.762542486485607
3.753625537615277
3.745381030144271
3.738366014312636
3.732525038068888
3.731065358597333
3.751408191319965
3.620272864971379
3.341477650662386
3.320271120551181
3.310995804864955
3.260948146905565
3.205905901246334
3.154030342312113
3.10292990870696
3.051245926148395
2.998904182814769
2.945619736224188
2.89033055035415
2.83101215608278
2.764623393622117
2.687516373418306
2.596790504375369
2.492427079796083
2.3805609473812
2.275676019845683
2.195199314054181
2.147961016063253
2.121854341218296
2.095581777325229
2.073695466676951
2.275298712807885
2.590819181747855
2.503787480469963
2.18135556532473
1.712536683259318
1.185526550773254
0.6918759250740751
0.3177320779742017
0.1481293153128166
0.3347306028137017
0.4674304795828637
0.4472246479686373
0.4349220814125254
0.4339759266158422
0.449822587982896
0.4741469253802026
0.346890875814152
4.27435988109675
3.979337559239311
3.867424575286098
3.920678599291774
3.96220505745177
3.902265266861893
3.690772595078914
3.30116507121105
3.303744120321881
3.698446461285189
3.722494037928259
3.7576422167337
3.769698928451162
3.773815423065177
3.772947607073941
3.76971446437495
3.765851046737525
3.762791073275869
3.761931938206637
3.76589955849528
3.777733630187102
3.812440758943157
3.838573835190935
4.236953639715122
4.20689141375774
3.790307062238346
3.539923193017064
3.396737092271057
3.298070134440769
3.218729102149693
3.14794298733675
3.080552212518042
3.013432513727396
2.943061968826149
2.864039757617899
2.768290447327007
2.645041157466572
2.482489306085482
2.272405804669766
2.017738721682845
1.739868064637962
1.477959473146668
1.275337769809036
1.15938052448989
1.129191084733089
1.170509150110243
1.300385355802843
1.559920245165772
1.894601751181822
1.989270108883925
1.865545220527534
1.605430729455416
1.289520812355986
0.9953547109301593
0.8019003316877663
0.7893750934716465
0.9902933741341264
1.166089380355619
1.274648856306872
1.345140248927096
1.395238493511613
1.424542336001288
1.421142246629742
1.364994722803717
3.593193422100738
3.583800524420294
3.585110026782929
3.614577917914
3.611122829433676
3.500830379913522
3.267374765641284
3.068802548023446
3.391704128566982
3.715716176911413
3.707778822168637
3.744149202332544
3.757865289608977
3.765289772288754
3.767943147622462
3.768279652886311
3.767974696639543
3.768598100118358
3.771490420364216
3.779095198202635
3.792996090164263
3.82919693238425
3.823652850547665
4.148619200256118
4.44158747112311
4.18219038980575
3.856173657490105
3.61069465737123
3.438743762179893
3.310340599194043
3.204880305240526
3.110283292696043
3.018215739294956
2.92072353543181
2.808301512884279
2.669203098637926
2.49027530685581
2.260001973698942
1.974122622131742
1.642536096649096
1.2934739135823
0.9698604445139795
0.7167921000173485
0.5664949497619866
0.5313949945859343
0.6107936561497707
0.7987648677130156
1.064596089751001
1.342958548790977
1.524893191718285
1.568575161943965
1.503515034992044
1.38745984930756
1.284011577679778
1.253140728243745
1.333139899816737
1.505692117964279
1.698202462005984
1.868205857888475
1.996942090030484
2.084403678883148
2.131711764733038
2.143418079227333
2.138759208511474
3.210881275016168
3.265071026326955
3.314996723352324
3.335375086863753
3.307435687485717
3.221637051115171
3.131805093664356
3.194562858647294
3.571430423236043
3.744207010579089
3.717475982506453
3.743712987838139
3.754055306585446
3.761402415977363
3.765325002021545
3.767418247242501
3.769061763508566
3.771712132315946
3.776146838075085
3.783972941454019
3.794768557943494
3.820760086781682
3.796947674407824
3.965267062770145
4.303647142781121
4.281468981185757
4.062189572802844
3.808461933353718
3.588843293641018
3.411512127751839
3.265143496166342
3.136275037852564
3.012742155394701
2.882879124036722
2.734463792640488
2.554701440152297
2.331800481196448
2.058335860691424
1.735860799611716
1.379005100291957
1.016344486310995
0.6860690647680026
0.4273078715127375
0.2709467687969923
0.2338945042102495
0.3162617505799385
0.4973451666065332
0.7344322452097251
0.9789059786044205
1.191777746829544
1.340817905135935
1.425318797035351
1.472727776242727
1.521937469780579
1.606485093584081
1.739452552356483
1.909649719111283
2.100337955095599
2.285367590651385
2.439994761573739
2.55256414878654
2.623096958281815
2.66096313421868
2.679739072676991
2.997936581428523
3.044253199888495
3.095447398012457
3.121039311476393
3.11791183294666
3.113301857109625
3.168784835298121
3.352324021293184
3.661436889237379
3.755745758695311
3.729354224005063
3.747065912129322
3.754247204384901
3.760443017474171
3.764423477318251
3.766913610889076
3.769196763425558
3.772792679890107
3.777661831068599
3.784705282984633
3.792630374807316
3.810044919137305
3.787400657610578
3.873626976645444
4.132095897117339
4.212123443470722
4.114412983770947
3.918446738614937
3.699660050554875
3.496069835781386
3.316049410139102
3.153607429465044
2.997645312417517
2.835617422597643
2.654839729218722
2.443651920482728
2.193386877795666
1.901169034378462
1.572772718940378
1.224217516256502
0.8808701245883299
0.5737648134254795
0.334079462292703
0.1871940134587912
0.147102483885686
0.2113934767704433
0.3592943740395999
0.5584280396752493
0.778761982686462
1.000225622296035
1.204912087524552
1.383920666053371
1.542585534575588
1.694956808231334
1.85344369437217
2.022338020615123
2.200397297165584
2.38500175651446
2.564543292948781
2.722561705256993
2.847104619631886
2.935450224270661
2.992002882996291
3.021628528646918
2.883933806037041
2.914813704445689
2.958346671808924
3.000302018997816
3.045902161671783
3.121560332238896
3.258030476042203
3.460774104816731
3.695876364095118
3.76064909690582
3.739322093521351
3.751406991589389
3.756384365665139
3.761232228497158
3.764741768375413
3.766608589482024
3.768524934887438
3.772669065781035
3.777677697094192
3.783929552168968
3.790053946215239
3.801907706353
3.784955312871645
3.841179724964269
4.016108377171981
4.098714416134734
4.063098861035563
3.929081609748172
3.741563066129831
3.539491811089636
3.343092858121407
3.156324596778564
2.973593435320282
2.78512025963528
2.580326344974194
2.350227639680941
2.089600192190587
1.798986185115871
1.486060734194668
1.165737651719739
0.8587142720309203
0.588679435744132
0.3786764479131965
0.2469757823449641
0.2028165079037643
0.243347579077134
0.3544645098994311
0.5168335334391357
0.713013370053054
0.9299212568186913
1.156142917223222
1.381580365091402
1.600047593313379
1.809493386431059
2.009693026127563
2.201046293807642
2.385089127985672
2.562703303429271
2.73040630937841
2.880545438218633
3.005339174047349
3.100543102937577
3.165280021768995
3.199490540327089
2.839535071899282
2.864064843764026
2.908311218214281
2.971579610781509
3.06039916227467
3.185684170507753
3.349583805152458
3.535032353859602
3.714809643754484
3.76386068928045
3.74742303860813
3.755945189899039
3.75950168546784
3.763123538946615
3.766049814330909
3.765981884903344
3.766013171949547
3.770376146541436
3.775199454823289
3.78060253263966
3.785636575511267
3.794149402133077
3.783145693145699
3.828521701987033
3.939294380819041
3.986725118425179
3.96215135962217
3.865707955441048
3.71395551566934
3.530939640193591
3.336163299693495
3.139220556949478
2.940759893536576
2.736022460266726
2.518454421438307
2.282619426196629
2.026370224528717
1.752257380493561
1.46802886348937
1.186120967647253
0.9222492978292081
0.6933669833174109
0.5152257099572253
0.3997302991557568
0.3525878962474856
0.3723547607251041
0.4518747229211683
0.5814475682336847
0.7514302789814233
0.9528556476127361
1.176669129625453
1.412684322298382
1.650302196672482
1.880291130007537
2.096321927897886
2.295786748667094
2.479201372763119
2.647945725690474
2.802124959381719
2.939523352808629
3.056292045800267
3.148469476282775
3.212857984478112
3.247256110499735
2.852470253238785
2.878637530744156
2.930659623558434
3.012184892545279
3.126065020318177
3.27017263818527
3.432732545082535
3.593271124019841
3.730854322673334
3.766776491147699
3.754383124418792
3.760504713346742
3.763160796107515
3.765815206512371
3.768647366367607
3.764472685203062
3.763226172150612
3.772773943430899
3.78105947357618
3.787846812249375
3.793275927654213
3.7994268226482
3.791614264781325
3.816774950076655
3.869467290599976
3.875546981466995
3.839878706544971
3.758955406658896
3.634175901047463
3.474974217984568
3.293814699002087
3.100433118783716
2.899388564387785
2.690810432977893
2.47267058758653
2.243200347236765
2.002743625613992
1.754779363769232
1.506077916559938
1.266112233509949
1.045948121985971
0.8568478896591917
0.7087754606763937
0.6090257330897558
0.5613609531748839
0.5660594456123883
0.6208194060227884
0.7217920442153236
0.8640350327089671
1.041389180924744
1.246121413885684
1.468512458681607
1.697347357336946
1.921698770566267
2.133113155508698
2.326883051251655
2.501711659806762
2.658274611204106
2.797664871318681
2.92005819879437
3.024047675017369
3.106881662868074
3.165344340825591
3.196804430224558
2.913391358151268
2.943778951852506
3.003697283102579
3.095177162805084
3.216366259586562
3.35868474567085
3.50677982349075
3.641765321539001
3.744877790053207
3.76952013729774
3.760519935843742
3.76506170625844
3.767453858094149
3.770284654357204
3.7762010868816
3.765154004250142
3.743778745156631
3.752611759638332
3.758909562482466
3.761712060799833
3.765378599608791
3.766916436764098
3.759764197029264
3.764677831838345
3.777504696370975
3.755323874380173
3.707530476588623
3.631158311115245
3.523155541558706
3.385036349830585
3.222512892475718
3.042550095634979
2.850718575784237
2.650286452322465
2.442863683947575
2.22972539725933
2.013031313832792
1.796519379666705
1.585582284620688
1.386845363452166
1.207450017918035
1.054244399485588
0.9330583325615924
0.8482334729852832
0.8025374070581015
0.7974090093501933
0.8332251029337079
0.9092469675537214
1.023231501502682
1.170991058226191
1.346137133015843
1.540138732038824
1.742976631606012
1.944568080815605
2.1364878240706
2.313125723505189
2.471821128493123
2.612184097311142
2.734999443193143
2.841016688959873
2.930002494062419
3.000461730261923
3.050129872744174
3.076884478287402
3.010736386762281
3.043726314312702
3.106784380327646
3.198764371091441
3.314480049153227
3.443530156913564
3.571341591553327
3.681338241209414
3.756155535564508
3.772016458568829
3.765788634856901
3.769255189996779
3.771689810792808
3.775185549602875
3.781029309846939
3.797684579777851
3.770763926200936
3.72668839711352
3.69762689804229
3.681522056349119
3.67477309500649
3.67111570871029
3.666129433465086
3.661273368207134
3.654531208610484
3.624035874446439
3.570702347392686
3.495675066754587
3.397712552014083
3.276142008960822
3.132761442160458
2.971555457707293
2.797308664740676
2.614434201067747
2.426600539677412
2.2370094195256
2.048887378159464
1.865831210118712
1.691861338697269
1.531218822999211
1.388033713258634
1.266010434955508
1.168252754109913
1.097291152827797
1.055261356648335
1.04404529671148
1.065147591858185
1.119237527228782
1.20552865766724
1.321271558467472
1.461563320347153
1.619575842109566
1.787221511826559
1.956195495253246
2.119140290251033
2.270543383291455
2.407101016066377
2.527513335021309
2.631825286311202
2.720540753866318
2.793816852533147
2.851056568614507
2.891045401647368
2.91248773362595
3.130904571363931
3.163245513886407
3.223459384035719
3.308080268573899
3.410436497966932
3.520508153819888
3.625754520601469
3.712133851230618
3.764569487866613
3.774165168647332
3.769979217859115
3.77241128137016
3.774289043126782
3.776942379255268
3.781378874940463
3.790729673997329
3.769674467935436
3.719404110746511
3.671014260690708
3.634990221984419
3.610497481793107
3.592796942121959
3.577006752523233
3.558204904684541
3.53179526916571
3.491394921623199
3.43422034577256
3.360251863794706
3.269289327113012
3.160823069792531
3.035263215306158
2.894671903276421
2.742536359587802
2.583042460982333
2.420415321071984
2.258577315583465
2.101070326797791
1.95107894631771
1.811436253469741
1.684587413958957
1.572555855053912
1.476978849725172
1.399253890499943
1.34076938259712
1.303106604236665
1.28805419002325
1.297333474994269
1.332078896942078
1.392250142451549
1.476187451791924
1.580467174008371
1.700116038437281
1.829132041362171
1.961194498141849
2.090419466962989
2.2120039035523
2.322613847409519
2.420422248967938
2.504800085222618
2.57578517426111
2.633529131969381
2.67792572306055
2.708540077281917
2.724819971136144
3.260292746042921
3.289033874104305
3.341620942081005
3.413690377202531
3.498527305087328
3.587377393882423
3.66997794152492
3.735043391451168
3.77060035294278
3.776071978616773
3.773316229076598
3.77485803322445
3.776007866663591
3.777252980978764
3.780157472346529
3.778181349784017
3.756023710216376
3.711484916229228
3.657968289655496
3.607688066811437
3.565083722170249
3.529009897755121
3.495550974071692
3.459645750423915
3.417244178822178
3.36614211084569
3.304345447546002
3.230945185923142
3.145628505833902
3.048166670309775
2.938722805617141
2.818447979478059
2.689721032089353
2.555888410790234
2.420731774746506
2.287941712302833
2.160747525100512
2.041722570279663
1.932727778131289
1.834959495434057
1.749089407344653
1.675490874400343
1.614524051407474
1.566809452484844
1.533385790429969
1.515660129300372
1.515128184640835
1.532935740850481
1.569415934789072
1.623745797652503
1.693824486122491
1.776401419919875
1.867405487263587
1.962387387607231
2.056994154516834
2.147407239911452
2.23066820122395
2.304817766584492
2.368819755908741
2.422314191519727
2.465298971142688
2.497852240695165
2.519980903133577
2.531626863280815
3.38710775903958
3.410444749417924
3.452706539115659
3.509733332103197
3.575657124527158
3.64335034119948
3.704831060507249
3.751595109893027
3.774913048148886
3.777853560714188
3.776086088639536
3.777003712985026
3.777674686475061
3.778048051217131
3.780684669688893
3.774387038917999
3.747821896983703
3.704257514916867
3.648676961044506
3.589033925083591
3.531102643384719
3.476664358528528
3.424288337200284
3.371085026431633
3.3145636543679
3.253399746139246
3.186490211065276
3.1129589366334
3.032317709167703
2.944373942240427
2.849269727363504
2.747752710231369
2.641412785512602
2.532645876864028
2.424332068794433
2.319378114172599
2.220296010322536
2.12892572024889
2.046336711579982
1.97289623212821
1.908470251932027
1.852709200090241
1.805354404117301
1.76648710299607
1.736645673647553
1.716769319066295
1.707979915479736
1.71126431127961
1.727146555914754
1.755437184063227
1.795118370394426
1.84437965998212
1.900778129514848
1.961477641578101
2.023526172008418
2.08413731942256
2.140936554772514
2.192126959594042
2.236542445191147
2.273587307968622
2.30309294341628
2.325141916516416
2.339913581853981
2.347594058391723
3.502254283996891
3.519600772960121
3.550839890486905
3.592610858559054
3.640327042280217
3.688608424389208
3.731637071041779
3.76343883406027
3.778101547869886
3.779569013764356
3.778470984193444
3.77898203059276
3.779372293797042
3.779293662917671
3.781902453012148
3.775495235069017
3.746424649882176
3.700195805304021
3.641016103982635
3.573883189462705
3.503666368369868
3.433478651748776
3.364259111895943
3.295531873607903
3.226431189651291
3.156252862837585
3.084390438213521
3.01024544571612
2.933354076801273
2.853494768715223
2.770750021575147
2.685612484882888
2.59910113088481
2.512764569180455
2.428503184645464
2.348253967121873
2.273650910263028
2.205771707896963
2.145035348541096
2.091261345950688
2.043859557467378
2.002093385015797
1.96534698879929
1.933329722187822
1.906170040870853
1.884383122540951
1.868730680862645
1.860016222025545
1.858868475942422
1.865560505086342
1.879895913392323
1.901173136421938
1.928222021342523
1.959498763000639
1.993224426234475
2.027552015142506
2.060742155374973
2.091320597397906
2.118188998014883
2.140668025282421
2.158467427333233
2.171596341939261
2.18024330666284
2.18466379850127
3.599403285406994
3.611124649501201
3.632180555542102
3.660199122339689
3.691971415706679
3.723792693780749
3.751752689710958
3.771952306629837
3.780620458248128
3.781260218607763
3.780609962021652
3.780873040946995
3.781110957815089
3.780824268295928
3.783371701529356
3.777665408131028
3.748004928903449
3.698726861004978
3.634890039700154
3.560839395998603
3.480741492990328
3.398142191258331
3.315474432759454
3.234054188780261
3.154394091217125
3.076538817476118
3.000293818336473
2.9253239083345
2.851276000681347
2.777919596758429
2.705243154426084
2.633511120116418
2.563296098482538
2.495458875341243
2.431039701641215
2.371065380834133
2.316326812461422
2.26720165904647
2.223579675438646
2.184910164079106
2.150352066740868
2.118980407376568
2.089993222338522
2.062870276472357
2.037454110011931
2.01394744486784
1.992840544402687
1.974793031740357
1.96049684542403
1.950543203296084
1.945310139095814
1.944881411618034
1.949003820282095
1.957087534519533
1.968251270824244
1.981409777303792
1.995394510243071
2.009090076111077
2.021561602961096
2.03214615811354
2.040487936852438
2.046511621991468
2.050346511592662
2.052229349790477
3.674590195511546
3.681683848271524
3.694427710629432
3.711368598103391
3.730529130579039
3.749628176865045
3.766274426487356
3.77809558096446
3.782769018883773
3.782952631120019
3.782591847120993
3.782708619951916
3.782862862613457
3.782477029110504
3.784947519751005
3.77971141491658
3.750058004458174
3.698376781176556
3.630116338279843
3.549923519084009
3.461992605765453
3.370140320356382
3.277576582741344
3.186673898246722
3.098915873891061
3.015031405494558
2.935226394378407
2.859395418007427
2.787298549776243
2.718712691963206
2.65353513308163
2.591826940198251
2.53380823682168
2.479816431927037
2.430227052700578
2.385341053587446
2.345261574799145
2.309798154111597
2.27843345991742
2.250367749236178
2.22463054463624
2.200229401183422
2.176298812299529
2.152218240210622
2.127681783752073
2.10271619455395
2.077653710137501
2.053070081932331
2.029698011098426
2.008324967121652
1.989684437558107
1.974351627552797
1.962657071400511
1.954632213752381
1.949998263227657
1.948203612339945
1.948506714973021
1.95009151337334
1.952193309586032
1.95420793676259
1.95575965443665
1.956714154819747
1.957139409365145
1.957233050439574
3.725646124114237
3.729486420793855
3.736413715678983
3.745669946403461
3.756197729605455
3.766747276389501
3.775967961526242
3.782453402870996
3.784718087577045
3.78466316642867
3.784475066539801
3.784509431114597
3.784618148655998
3.784179425337858
3.786603653596375
3.781569602860863
3.751792838304129
3.698242593040419
3.626417382763474
3.541355793635003
3.447621820144242
3.349351499939099
3.250155786652234
3.152921096942789
3.059670204834467
2.971586834259418
2.889187045390766
2.812548715185795
2.741523599632073
2.675900595829366
2.615507158918767
2.560245725769184
2.510077511217728
2.464974529930833
2.424856905173888
2.389526721815217
2.358610174841513
2.331523614565994
2.307478393266257
2.285530631425522
2.264668674706659
2.243920016356021
2.222455850306696
2.199675530586792
2.175261375009736
2.149201748497413
2.121784312384703
2.093561786941536
2.065291744958558
2.037852464566229
2.012140136298397
1.988958067304099
1.968913567333163
1.952340296534597
1.939261583780111
1.929403805006931
1.922259576405722
1.917189917646225
1.913544907555417
1.910776672082165
1.908519649497966
1.90662191960733
1.905125777289842
1.904210604432154
3.751651901149101
3.753821897584536
3.757772612678329
3.763125271242813
3.769325321498591
3.775674260392009
3.781344134853348
3.785361071801796
3.786555726125163
3.786400538171025
3.786295087249907
3.786287567050149
3.786373095552742
3.785900899896086
3.788325222668943
3.783318802973477
3.753130586316067
3.698052381457939
3.623646054418327
3.535246616901147
3.437786644108614
3.335691819274297
3.232771063769873
3.132077831113572
3.035812079712224
2.945338161078019
2.861326848466319
2.78396664199889
2.713172072044087
2.648742417894269
2.590455808542488
2.538102483934319
2.49147153389385
2.45031092435341
2.414279933352609
2.382908306583046
2.355572001547026
2.331492932130069
2.309767464909577
2.289423214094066
2.269496574256945
2.249117686530584
2.227588226155647
2.204440913520476
2.179475521677137
2.152770995876462
2.12467512769776
2.095772441367101
2.066829697117946
2.038719073913923
2.012322792836457
1.9884287898302
1.967632539674607
1.950262595522912
1.936345413141661
1.925618793535605
1.917594045746029
1.911656423412151
1.907183772020856
1.903657600700066
1.900741751394596
1.898312417243543
1.896437319288974
1.895316397515079
3.752518767897511
3.754711259859274
3.7586979164919
3.764102022517857
3.770390796840343
3.776894835108552
3.782787899628965
3.787034705025757
3.788329187787994
3.788165639133326
3.788072513076275
3.788050027525485
3.788126903881783
3.787628500695935
3.790099951745319
3.784981482994698
3.754118639654263
3.69780172090482
3.621771518596416
3.531599783592029
3.432466666767689
3.328954288339367
3.224889526772119
3.123247266781564
3.026133869174354
2.934864104149936
2.850114600979011
2.772110205432421
2.700796255080874
2.63596827808666
2.577353094417559
2.524647580623845
2.477524482948917
2.435615456963151
2.398482666320982
2.365590894863636
2.33629139961081
2.30982659697151
2.285360867410765
2.262036968972667
2.239050548501262
2.215729362795724
2.191601810820284
2.166442392830491
2.140288197677463
2.113427116659945
2.086362348571432
2.059758308360454
2.034371840884051
2.010971956735286
1.990252733046778
1.972747516275442
1.958756355702718
1.948300253342812
1.941113832090808
1.936682507564151
1.934322108937315
1.933289214865764
1.932901297007509
1.932640565803756
1.932217516295006
1.93158034772051
1.930871812176439
1.930350131042288
3.728754829748513
3.732707990905604
3.739804695150225
3.749253166186305
3.760025368770314
3.770944169843329
3.780677383808475
3.787670163836002
3.790073114738507
3.789950652288258
3.789818265194199
3.789800189816175
3.789880379459074
3.789357451476427
3.791923399416816
3.786545168247716
3.754758745636011
3.697505339602415
3.620783598104818
3.530362889710497
3.431526665102379
3.328817133704533
3.225865562827929
3.125356843780355
3.029119089683076
2.938284535336505
2.853459998987094
2.774868658404289
2.702456148645134
2.635972761859144
2.575044749424212
2.519237990192109
2.468107387138525
2.421223001783741
2.378169728374594
2.338526589201457
2.30183926836857
2.267602426170808
2.235266073434879
2.204273383085611
2.174127078550227
2.144470578157722
2.115162427821086
2.086322060449903
2.058332444747768
2.031797324509566
2.007461949493491
1.986112559593417
1.968470900629366
1.955097441060981
1.946313061174526
1.942145873280705
1.942308340505697
1.94620910067932
1.953002211113098
1.961672777308237
1.971151665360852
1.980443803931196
1.988747098393053
1.995536501280652
2.000593489532304
2.00397458255039
2.005929340751175
2.00679248590331
3.68145801914927
3.688876549763307
3.702099255404496
3.719502528566812
3.739036705176713
3.75847113600189
3.775464417208565
3.787504520737998
3.791825065972233
3.791737421651448
3.791536065044829
3.791538746458967
3.791636439873038
3.791089890901957
3.793802064400101
3.787987001660987
3.754992440303266
3.697130324303092
3.620670480896511
3.531506909772155
3.434846742346084
3.334938881558718
3.234964793755085
3.137136392077932
3.042924174138066
2.953283041095978
2.868787712991868
2.78967669798264
2.715861526752946
2.646960489462319
2.582382547512006
2.521449241468837
2.463520689659612
2.408090623862019
2.354829062036184
2.303570539344453
2.254263039320756
2.20690344964526
2.161488049190988
2.11800118225499
2.076452358209547
2.03695341283651
1.999808317940569
1.965577190414401
1.935080222528487
1.909326346822169
1.889376554700316
1.876171762172128
1.870363721830237
1.872184215034949
1.881375260166659
1.897186643004513
1.918433708014218
1.943602425301282
1.970988979378835
1.998861293773576
2.025625288943917
2.049971887835304
2.070978584937976
2.088145855932781
2.101362676008312
2.110812356869576
2.116844691657326
2.119847986089916
3.612563053003238
3.624963563508416
3.647052426063039
3.676053851352438
3.708407534164625
3.740256069229098
3.767705795990633
3.786841249128186
3.793630992898827
3.793494999372076
3.793221526335432
3.793263679320479
3.793401138292243
3.792837340056325
3.795754246851804
3.789282427206589
3.754735406607312
3.696653033483058
3.621512145999888
3.535172415179864
3.442486560653483
3.347068272936651
3.251375949370015
3.157054673605131
3.065306612193169
2.97708772312359
2.893091553383598
2.813622262413247
2.738494661692502
2.667048311533595
2.598286952533161
2.531099212790851
2.464495031658829
2.397797700846144
2.33075192641409
2.263534347183568
2.196678241898761
2.130944427254621
2.06718244201538
2.006227566228806
1.94886792731973
1.895891115129714
1.848185412454634
1.806839380191901
1.773173008245336
1.748654926897096
1.73470530943739
1.732429995443583
1.742357730228765
1.764252519726963
1.79704949333253
1.838924262655373
1.887469959818095
1.939939877210804
1.993518592953788
2.045591455467638
2.093977037529798
2.137081382080743
2.173944661929748
2.204179041752288
2.227825764549172
2.24517707942864
2.256612016478453
2.262484190755544
3.525335883632343
3.543766053597134
3.576785243491267
3.620422278474035
3.669254599429001
3.717165338390853
3.758032493898924
3.786029475561175
3.795536439664694
3.795176058298585
3.794856799267504
3.794969168046273
3.795185447444293
3.794627299541848
3.797811481778529
3.790420244142616
3.753953474376019
3.69620722048168
3.623689317641894
3.541901599018194
3.454863983946419
3.365096205308288
3.274129853366161
3.183177582344096
3.093520661510355
3.006465550024125
2.923025208534202
2.843584536999943
2.767734624087845
2.694331335371985
2.621738589086489
2.548175795064956
2.472084889691092
2.392444090116189
2.308972955577659
2.222196091952399
2.133361968365409
2.044245679858718
1.95689244810617
1.873373811980091
1.795624853016161
1.725405208144873
1.664379537296215
1.614255023118307
1.57687109487607
1.554142723674003
1.547822342183889
1.559133301062982
1.588389497930797
1.634726580166517
1.696034661893176
1.769115835597168
1.850020053407346
1.934478013470654
2.018356928257619
2.098076651528927
2.170916543487824
2.2351446852373
2.289943184894935
2.335170709791826
2.371054173043573
2.397912964808449
2.415993935948987
2.425445042985267
3.425024074554201
3.449680337839582
3.494424544585692
3.554551606293416
3.622759048024475
3.690010721109175
3.74702213696738
3.785371486802588
3.797549800630647
3.796711111775824
3.796398769979543
3.79664295465509
3.797008232963463
3.796515718601822
3.800022282665288
3.791442528043079
3.752799560912958
3.696331144832486
3.628218893921605
3.552943880343764
3.472875984646234
3.388938655216225
3.301843403930456
3.212941435787304
3.124239413382053
3.0378099619404
2.955091940385233
2.876435675281674
2.800996763349844
2.726919272526589
2.651703662626659
2.572669892237229
2.487446815741094
2.394423318968903
2.293091541386304
2.18421662841784
2.06979441982323
1.952806588809041
1.836835336059534
1.725636159208235
1.622775606579136
1.531420481981169
1.454316851428686
1.393921718921466
1.352565020124074
1.332476915671438
1.335570685257276
1.363010386618044
1.414718853364485
1.489016557227808
1.582533467347064
1.690446183536837
1.806991466687015
1.926147785828388
2.042352507723715
2.151110141360062
2.249357603515257
2.335498913237003
2.409112811953595
2.470449033546131
2.51989941975456
2.557632318677282
2.583500441594367
2.597203500810112
3.319423120107104
3.349367374609638
3.404766264308462
3.481212317289907
3.57014031350008
3.659240926835526
3.734888066686675
3.784932746149995
3.799575549838118
3.798000735305298
3.797758826159978
3.798261858316874
3.798900748408337
3.798607122545686
3.802457909830025
3.792506376554726
3.751821157326928
3.698365821749487
3.637250337777714
3.570549864742736
3.497773491194171
3.418090107759947
3.332257498998159
3.24292826158987
3.153625640419998
3.067409014320087
2.985966105518119
2.909304877702503
2.835881238850578
2.762949604434243
2.687012639129328
2.604334676792975
2.511511137672161
2.406058199297592
2.286938064107927
2.15490574917677
2.012580586856427
1.864210535990623
1.715182520384713
1.571397535219578
1.438651197415556
1.322145170954865
1.226220453393719
1.154345736344363
1.109291105666032
1.093294349933705
1.107996136930948
1.154069917038424
1.230700518565706
1.335163605018403
1.462692630405531
1.606726777317462
1.759557202241519
1.913316260804008
2.061074578645823
2.197684812592356
2.320123821987582
2.427300721800634
2.519437197081637
2.597231902763462
2.66109452791297
2.710745332185961
2.745315296720615
2.763812024214626
3.218971121106318
3.252375329534114
3.315415112281433
3.405039525936384
3.512902861675697
3.624382522790382
3.720785407552699
3.784224978124723
3.801387874996118
3.798913776694406
3.798772126374715
3.799785358355816
3.800913058753046
3.801085079646044
3.805212404681496
3.79389859411067
3.752265678549933
3.705162240917884
3.65472155414354
3.597957169352262
3.530434934852201
3.450720621670915
3.361706718921737
3.268877009960291
3.177714499184671
3.09193466713081
3.012906636630248
2.939850145065127
2.87030410598309
2.80059001745469
2.726232135364548
2.642418136223895
2.544581561955037
2.429107207811102
2.294061717530099
2.13978481088946
1.969174654402896
1.787570097238852
1.602244365153204
1.421625317901813
1.254400729820666
1.108653980414593
0.9911542303405282
0.906928594832227
0.8592158055813007
0.8497411462941926
0.879017854639093
0.9463524860402852
1.049536102556342
1.184482648134088
1.345031379586045
1.523034060146992
1.708988792906998
1.89338379846783
2.068310889430513
2.228549449265109
2.371693379739384
2.497516312951442
2.606943387120813
2.700911882512248
2.779471361207669
2.841501669997838
2.885145179650618
2.908625776598018
3.1360483459126
3.171437494505725
3.238334024145417
3.334538017458379
3.453905265764956
3.583432170403119
3.701386359916585
3.781497942693348
3.802779617930906
3.799312635241979
3.799146196608233
3.80114603787213
3.803124756041749
3.804265266249334
3.808378179517706
3.795900230160448
3.756796425066738
3.722431352759906
3.686844936143296
3.638329773884244
3.569622319863231
3.482484237360273
3.384968622909547
3.28627284521815
3.193200221272438
3.109067459998843
3.03412921216995
2.96644299495887
2.902580553805533
2.83805398749317
2.767587138547833
2.685438733221385
2.585926957465942
2.464183962761524
2.317047334382568
2.143911403945135
1.947330979578583
1.733201432195133
1.510430096388327
1.290138707797004
1.084534394565641
0.9056034170115144
0.7637535160450224
0.6665825590024135
0.6181183249098618
0.61890681710383
0.666898956487658
0.7584604077931312
0.8888411812012892
1.0521041250959
1.240830089675101
1.445765681828314
1.656305423164261
1.862169912333355
2.055450411833754
2.231795266915686
2.390095034319632
2.531137525620804
2.656149667328521
2.765539874808428
2.858258469467822
2.931996186035453
2.983981155302744
3.011933822160124
3.0837623537693
3.122163822888489
3.190964359331714
3.284604396927899
3.400110660084154
3.5335315315759
3.668668049842041
3.771419114067698
3.803508357727739
3.799086049653277
3.798339942060185
3.802225444471208
3.805671048551383
3.808719569569707
3.812021115698704
3.798935697095715
3.771899896484218
3.760847631850055
3.741024306316856
3.691468967534234
3.609307119939735
3.505894081287079
3.39620874584999
3.291720061846906
3.1984697055424
3.118009430828908
3.048958765567408
2.988186208592249
2.931449648684324
2.873656722546008
2.808984844309261
2.731078079729224
2.633457637995787
2.510182715601425
2.35672529591354
2.170973863902227
1.954221387589136
1.711905467758756
1.453815527882558
1.193565206817533
0.9473375671092698
0.7320780067288666
0.5633086600162657
0.4527240228206015
0.4060367108786515
0.4221132988502284
0.4943395820592336
0.6136054831182917
0.7707672836471868
0.9572620504126589
1.164431843410175
1.382584960630689
1.601696765702432
1.813089235058879
2.01086787070382
2.192678078104845
2.359136316201068
2.511714709143555
2.65073669691882
2.774384821877657
2.879317171703463
2.962060367517588
3.01981117295741
3.050644861321056
3.075820594145113
3.122249149602525
3.194852110633051
3.277093128586731
3.3672372737295
3.476313001794637
3.609213693773577
3.73874664771589
3.800407475575226
3.797954042346886
3.795305593468918
3.80279698708843
3.808801844937923
3.815530511861204
3.816390539080858
3.806574573076426
3.81423223019292
3.836698163890489
3.820002443252517
3.747844108961901
3.636775737547959
3.511849070003787
3.391457255159172
3.284741921774839
3.19439006748359
3.119589125787945
3.057672430104799
3.00477138625491
2.956055970217094
2.905908927322256
2.848141376562237
2.776235023963218
2.683597077313018
2.563870815693509
2.41142885431689
2.222236212447368
1.995189902887906
1.733729786793368
1.447130394904421
1.150763146587856
0.8649371536336178
0.6124599389907719
0.415353320625834
0.2910592039779211
0.2484853712301796
0.2851508626651175
0.3879614920497887
0.5388328120826934
0.7213524781503753
0.9231120528080625
1.133237600702289
1.342104069165137
1.543794399051664
1.736337315225199
1.919566588231777
2.093986097833308
2.261216540057296
2.422304070479409
2.574250818110818
2.710171426374449
2.823026061364868
2.909016839737538
2.967432899860486
2.998287838333339
3.130739356568227
3.190982108314443
3.269087790042684
3.33491349464055
3.383264993725868
3.431263348445325
3.513679896606528
3.649951112671875
3.776062828104097
3.794202695871002
3.788163878886061
3.802426327980065
3.812967998450849
3.826573955361572
3.823148211065968
3.836418596206151
3.918459838858543
3.962365890594544
3.908260849328258
3.783448347725446
3.635373267532442
3.494375305767207
3.371735178271229
3.268876659055459
3.184264870896139
3.115888930016681
3.061179832227666
3.016302550709071
2.975898610387144
2.933563540543517
2.882712350808829
2.817218549177579
2.731459567398375
2.619881801379399
2.476570768987321
2.295522675162947
2.072169825283135
1.806084875979168
1.503970916259026
1.181507980498384
0.8627925168307972
0.5770754448900453
0.353695484347235
0.2165689029343011
0.1789749313435661
0.2388492553767863
0.3769240612598025
0.5629963996894333
0.7689279520171858
0.9757756920286245
1.166581780216984
1.332805136651812
1.479243608387695
1.618931765939692
1.763510063633252
1.917176700211578
2.079043557588178
2.246951579777998
2.410361736796955
2.554167770605345
2.667379903996383
2.747529015873394
2.798740398104157
2.825558245033958
3.284529048272524
3.348740115909008
3.418056918521458
3.468261430416098
3.482307730138946
3.449904688496165
3.409941519160681
3.467910717800315
3.684551307904337
3.782597189822843
3.775415624644078
3.800770184669618
3.81854439439673
3.843287494335576
3.837286112625718
3.93251117225107
4.121669935204037
4.112480969288296
3.957297486598257
3.765592920993181
3.594865882778858
3.456460805984845
3.344182908656876
3.250790475015756
3.172855427934062
3.10978531211406
3.060947298332215
3.023285131425546
2.990698317619846
2.95540693376272
2.910205193859446
2.849972481170299
2.771415497047848
2.671377631521965
2.544907915364421
2.384563769103388
2.181896278334783
1.931117825247319
1.634029940097456
1.304309281135085
0.9685701924708576
0.6624255543857273
0.4224246331599399
0.2774966457587426
0.2435983236658309
0.3210536837722797
0.4907468046062573
0.7129253476487926
0.9421473149607815
1.141789226468346
1.281494249061372
1.360311398258652
1.403614169928654
1.44757154444123
1.523519562826396
1.643902072450701
1.798675698704113
1.972635453281371
2.141732905709985
2.283087499256806
2.385869908783714
2.450056084536997
2.484321012482811
2.501279268597086
3.613708882304009
3.609819957567378
3.621255202371694
3.665038518040696
3.680810646496375
3.599039007307798
3.409239786564636
3.24992043367244
3.492307200656502
3.753201936443834
3.759508414936289
3.798444475505246
3.824962353118158
3.863034015750611
3.867703224290268
4.123504484880965
4.367022726602125
4.174437645030045
3.898385719120445
3.678576766111816
3.523923652082194
3.410757482941163
3.318670539520078
3.237364858497999
3.165194475896075
3.105115269415662
3.059648751857294
3.026954041047352
3.000050187171227
2.969483513900387
2.927376368704095
2.870175991400153
2.798067586064747
2.711564289257272
2.607814718681218
2.479116617781996
2.314266282900137
2.102425284644796
1.839149364229677
1.533226730506324
1.2106884438675
0.9114002429277894
0.6773505599429822
0.5386189684768304
0.5069368908524483
0.581911818465771
0.7583125315848029
1.00770339625747
1.269093347225086
1.440583075167783
1.482803780555134
1.422910554798847
1.314486253333698
1.216703041869041
1.185495534289576
1.256788244497357
1.414005823807422
1.590159547435411
1.746024243636952
1.864131804006368
1.944324964307169
1.987511840915433
1.997853940694063
1.993222426113362
4.253417770311531
3.960145721448939
3.851027309466901
3.906383243650123
3.946002917949368
3.878806888594524
3.667497102478915
3.319630968349012
3.384835684292545
3.73666587589694
3.762395309807561
3.801057071340167
3.827098251954594
3.864711920513602
3.885573906181307
4.230451591415751
4.335150612361514
3.978480454662915
3.714736789640586
3.55280044194234
3.44868275188146
3.370867454750856
3.301132754903799
3.232498502426673
3.166183090974393
3.107943740123609
3.062785738399807
3.029989210586244
3.002727452333238
2.971497222607518
2.92889919348541
2.873123488307329
2.807581922201939
2.735935486975584
2.657505438711829
2.566157866548521
2.451524879596225
2.301729848559316
2.108303947207826
1.873464820079702
1.616846307096276
1.374800209670565
1.187619511721074
1.080785552449807
1.053537973925557
1.092835833035664
1.21493915324084
1.458452576157406
1.772504045162969
1.863100311953747
1.749851415238424
1.508776120063606
1.214741794800054
0.9398893984527877
0.7578032084495917
0.7433789258843849
0.9273528317277964
1.088627582486559
1.188244048703372
1.253050853028462
1.299187408853997
1.32613064303597
1.322762266255455
1.270419532275515
5.317923881123058
4.387454151685639
4.157088052918175
4.182572420580864
4.186012631773495
4.140295260526
4.107864004480692
4.085561877100994
3.904046537752365
3.795314570334166
3.814500009197371
3.817414436660338
3.817346617977419
3.820286300799692
3.836034542027068
3.738529494787782
3.595934385929862
3.567770285274086
3.520367971794752
3.451256833689202
3.392022985582771
3.340278084629296
3.288833223778181
3.235451136687662
3.181097491991728
3.128612992924381
3.080885588216568
3.037397017025451
2.995747062830681
2.952611868583493
2.905458909869414
2.853497754490808
2.799174258463458
2.744493316335322
2.689330124204338
2.631915271896382
2.569127071021585
2.497119622693611
2.412823680014437
2.315997913567271
2.212237432194142
2.114972090291988
2.040391343094094
1.996677086283742
1.972560038491625
1.948323417493897
1.928552121011389
2.117475424707551
2.413035989068433
2.334299883428196
2.036089164971645
1.600944871891994
1.110802145893897
0.650818206824425
0.3012302686007417
0.1413909157218854
0.3129332276010459
0.4350311667119379
0.4157666070275548
0.4042328680356563
0.4033462597777828
0.4180916956617285
0.4407546299842184
0.3224940824398161
4.756431000514603
4.468062677921381
4.369910446198076
4.308982941034408
4.255926709987385
4.206185000048804
4.170586418687058
4.141166134916408
4.051108296151448
3.908357962367682
3.866219814885378
3.833762984398774
3.807207286201881
3.776027015116219
3.735619675100766
3.603958585319464
3.523710665745502
3.497631770838546
3.46569565692266
3.423039727224863
3.378298426572665
3.332280518483431
3.285030289577183
3.236705339281205
3.187241299679729
3.13729993993259
3.088585130711626
3.040290576534546
2.992257833706019
2.943831445881261
2.894854328270087
2.844480299497247
2.79436797343592
2.745061547634895
2.696281125423057
2.648018581329327
2.600359506768555
2.553335203654047
2.507064291472673
2.461422212181263
2.416680533960075
2.375868352344171
2.343148626710798
2.318815352640344
2.299463821692433
2.296136759861917
2.22873646208078
2.457447469653602
2.837816906260767
2.722961759715036
2.296400861252923
1.685419044762543
1.007777680422158
0.3818500976555895
-0.07944816110142046
-0.2599286383622202
0.002297740176958707
0.1768648033813736
0.1243989768882018
0.1247164247210304
0.1136822251139367
0.1043870258845833
0.09314297120542556
0.09592513720135107
4.459591215458171
4.366247256633678
4.314339295222339
4.265502932072007
4.219973371723884
4.171367351513134
4.122387640633488
4.071180259167982
4.000173621513103
3.92039962044174
3.8773979692711
3.83913722219948
3.805212515434021
3.767981643247519
3.726643130559483
3.652427525723429
3.587707683947367
3.538213908877541
3.488322152411802
3.437137256492402
3.38697990167903
3.337383779788852
3.287747920537843
3.237548938260439
3.186036756372244
3.134384406492631
3.08611905743683
3.039371440467052
2.993490579565688
2.946702032706678
2.898347412162694
2.846466505366708
2.794493047059015
2.743439443648522
2.692385086691711
2.64075463032616
2.587961470456791
2.533169774696939
2.475762801302603
2.41495347560846
2.351408196150726
2.29209112564912
2.246503957086247
2.215390089216056
2.196491012749876
2.208253217248486
2.142318461494946
2.456698244103292
3.022465515523323
2.970182657277498
2.486362006990883
1.74503909947195
0.9156764994101216
0.166082896105289
-0.3420337860027914
-0.4526660857610484
-0.008757556104768827
0.2502276493704795
0.1987164340015361
0.2143078852326673
0.2073144715066441
0.1949191042910751
0.1678386429687166
0.1627467544454417
4.384191154512548
4.344536037028869
4.312405301904542
4.268257065685161
4.223116861088249
4.174700048424429
4.124700851154175
4.071551717820661
4.006169900095752
3.935913237869803
3.886985502327036
3.843290493316462
3.803574939293951
3.760867722604426
3.71368983368133
3.647071804911717
3.585717422014755
3.534491741269265
3.484894431624614
3.435360089507987
3.386401648632172
3.337572954158427
3.288656771364451
3.238946071202248
3.186094197848341
3.132036382860657
3.084419270818942
3.038729400971335
2.99430277164891
2.948505262148422
2.90073188221077
2.846456091426127
2.793363294858416
2.743286108247569
2.693790260897059
2.644194266632619
2.594309541212901
2.543375671486662
2.490482555050552
2.432324840223143
2.366185637680241
2.30258854825584
2.257617666046082
2.2271395312776
2.208645463767184
2.221865181185735
2.14216458954642
2.42603474992479
3.073603421353078
3.073267146953149
2.571036549376243
1.761961163697699
0.8498194873693482
0.03308320576582668
-0.49044552123373
-0.5409439580368772
0.002422849284042249
0.2454755849527862
0.1794174271215511
0.1959655405626324
0.1870556289522857
0.1722433397754371
0.1421575021952476
0.1500899334874872
4.384102159463511
4.344470675430924
4.312339707306294
4.268161384061475
4.222950434234931
4.174415298470677
4.124270014631088
4.071151125280196
4.006226289696287
3.936436990358693
3.88762988479846
3.844032623214003
3.804321582150348
3.761514731165516
3.714260946592977
3.647199999098917
3.585445338402613
3.534449476387629
3.485327427276301
3.436359807257829
3.388015623803622
3.339867038823991
3.292112246014597
3.243287966568925
3.186943972673038
3.126862080544552
3.08063402938354
3.037302391555824
2.99608792414939
2.95258802903476
2.906168640902968
2.845923368598877
2.78967065904516
2.741015659997367
2.693449193173889
2.64571013717915
2.598296358717757
2.550601706933699
2.501539829065087
2.44218464584574
2.361977122466295
2.281168872251216
2.232712035091334
2.201057667208476
2.184551615920372
2.201887982090062
2.125138546256183
2.402205574216471
3.060958496771267
3.041961138110723
2.519963298678398
1.719839713805848
0.8314045818181828
0.01779851477784587
-0.5300976601232207
-0.589861578239997
0.0008861225403198163
0.2533610394726487
0.1863468153038787
0.2068468520514938
0.1980036682057933
0.1802764395559953
0.1444145319785293
0.1430755925838287
4.459112560888075
4.36583500088192
4.313900380962042
4.264965779281442
4.219187650880717
4.170135652798474
4.120604098928858
4.069510741081686
4.000220817084804
3.922164114667411
3.879465452642223
3.841454340731855
3.807515923108697
3.769944558039564
3.728337436521763
3.652288965760874
3.585679982943408
3.536392200581245
3.48744226262028
3.437116765458118
3.387440307137206
3.338064883994762
3.290808284996717
3.243820203733833
3.181351750758773
3.110187135333859
3.070439137932023
3.033746467955841
2.999967620661461
2.962952789769066
2.922839170607256
2.851335335726632
2.789157831869645
2.742542468674673
2.695892658718049
2.648146370563111
2.602472810390722
2.559223209128584
2.517889901971152
2.457094602451375
2.34932628225672
2.235828101488134
2.18865208016997
2.159272269151607
2.148518518116104
2.172511855116491
2.111404628595371
2.412302051302669
2.991179984622592
2.836951556426714
2.293834192377449
1.607443793715777
0.8820418004952624
0.1728218775302468
-0.407839287281813
-0.5988100492514461
-0.04141418010601033
0.2550734002201904
0.1981188053976791
0.2237400769034897
0.215784707444757
0.1943175611330868
0.1509099228879844
0.1264859625297644
4.756876869449007
4.468657005939127
4.370408567230413
4.309291807879197
4.255926995670263
4.205609745651326
4.168866651881595
4.138836345792569
4.050585049375343
3.911667697306196
3.869848957487687
3.837830587556443
3.811289537583177
3.779596176875951
3.739269196901994
3.604202197585153
3.522843641941142
3.499424002058231
3.471293852631782
3.433117086396674
3.394132664184037
3.356571446436402
3.329390121680882
3.306975473627495
3.228858645395574
3.098444254680405
3.06015610739145
3.02986440613843
3.004214094535799
2.973517807177833
2.934965342370127
2.804379527473218
2.728499344115987
2.708648843216094
2.684196712191753
2.649772429774014
2.615356631721635
2.586158798265356
2.576122866962028
2.546339083000146
2.414940914979956
2.187181913813138
2.131090705760735
2.101045302167164
2.096865482454235
2.129933871735401
2.113928239640738
2.507215257954608
2.769504764048334
2.368796768552189
1.888285835019577
1.440023496274212
0.9953490132070451
0.5188975687047122
-0.0108466135060677
-0.4543774518882156
-0.1713002409264853
0.2389893346464576
0.2228163132770545
0.2569230139781863
0.2531993891911476
0.2309560047198429
0.1789734682895839
0.1021247362074267
5.315743946776605
4.385889217272569
4.155926118358424
4.181517036613336
4.184259190062942
4.135491209316792
4.096617764860978
4.07093582734347
3.907562199113446
3.803581242749195
3.820908618080602
3.823904309651337
3.823805197476831
3.826369402455425
3.844661187518515
3.740287850499644
3.576035317627564
3.551024923798719
3.50988149126969
3.442245112648537
3.375611079899486
3.310141081721475
3.272732325585727
3.252244469196421
3.094394385273664
2.994740020203623
3.013420278478783
3.016793853131421
3.017107996133597
3.019914768206315
3.038727143080924
2.937638848542987
2.778508385831596
2.755891075705726
2.714501388703269
2.646106314146184
2.591650537121388
2.585991716589557
2.671341651853476
2.678989431837616
2.136681503089639
1.960461991708393
1.995025947841613
2.001745369861063
2.014822412600247
2.053328287120441
2.101515043590477
2.505243652512145
2.111962347133194
1.646643473149386
1.440210113253082
1.28172697769814
1.107542045979582
0.9277562232527364
0.6758752594236658
0.1600254642444517
-0.2038452490033726
0.2321508081252225
0.2777698461474711
0.3093939454432458
0.3023003112022666
0.2661485242655405
0.1626420321012361
-0.01461967394880771
4.233754651518391
3.941980900821472
3.835063441380326
3.892346035537227
3.932128039515238
3.861730077653986
3.645554337141444
3.30207842194649
3.394513535280372
3.747862921058487
3.771155027901328
3.809707737640889
3.835655162654817
3.872758977982886
3.896790574125447
4.234653240616354
4.29985480215726
3.928186786187766
3.655795597128834
3.473885456904055
3.322997074254481
3.147599461041611
2.888376383484748
2.534259943751588
2.606671123121011
2.942924348901522
2.966816205548079
3.003868912396532
3.029419132785248
3.065767544444339
3.090828595589692
3.42221687609355
3.476832082972765
3.093919217883128
2.798807666645483
2.59290261197108
2.445781526821746
2.338148917485046
2.184503535230051
1.774574200558103
1.414802905125984
1.802922542969968
1.848350293986537
1.886420175270157
1.896879742058906
1.897789731911267
1.927190173770923
1.727374597635601
1.150786565854946
1.150763873157317
1.227133542127192
1.203273216470349
1.14081165915412
1.10990324181011
1.166222905344668
1.145405886339783
0.5826707417900492
0.3942897842211255
0.4266165776323863
0.4231813194270578
0.419314020971627
0.4227645592708972
0.4312895854801825
0.5650061238392716
3.556233106950032
3.555789223776288
3.573063905890338
3.62378493857288
3.646240955128307
3.570683265956038
3.389182963119527
3.244263245443068
3.50269421424067
3.76513700416875
3.769919327701741
3.808911287032868
3.835457323818674
3.87301460776682
3.880652546008102
4.12969850024585
4.34002516312402
4.11170696815417
3.79707455913081
3.520902842551247
3.271559255661712
3.004208266886228
2.705602299013266
2.494788552549666
2.711622225661589
2.959009789394354
2.966105736347687
3.003304888953512
3.02944195730805
3.065810660412348
3.075978565738968
3.316359728818285
3.493243949251538
3.210258987924945
2.819889427275612
2.457794279804248
2.130319997846915
1.798605431365463
1.420632959643795
1.100180744364553
1.410096745712777
1.799624940011737
1.77731206696892
1.807402436335607
1.79737711025339
1.757439587707433
1.688320424857107
1.435050887790819
1.283988249673561
1.245754068695164
1.227089746101963
1.1865865210293
1.141176947323151
1.099673689166615
1.077570874530571
1.035283811203775
0.8916534955036344
0.6386569554571925
0.5709164469905105
0.5278581130978266
0.5102485756758128
0.5126413302292109
0.5394395773480051
0.6201569040797155
3.169430322622196
3.240449727019119
3.321855503035966
3.388021724913478
3.420612276777141
3.408723062737697
3.390708244674927
3.468968168747349
3.696202502717374
3.79547669683832
3.787396031576765
3.812964972575079
3.830935207195817
3.855253777251325
3.852151797152763
3.941022690118626
4.098987648775197
4.040344667477596
3.819857800037295
3.541242028000746
3.255713029879201
2.985188082956876
2.77822423731772
2.73307450997789
2.89784608304721
2.986934106527913
2.983197744004643
3.007202884603429
3.025045992816145
3.048005977787691
3.049419402913439
3.128649087203009
3.227346236481111
3.058674393840982
2.689217788901321
2.233414840153314
1.751381910973821
1.274505182226313
0.8904602005528854
0.8412267621386961
1.490264479455609
1.80810983685025
1.739338114059099
1.760299171069033
1.742638624222054
1.702764621227975
1.642246010412615
1.510133120433913
1.384241155110735
1.309103760338257
1.253643054473259
1.195745996812022
1.136590344735069
1.077318686958348
1.019118329056776
0.9415887957461141
0.8195401789125668
0.6902078207378888
0.6328267030392579
0.5933292305658082
0.5765503493217018
0.5793902036088606
0.6055461467297668
0.656782723197798
2.939475730561751
3.01149084449875
3.110796881388808
3.205265125543383
3.287413903773761
3.371745419275319
3.489078607703557
3.652422101684601
3.789669476213506
3.808360543536213
3.801628986684841
3.816297068183062
3.827262209624239
3.840615910513945
3.840343186437141
3.847128110525762
3.89503425932251
3.880397805783644
3.746690013356141
3.526050845171476
3.278285509415188
3.063466550128543
2.939264743697048
2.934498936768774
2.989804548822536
2.998262436134596
2.997255870405873
3.01037595529325
3.021402453217254
3.033125858284852
3.039381111881239
3.033894168199081
2.993861274267989
2.809737766783039
2.447574124409226
1.95760625683141
1.418240354005425
0.927196534055226
0.6356538060788848
0.7576060228861335
1.499476608816686
1.801054716532997
1.715490919829234
1.729397765071696
1.705016530227953
1.662160001229043
1.599710359841321
1.50151358304047
1.403484597176232
1.327910014567981
1.26270047288729
1.198415304285627
1.134357655386881
1.069807816867427
1.004215827480181
0.9289667691409904
0.834566301902111
0.7398849648576293
0.6813751848914703
0.6413150105884761
0.6230304766606247
0.6244860824356602
0.6484846057635644
0.6940349692388386
2.791998286573024
2.856601882820915
2.961965590800313
3.08829071055672
3.229549131040582
3.391582796381886
3.572923516341048
3.738606597146283
3.81526669394817
3.813302277731625
3.810004659246653
3.818243398932065
3.8250119227015
3.831748873705307
3.836087089605355
3.818946836117182
3.789080040021707
3.749208186843572
3.652613284022274
3.495774803141108
3.315464513163335
3.162276925305749
3.071897218191015
3.039385350210756
3.017048108600753
3.00218640706346
3.00570247887285
3.012219023130247
3.019097095604061
3.023792608652266
3.036703364160206
3.003002333532264
2.853897605003118
2.586162469177429
2.190060535903408
1.696940945166477
1.183880621021609
0.7637269301549792
0.5764100462379189
0.7726504906076606
1.501489213101202
1.795779694323617
1.707293499174348
1.716289129554309
1.68883043737624
1.646144276618366
1.586182390198422
1.50490402104319
1.420052902856308
1.343373335121796
1.271771536237816
1.201745424703921
1.132395993222123
1.062663604693107
0.9918166354475264
0.9167735663164218
0.8355357748642716
0.7583743487845435
0.7033274658701416
0.665393096002153
0.6470831809288704
0.6472823392397791
0.6676085956640119
0.7060635849082587
2.69434020968083
2.758162059348942
2.872819164003457
3.027905615706179
3.213606856210998
3.417867641260374
3.61596662176031
3.765320052748325
3.818550753882324
3.815383326656459
3.813932364099123
3.819123964322893
3.82386343863091
3.827375004452792
3.834412010639565
3.813091150815341
3.74734244553522
3.675447325293167
3.585003750101164
3.470591768146942
3.345839821302057
3.233705089976244
3.147480064625318
3.081332471566566
3.022618828328654
3.003660880930898
3.009832904643927
3.013060064141972
3.017795832869613
3.018775933813293
3.036245204820969
2.992866605479409
2.776885748771562
2.426474454803773
1.98360844187175
1.498677080773668
1.047829610171248
0.7283309463110816
0.6404904275861648
0.8753914949758641
1.53148827120236
1.797445583473271
1.714072158020383
1.718247610543356
1.688717581316216
1.645339671526155
1.585992645315961
1.511364517009565
1.431428175335433
1.353516046084052
1.278056988380271
1.204072173830061
1.130872931407353
1.057516602116577
0.9834319032432377
0.9078519389874765
0.8316617519349391
0.7615640593349886
0.7078693096069324
0.6707178814474506
0.6521912936572227
0.6513894528256884
0.6680987657952417
0.6989648912511115
2.633178284243364
2.70105903519022
2.827087516455127
3.003077803726189
3.213501529787977
3.4337276696085
3.630315301320795
3.767199361515122
3.815692254195798
3.815787519941138
3.815106180455804
3.819332530636726
3.823542358456402
3.82610921728959
3.834205879761657
3.813197057090615
3.735608254371401
3.644589269860849
3.550944932674111
3.456856820198987
3.362910680956096
3.270462557417042
3.1801249330562
3.094033716531533
3.022791941509519
3.003888239837545
3.011119522960881
3.013322386601605
3.017298486403014
3.017099209757344
3.036697691135219
2.986771628266486
2.733966597263345
2.328113833948007
1.849421288330935
1.374301632179672
0.9825314687340799
0.7544509112614263
0.7573328887895198
1.032550407494326
1.600812841545437
1.813683432219694
1.737905916835963
1.73641115066732
1.705616861730588
1.660502057518797
1.599215665684359
1.524308617242151
1.443222640792833
1.362148780933711
1.282998529688122
1.205656280325111
1.129283281222976
1.052696068578102
0.9751401719039378
0.896622190202602
0.819263662889911
0.7490176927072878
0.69376801734285
0.6560610351255357
0.6378202932701349
0.6378830019470194
0.6534744206601432
0.6781693262680666
2.602542757638
2.674082501705297
2.807962918002949
2.995058619242959
3.215840415934933
3.44016132975997
3.632860833307093
3.76285546058817
3.809654290012797
3.813640707479608
3.814269018069238
3.819008425458192
3.823852824333854
3.826757558617368
3.835447704475743
3.815958254386123
3.734687473923647
3.635126153091192
3.538472069853539
3.451596400248886
3.369841124307943
3.284385656581868
3.190754598994468
3.095939904489738
3.020783421564667
3.002965747817388
3.010707724178276
3.013145587225607
3.017428984939274
3.017046282443591
3.036382288811653
2.982237393635825
2.713319216006342
2.28010668278717
1.782942298481552
1.314185106941989
0.9573846647922833
0.784753558920937
0.8490035848413185
1.167892008147408
1.69549509631472
1.850370934100674
1.774406737935924
1.769570543910962
1.738036564358714
1.690149322308816
1.624163614944819
1.543664162240298
1.456652729258665
1.370153379354935
1.286855381043604
1.206523094853133
1.127579998617718
1.048006106711681
0.9663043241884915
0.8823337883124487
0.7988992901064648
0.7229193138304923
0.6629833317217777
0.6233686468780057
0.6063004710199578
0.6103109461132805
0.6301049279218843
0.6543372607696806
)
;

boundaryField
{
    inletLower
    {
        type            zeroGradient;
    }
    inletUpper
    {
        type            zeroGradient;
    }
    outletLower
    {
        type            fixedValue;
        value           uniform 0;
    }
    outletUpper
    {
        type            fixedValue;
        value           uniform 0;
    }
    sideWalls
    {
        type            zeroGradient;
    }
    topBottomWalls
    {
        type            zeroGradient;
    }
    frontAndBack
    {
        type            symmetry;
    }
}


// ************************************************************************* //
