/*--------------------------------*- C++ -*----------------------------------*\
| =========                 |                                                 |
| \\      /  F ield         | OpenFOAM: The Open Source CFD Toolbox           |
|  \\    /   O peration     | Version:  2506                                  |
|   \\  /    A nd           | Website:  www.openfoam.com                      |
|    \\/     M anipulation  |                                                 |
\*---------------------------------------------------------------------------*/
FoamFile
{
    version     2.0;
    format      ascii;
    arch        "LSB;label=32;scalar=64";
    class       volScalarField;
    location    "5000";
    object      p;
}
// * * * * * * * * * * * * * * * * * * * * * * * * * * * * * * * * * * * * * //

dimensions      [0 2 -2 0 0 0 0];

internalField   nonuniform List<scalar> 
4096
(
0.8030393043182589
0.8741469780914428
1.012663237200295
1.219542380788424
1.487261164167925
1.795140564287223
2.109617838383338
2.388657941859667
2.584651594883542
2.627409525195381
2.610521921793779
2.617428597058288
2.620368332814301
2.622351691778394
2.62197227742709
2.619229867210128
2.614333165400013
2.607742615416636
2.599999505383019
2.591659410406137
2.583252430542511
2.575272650811143
2.568176481451267
2.562384074267535
2.558263720979761
2.556094006318583
2.555951056675837
2.557692477373063
2.560267683911967
2.564059220947338
2.558859315965802
2.569453780627037
2.581576805646693
2.515445611394069
2.361277326047132
2.11600870686569
1.785334804225369
1.386417692408943
0.9464497393653903
0.4974302875647461
0.07037177492266609
-0.3086288319311181
-0.6199314068530707
-0.8501301136104279
-0.9909226333880716
-1.037836671470948
-0.9894515157496904
-0.8474166799994927
-0.6170114745212223
-0.3076756520965158
0.06689060649515144
0.489230969936799
0.9394513301077265
1.397432269804433
1.845340648504896
2.269425074406873
2.660517920330035
3.013399161164784
3.325420448290219
3.594795790323056
3.819117858785107
3.994730204385328
4.117199663170934
4.182512911360289
0.8762208929317212
0.9421292685628457
1.068338372235594
1.254760353727485
1.496918244902816
1.78139929919954
2.081515147402188
2.358670922569203
2.571470838569216
2.62334018909025
2.604359268025629
2.611778739582908
2.614302908628903
2.616294333631227
2.616226418628065
2.61417699906158
2.610271259409023
2.604876505353972
2.598439698963932
2.591437803143248
2.584340364572928
2.577593363758273
2.571608306507533
2.566758193153388
2.5633575611766
2.561634462765718
2.561627126229726
2.563275820051806
2.565529389032812
2.569976704089203
2.563642527549979
2.585453315457082
2.618477642849231
2.562457496186117
2.410402962506917
2.159235217201029
1.817990485138074
1.408896106391168
0.9623681833186901
0.5107587483117774
0.08391353914068905
-0.2930842203995717
-0.6007623256087953
-0.8254139622152412
-0.9588293266621364
-0.9976059947796441
-0.9422021378467387
-0.796230057411246
-0.5663343697013737
-0.2624173235108463
0.1022089256030891
0.5109160458400547
0.9448038205729461
1.384909824793328
1.814753469912707
2.222023181734591
2.59873134599663
2.940174362319585
3.24349086445095
3.506175205010315
3.725064799916732
3.896172560546978
4.01529081142113
4.078994978381433
1.013134760115171
1.072976284989081
1.181775046705653
1.333544775174867
1.52689748470141
1.762953559803929
2.033167803536883
2.309627273717045
2.554871019561516
2.619452688255347
2.597000565989758
2.60661429107543
2.609483879439217
2.611987599831865
2.612372541835444
2.610884834124025
2.607655087502949
2.603038707915123
2.597447675857507
2.591318873119801
2.585084306550397
2.579154622548528
2.57391043388875
2.56969909741271
2.566817853141274
2.565498641651028
2.565802592995465
2.567821766269508
2.570382601120785
2.57670749687069
2.566645633189702
2.60362006327648
2.679319241728759
2.645909346407764
2.496209700417906
2.231597775522997
1.871780532167575
1.448276088710075
0.9947231425030997
0.5419439992351963
0.1170895723020962
-0.256131614830162
-0.5578064730383595
-0.7729771789011302
-0.8930437152778767
-0.9163693954540499
-0.8472136517725017
-0.6934280449764104
-0.4646070359148206
-0.171679788802278
0.1725998543510486
0.5531158239317684
0.9534029751293407
1.35762188798278
1.752392604315618
2.128010990914472
2.478384534044966
2.799436771153434
3.087410169575917
3.337876114630076
3.546028696497213
3.707603088464203
3.81929323612183
3.878745383173394
1.209952393200878
1.269606085278409
1.365129231005076
1.476789752538687
1.602157503292714
1.759386222914167
1.972405296082512
2.242810003358435
2.535853979625232
2.615996921320599
2.589159283521134
2.602080807296606
2.606139710510254
2.609584889002572
2.610512945993566
2.609413673438871
2.606518477516949
2.602246908790045
2.597032228198283
2.591306070653211
2.585482843956473
2.579948894743322
2.575066184919921
2.571175317702566
2.568589940147796
2.567596905740747
2.568348408176334
2.571157496188988
2.574719244101106
2.584120622960352
2.568921778606224
2.623023811976739
2.760300502791921
2.756074880530064
2.599284230917624
2.310572321716951
1.930914120986927
1.500178035818334
1.04925384705526
0.6029669713908669
0.1845348655840812
-0.1828152136804703
-0.4770990117155209
-0.6804860420268823
-0.7827816041563482
-0.7840536037722337
-0.6941776031288546
-0.5282705122083962
-0.3012351925643058
-0.02590685749753021
0.2848162117147239
0.6177520147614273
0.9617043076280072
1.308054653764462
1.649494322848806
1.979644859817872
2.293898917256827
2.588219450024707
2.856269643696173
3.089575387693715
3.280670880334565
3.42579545985952
3.524341349480849
3.576363499511522
1.468325169743066
1.536139256723374
1.626029429958886
1.702937114590806
1.757357384095451
1.809658407660202
1.916592153723282
2.146454732289938
2.502895719998359
2.61092780737639
2.579944136237622
2.59825148950953
2.604460408469314
2.609146516086262
2.610566024488366
2.609597089446283
2.606674421095829
2.602342378294126
2.597094353533328
2.591374248787881
2.585586067499852
2.580093478707372
2.57524098683753
2.571368374459091
2.568824586144148
2.567988609923443
2.569178968385414
2.57304950506383
2.578384890213084
2.592649175838322
2.5722391080905
2.653951711339581
2.869605640166244
2.874549441723357
2.681916483188364
2.362038279645629
1.977897895884323
1.563673794233803
1.1362279806369
0.71032582903942
0.3059594528754542
-0.05176097801708998
-0.3367001386204384
-0.5269085550537843
-0.6095534398416287
-0.5851599767773262
-0.4692414592900021
-0.2869734280934698
-0.06224314874917741
0.1881673977578356
0.4480495842426713
0.7069156717156244
0.9641819250579176
1.225173578163516
1.493526490174976
1.766724096015089
2.038694089943237
2.303355453140427
2.548539980738818
2.759349640245183
2.925640861020422
3.045593224275541
3.123614299716261
3.164424160209606
1.809744682805375
1.878715271229933
1.954859090720476
2.009885650422552
2.021400465863473
1.975063515020401
1.919412400982674
2.009943354545345
2.417529321864196
2.599401890267445
2.569484821400495
2.596020898503331
2.605472940696178
2.611397404672391
2.612962322664191
2.611649620866383
2.608201843734983
2.603329580510194
2.597607959912045
2.591491331938642
2.585366425612376
2.579562414278507
2.574392092837854
2.570183393795456
2.567321076565668
2.566292608198789
2.567661127725418
2.572596650598372
2.580592277390816
2.602060812116078
2.580734564036157
2.728508896474725
3.013457604980973
2.950988466980407
2.685942182909769
2.352994525950949
2.004385297227609
1.644235983790682
1.26803127514667
0.8811907344367027
0.5031611731178622
0.1635521505770299
-0.1059117456662788
-0.2797210793271758
-0.3437531170664381
-0.2975913894861991
-0.1573995422706881
0.04351090567434923
0.2676511447270232
0.4851941615480252
0.6704158402395366
0.8207977656392904
0.9544185284905166
1.097162892239496
1.270074179524715
1.478131032214347
1.707947555212098
1.943127050718954
2.160901713616414
2.340745898842638
2.473615666734143
2.560406015892909
2.609925928370705
2.634611219050633
2.299027536467968
2.299668465749138
2.316484025508801
2.36568182951852
2.386809878389536
2.305336759622752
2.099169327215893
1.915977851316844
2.243018198576314
2.57056982488172
2.561633816308985
2.598105963629573
2.611176904038569
2.617493664650743
2.618283653525046
2.615807153327512
2.611146895835089
2.60516229970991
2.59850134494206
2.591595730468204
2.58478841662569
2.578342513846179
2.572504790232871
2.567552005757553
2.563870715496325
2.562013951800112
2.562808948784919
2.568080904818765
2.578986840988171
2.608928104604135
2.603519620318046
2.876736363540604
3.117127202514013
2.877531472730317
2.560284514569799
2.279057914072731
2.019249948017457
1.749437986198109
1.451932367994915
1.127829270665683
0.797230330165703
0.4942442326585531
0.2555818407914635
0.1075396608630743
0.05987030815406384
0.1111374692086485
0.2558499991287309
0.4699452501208377
0.7039738507949622
0.87486990976865
0.9507901694233456
0.954194122615138
0.9280173086545297
0.9184935789784829
0.9682221478405102
1.102534358143451
1.302572222972304
1.508107974521187
1.684795765819123
1.818487627230405
1.910550327434438
1.962855888564995
1.979848763150057
1.978704479603556
3.062023556503618
2.774794276061459
2.669886187144914
2.730316808296731
2.783217914559432
2.743232431530457
2.558762217747731
2.184347682134854
2.156677598024444
2.5518887362617
2.578040029910655
2.613546294404061
2.62542842270756
2.62899984052141
2.627092022279958
2.622193072525394
2.615439364865134
2.607694230529508
2.599630711510284
2.591583334635267
2.583806621078397
2.57644566388828
2.569627024494507
2.563505856750129
2.558386194063332
2.554712517503731
2.553334257337831
2.55626929266024
2.565964997394076
2.594980623528223
2.617559044395962
2.948514554237832
2.906132931852649
2.556107864629598
2.335926765264774
2.183597714157505
2.039654177582629
1.876593974300383
1.680876231308764
1.452080292278248
1.206908016266151
0.9774495562689322
0.7993182914438327
0.6949221373991676
0.6630848885359731
0.6906777778976754
0.7893113929261114
0.99167582199491
1.258491455427533
1.34408052574743
1.267839567719941
1.094421575250943
0.8856480778168704
0.6998062309865862
0.5954097315192833
0.6315138825901412
0.8296996673092999
0.9964632682733903
1.100026845796996
1.16722452770937
1.214362902472989
1.241806100472069
1.239582096371073
1.191120253776736
4.207266555843118
3.279280926223338
3.050696034555346
3.077839808597639
3.087789377149926
3.061709411531812
3.061485911413873
3.042721547580622
2.760894164170789
2.636987009474858
2.658549274352636
2.658986208303852
2.65417164863639
2.647820272452913
2.63981554202489
2.630733546356068
2.62083704444241
2.610635643604686
2.600753835536872
2.591295719446488
2.582367884591899
2.573927751339693
2.56590603500864
2.55823349745316
2.550992638666359
2.544127253167005
2.537754492042739
2.532295312017327
2.527716429502703
2.526741378434306
2.543920472333998
2.436512488133379
2.193691663575507
2.176900991235595
2.171670676491353
2.126296934722523
2.068467222281977
2.003621153218097
1.928143161153167
1.841072595175547
1.747592544617554
1.659947316592156
1.592592942878378
1.552878342954071
1.530956861599483
1.508571212132243
1.486639812124723
1.641349119296829
1.891642084798739
1.825455486387824
1.579881974770222
1.225640705589384
0.8317259174575411
0.4690666995298363
0.2032744802068547
0.09800748362180729
0.2705922077156672
0.386240480440682
0.3710461330300783
0.3613225854935114
0.3606410807618605
0.3735979495387061
0.3934411823904115
0.2874853659387726
3.665482461231679
3.375846884422436
3.278054158037791
3.21780089555208
3.166249885056791
3.119604014351057
3.089449615777177
3.058369420376714
2.963784740762427
2.789777393979943
2.740969354180594
2.707064784256036
2.684987709588559
2.668110904344082
2.653542033427617
2.639910284402514
2.626427885732848
2.613331434872334
2.601434430735164
2.590486126258866
2.580421952377787
2.570954948601835
2.561764113771956
2.552511414068741
2.543118534100179
2.532902447724269
2.521194359826377
2.506903987734166
2.48768193678412
2.457717116624229
2.415087013127821
2.266291969566043
2.187690299118727
2.16492381602166
2.144700507374997
2.112287719850424
2.076730600967009
2.039883247945502
2.002375585242575
1.964413956260397
1.926493722563202
1.891567572373084
1.863417785335286
1.842399042513917
1.82560894950136
1.82277450972366
1.762838881574815
1.962102839680193
2.298339028278177
2.206142205315118
1.847979504738888
1.335525723943735
0.7704381120227179
0.2536925189997922
-0.1190819322696699
-0.2499490615843188
-0.002488795595473049
0.1543290158894909
0.1068582299953617
0.1068142446473177
0.09680784155922534
0.08853871455848848
0.07896001635000406
0.08157251779354316
3.361060269805975
3.267340791261398
3.21577907139839
3.167911528225502
3.124273783980645
3.078514447326001
3.032454928290731
2.978834659549535
2.901629709659996
2.812917302489332
2.768870089569183
2.732726374847816
2.705830487036389
2.684035430541492
2.665423761573235
2.648324392802103
2.631347614374913
2.615041483891937
2.601151908533987
2.588840654778192
2.577879416949601
2.567682191784303
2.557619000337158
2.547091977730822
2.536205563052782
2.523705059172031
2.508746044299791
2.490276276605778
2.466910715568567
2.435121300507027
2.396405620287057
2.319732794515064
2.25321016437137
2.206560575441572
2.165036818407356
2.121268750723261
2.076043252362431
2.028635795052384
1.978561160281717
1.925143797858584
1.868960726166481
1.816399229223391
1.775865931024757
1.748070843518844
1.731096295341215
1.741201815977065
1.682559658433251
1.962310084284434
2.469904007168102
2.439283020788555
2.034686692038304
1.409670131256734
0.7111902182056656
0.08297580307098736
-0.3362926518198764
-0.4117473940225784
-0.00836633686006784
0.2218900486032699
0.1760895581113319
0.1899276148920891
0.1837044454728079
0.1726596930028583
0.1487171838114465
0.1435100552590993
3.28566236375329
3.245823290223708
3.213890733336088
3.170170818157517
3.125826860065166
3.078547214017421
3.02956204431501
2.975651681116767
2.910672635492281
2.84155842138789
2.793534352230103
2.75356847695423
2.722293729244681
2.696778168389275
2.675391974218765
2.655711252555808
2.635008814821033
2.614799844421426
2.599162097626745
2.585904512078074
2.574611173492752
2.564312356355841
2.553927614614019
2.542565704363785
2.53108769942726
2.517170663509043
2.499784940287751
2.477941475460211
2.450727947648512
2.415787915312741
2.373901549815668
2.314124260412042
2.258073295413967
2.211473237110099
2.168418940920617
2.125382868079208
2.082150160306491
2.037883901042102
1.991743710032143
1.940766778418633
1.882346528018084
1.826157014875328
1.786288910521087
1.759112754400487
1.742513176935043
1.753773890306146
1.683193861696119
1.934407178117588
2.512092418140454
2.528417925126667
2.112276396996893
1.434123298107531
0.6685606947551846
-0.01624470176920266
-0.4516177741285715
-0.4811517053519521
0.00275377143523756
0.2172872207898828
0.1589091096536767
0.1731538990402464
0.1650576402275315
0.1517960904379385
0.1252191005424255
0.1319345944015313
3.283957135800832
3.244307763814152
3.212135328496404
3.167892812776807
3.12269532138215
3.074248985609667
3.023610087017595
2.970008208858165
2.912004979317251
2.853643798597933
2.806678616817444
2.766574338189936
2.733880449113872
2.70696314517554
2.684950814239754
2.664059475190544
2.638532701178401
2.612331217667766
2.595077428791187
2.581318901477499
2.57034566639414
2.56062324990034
2.550209878676792
2.537926795635792
2.526854732613088
2.512467047244738
2.49369858947413
2.469983177723273
2.441230678511177
2.4061471170791
2.365269718323688
2.314769329759531
2.264714137419427
2.218453798031589
2.174342755145943
2.131119179390825
2.088649153899183
2.046246061081703
2.002865333297717
1.950487093006098
1.879180368890804
1.807639455423193
1.764571647854158
1.736208201742162
1.721215128673328
1.735695582105429
1.668466830224831
1.91114670731948
2.489980420032398
2.487441038418557
2.059317093020692
1.3979024432096
0.6619579843148754
-0.01351043574538192
-0.4686609601370633
-0.5122755034442185
0.003532825386609633
0.2243008550589442
0.1658037142831084
0.1830600673276569
0.1748721921059748
0.1589456253778474
0.1272222748308416
0.1258605396280749
3.357964596280059
3.26496736598874
3.213004229933147
3.163791849386969
3.117821752332185
3.068646252446749
3.016585936765259
2.962113141377044
2.905843600148866
2.850817064153925
2.80337772544228
2.762674490515487
2.729460047681979
2.703107168914187
2.684214892966709
2.665948439560459
2.635320184278553
2.601036118437709
2.585278775568419
2.573547912062421
2.565104759841058
2.558416214584279
2.550388233116871
2.539397616130223
2.533302346802857
2.521497873827621
2.502421906237835
2.476880328800339
2.446331726893573
2.410014989575599
2.36823981850398
2.320113024016285
2.271013048237439
2.223498478951839
2.177839215533134
2.134094435264155
2.092881275070438
2.054320294864768
2.017959201552982
1.964631225484573
1.868571839555587
1.768207162169205
1.726223232961893
1.699713566219587
1.689581933031902
1.709170739271133
1.656268507990487
1.911662819808457
2.408122708474223
2.288441560573959
1.849963717960407
1.296202396992051
0.7100492264131005
0.1336917381290473
-0.3424271646068778
-0.4997129137632429
-0.02499494294370821
0.2264458611878704
0.1772334973837848
0.1981657909353216
0.1905084783343184
0.1711823056175123
0.1327931927602724
0.1112951254633853
3.652233191958961
3.364359800453721
3.265377438184078
3.202337677413659
3.145943413444206
3.090403836478343
3.037138380527156
2.98594092238225
2.936255996205772
2.888896930655209
2.84653946257457
2.808634732768531
2.775632537930054
2.748502553053241
2.734310555050717
2.720580645282559
2.670568397615426
2.594576076641451
2.57470972016138
2.564112456797404
2.55796783500196
2.553881131025126
2.542209375962222
2.511688024638168
2.493046486258641
2.479749940021668
2.460993704105047
2.435720795215893
2.407353503330512
2.37547678879926
2.340291562662333
2.301579316787289
2.262055279475489
2.22307252242379
2.184891638570325
2.147666625413351
2.112465736250181
2.083048131227511
2.071946370384822
2.044566131171659
1.925705764595848
1.725408988312129
1.67598983182148
1.648872010245882
1.644387343594355
1.671088999063055
1.657016554692465
1.977182140764405
2.189369519157583
1.866836355677656
1.491685421361966
1.147742482569908
0.8064445495092378
0.4362926668585264
0.01520830948175987
-0.3483078411270497
-0.1201919399091156
0.2145896065130103
0.2001332498320859
0.2274799903932894
0.2232755085361247
0.2031993994798915
0.1572587739102617
0.08987160368832002
4.216656158688501
3.287855228300762
3.057242230331867
3.08191819769661
3.089113833382368
3.048922071725124
2.987286695540103
2.917586052251488
2.844604054636212
2.774152032665074
2.713371801381038
2.664734591386189
2.628236202077407
2.611137584665868
2.639251760025748
2.672361722118165
2.575226106497932
2.529705948628706
2.539167518022772
2.545775099491951
2.550454249224453
2.559180888297623
2.555183457407864
2.560838101930142
2.629736045322364
2.634591389476326
2.60748741914771
2.568614067719034
2.530278432934618
2.485856278789276
2.430790968035488
2.366511769143342
2.299407718259843
2.234912744796957
2.175062614320274
2.119980970437628
2.075926105995706
2.072785741729255
2.152765613669679
2.16526539999473
1.68438147214323
1.526204592254788
1.557153442506284
1.562488703388584
1.573622363537365
1.605527119521115
1.646762923728312
1.968405746528582
1.616984299370259
1.25174895344048
1.112403680399709
1.011754984264636
0.8963080488041513
0.7768905664590475
0.5976307557623124
0.1875656397735933
-0.1400626984057706
0.2089838635879889
0.247279495911557
0.2726283644216403
0.2657000456213121
0.2336969690613574
0.1425007510759712
-0.01319781531036142
3.158309598006873
2.86718389354533
2.760687576906134
2.822135165872588
2.882799411870708
2.875781348888317
2.808572239764997
2.702369036427324
2.576874420943351
2.453016543046476
2.350752773920305
2.282412559869572
2.250451840811303
2.247098139768124
2.242075562366851
2.184092228743175
2.260446757963355
2.479829007507058
2.49876448234302
2.526187285184373
2.544098466369002
2.569489386678137
2.566819796519392
2.772913328411964
3.057873832903616
3.034603777665097
2.97385642309591
2.919350828729438
2.860042950344084
2.778400261653159
2.666435999514821
2.529083564636721
2.379871477221631
2.232617943324455
2.096261748881863
1.976989868164023
1.884179198380255
1.820507976055753
1.716952561910401
1.380743333381434
1.055730892562815
1.386924221794775
1.429015988071667
1.462739916554631
1.473616611090997
1.476599353133302
1.504635313097171
1.340907709376204
0.8556492019240658
0.8704870951667725
0.9523031692179676
0.9502609642013865
0.9152290418277651
0.9073559401086511
0.9725344739925365
0.9701533912221241
0.496358836951179
0.3412137587456062
0.3706303547634044
0.3689851484450174
0.3666754307687767
0.3700878546971793
0.3767845710871441
0.4917680401156164
2.518088851016539
2.51693540826654
2.535292008250344
2.597020486910711
2.657225369424331
2.667951892684702
2.615994369504681
2.513882441283307
2.384934520201888
2.255506044304357
2.149527031557207
2.082914815505696
2.059188707504705
2.067615697950512
2.09122680812345
2.147909661086324
2.337369467729203
2.489185680242742
2.493222075526076
2.517797614677759
2.533813606795299
2.557060956411959
2.548437211863328
2.695168695843744
2.982632130711788
3.10178695188999
3.117692724017235
3.086523741191253
3.021116870703687
2.916443593543724
2.769161510285606
2.584624108743357
2.375164405063179
2.15478104119804
1.934977341170898
1.723260358335289
1.519164775735516
1.302138280843933
1.03709265226443
0.7980644226720314
1.054507831270798
1.382125984228664
1.366277242784132
1.393993984418928
1.388803902301494
1.359509864216706
1.307389422925327
1.104051096680044
0.9885134696240695
0.9666464459011012
0.961686645394529
0.9389346217438129
0.9121474989203897
0.888665633864227
0.8811086144818721
0.8562272760763984
0.7473004549894742
0.5428836495643564
0.4908660102007824
0.4580450913379122
0.4457201372977488
0.4493365949594088
0.4724925246090015
0.5409858239460413
2.190163091001756
2.258227086893134
2.337658919572107
2.410000399711399
2.463471517414775
2.478767625686384
2.444114985435404
2.364582900502107
2.258608837613525
2.150299719541524
2.06256168863194
2.011969631396983
2.006111763890419
2.046198637875578
2.136861069094549
2.287513417535503
2.453886024317564
2.502885601600756
2.497604177567879
2.512636398921904
2.522718526497503
2.537550001802211
2.526777747774587
2.583836608632494
2.786477413690902
2.978064887067734
3.080982891811813
3.09923565434704
3.048662148681206
2.937739199763379
2.771392001401948
2.556444513768607
2.302795716310734
2.021538340695042
1.722402771901271
1.41188854263426
1.093839459191928
0.7817979050964331
0.5430160237867021
0.5652146654234701
1.126252121324742
1.387713730190616
1.330887107322558
1.351177283149754
1.340162388309545
1.311814838794515
1.267475768152351
1.164655759511654
1.068369693804028
1.016212410055562
0.9817803928311488
0.9459356842466788
0.9091577253464697
0.8721449733619494
0.8354019862964552
0.7811544486566702
0.6879199752334404
0.5867102226572236
0.5443495459474573
0.5158163970688835
0.505385838819605
0.51038638792618
0.5335936953350274
0.5764962465376398
2.045696281232026
2.108852928124588
2.193262239769582
2.267779214398343
2.318172836305264
2.336196094398761
2.317119515730916
2.264324914264562
2.190585952299723
2.114515385325679
2.05552161002946
2.029920696424171
2.049441426278716
2.12177082428431
2.247542244805095
2.401348418740915
2.498648730572143
2.503149455223081
2.498943145939669
2.506974031239934
2.512601463912245
2.52070856473036
2.513461640257629
2.525233724108249
2.639882176664318
2.814186118778145
2.948998276766454
3.004409490192919
2.976119344376016
2.871320292378925
2.69856008001544
2.466188102063467
2.182775403930427
1.857031530920306
1.497711120074182
1.116056372790581
0.7356782922828093
0.4144404756563072
0.2690665901906796
0.4631767397972743
1.128775168996448
1.378832605967678
1.306150049381453
1.321467563464952
1.305652126348652
1.275840759854928
1.230911074701125
1.157378951511571
1.085136732749312
1.032814090419356
0.9899602314112462
0.9483251672823083
0.9069808733634233
0.8650599497762907
0.8217633600950285
0.7694811308321824
0.6999587874915952
0.6288605119370713
0.586853987257196
0.5592098720813989
0.5488699299253691
0.5540557826829028
0.5767819871138911
0.616046444641038
2.011050788874364
2.055213792820947
2.121058027865724
2.184888438738243
2.230851974959614
2.251868618430278
2.24639169607516
2.217891095213931
2.17535692216226
2.132183835636386
2.103600098058141
2.103976271675131
2.144400261407982
2.228826192456406
2.345804314874895
2.457730172879525
2.503045746470279
2.498220250747749
2.496581640981511
2.500545825343253
2.503564609338974
2.507631985412087
2.504154955322751
2.50306261979075
2.558507186749769
2.679232569370696
2.795152320580684
2.856335914575168
2.84051672186522
2.744387592712163
2.573116361580436
2.334417900330408
2.036600959167486
1.688759323573444
1.302846285213873
0.8993382261880137
0.5185001923676783
0.234553975784293
0.1593983150689485
0.4183518027058766
1.105635682255675
1.366396486227698
1.289086646439279
1.301423291605048
1.284036785884305
1.255617606211729
1.214075910390311
1.155954384125854
1.095940714769187
1.043718154028094
0.9964048802372123
0.9507761530728015
0.9057896278540727
0.860306040497705
0.8134356803633913
0.7623011281553769
0.7049686838094892
0.6498796780979884
0.6121628872169328
0.5876639596529343
0.5786074248362629
0.5839714021743573
0.6050353543653453
0.6403876272982572
2.051814999767025
2.079285737249973
2.123274553508182
2.170240692613706
2.208026747850973
2.229931988085012
2.234628799934756
2.224972883837333
2.207372764774518
2.191159866687328
2.187258985466602
2.205997234872236
2.25379264658393
2.328339900914616
2.413670016493873
2.480464717515626
2.496995088939188
2.491740471412331
2.491751552162776
2.493587833976121
2.495217891650912
2.49713083819512
2.496070487579956
2.49272057440668
2.514830827839262
2.583017634205228
2.657263884898896
2.697878882309034
2.677648133417145
2.584512801863602
2.417506378344366
2.181806688255237
1.885988949527925
1.54199489332916
1.167624185890293
0.7912564804653034
0.4574060039583266
0.229796712917405
0.1897541286397937
0.43441060932683
1.075868270609547
1.367689861163171
1.301145934167766
1.312810633973695
1.295353016171814
1.266674966737309
1.224778274199321
1.170460118985705
1.112383000108256
1.056876639441054
1.004234223601724
0.9533888122085761
0.9033618659071504
0.8529167572414351
0.8011786968613311
0.7472599534688714
0.6918635268960346
0.6408058805722223
0.6031546449831624
0.5794723970512582
0.5719368678591669
0.5797679826280093
0.6043077434416894
0.6403037894567819
2.153232945523604
2.168627518509307
2.194465468723402
2.224353625438903
2.251236827221546
2.270211946347549
2.279803638850743
2.281711348298695
2.280122274188543
2.281006506260368
2.291040036567018
2.315697572484282
2.356452486036708
2.407967478715467
2.457544007024604
2.489094975488293
2.489843599015435
2.484766728101063
2.48564400484425
2.486356626872235
2.487242192900478
2.488009800575403
2.488291946347564
2.484418743276743
2.487624285972845
2.515186637174977
2.545544256795687
2.553077137143683
2.515046678323953
2.417009342659735
2.253932218393296
2.028635374795373
1.750208905784726
1.433894278104438
1.102445602445065
0.7876940183764815
0.5300593394745854
0.3745500120147638
0.3670044593877989
0.5629743403126916
1.06158478712642
1.292802717381687
1.223986413649335
1.221700822872942
1.203849109726424
1.181292954584358
1.151080057981891
1.113688106007095
1.073065680205882
1.032165336877046
0.9913047738244725
0.9504498893744088
0.9098174223688384
0.8695837284155344
0.8300454175637271
0.7912939267020171
0.7538691642580744
0.7204464656747073
0.6951241366286492
0.6780647713237855
0.6703465023307269
0.671554134208749
0.6872071240084143
0.7210590869960037
2.309124182658409
2.315974883745016
2.327887325469757
2.342607360071414
2.357169462433769
2.369036930851081
2.377146346930017
2.382214507436506
2.386425406632938
2.392801152697764
2.404265889911051
2.422312486641346
2.445581897047376
2.469316155400314
2.486743402664293
2.492075620300087
2.482635007301381
2.477463509005447
2.478867335469982
2.478971413118084
2.479461840030473
2.47960475288393
2.480683322072181
2.476345932229001
2.46736143627246
2.465066629956445
2.457829800519259
2.431019242488795
2.369463992347652
2.261453771389289
2.101684502539291
1.892356654006543
1.643231670601434
1.371580021246735
1.10207807798717
0.8657521882007065
0.6968556027336488
0.6276127321621336
0.6831588794243525
0.8865825993164997
1.316357950666184
1.543746819496253
1.533896884122897
1.512504320736592
1.490635820223419
1.451149061312722
1.38362942599375
1.295250296254101
1.200415665297761
1.110994455499896
1.031323965034962
0.9597869235988042
0.8914581807137226
0.8202848647237762
0.7414160578649683
0.6532930625885818
0.5601230250566523
0.4731319762052364
0.4065989714752563
0.3703875729151147
0.3686203108245799
0.3984782951533903
0.4631401968135682
0.5494927742922395
2.516404120908025
2.516725444636301
2.517391635348556
2.518404820056396
2.519477080707287
2.520140962131951
2.52012929491965
2.519644055324164
2.519293963875233
2.519737076994434
2.521152015864598
2.522723635123449
2.522501165087307
2.518047338376159
2.507847876107202
2.49259720519444
2.475260757689127
2.469902493072723
2.471729284714562
2.471495134827177
2.4717889952132
2.471583485981128
2.473216584257723
2.468445916496707
2.450556682028564
2.426073037513978
2.389222053898189
2.332774287947494
2.248645748053005
2.130090970101371
1.974397925582256
1.784945462619655
1.572209095356942
1.353769894833929
1.153312558437766
0.9984641039101124
0.9177695074108495
0.938363983828611
1.086843982013018
1.389369054144128
1.828345883389715
2.133185250420187
2.278024235275137
2.325189874454379
2.305041787699678
2.211080610582452
2.042994464739925
1.822708913115158
1.58512842803275
1.361051423168796
1.164865312647278
0.9931916956463512
0.8308894766970844
0.6589185705665535
0.4621237872351354
0.2368832558182536
-0.002996215796761437
-0.2269582555739704
-0.397759262556688
-0.4851224623189528
-0.4751239808743594
-0.3762746433027665
-0.2261025743990532
-0.09780572147917133
2.772339993118655
2.766896090491838
2.757247353884119
2.744661922373532
2.730505743177094
2.7158499121356
2.701305431219759
2.687009902288105
2.672620710337666
2.657275399545901
2.639615226502383
2.618038754596251
2.591322408344123
2.559550272288213
2.524965873290285
2.492212487559808
2.467829367430389
2.462156413698214
2.464400204790801
2.46396593657367
2.464177276105441
2.463772105665111
2.465848762888225
2.460666140837378
2.435823982815114
2.394673453643119
2.335551549529385
2.256291200650638
2.154421246347841
2.028284208934587
1.878872667323236
1.711657332650344
1.537692671624862
1.373604224446653
1.240407636537693
1.161473695669151
1.160316215137121
1.258555094234492
1.471536278748048
1.793039260921044
2.165306279382144
2.486010024346759
2.701939359830019
2.798795595818296
2.784182317697775
2.665046562616311
2.454277170614234
2.17834062385234
1.872810899397654
1.569955997112024
1.287818102183548
1.026904897672492
0.7744763750217334
0.5129654962531499
0.2294694138719891
-0.07582794486102092
-0.3850678011909367
-0.6650936360014474
-0.8772175199697684
-0.9905291153559482
-0.9941968147234266
-0.9065281160206254
-0.7786643713823579
-0.6822877622342373
3.07306282000369
3.061771102871353
3.041426709878612
3.014101694260451
2.982250695570409
2.948087606313565
2.913089331753411
2.877715434041319
2.841360596294161
2.802554985429492
2.759453879352454
2.710623530288003
2.6560011512042
2.597744323745222
2.540633066324813
2.491874757935288
2.460510077628139
2.454279879787
2.456978572441463
2.456407535807309
2.456601147741217
2.456074475880399
2.458541344210039
2.45289159375224
2.422436770048437
2.368866071922855
2.293731858497909
2.198576871025156
2.08514753553919
1.956011747249214
1.815627711115341
1.671520253516448
1.535016367793403
1.421119178835439
1.347443323103293
1.332436722776847
1.392995390291242
1.540671169210275
1.774655463278019
2.072454790269267
2.389866647303909
2.681974739387841
2.901875970083389
3.01457641967579
3.008069668110186
2.887855970485798
2.670979680497007
2.383317535352808
2.055262905313995
1.714415851153163
1.378567716126943
1.052691618943711
0.7312872344649398
0.4048012725198163
0.06752987470771366
-0.2758181256214015
-0.6074722919896554
-0.8994049361951365
-1.121199022735588
-1.250770771072796
-1.284757437821077
-1.244625732654717
-1.173665264169234
-1.120586774505458
3.412648440866004
3.394989069083073
3.362875246733292
3.318992427324085
3.266626694222762
3.208935092333438
3.148284720535876
3.085805201205731
3.021274886632641
2.95342463899901
2.880677189658554
2.802209718380054
2.719058329177411
2.634896562414953
2.556238210705993
2.492099984054024
2.453394523652494
2.446304136856083
2.449514543739297
2.448831997001245
2.449046808762905
2.448439180419174
2.45127806725041
2.445043968520745
2.409904586278212
2.347248010838755
2.261241580420307
2.156264909298695
2.037146101504175
1.909538583087808
1.78047339250759
1.658923434323804
1.556052615912281
1.484858242905724
1.459096290951093
1.491476419585632
1.590965296123339
1.758963278256181
1.985205365116675
2.24699785422645
2.515460715500755
2.761862028187499
2.952114133795018
3.054378707993626
3.050677225350755
2.940600467341748
2.737308678019875
2.461879224284054
2.13822054039052
1.788333685349913
1.428359561110134
1.06671061406893
0.7052505553273882
0.3432015047544362
-0.01783696628746045
-0.3699284085703619
-0.6976960063676781
-0.9808094905798667
-1.199575998615167
-1.34210228261221
-1.410466883945567
-1.422521721016585
-1.406605605569265
-1.390152163025176
3.782450871167391
3.757855522677155
3.712859777903733
3.650680916268259
3.575311305245112
3.490742198531049
3.400257655689341
3.305935821126113
3.208487040590506
3.107527214227264
3.002315687852271
2.892852873179296
2.781051791591699
2.671586519739059
2.572127291586789
2.492988097274106
2.446494544013114
2.438245432509986
2.442021912933097
2.441241421166212
2.441507568835828
2.440842972344628
2.4440675884001
2.437083613701331
2.397793362945409
2.328539820419565
2.235641282665147
2.125637507151056
2.005494944655557
1.882859502037605
1.766319308463165
1.665528272439433
1.590991215164281
1.553373120862942
1.562287085133319
1.624553646202844
1.742010338795074
1.90939975186765
2.113716063375465
2.336402854997548
2.557012181695908
2.753953721207398
2.903282722120119
2.981821568966982
2.973671806703506
2.874751842101351
2.692161055220096
2.440280298847906
2.136485204302674
1.797740092761094
1.43829035860886
1.068631010763498
0.6959896483255513
0.3261637020823801
-0.03410946617080193
-0.3754424730599229
-0.6857124736614064
-0.9519017263497727
-1.163418328218235
-1.315765920747397
-1.41285975526194
-1.466295897217796
-1.491198813651259
-1.500633847461868
4.170549507653069
4.138769876003389
4.080387548721724
3.999066838931632
3.899357484546465
3.78590352466999
3.66279562341221
3.53316647319866
3.399072963539667
3.261673408162783
3.121717250724498
2.980368046595175
2.840277831383798
2.706610610933008
2.587572588357058
2.494214027536272
2.439757916125203
2.430112020728993
2.434482763893608
2.433628688165276
2.43398128412349
2.433283234970127
2.436942446962302
2.428983249721337
2.38562781962138
2.311380178730048
2.21434485111038
2.102635852182352
1.984551259582569
1.868826386629712
1.764776932672745
1.682087423261644
1.63014915648323
1.617036483099097
1.648275570195877
1.725558668173051
1.845672964210715
2.000183612571054
2.176427756671993
2.359519663458128
2.533838520272395
2.683136710159078
2.790864358714807
2.841570472932686
2.823713094151175
2.732419656559964
2.570196104520714
2.345359813277655
2.069520823825084
1.755357958797325
1.415159857938468
1.060128699459693
0.7003376763401385
0.3451601476433384
0.003823562829617481
-0.3143622818491154
-0.6004351425170532
-0.8468866281748014
-1.049087420082999
-1.206365292005128
-1.322004093537199
-1.401848085375242
-1.452069346020428
-1.477296616306602
4.561265627938162
4.522735510747792
4.451705856647969
4.352097469599159
4.228704548624751
4.086412801874809
3.92972174692785
3.762632725317244
3.588780062335361
3.411580561975845
3.234280605300834
3.060057846799251
2.892529982513867
2.736813782915555
2.600678946094742
2.494974844036825
2.433049170077382
2.421904843835684
2.426844427530489
2.42597680036081
2.426470486435141
2.425779518085663
2.429959833273367
2.420725876878596
2.372894207599158
2.294330534090935
2.194648683421336
2.083004894309951
1.968374714297739
1.859998423071442
1.76745721842909
1.700056098547772
1.665696887069484
1.669678354363022
1.713761576032682
1.79566558805927
1.909120507697614
2.044607244199247
2.190668003842659
2.335207657172463
2.466181985647912
2.571850639354217
2.641188726934971
2.664470660657209
2.63421604014572
2.546379523372257
2.401108306309316
2.202548692309615
1.957903487401775
1.676319630539508
1.368001993720921
1.043613038655675
0.7138425703840874
0.3890200305838919
0.07868462174501363
-0.2089220848496401
-0.4674066510710208
-0.6926866637284529
-0.8831486991044636
-1.039287997447899
-1.162800413484279
-1.255440581691397
-1.318215811305262
-1.351318032956539
4.934762168926834
4.890980165515646
4.80993470476258
4.69536907686876
4.551693072280957
4.383272933876544
4.19426656892965
3.989035367678972
3.772798199730854
3.551962365970037
3.333693111225989
3.124829167305752
2.930973978306071
2.756859478158574
2.608235251156537
2.493918994869908
2.426110717912645
2.41361389410582
2.419009871159164
2.418256992577522
2.418985494688962
2.41838541842201
2.42320430020178
2.412339177603907
2.359179739144762
2.276097898370359
2.173973392962253
2.062520260432559
1.951057010365502
1.84928746336002
1.767041856560173
1.712973378003183
1.693034437455191
1.709481272624811
1.760632373828627
1.841253001526646
1.943381778151721
2.057439529191457
2.173362896728347
2.281437535113853
2.372725037232312
2.439279155873315
2.474291812737976
2.47216553995224
2.428624980959656
2.341035994549205
2.208864079590157
2.033985290910181
1.820666347929676
1.575268708088941
1.305814907418475
1.021474573424786
0.7319433715517669
0.4466987360057856
0.1741977293697371
-0.07883661798191147
-0.3078604798544916
-0.5105308600524024
-0.6862352508017135
-0.8352171665063719
-0.957585854512524
-1.052632089303728
-1.118785076333901
-1.154219400311749
5.26679611452606
5.220761765790558
5.134919171943353
5.011934264999313
4.854678012802411
4.665803935209881
4.44812611557785
4.20573655994247
3.94531891471917
3.676838149692999
3.412840382958768
3.166105184886568
2.946474317543239
2.758966996598746
2.605392573813214
2.489090103728904
2.418608395380877
2.405221310138757
2.410821638974442
2.410426748764877
2.411550391186583
2.411212405999009
2.416792136449285
2.403968452334123
2.344504258620713
2.256009654640376
2.150220324326114
2.037133465985474
1.926912389718021
1.830530506102898
1.758295972442281
1.717625966081448
1.711633554213787
1.739016170188123
1.794849268115275
1.871708116757978
1.960807511323041
2.053061318615101
2.139942355779025
2.214022569485216
2.269207577620272
2.300762517206675
2.305178891121211
2.279927128961019
2.223205627062364
2.133864892536832
2.011606219095357
1.857360039812352
1.673635113044494
1.46467300188646
1.236342365441724
0.9957686794841286
0.7507247954325197
0.5088539355872567
0.2768666622014385
0.05990778712151565
-0.1387159579760388
-0.3173387528558891
-0.4753066305768029
-0.6121248130002597
-0.7267132951989094
-0.8170933668655577
-0.8806532018476985
-0.914887461112851
5.528776821096328
5.485488941268108
5.403395791802538
5.282375154317688
5.121771003026963
4.920847891087701
4.680135941973554
4.403250424921752
4.098507780935114
3.779701241914565
3.465406644490981
3.176138504484363
2.929190909528467
2.732902618272926
2.584775606867558
2.477591246621895
2.41040804908843
2.396735825124871
2.40202689340661
2.402424425800076
2.404212162843376
2.404468714096788
2.410878310809973
2.396013362389539
2.329979640924722
2.234726296113321
2.121972281681706
2.002815115322099
1.890631262817482
1.799303557765383
1.739252330853756
1.715002287482051
1.725274712186035
1.764568647180454
1.824980829872229
1.897573509658624
1.973378767287656
2.044228887855538
2.103354188177283
2.145661553443672
2.167731183990963
2.16761335501765
2.14448020290877
2.098194373941021
2.028901292669809
1.936791338960485
1.822142594337556
1.685627760194474
1.528733649311174
1.354094226674033
1.165588018126223
0.9681420578481919
0.7672721078723441
0.568461738576113
0.3765379767776753
0.1952224964955448
0.02700354677039492
-0.1266208532212653
-0.2646110799733998
-0.3857698666270049
-0.4882964680241172
-0.5697069702676045
-0.6271723561672703
-0.6581742238452539
5.688427900386532
5.655367499942641
5.589545259366907
5.485064026579626
5.334547935494858
5.13175706080955
4.874583947564701
4.567181749843655
4.220699019182937
3.852965593839052
3.487575576147256
3.151955116028987
2.872796475772065
2.667506397689973
2.534642692543025
2.453512118778228
2.401609806892364
2.388236323480408
2.392164752108093
2.394143965422852
2.397051561489982
2.398517675603382
2.405683807625188
2.389500169268869
2.319056712943742
2.214815714285082
2.087913526596173
1.955088514794628
1.838004753115061
1.754541943292054
1.712695025300341
1.710868090134806
1.741566297329968
1.79490366641568
1.860641874690211
1.929027782589912
1.991458878673847
2.041121644968729
2.073311960911721
2.08538951560688
2.076505613100512
2.047203196084623
1.998922875285316
1.933465017936266
1.852510832435009
1.757327297231017
1.648741835271868
1.527379885685136
1.394054565085194
1.250140323076808
1.097780580518083
0.9398541406645887
0.7797159586597078
0.6208025388644262
0.4662344709698344
0.3185501528757442
0.1796621182735173
0.05104789098955128
-0.06590470004464107
-0.1695448039772556
-0.257754700880513
-0.3279968889609856
-0.3776257605192725
-0.4044000972368363
5.711574091279845
5.698915231462139
5.665955811151338
5.596262680367822
5.471179092724547
5.276807569971353
5.009298680224848
4.676199430388251
4.294330956062039
3.886364804938475
3.478385813817437
3.099531279103337
2.782122300456041
2.556939795172171
2.43779788663665
2.4013038674333
2.389448835087914
2.379665471417611
2.380294721082588
2.385368558014445
2.390190884704639
2.393934197007526
2.401603512795665
2.387278688212768
2.319326219991919
2.199634299801311
2.044695773565107
1.889289999449655
1.768654555077168
1.701453202559094
1.687543758159499
1.71543730805974
1.770572540010158
1.839636141689958
1.91099448774037
1.97461790824676
2.022797484275484
2.050624920656351
2.055839668393317
2.038381476719028
1.99990197621962
1.94323633112956
1.871798619832379
1.788960474605935
1.697540919060268
1.599521514755372
1.496032948689612
1.387578786084778
1.274397052302747
1.156829647442703
1.035583869657682
0.9118227903168864
0.7870888635752219
0.6631218887678565
0.5416610107729696
0.4243152363931408
0.3125519615783604
0.2078004615997048
0.1116162872459058
0.02582344691949403
-0.04744428766897336
-0.1058486695989974
-0.147101850477397
-0.1693411534379281
5.565870088697396
5.585873511446315
5.604915684646468
5.589283061645177
5.503942990983473
5.326389899268339
5.05369079423116
4.701126056127569
4.295209532573727
3.865251435924935
3.437384411157667
3.034213421583754
2.681214459887328
2.415220495064587
2.279650854873545
2.28617117995732
2.35657968590317
2.369558715216518
2.364668963147879
2.375687134767193
2.383816694717467
2.391500615855026
2.399635667437656
2.3970036060176
2.342211278848237
2.187097678577503
1.984268301344701
1.804817426192912
1.692393160721886
1.655130822677134
1.678849861724785
1.741426353717272
1.822638197551431
1.907581035235671
1.983439372884643
2.040153287204029
2.071721675676094
2.075873910047743
2.053121543659035
2.006042559695971
1.938736393960006
1.856189046577203
1.763521141956979
1.665282275032884
1.564964326478082
1.464810707243757
1.365898297911353
1.268410020248777
1.171997122601173
1.076136501911458
0.9804109930250891
0.8846752474380504
0.789108927382612
0.6941907378238359
0.6006414512207194
0.5093787279600344
0.4215060713106382
0.3383324605948649
0.2613985939880855
0.1924772467371896
0.1335197194772036
0.08653269773697367
0.05338300321246958
0.03553633817004025
5.227622311323849
5.29222883480644
5.379606476557875
5.431352703957518
5.393809034631253
5.238355151612035
4.966919753144632
4.606161904022848
4.195189487503633
3.771638070440741
3.360900494511309
2.973096406732525
2.611513027876472
2.294185419899568
2.080983416738642
2.065961595657964
2.258161032815642
2.353169610441955
2.343989533383306
2.364938493563999
2.378166556916046
2.391552300966126
2.401892703017009
2.433396356217228
2.389826523158207
2.156985320902862
1.898320154409784
1.717880250196407
1.638092740673618
1.642246226946934
1.704895902945044
1.800333514210331
1.906271022044779
2.005550358984495
2.082369866885114
2.127635254268696
2.138565476656831
2.116121612891351
2.063631807705163
1.986318578329708
1.890747468927764
1.783926782847855
1.672326762021743
1.561146769811661
1.453975704129742
1.35280822027424
1.258293897246747
1.170094428782558
1.087258021010711
1.008556125967039
0.9327539472652131
0.8588047522621581
0.7859723759224626
0.7138961217300991
0.6426153153032543
0.5725668721158769
0.5045618861352937
0.43974154441182
0.3795116280452562
0.3254571196667587
0.2792397330931422
0.2424786576461242
0.2166099126075506
0.2027159413550074
4.69326322479394
4.807885958297183
4.963714685382451
5.076409445183586
5.081486624841761
4.951753610153439
4.69644827861734
4.35239286668087
3.96914664687019
3.591079232922748
3.24257798029342
2.922267058234834
2.608366222164794
2.278041531564372
1.953152929551453
1.78394344078668
2.067476890871128
2.32271869379578
2.321428739626524
2.354600973459783
2.373792228997448
2.393220613443097
2.412677622851398
2.503787335995139
2.412749117120797
2.070720710448938
1.806155672361809
1.680401751817347
1.657154443345094
1.697604249168734
1.782181672274773
1.898330933719807
2.027697000353474
2.137172056988439
2.20741637168065
2.234330051478717
2.219568563545111
2.166946578217658
2.082448905264517
1.974173355945587
1.851280444476427
1.722530846131807
1.595130227291763
1.474189542699806
1.362729849843287
1.262006477446909
1.171946304915226
1.091574011987017
1.019376798847175
0.9535997701815353
0.8924806139054725
0.8344341904926492
0.778194303284342
0.7229155222703536
0.6682337260800792
0.614280991876672
0.5616506850089692
0.5113141427094942
0.4645005460003576
0.4225613214223039
0.3868421338355845
0.3585751745879989
0.3387870057763563
0.3282042211567157
3.997903350889321
4.145427906087384
4.325909471348224
4.453177046594845
4.477044546437613
4.380892880136293
4.177357513236608
3.902526427936182
3.604434064894832
3.324724066828998
3.083299991934592
2.873550618960802
2.665842953584643
2.417420555588514
2.093180482443625
1.750325608869076
1.967779005433719
2.30853069816859
2.318794250892704
2.35157874656858
2.369857530708347
2.387519139101886
2.418859762604358
2.53752089577488
2.279974049029255
1.949231198149427
1.808836248015606
1.783607902285315
1.809894832375075
1.856446597692616
1.923906145912232
2.036464910343052
2.191613438168761
2.298966958605068
2.351233114495011
2.352818954519221
2.307384136498048
2.220559248630271
2.101618566681819
1.962273250333367
1.814258495231458
1.667352186026713
1.528479745843694
1.40175075913888
1.288982603269635
1.190338943263086
1.104889612420991
1.031037833263732
0.9668304676909532
0.9101871200164705
0.8590798889267794
0.8116835185762146
0.7665032178342306
0.7224773570866675
0.6790454980323573
0.6361692762378554
0.5942955264610816
0.5542590321645741
0.5171364410952888
0.4840793462688384
0.4561641512067695
0.43428868790196
0.4191195989880098
0.4110668775931705
3.245187225016064
3.339945080388866
3.415245941880624
3.453465473530259
3.454586306443436
3.413017868164419
3.332548316943796
3.225037284858729
3.108976618260576
3.000081356179545
2.904953455812436
2.820424584227887
2.733912152297592
2.635157952593293
2.551850476275619
2.499240070032076
2.435075448912231
2.361567287100546
2.364178743679883
2.366553125041312
2.367450767898456
2.36946242377475
2.409275538917381
2.29731879921871
2.064953106551457
2.08062378404126
2.105169217244598
2.121350640758848
2.137544266997149
2.14717894623096
2.149231548078079
2.230607545740316
2.388855543000676
2.471899975803616
2.500149199253508
2.472693132230909
2.391417649166837
2.265765134350635
2.110663525818951
1.942110882772677
1.773532760415124
1.61421638490724
1.469457762138158
1.341496689285311
1.230538473446248
1.135556301071856
1.054831170066197
0.986291180123716
0.9277263360327627
0.8769370330452693
0.831852108416699
0.7906341357116708
0.7517763095899792
0.714186143640684
0.6772456570030414
0.640835095169947
0.6053071237615244
0.5714018454912064
0.5401028719146517
0.5124534805444888
0.4893752454164456
0.4715431519365579
0.4593506394922877
0.4529479383651779
3.043596819003306
3.080691467230209
3.09724771526072
3.097490527526635
3.086881781480439
3.064782641301178
3.032552641824427
2.990553989576703
2.944067203120338
2.896954713856593
2.849917877222078
2.803006905446726
2.756141639095873
2.709607995439141
2.671094872585175
2.637170243370216
2.553111357091221
2.440425833373696
2.401600553885397
2.376027524956968
2.357498092933422
2.337212806264426
2.323950384796462
2.236420424831625
2.210176534791725
2.230786791008152
2.244245431203381
2.252128244212765
2.257019320217475
2.26486428791718
2.240250589992746
2.326610684529741
2.527201931083494
2.625046589607846
2.640802353892532
2.580890239028022
2.456530260309501
2.287855179328762
2.097878980523106
1.905863787745148
1.724523653969654
1.560526128975925
1.416293654048612
1.291735853155404
1.185448453924578
1.095412572164376
1.019365800800988
0.9549942645265193
0.9000395285503991
0.8523709932229373
0.8100481721748976
0.7713822416273826
0.7349973600746289
0.6998871258310102
0.6654591597388853
0.6315598011800151
0.5984690916163367
0.5668524250968987
0.5376529869859201
0.5119183049044365
0.490584837344275
0.4742896938307517
0.4632994215912724
0.4575913958654341
3.136308944217359
3.176163491817384
3.203795115368812
3.213023699389876
3.203821427121496
3.174571116567961
3.127689776618985
3.06400382551884
2.995082172901188
2.929126135538899
2.866803200765995
2.806770497337955
2.747651378577709
2.68822601835953
2.630930584900058
2.576662592163236
2.513215786323894
2.44537173381734
2.405951175758415
2.374464322423101
2.350062392189116
2.326580652353496
2.307367543090337
2.261191418008236
2.227305198278869
2.218014625817224
2.21599933650096
2.219447369726954
2.224953523686337
2.239957254838171
2.214354628037896
2.330293363431596
2.611380438304245
2.748754831803464
2.756744047022679
2.656276894043899
2.481393937958548
2.270203632345384
2.053196357629229
1.848877747003259
1.665693196666078
1.505859960257492
1.368480514171061
1.251377521548309
1.151982244288211
1.067706506681413
0.9960812578069929
0.9348048400092029
0.881762907508491
0.8350442342197285
0.7929608270828487
0.7540737254672053
0.7172222155254768
0.6815526797038328
0.6465439624202211
0.6120280945529198
0.5782052924184858
0.545645368508627
0.5152521009508051
0.4881523191746298
0.4654827086801773
0.44811078015589
0.4364278809316176
0.4303865801385769
3.133630615103546
3.172709935558742
3.196471874414839
3.203387912277077
3.192688897133807
3.162355068016947
3.115046759674352
3.045964536578965
2.974197824222558
2.911958208134393
2.855899180388622
2.801977352303131
2.748827961440248
2.695262639291822
2.641532326905559
2.585540566164022
2.520113436015023
2.451899312806501
2.405518605357329
2.368094744800066
2.339170528540411
2.313603708739852
2.291965251946445
2.261926937779901
2.240059613609999
2.231888847479027
2.229871460643851
2.233095576553167
2.238132920060891
2.254977554940096
2.220527682421663
2.338189088276793
2.684200219129185
2.847688205495932
2.826580095372002
2.668463548320116
2.441297771920266
2.199323287532827
1.97242135416651
1.771862506704465
1.599105430602245
1.45174683025142
1.326375219818908
1.219628177549367
1.128477166369636
1.050251785968593
0.9826013288040093
0.9234542209923046
0.8709886538452575
0.8236152065318761
0.779969769207809
0.7389142288238638
0.6995416547540065
0.6611827938760895
0.6234126427768846
0.5860602751809556
0.5492303226547282
0.5133440840877324
0.4791911683416216
0.4479437115450489
0.4210456732687697
0.3999065422617458
0.3854682623244365
0.3779615966368171
3.155322460130928
3.20045340265512
3.227523266199658
3.235956955890612
3.224859935498544
3.191018152152341
3.13818202766984
3.048781240401295
2.961016087825985
2.898020220575608
2.847014313822836
2.797536868822637
2.748209694367962
2.698147419158188
2.647482547474161
2.591041061273623
2.51904815255422
2.442117320835131
2.393054390028604
2.353500069209865
2.323932147458015
2.299330283179661
2.278823344348586
2.25693733090451
2.240742307702039
2.232892587495639
2.230746886916253
2.23449662963883
2.241169896127518
2.26339126093318
2.224698200130634
2.367893451130433
2.782353073509546
2.920055776861317
2.815776948406804
2.582808787387083
2.318841109862752
2.073321189408857
1.860991679299427
1.681334305142679
1.529564173068241
1.400699867962925
1.290532888403167
1.1956353570619
1.113189199534935
1.040840071795819
0.9765987626570851
0.9187754934451552
0.8659342893933992
0.8168610176896467
0.7705418712029639
0.7261495965542279
0.6830344862040298
0.6407172675370469
0.5988823590762047
0.557373924480421
0.516205672140077
0.4756071610447981
0.4361316598511645
0.3988165678364511
0.3653021116383726
0.3377201706616408
0.3181671318042539
0.3078532370538622
3.183051854699431
3.23883563317183
3.271049663038269
3.283070686890314
3.274222868194336
3.239863349934037
3.186068268271779
3.058647665405181
2.940133479639238
2.87677227339117
2.836060182435216
2.793437357015013
2.748516856377893
2.701855529984326
2.655547397334411
2.598658001876264
2.51087427571409
2.411665377687052
2.365535338579552
2.328312528706041
2.302002855037611
2.280910488276362
2.263528639196055
2.247234211628129
2.235094339709786
2.228626258633357
2.227372669795031
2.232573518207967
2.242649499803434
2.273430238939075
2.237272480832204
2.458030214417096
2.917694489834865
2.914584181678102
2.669494192786139
2.378345204360382
2.120850933039329
1.908727868558325
1.733948781068844
1.587476677620029
1.462730467123963
1.355099422723778
1.261173231047763
1.17827464309921
1.104224724125995
1.037225806420699
0.975791666222943
0.91869488267239
0.8649235958245018
0.8136471687524015
0.7641904406821676
0.7160149529828859
0.6687048574755616
0.6219552810146655
0.5755612400216925
0.529406030545956
0.4834526191019752
0.4377576086623484
0.3925584164812528
0.3485033057853409
0.3070309724857899
0.2707287490237791
0.2432771981188719
0.2282929775306088
3.201940123798268
3.297585867259881
3.338442150392087
3.352509818908412
3.343694650020768
3.30441737733432
3.238799321960005
2.984592109220598
2.842471669696939
2.815116567923924
2.809109743962983
2.781247604631579
2.747798921672441
2.716273873174468
2.699393844575237
2.675080014202699
2.57493725158483
2.383821807087572
2.333334236003162
2.297545478250475
2.275597875942148
2.259223723117149
2.245740748231214
2.233576126225416
2.224109884427603
2.218547323665691
2.217608216890727
2.223684983226008
2.237887689229175
2.27933951707265
2.269698321711513
2.649745522632861
2.989033612076178
2.701675869960067
2.348627643009272
2.082420093199636
1.88888089815479
1.737325447477499
1.61058261998682
1.500665406451927
1.403521457654166
1.316621545517889
1.238037036058648
1.166143269252072
1.099557782781033
1.037131038200602
0.9779278896456194
0.9211964442440386
0.8663349243803521
0.8128634592044177
0.7604024067654579
0.7086561097380211
0.6574004205525231
0.6064727899105757
0.555764184840365
0.505211076207188
0.4547822088652417
0.4044556851720118
0.3542138982190548
0.3041776659361979
0.2550873740027897
0.209181030521165
0.1710960410889899
0.1482257569201789
3.083775571903943
3.325666847030365
3.40607224185917
3.439479032758533
3.45137661070639
3.452366206452406
3.486754861178838
3.279472699332094
2.66944460333888
2.689888578794841
2.798524769537435
2.80350410333786
2.758281571265845
2.718977956578436
2.73440303475798
2.719905142084666
2.353289624578339
2.211656315521015
2.241445439204534
2.242054190011315
2.238158194006505
2.232371944331401
2.225025810994635
2.216808995198363
2.209142575987311
2.203355532153067
2.20077365688088
2.204313694235044
2.217231955585452
2.257058194351517
2.290454970943232
2.74071566027517
2.633046274549294
2.176804756042766
1.930466745785951
1.790547113763129
1.684379987252428
1.592046838120956
1.507868109607486
1.429457082526294
1.355823688620519
1.286402315954619
1.220583276864677
1.157692520653682
1.097096151566587
1.038261511565213
0.9807645678000539
0.9242741657444231
0.8685330090939797
0.8133418662672398
0.758547600976833
0.7040341109875651
0.6497152093885359
0.5955289947667241
0.5414343589711254
0.487411194762964
0.4334615504755228
0.3795901523009421
0.3257227516140211
0.2716047635819326
0.2170778428112729
0.1633797428285509
0.1147107438972252
0.07819251103610941
3.91255595390197
3.68207040053278
3.610510262180275
3.58571670060973
3.585701415409162
3.617436778993844
3.665988487193025
4.049122161098643
3.594265418134647
3.161679433022292
3.023736127501145
2.930691260182338
2.797292139927211
2.619606216625173
2.348656462388999
1.886551224634439
1.720826155064508
2.116116956019547
2.153230004747964
2.190095388866319
2.203218651739423
2.207080897333432
2.204927887675823
2.199343760142672
2.191915034393169
2.183711127946195
2.175447929270279
2.168006197905997
2.161379614340395
2.159172725707384
2.183782237706072
2.029394264078161
1.655986616610033
1.644064676143024
1.659238707740695
1.615001676369968
1.55554135031079
1.496905585218025
1.439116662714912
1.381161880913878
1.323203202422165
1.265553222084639
1.20830113216876
1.151397858745424
1.09476502275276
1.038335170996019
0.9820563939760067
0.9258890378725053
0.869802780601719
0.8137746702932503
0.7577876484075978
0.701829319464478
0.6458908233403953
0.5899657059375059
0.534049192863769
0.4781401134281641
0.4222493525616354
0.3664071051830678
0.3106148520590976
0.2546392517726213
0.1978966506105747
0.1407014448572593
0.08927054495293255
0.03499213626817126
3.80386079410303
3.714788394928612
3.677091248495625
3.661172444765192
3.661612384301688
3.695971452412094
3.679456812453367
4.064675700505988
4.319698174686492
3.958369000593017
3.559774395119246
3.205160624936647
2.841324561844838
2.4259325789355
1.952480836429311
1.568124023691169
1.803728878856708
2.136032235561838
2.132873608368269
2.170231076939763
2.183991061333672
2.189892864508209
2.189269261621118
2.184217232868534
2.175719081247801
2.164226128529176
2.149464123885389
2.130284769691468
2.103502219334897
2.060813840726354
2.000066217123515
1.788747130527963
1.675679073477661
1.645286009973468
1.62009829371881
1.576523875818974
1.5276975353399
1.476562919675021
1.423905969447359
1.370132224187641
1.315609893791152
1.26059291110628
1.20523916003924
1.14964807170261
1.093886796806733
1.038002717442469
0.9820297392350537
0.9259922353786844
0.8699078444070412
0.8137894469521582
0.757646517130216
0.7014860411318496
0.6453131522521418
0.5891315553665796
0.5329438259084348
0.4767518358652184
0.420557931048236
0.3643662346041002
0.3081809966601802
0.2519781640828759
0.1957084178634955
0.1392112598428863
0.08401750448360455
0.02792296317071358
3.835295900673132
3.783085573179139
3.749934034587225
3.729677650399661
3.721934803972295
3.747963250957801
3.682767658812356
3.993454428637586
4.618499947281202
4.53680112469879
4.097012600857338
3.532000131503238
2.930240813741536
2.334519493279053
1.8368004489435
1.637803021178705
1.971239775628278
2.163968285482068
2.136860250170324
2.164295672969375
2.174056971136109
2.178998339198102
2.178150326153556
2.172657857093141
2.162874690358186
2.148862380327415
2.130164518029615
2.105684945283584
2.073530293168435
2.028771285643676
1.973814644374023
1.864754323741841
1.769341397868618
1.706309354855465
1.653240146986389
1.598299845412373
1.542979538983866
1.487303635426688
1.431414594275837
1.375335980800195
1.319147084581444
1.262918522524463
1.206694560957129
1.150494630536767
1.094323836230409
1.038180704942243
0.9820612874150041
0.9259610350745291
0.8698756292501187
0.8138013291389153
0.7577350794371694
0.7016744980341627
0.6456178154299357
0.5895637935218034
0.5335116818625161
0.4774612783939243
0.4214130026015731
0.3653664763220129
0.3093176304999317
0.2532472345000336
0.1971676231586933
0.1410493579433364
0.0855439544383346
0.02972756220586568
3.889765166358764
3.838622248159721
3.80360086578217
3.778995819333445
3.765266561352699
3.785788050807026
3.701108585870345
4.003095281402452
4.756515773681906
4.851527173036961
4.460083394393417
3.805198323951271
3.067830681627389
2.388042435358613
1.908636747270435
1.772937249804151
2.048493060844109
2.173572488459995
2.144560157336111
2.16407815728174
2.170549553094641
2.174010928153921
2.172401666692291
2.166121477375346
2.155025078330554
2.138834350947435
2.116899765025524
2.088088124550017
2.050871068349047
2.002030381114323
1.942945442913313
1.858371654196335
1.778884754322793
1.71473556137346
1.656881504150161
1.599801683717425
1.54333583358716
1.487088534789635
1.430950115929019
1.374827235030304
1.318703952091998
1.262580635852286
1.206461839489478
1.150349865983046
1.094245087936176
1.038146884743025
0.9820542325777929
0.9259659897366612
0.8698810500494467
0.8137984327379759
0.7577173281322684
0.7016371092726491
0.6455573197782127
0.5894776447024767
0.5333978918799541
0.4773179880984193
0.4212380223097759
0.3651574742475824
0.3090752871136301
0.2529833304486633
0.1969059230116219
0.1408241928106259
0.08508652138594071
0.02942127340230864
3.970565462129215
3.899504146951612
3.854805902079243
3.822334508531153
3.802173250614348
3.816813370476201
3.723933101378708
4.045774174918017
4.829979502151009
4.97269612546275
4.617734377128528
3.964116688172773
3.208381132859634
2.52012170247259
2.041752770909715
1.877080334647903
2.072168419523783
2.175218662116077
2.150189462104909
2.164184988793612
2.168400237600394
2.170440296643008
2.167946378280419
2.160838953284559
2.148681103891217
2.131017030855756
2.107173438816473
2.076221833046988
2.037154837586754
1.988312637459278
1.930773139289192
1.859431916363802
1.788684505685495
1.724218533802869
1.663422435848537
1.60420241132151
1.546179860585521
1.488884928145888
1.432054833655612
1.375500845424443
1.319116229903678
1.262836355918061
1.206623355827764
1.150454147677088
1.094314306685996
1.038194574403246
0.9820888377862684
0.9259929270972798
0.8699039123841348
0.8138196935245591
0.7577387535927822
0.7016599981583916
0.6455826366654994
0.5895060866116784
0.5334299154318883
0.47735380466218
0.4212774928585901
0.3651995759165487
0.3091171083228705
0.2530193304457856
0.1969367784909518
0.1408644131144323
0.08522529057034853
0.02951737745818626
4.06652891878858
3.930966972413218
3.856778424335638
3.813069172008823
3.789867208287697
3.803331805601469
3.724369157544562
4.100361995793413
4.825586639152888
4.919130735155202
4.580399314119974
3.988607337110231
3.303039907996503
2.663492429128353
2.18536243321606
1.96165627225721
2.076418583108012
2.181561157296476
2.166290819758737
2.178948258470743
2.184073840689154
2.187101417301467
2.18563372395608
2.179235722940467
2.167292006607084
2.149199745832342
2.124188405964007
2.091344380526329
2.0498625924209
1.998943090246025
1.939672847918732
1.871300018422082
1.801651416581388
1.734737864130456
1.670630506145869
1.608781319318222
1.548851141678891
1.490308223282351
1.432714692832113
1.375727323172921
1.319113674246055
1.262724051175475
1.206466999979501
1.150288077914312
1.094155386906341
1.038050236266325
0.9819614796858482
0.9258822403535203
0.8698081114531672
0.8137362024708577
0.7576646307700886
0.7015922233531707
0.6455182985771337
0.5894424806484957
0.5333645835596984
0.4772845454837403
0.4212020372568311
0.3651134490984123
0.309007465425137
0.2528576550896136
0.1967074642572574
0.1406102750025812
0.08553554271000326
0.02976032392341583
4.497819841007902
4.163304434260936
4.048157652231639
3.992802445157689
3.953185984371558
3.937002028629653
3.847189550485602
4.124567249827517
4.641760883004104
4.654055596738294
4.360531250099773
3.884989571537885
3.329687951852882
2.789098432408558
2.346065947650439
2.078511703554734
2.088707640554745
2.143197008064386
2.125993692118183
2.127461595252064
2.124843755116784
2.120991313618983
2.113739178522424
2.102653872823064
2.087214500811744
2.06696875706099
2.041478515158735
2.010357246615571
1.973369748165555
1.930319837525983
1.881859911860868
1.82765828147208
1.771367854299408
1.714892447895782
1.658387279350078
1.601819798267378
1.545304396676236
1.488847417570654
1.432450706246908
1.376104204314677
1.319802843113417
1.263539752203736
1.207307481883465
1.151099034248961
1.094908867398379
1.038733272691032
0.9825702253217954
0.926418936416448
0.8702793257078162
0.8141515387716229
0.7580355766370641
0.7019310782085391
0.6458372369433478
0.5897528178070157
0.5336763257948428
0.4776066618962702
0.4215448355778501
0.3654942897405197
0.3094523539381248
0.2533666145105138
0.1971687370754604
0.1407986531847639
0.08657305570086236
0.029820837905061
4.782956108005762
3.744234047078127
3.448892411787889
3.465206565912434
3.491186475395493
3.476499287327069
3.455389189704301
3.697421396457007
4.11846317461981
4.160357173196687
3.989971934406545
3.678563106998775
3.290150060875212
2.889879932250547
2.53907381695612
2.298487370144074
2.263815816741715
2.277848000598511
2.272269999705293
2.283358415312015
2.303235418950945
2.322229994080008
2.333935607769734
2.337526643354768
2.333080925608042
2.319954018912222
2.296463851739466
2.260127321775907
2.20836615158054
2.139752355915876
2.055577800746618
1.96031926690129
1.863271409249358
1.77220744921332
1.69026798537486
1.61717980408197
1.551052200512262
1.48957911087136
1.430860485564551
1.373625557106754
1.317132998369569
1.260985909813148
1.204985352418629
1.149038093419621
1.093103730515929
1.037165980679798
0.9812182487768168
0.9252572328041119
0.8692806732432501
0.8132869453556411
0.7572752474403232
0.7012457491079523
0.6451993399226338
0.5891369253518455
0.5330593951356418
0.476971826027633
0.4208936635918152
0.364849305224022
0.3087489319796969
0.2520971720767184
0.1942034839484001
0.1367650676554951
0.08924357297644547
0.03476904966368233
2.637348525763641
2.208874954563097
1.962686666208478
1.96735899238641
2.077368595119262
2.221233993413031
2.433789642278049
2.790586774305147
3.256186511451357
3.495555816036436
3.521547895758476
3.401932009123556
3.197469727499976
2.963356385938927
2.754946370354141
2.629276027390212
2.624023019456301
2.66197588456509
2.721188555194936
2.797286680588531
2.881747358298677
2.960202146196441
3.023150558335278
3.067399598330889
3.091914122088355
3.094439841964874
3.070141878038145
3.012001364042682
2.912932380453429
2.769547091445928
2.586541672946024
2.379188836536458
2.170367896061832
1.980945053376473
1.821910369097521
1.69392518275365
1.591533112793422
1.507511711670894
1.435464488430803
1.370713125903175
1.310215712765953
1.25214230694137
1.19544537489422
1.139537735767214
1.084084062105687
1.028879054572835
0.973783111506767
0.9186925169516807
0.8635281929233749
0.8082328599131033
0.7527706738590634
0.6971262434593269
0.6413018103002625
0.5853129379757999
0.5291846284481074
0.4729490511718484
0.4166345685983571
0.3602071301325198
0.3034269950120335
0.2457908674472137
0.1872368716606793
0.130099019826699
0.07989958948809164
0.04262799291240651
0.8958694514478575
0.8127464634235688
0.7409501380841751
0.7857001604076868
0.954824848337871
1.222806142577848
1.581958602403907
2.013711299704212
2.461295774464242
2.812131422069299
3.014837813392703
3.086195780662832
3.06821219935096
3.007364204530447
2.949111119294064
2.930512759400481
2.964556436789421
3.038802981194897
3.142153868330432
3.26160677668467
3.384871356419667
3.498982481995249
3.5936002051197
3.662277481781191
3.700734819274553
3.704361467787363
3.666893692480321
3.581007159735508
3.440853845028902
3.245945379802921
3.004811480430751
2.73593852860023
2.463787662161089
2.211245044102723
1.992951015130752
1.813367573900722
1.669242807960608
1.553576272635817
1.458796624476467
1.378462154390888
1.307769634988072
1.243411800791764
1.183206197207497
1.125724691182137
1.070009694516488
1.015387443916681
0.9613591343801206
0.9075446223940772
0.8536567860358923
0.799490635880119
0.7449170452868034
0.6898755640803733
0.6343641257053658
0.5784256668125551
0.5221321882900021
0.4655640689042719
0.4087777091459251
0.3517641766017316
0.2944653230745305
0.2370405313547835
0.1805867184182969
0.1281063372338212
0.08510192071862109
0.05969975321259764
-0.4316019207313575
-0.3818691764069163
-0.3043697754096225
-0.1631906297205829
0.07876383537764292
0.4263273754049217
0.8570043177319876
1.328007152509892
1.791515484510117
2.207180786186444
2.5361418509303
2.767828940597974
2.918636472695485
3.017932330630256
3.096258236098352
3.1766974111377
3.271550231179295
3.388101161116773
3.524396001870598
3.670988691850611
3.816197508736346
3.948530621422476
4.057815696448966
4.135745632087541
4.175478489332849
4.170656704126559
4.114920791078936
4.002709854712497
3.831401055361836
3.60404601800353
3.331308124306708
3.031082573095941
2.725210258445036
2.434512396867978
2.17425552726982
1.951963053190825
1.768054471432877
1.618238236710697
1.49615188525819
1.395304751568056
1.310100925182162
1.236147425127782
1.170161992566837
1.109732012641304
1.05306977398946
0.9988235046701404
0.9459531881031578
0.8936579508908584
0.841336391101178
0.7885636423831107
0.7350739136168332
0.6807420416054706
0.6255612677345923
0.569616748509873
0.5130555152877599
0.4560556008717855
0.3988061270634032
0.3415356343832275
0.2846618604513652
0.2291286608479982
0.1768705216910956
0.1311663556732565
0.09655512096002024
0.07758217883533738
-1.431125827954075
-1.332461213933902
-1.164841351783075
-0.9304564284110715
-0.614564196138178
-0.213278905068431
0.2533344323781648
0.7498942796155954
1.243054739330751
1.709540363154376
2.126559520919708
2.478903029609953
2.766070043258433
2.999496624122834
3.195121070615502
3.367728458909942
3.529834468726293
3.69171640636134
3.85677549722597
4.021289628922148
4.177353701948891
4.315701614739647
4.427048123043945
4.502681667422144
4.534743832961507
4.516360776173806
4.441991019348226
4.308344741622353
4.115827174772845
3.869948994249687
3.581881127775936
3.267550016283263
2.945330565786216
2.63302501180506
2.345020634004917
2.090455500483714
1.872874731659662
1.691222038596446
1.541505596783608
1.418431259712618
1.316586524610734
1.231091476378454
1.157834906910459
1.093469441144393
1.035307978433427
0.9812061263452569
0.9294663432136911
0.8787698138939755
0.8281291174239801
0.7768520809420487
0.7245091874327672
0.6708999927461502
0.6160166746502115
0.5600050658970555
0.5031266403353466
0.44573152776248
0.3882646967602785
0.3313394887603821
0.2759032665037898
0.2234618097102549
0.1762351306617487
0.1370593073420707
0.1088609530457765
0.09369562566711062
-2.169883990879586
-2.049562086450908
-1.833495486188095
-1.535298887218172
-1.161874861871938
-0.7210020847537454
-0.2296650462001199
0.2884496585056373
0.8109270138504037
1.320151461528032
1.800650400551295
2.238893053168549
2.626938782756692
2.964089064649305
3.255219292019522
3.508417043229494
3.733314138492262
3.938815620274962
4.13025191586193
4.308096725638357
4.468632968128482
4.605535017951354
4.711194410533364
4.777645136763667
4.797346225862164
4.763966336062395
4.673224211377315
4.523789721581711
4.318111013996608
4.06287377106692
3.768793456922617
3.449650965575823
3.120756567406101
2.797154598323878
2.491885617186117
2.214622655247743
1.970984844072445
1.762662243536917
1.588196417274617
1.444061884535609
1.3256993258576
1.228296943455398
1.147276551868141
1.078540090718835
1.018561877514549
0.9643988290257611
0.9136642116543614
0.8644875705058711
0.8154696143769514
0.7656346662661861
0.714381488843179
0.6614332461448416
0.6067878091173411
0.5506708135940691
0.4934969201223159
0.4358502142914367
0.3784995300399682
0.3224592061154776
0.2690784840950507
0.2200959101958546
0.1775609424945062
0.1435504611978802
0.1197282509541011
0.1070190398772557
-2.692798010132912
-2.560978947061479
-2.319907254524988
-1.985585180805934
-1.57535105051947
-1.105817470562074
-0.5938301398604491
-0.05641007908092893
0.4906221594108532
1.033319284108084
1.559126013779108
2.056042486869712
2.513662770371853
2.925151320878532
3.288353357448157
3.605597771744464
3.882366243991616
4.125143114430639
4.339326438189178
4.527660163883091
4.689623473578715
4.821770347307618
4.918588304667944
4.973532267711597
4.980133304200485
4.933132125960475
4.829523658410197
4.669362263957646
4.456186451123639
4.196971828802815
3.901619507419703
3.582098910976796
3.251409589664588
2.922483526225489
2.607101362997309
2.314912643236747
2.052713218745838
1.824141821511265
1.629853551711328
1.468074268913969
1.335343455789453
1.227255519481628
1.139076864493962
1.06619344164927
1.004397178323298
0.9500438109077852
0.9001183852662019
0.8522392186787328
0.8046237194204603
0.7560330723393627
0.7057079360763101
0.6533036191857097
0.5988305276039088
0.5426041358500738
0.4852084396960274
0.4274766813111656
0.3704897170810304
0.3155812182296245
0.2643201996458219
0.2184273052905505
0.1795943030759569
0.1492336765473685
0.1282749134031209
0.1171618298083051
-3.030447681285348
-2.892615421485266
-2.63935386621195
-2.287084502528318
-1.856575461243954
-1.368472065650614
-0.8406587515584716
-0.2879337566903669
0.2770752083435772
0.8428742066160266
1.398379736467689
1.932364121429299
2.433788305876216
2.893271108357896
3.304787784156444
3.666504149233448
3.980310464496448
4.250408788532186
4.481591097055676
4.677580251932079
4.839826474102004
4.967066448904035
5.055670217671453
5.100565394445764
5.096472288174299
5.039195236431741
4.926725602109602
4.759953286648474
4.542882328842642
4.282377869937
3.987583197949865
3.669185108558275
3.338658715992872
3.007533826374099
2.686666079818642
2.38550803578435
2.111442724565739
1.869304455269484
1.661207536180609
1.486725533872617
1.3433616604114
1.22718248785909
1.133475766118895
1.057325803416962
0.9940496266023819
0.9394818647694323
0.8901258518408229
0.8432022656685738
0.796628977159887
0.7489616772022308
0.6993182489162143
0.6473030808671297
0.5929415694552493
0.5366298632990252
0.4790997230837057
0.421392103161243
0.3648253373426311
0.3109367815305443
0.261376660846506
0.2177478375708303
0.1814180433871867
0.153369663071906
0.1341629925804998
0.1240297714265921
-3.202439620662591
-3.062562122378998
-2.804263263113638
-2.444468927010206
-2.004852071110523
-1.507352991673745
-0.9706109928233705
-0.409038915737119
0.1659122249996636
0.743968597423031
1.314806968692523
1.867551464493345
2.391039761929696
2.874990220031715
3.311642171048822
3.696956064942515
4.030751730393805
4.315828213293171
4.556458766383039
4.756699558761469
4.918945186174403
5.043124685610861
5.126741632992966
5.165670595824655
5.155409861331228
5.092426329085529
4.975268240471468
4.805224092532418
4.586453597864132
4.32567128475837
4.031564595821876
3.714134598645513
3.384072251938878
3.052185288502538
2.728830062020019
2.42330796463072
2.143246626646786
1.894061059040641
1.678626729199657
1.497264048426589
1.348046610507417
1.22735264525242
1.130525726699569
1.052511390487075
0.9883760486522813
0.9336670514004047
0.8846167969111193
0.8382202271733679
0.7922245890540975
0.7450685117392161
0.6958001764098747
0.6439957656275418
0.589691221092304
0.5333324496597009
0.47574037436348
0.4180772526961525
0.3617918599252811
0.3085197240991025
0.2599282186880025
0.2175267512704704
0.182497118001727
0.1556113802336308
0.1372706507455247
0.1276319550714273
)
;

boundaryField
{
    inletLower
    {
        type            zeroGradient;
    }
    inletUpper
    {
        type            zeroGradient;
    }
    outletLower
    {
        type            fixedValue;
        value           uniform 0;
    }
    outletUpper
    {
        type            fixedValue;
        value           uniform 0;
    }
    sideWalls
    {
        type            zeroGradient;
    }
    topBottomWalls
    {
        type            zeroGradient;
    }
    frontAndBack
    {
        type            symmetry;
    }
}


// ************************************************************************* //
