/*--------------------------------*- C++ -*----------------------------------*\
| =========                 |                                                 |
| \\      /  F ield         | OpenFOAM: The Open Source CFD Toolbox           |
|  \\    /   O peration     | Version:  2506                                  |
|   \\  /    A nd           | Website:  www.openfoam.com                      |
|    \\/     M anipulation  |                                                 |
\*---------------------------------------------------------------------------*/
FoamFile
{
    version     2.0;
    format      ascii;
    arch        "LSB;label=32;scalar=64";
    class       volScalarField;
    location    "5000";
    object      p;
}
// * * * * * * * * * * * * * * * * * * * * * * * * * * * * * * * * * * * * * //

dimensions      [0 2 -2 0 0 0 0];

internalField   nonuniform List<scalar> 
4096
(
1.976313616599962
1.951814453940929
1.904178469464632
1.831004408594234
1.728872789053976
1.595230469354128
1.430942977792188
1.242585002507901
1.04441113581632
0.8601146592211228
0.7235796443978909
0.6768628011537423
0.763773158750999
1.019095285008579
1.455283976797344
2.046888174092289
2.706902899043651
2.884498764179402
2.802007411954971
2.799409749754564
2.769238248551823
2.723813035555088
2.661351092019273
2.585329923970445
2.503316034403622
2.422118809324386
2.344202616031894
2.269282625601579
2.195773164296068
2.121654827204047
2.04535037342829
1.966510074948617
1.887423104430499
1.81434800569188
1.754457141871928
1.711062350462295
1.682319264403006
1.679955795718041
1.601411839704937
1.770246894819566
2.379973132814536
2.879735766321618
3.192020540329822
3.299446826181279
3.221553014999629
2.999945256466352
2.685023116349265
2.324564046250757
1.956623438166954
1.60730311142388
1.29190277733469
1.01749960852823
0.78560578716996
0.5943190136612858
0.4398680849000366
0.3176511027170701
0.2228947811068719
0.1510377959015218
0.09791600215866299
0.0598210183675571
0.03350867638068497
0.01622697923019084
0.005795829145130939
0.0007156349851211885
2.016484353284267
1.999262285333917
1.96358911945884
1.903905420759161
1.814134222494838
1.690721520299201
1.534718500940784
1.352807783703927
1.158227452776861
0.9719495686564676
0.8236041624629445
0.7509849067556977
0.7963347385416188
0.9977597272751747
1.376759098360875
1.928088038817411
2.623948065607712
2.850888682647397
2.768046552103143
2.768376030980443
2.738807207375075
2.696009375206646
2.638003976300094
2.56728526185808
2.490839656924443
2.41473829365325
2.340654026148098
2.268423577561109
2.197157437822409
2.125630741192956
2.052968446830749
1.978974506585998
1.905267340374948
1.837366620455536
1.781891387997852
1.741181365139959
1.71312780869368
1.713792634874783
1.635189490261461
1.853834740463114
2.49766468386572
2.952722703356606
3.202873893182357
3.252865870343743
3.133422447823161
2.891027694759299
2.57453026785242
2.225840042145097
1.876263509648264
1.546667949924283
1.249301037131586
0.9899517947841363
0.7699036551785132
0.587519260401125
0.4394499173735597
0.3215163850165936
0.2293202629464167
0.1586384751131951
0.1056418333585919
0.06697584904809643
0.03975479862991704
0.02153956228594961
0.01036741729037808
0.004850871482543196
2.09427979258163
2.091242155702742
2.078028608728998
2.042408246020182
1.973905515768701
1.867906477473186
1.7258707098737
1.554592367918242
1.366097581155722
1.177780819340266
1.012665879851072
0.9004152166762127
0.8786611073388979
0.9915938551681965
1.283114991260419
1.791423338684849
2.56239233129651
2.835720249853167
2.746048994295593
2.751574366946915
2.723028880698397
2.681805051912611
2.625624187390971
2.555166846317851
2.479699899910536
2.406598919911676
2.335981596848427
2.266877059039865
2.198539940643974
2.129997131209262
2.060559983368742
1.989327029594847
1.916647795552678
1.849137791380622
1.795636852523164
1.756707451070369
1.729825650612075
1.735792256786051
1.65038487511437
1.916022490956388
2.632835830374334
3.037190101866998
3.190137634045248
3.144327529417709
2.957835275614465
2.686160690225695
2.373001561357033
2.0486292996231
1.732870197258487
1.438408583394497
1.172909525208749
0.9402405188124557
0.7413366447920007
0.5749734286101053
0.4384860706655078
0.3284022485843554
0.2409623669491253
0.1725184610695372
0.1198060474415931
0.08007789190103642
0.05109823400369769
0.03104141169245841
0.01840550106402268
0.01206170904802762
2.214364297966833
2.232670877053311
2.250252989812858
2.244801102656987
2.202273066394058
2.117876698160492
1.992806003976998
1.833521888928887
1.651873787977018
1.46358148070549
1.285992127537044
1.138393674705747
1.04814840108228
1.061862648754394
1.252435844569787
1.711212294477149
2.536823266630234
2.834029091994919
2.740667505162617
2.750112568988452
2.723293784912828
2.68255321512278
2.625780032071818
2.549017857797512
2.468635224124338
2.396785796976749
2.329881619161985
2.264572092488124
2.199927645976995
2.134922342246528
2.068748812809952
1.998336972698528
1.921010766022261
1.847590613793002
1.793844880415899
1.755820954059402
1.730953313902883
1.741246404760076
1.651837438557431
1.94234922066578
2.713641275243117
3.058072806789917
3.094383759136498
2.937822192517563
2.683963141819432
2.393945486063596
2.098969514386975
1.813216878743803
1.543816639278216
1.295396173685234
1.071270629481277
0.8734365993735939
0.7024519381120631
0.5575127862786907
0.4367181044791485
0.3374346197264685
0.2566876133715578
0.1915323085720764
0.1393733885465173
0.09818658368939367
0.06657692277027295
0.04363374305737686
0.0286571285665575
0.0209967127033117
2.389886732626316
2.433624635748855
2.481778186748936
2.504133472211689
2.487946866284855
2.427126589954842
2.31944256450646
2.170526747030017
1.994433859749582
1.809251046405399
1.631292522267317
1.471925809430614
1.342669412179937
1.275589699122983
1.355068565387862
1.726326249113378
2.541442784120016
2.838982161689582
2.750000579752831
2.762919674124809
2.738684897851559
2.697562211297106
2.6385851858946
2.545914343069625
2.452504892051222
2.381967117561886
2.321283972166503
2.261489237978179
2.201907705520711
2.141968236397052
2.081126959233051
2.011069119141638
1.921232307680468
1.832477274998432
1.776949161114897
1.73915320846436
1.717312130645901
1.73194644753641
1.64632393440139
1.941695925419315
2.707259370767183
2.948730293465449
2.850707697148282
2.599787635473646
2.312572728767525
2.036130826513758
1.781071469164443
1.546642924679899
1.331079186264162
1.133872722335967
0.9554399324475223
0.7963753507415118
0.6568802619209271
0.5364685285256383
0.4339237615295459
0.3474368767634798
0.2748485376387213
0.2139444546938843
0.1627766340021072
0.1199759934518428
0.08496654293058575
0.05793352399104174
0.03943440817798742
0.02977756762087237
2.653261173319097
2.709548638907307
2.766188439886427
2.804610124463824
2.814106013771378
2.777367207659526
2.684797691972181
2.543133134459962
2.371447406314952
2.193097298913492
2.028462468724351
1.888932097567321
1.773857148785968
1.681304352908763
1.653934518519756
1.853967947386022
2.552720066237814
2.84668982835818
2.774698626496614
2.792350270981563
2.773909149226105
2.73512915640912
2.678118952381569
2.55320688555668
2.431704560280736
2.362131806669773
2.311207196080203
2.257824487023982
2.203234893443279
2.148932219311393
2.096222764539891
2.025353328396231
1.908658805534325
1.788875224565327
1.736028039820393
1.701565334082221
1.686203657979199
1.707081562329789
1.638279458041147
1.945567928671397
2.60318786919213
2.646073936839916
2.413880477710512
2.131036163594255
1.874244528332124
1.651299878391197
1.454762195807317
1.278175422126538
1.117648330205165
0.9710917754350837
0.8376108135222012
0.7169725186389715
0.6090992576999712
0.5136934262017456
0.4300567438149877
0.3570846842571564
0.2933779312423638
0.2374229028472529
0.1878343133354501
0.1436855682020951
0.1049096862849615
0.07260667424795741
0.04893837532691363
0.03618137417158902
3.075810322170388
3.071276980455053
3.079716069004033
3.123926815702956
3.160231717748761
3.142624857887391
3.059645386991159
2.925002262730553
2.762496888448667
2.598472243602143
2.457289186451149
2.356765294795788
2.300944830523537
2.266553802289039
2.204898878659639
2.153273837453845
2.514604061992499
2.842487380471144
2.812600170933565
2.836597766521562
2.825027464428213
2.786173392426976
2.723626415893559
2.488674353414958
2.341732984507638
2.308447777696754
2.292195073550777
2.254287432635599
2.211368945390808
2.172322730236723
2.152476184220601
2.113902568920474
1.971924175478459
1.741043439896706
1.681452836807271
1.647521574392267
1.639310222883801
1.667998810010054
1.643189938082186
2.012536429730794
2.331517173678667
2.085109092925486
1.808718220274379
1.601927069106377
1.435987885142576
1.289327459070129
1.156406580241439
1.035693417341476
0.9254436847872983
0.8239756941758118
0.7302207893068671
0.6436950352683998
0.5642007352392164
0.4915422966938469
0.4253589657854446
0.3650763687985242
0.3099391011912819
0.2590805740933565
0.2116195853678016
0.1668613597423133
0.1247606017509466
0.08666405004130688
0.05594004901373082
0.03792918905446061
3.784748194147194
3.497874726858308
3.390619797290845
3.446248955003446
3.497952848277987
3.480453953781584
3.402282579058229
3.285372892862144
3.149997093237959
3.01756272606699
2.909426592093745
2.843871753905205
2.838361946232256
2.899101615488929
2.954502337467092
2.78930514569731
2.529738308079292
2.843094477422805
2.875735714656181
2.907714606790848
2.915895606623336
2.914700943315736
2.947287238614298
2.748634440826142
2.18847689794194
2.198807853262012
2.279450551374993
2.259034020804607
2.200261647796471
2.174723502539802
2.23982905642826
2.233153962119262
1.696204419800219
1.515618434241741
1.548615408670895
1.552640924497181
1.563083987934443
1.59774978365598
1.635842568381914
1.998250175739834
1.672623856523987
1.316171128401176
1.207860428979797
1.151812738040496
1.080113102711193
0.9991536061071388
0.9198387600647886
0.8452965091982284
0.7752062090840717
0.7087977846035096
0.6455666302778377
0.5852493921433495
0.5277043280555239
0.47281239710607
0.4204128600582101
0.3702794131003292
0.3221300952368379
0.2756414873469669
0.230421020918331
0.1859612945733034
0.1418932880536835
0.09908537856805123
0.06101130219933851
0.03346372616588671
4.888250549610829
3.96243084552907
3.733312118216208
3.757687548485914
3.763938204532175
3.722812154002698
3.660488698261938
3.590528074984314
3.517947395776976
3.448721316657413
3.389946258040735
3.345683266274402
3.325647919254193
3.360439878150247
3.4834036913421
3.532731467333712
3.099022679708685
2.974373671986192
3.000051036036427
3.008516675303044
3.022091587456264
3.055698602009369
3.11095051025826
3.447743669102703
3.006748290541897
2.574187068787469
2.398612273684773
2.265423713252077
2.117846674690932
1.973963637030498
1.77835217440885
1.33937190199819
0.9763925071685642
1.356877831077171
1.40528540082847
1.442833000138746
1.454732659280746
1.458491318086257
1.485224571138818
1.316251953074011
0.8110103724963351
0.8255387300663163
0.9124138919664126
0.9130155282887439
0.8730473966125283
0.8258673932779523
0.7792661631428985
0.7331861062427963
0.6872307640471769
0.6414147186159419
0.595826391134357
0.5505049183227431
0.5054549830657453
0.4606677116615252
0.4161258262104251
0.3718054366320271
0.3276842198808033
0.2837509017230045
0.2399724939817179
0.196134105826966
0.1517328408104372
0.1069433658635661
0.06664145316525681
0.02517195230630679
4.336205696561175
4.047373450017305
3.948775313525037
3.886008836414848
3.830037215617931
3.775071203161521
3.722519088814899
3.672173676109357
3.623461691661799
3.577274217412362
3.536252066747215
3.499827989322005
3.469209615750021
3.447577056874477
3.445725319043533
3.426043608556657
3.333010495549245
3.155983573266997
3.114133189057369
3.094930004247562
3.096305601599289
3.12569240128418
3.12844706843122
3.43604608979382
3.540688923005822
3.132798405706539
2.697884858385079
2.310960087307354
1.936584543143406
1.54241191055118
1.10630800459904
0.7380266213231252
0.9840104243256246
1.350672252336784
1.337490494687953
1.368581106765483
1.36366391194344
1.332738531656023
1.275629014621359
1.057779670236495
0.9351136962314487
0.90812751382873
0.898394648358023
0.8686285163950354
0.8322929112138523
0.7935758996724411
0.7536552512286505
0.7128009162532825
0.6712472421860325
0.6291956566698924
0.5867885161657251
0.5441154041825372
0.5012317815381029
0.458173790917886
0.4149674135187276
0.3716337161818066
0.328192019085522
0.2846614268900943
0.2410587216762923
0.1973745540910707
0.1535680357395204
0.109497400788464
0.06631274079355702
0.02245105766180017
4.037554218044228
3.944405379328632
3.892506150490972
3.843217596878936
3.797136688643953
3.747866912485216
3.695779127216968
3.641407074751633
3.58536821579711
3.53095178948715
3.484665236953956
3.445899689161547
3.415975632190815
3.394038873012196
3.377951843881708
3.345210789290571
3.273702007562697
3.194052773866762
3.164562975441388
3.148255741219152
3.145589372623427
3.166860425230442
3.132049817182531
3.339666012112343
3.693454879311862
3.479838072738103
2.975512107711926
2.375687534027549
1.755768749901533
1.155971212962363
0.6736002479595899
0.5411231950486194
1.079728341344268
1.357307495240865
1.301271260160899
1.323233031975355
1.31212230676653
1.282320875556518
1.234972594791388
1.126049113042923
1.025061072641763
0.9693484973238931
0.932240187175117
0.893229243791181
0.8521963967221637
0.8096397265310284
0.766390749832456
0.7227851312220093
0.6789870285542728
0.6350914888117598
0.5911576906529826
0.5472215437227026
0.5033038529172396
0.4594158452411449
0.4155623527163196
0.3717437756158679
0.3279575993209051
0.2841986387335932
0.2404578780288843
0.1967148792337128
0.1529733791705306
0.1092163575306534
0.06595776641424479
0.02261245175380569
3.964120847142866
3.9244425009104
3.892311954349542
3.848051151932763
3.802829690170879
3.754373679983289
3.703739586623113
3.6501741315376
3.592072357793036
3.53385887972272
3.487320839728934
3.447775841726438
3.415772583622372
3.389038877504087
3.365091793968447
3.333711111909939
3.285433475127766
3.234659052438055
3.207293102435769
3.191258352253189
3.185254133213512
3.201354242432312
3.154564705318516
3.336188126884764
3.739672892609758
3.631183638170564
3.140420426147236
2.436811780502214
1.664735153345118
0.9588869355318097
0.4936315489975118
0.4827911993515018
1.092430286441636
1.34715655792521
1.276463681926454
1.292010524589558
1.275642194674644
1.244114048415807
1.196303279745395
1.118286588734035
1.04203689783632
0.9863398655386737
0.94072686172611
0.8965018821677805
0.8527293277043819
0.8089710611367787
0.7652591443548385
0.7215558595120708
0.6778468432687506
0.6341280066555949
0.5904011512508768
0.5466697510255026
0.5029370795776262
0.4592057711780443
0.4154776272065838
0.3717535711114348
0.3280337966217209
0.2843174630820199
0.2406027302592637
0.1968816785618907
0.1531661518051442
0.1094385340105694
0.06595250446376134
0.02251721726069838
3.96564608325696
3.925821759610502
3.893794100195997
3.850007544434417
3.805595867154821
3.7582519837565
3.709176775256896
3.655134696390214
3.589496974023879
3.520046120924446
3.472016919343864
3.4319546153082
3.40040554298591
3.373745323990466
3.349323052561346
3.322076256392067
3.288389902169246
3.25495663458455
3.233686661324314
3.220977738792163
3.214903894854563
3.229110188377458
3.179432518142188
3.364046168814459
3.764170074748413
3.684436022073497
3.221635700460078
2.507056318665997
1.696068386328751
0.9605545616257555
0.4913374006364
0.4793063293267172
1.070954016399047
1.332754232629985
1.259491057495044
1.271022254810293
1.252912607827055
1.222820172366834
1.178794266550681
1.11729224055487
1.054052763771233
0.9990084034455103
0.9494555190115028
0.9021596836127733
0.8562942941386811
0.8112250849637532
0.7666757359333992
0.7224404776263734
0.6783952808490021
0.6344643259473132
0.5906018021984303
0.5467813874647265
0.5029883265306748
0.4592145445940354
0.4154556088848326
0.3717089327181632
0.3279728592536839
0.2842457430197526
0.2405257141889549
0.19680531319993
0.1530977248007793
0.1093839109097941
0.0659241293716227
0.02248537419714174
4.041582112985688
3.947917389048316
3.896113752880372
3.848095911234945
3.804331636069497
3.758475640654897
3.712295543680344
3.658430815195062
3.579590931998689
3.489902066902342
3.445545035917862
3.408841846310614
3.381248695863468
3.358050147988489
3.336809958974674
3.314841617389681
3.290819362746804
3.267993142192442
3.251988306670256
3.242425279028895
3.237227259619966
3.25062858121465
3.201464615865218
3.383655193240946
3.767557495595438
3.697771465471327
3.273596211347633
2.609231921102623
1.843110442258202
1.131317903508434
0.6397444835569992
0.5457930592513737
1.043903762890976
1.333886731559865
1.27400832255085
1.283849100856206
1.26540102630779
1.234951482669357
1.190629662411835
1.133311970591639
1.072344385910269
1.014442187586212
0.9602927766553496
0.9091682973612597
0.8605479210861484
0.8137232075319571
0.7681290469752708
0.7233164199449288
0.6789776793098493
0.6349146965321889
0.591006460840285
0.5471824179187121
0.5034030871415551
0.4596473547322194
0.4159045104311708
0.3721695378811986
0.3284405018744476
0.2847161425383779
0.2409930448520158
0.1972563352694211
0.1535147823690124
0.1097435586630243
0.06646668398706169
0.02283946849327918
4.342350599815669
4.05378759842662
3.955914564676857
3.895808063058773
3.844324393513695
3.797687572669839
3.767626345275782
3.736760954558982
3.639287984464799
3.464353617140658
3.415671540491686
3.381067852474297
3.358322374871405
3.340326845687194
3.323995846966779
3.307642015935867
3.290800663868552
3.275251228878747
3.2637913039715
3.257141747826973
3.253241379918543
3.266058318774353
3.219515708412911
3.389918403365465
3.749255250849639
3.695229920455845
3.327080768777348
2.750111164992812
2.080768226604887
1.441955434696566
0.956730955287828
0.7614629801098151
1.054386075362034
1.250277438895089
1.189922978587097
1.185973442407378
1.167180824589204
1.143191945554282
1.111122363068171
1.071428379459967
1.028308318789817
0.9847688887728248
0.9411318575337885
0.8972762727422413
0.8533095187512151
0.8092648871680191
0.7651918496744275
0.7211186620897538
0.6770691112969734
0.6330579999278902
0.5890911875363399
0.5451689967465253
0.5012887665115583
0.4574466018059057
0.4136382623233447
0.3698596972251263
0.3261079909138882
0.2823824816992371
0.2386836783504581
0.1949915830649375
0.151267802336998
0.1073835370926916
0.06455659232198259
0.0209761527062179
4.89553675001331
3.964148007040897
3.733261774883458
3.759612336212901
3.769295679550876
3.743497667413739
3.744994487522843
3.727620497660835
3.438541713752736
3.309017046508712
3.331541173810143
3.331061973995947
3.325752637741351
3.318716896636881
3.309854989010871
3.299699519052012
3.288854725191646
3.278752153542376
3.2710667705332
3.266890445709597
3.264300877220256
3.276413039075381
3.23383905115131
3.387262273179629
3.71631765719487
3.686365639538232
3.389108869848581
2.919333365486179
2.374705287175337
1.852318974396103
1.443730307304767
1.24286633080884
1.419734673867985
1.546559170651074
1.516977440030236
1.493935372764254
1.472160438416333
1.430822631550987
1.35949167924144
1.2661751385168
1.16655188474336
1.073714247533107
0.9933145331310714
0.925433940932904
0.867503541981266
0.8162470978098962
0.7689272512749057
0.7237087587489982
0.6795223803633994
0.6357968682092012
0.5922435332525644
0.5487249566360262
0.5051824211780109
0.4615963188328655
0.4179646646220649
0.3742935428529082
0.3305982442730971
0.286907119250396
0.2432253107715092
0.1993756072525079
0.1549017675389384
0.1100229614472999
0.06964237368509035
0.02720459110791492
3.791227770424872
3.495135591001146
3.382643059117161
3.437929055697369
3.487658828357347
3.446434172151162
3.2621320459554
2.884589863706556
2.836909347921555
3.22086173409015
3.249242392379479
3.283616902966986
3.295243559170189
3.298593958114477
3.29663966614997
3.291910119639466
3.285831207087383
3.279835137360721
3.275151828212674
3.27295643838966
3.271520278551148
3.282769751816836
3.244820224962936
3.379467147866149
3.676200786373706
3.675137281145895
3.456060935241637
3.100619062825449
2.691006009347925
2.309576827111789
2.041012841244101
1.971757514470385
2.137629938565591
2.284710566370587
2.361540500280855
2.385731241031324
2.357298255501838
2.256125524339099
2.078642975643174
1.848182463914533
1.603061988361487
1.378412410650113
1.19379515916778
1.05236473289459
0.9472039521636487
0.8681226234745034
0.8058383703696191
0.7534963572214226
0.7066225825293511
0.662521099936185
0.61965722129795
0.5772006244337098
0.5347295628552783
0.4920512474191547
0.4490973357090359
0.4058671019454024
0.3623982912158847
0.3187384539731311
0.2748784344686092
0.2306762265176728
0.1860763586698035
0.142131885916806
0.102261230955037
0.07228943127147024
3.090715030640716
3.081848886216562
3.08555128319459
3.12178143421542
3.132070749487341
3.042396955066978
2.828478371824287
2.630539583844706
2.921414635636991
3.235367398557068
3.230398016709426
3.265804468201546
3.278968974215961
3.285521252702069
3.28694837228969
3.28558275386698
3.282728250003204
3.279601551946855
3.277126559281039
3.276393620223236
3.275861283453664
3.286117235404518
3.252903720914591
3.368830342477614
3.633957157773951
3.662939280606746
3.521955295644808
3.278778121529653
3.00182749152981
2.759114528104902
2.613476657326958
2.603442193392072
2.705288715651785
2.834698436507755
2.93517907939586
2.971129105836369
2.925333084862998
2.787648025563395
2.563399960241584
2.278341963632828
1.971388749183389
1.680554674860775
1.431367438006605
1.233305813850258
1.083329038010707
0.9719804318599389
0.8884364500749691
0.823302929644721
0.7695365678088936
0.7223234594183936
0.6785785768948194
0.6364224989635794
0.594765501939139
0.5530155389712098
0.5108870724172494
0.4682811097435292
0.4252093240629946
0.3817425962831466
0.3379946065424845
0.2942279130086885
0.2512410418163311
0.2110772898225369
0.1777698948665874
0.1576785147515492
2.688560685166125
2.745121551293623
2.800540301588187
2.830954012166421
2.817887963126458
2.74887169842773
2.670786969292798
2.732778640375797
3.09486284293698
3.261065687622816
3.235784326079076
3.26120208252296
3.270968649994471
3.277480463887809
3.280207793894534
3.280709858578909
3.279887860639604
3.278664162569485
3.277715764801494
3.277981055609653
3.278089591482595
3.287276784677232
3.258562973444126
3.356898000897266
3.59264870722556
3.649866818088112
3.580774555491114
3.43891859357199
3.277431152220192
3.145006937908417
3.077195690662822
3.083714155988011
3.145109007689094
3.232869491370638
3.305830809871945
3.322944071170247
3.258569029604446
3.104621813266614
2.86948764470261
2.576272359937601
2.257405211707912
1.945915625420699
1.667230501538427
1.434967312607639
1.251486417273636
1.11144282578528
1.005909020057026
0.9255073596239873
0.8621335119835101
0.8095494752534953
0.7633189955604396
0.7204714334666862
0.67912096962034
0.6381405550066627
0.5969166341843652
0.555178710960186
0.5128913737893021
0.470208539593054
0.4275166194511522
0.3856113634833606
0.3460064261518055
0.3112314238943955
0.284791418554741
0.2701939570238068
2.456580704876373
2.506391283973898
2.564563149378011
2.600715885441326
2.610625386907852
2.618716745173063
2.683084365160092
2.869793051919335
3.176662277370331
3.269347498575885
3.24323001138355
3.260510733337711
3.267200254944282
3.272741182817156
3.275727348768532
3.277117234394284
3.277457182917294
3.277399857787925
3.277422795684866
3.278296999272519
3.27880681980772
3.286907963152317
3.262269485726443
3.344810789566679
3.553994308210908
3.635023752946734
3.626340560583279
3.566921715180778
3.493519823082667
3.435861443738577
3.410749090541048
3.419331370300279
3.452218226184186
3.49543708576829
3.523925991951909
3.507854808982329
3.424797923853393
3.266812117432523
3.040425083949179
2.763437512765447
2.46039982896333
2.157226389686348
1.875984657007068
1.63132636180473
1.429467081426895
1.269481444575821
1.145831180530441
1.050955512474125
0.9772069411260793
0.9179485855472057
0.8679658149677417
0.8234524589210191
0.7817984747900523
0.7413260787392312
0.7010499817309243
0.6604927938854414
0.6195678969331465
0.5785401911794218
0.5380732124537462
0.4993435909754602
0.4641352984833611
0.4347463639896838
0.4135309068455896
0.4021129343294957
2.324576563631655
2.35903558998383
2.409214511152372
2.46030676306226
2.516370078447181
2.602410738955408
2.7483816954274
2.959979169374752
3.203731986610876
3.271122642798344
3.248938776878425
3.260991501037639
3.265581178390961
3.270031578515421
3.272812185957713
3.274508755740454
3.275422801532363
3.276001618773909
3.276571679868459
3.277750408123076
3.278464490796433
3.285511853425558
3.264452786082116
3.333334108463397
3.518641706387249
3.616826742829734
3.653335489098568
3.653347763894838
3.638998647040794
3.626041151003312
3.621744020570233
3.625978162566205
3.634342353002655
3.638555554162928
3.624652829012903
3.575246028176024
3.475689826069914
3.319690982558805
3.110913785268925
2.861283979043273
2.587919943205852
2.30975111075134
2.044269014787646
1.804894123017025
1.599507749503
1.430402757459238
1.295398112792775
1.189516762757537
1.106623665730524
1.040654752935605
0.9863379572581863
0.9394869009786505
0.8970143250503224
0.8568030050988613
0.8175327019343253
0.7785227927301466
0.7396224794390743
0.7011600865694226
0.6639382354522479
0.6292246594802984
0.5986523592779904
0.5739513376957806
0.5565430527092341
0.5472343739968862
2.263093958679764
2.290535671601348
2.340027270381721
2.410340722961265
2.507491395792716
2.642347191109635
2.817769602133268
3.017852255001279
3.216190674567408
3.271358808605979
3.25300125643273
3.261826383220243
3.265054778310548
3.268548212721864
3.27094495187554
3.272618292913886
3.273721308630185
3.274562890602401
3.275366398372857
3.276621713708748
3.277387395103062
3.283445911237073
3.265472368953498
3.322866350831906
3.486482577466631
3.593824083404949
3.659061536596215
3.695883061900078
3.715513838368024
3.725141608301564
3.727733347631273
3.723234420938991
3.709591442131123
3.68248796449897
3.635225933350358
3.559571209622063
3.44813595295464
3.297305435343477
3.108919365603995
2.890078636350469
2.651712739397858
2.406683199595818
2.167819004621994
1.94611092299921
1.749352561438632
1.581513072752003
1.442927948395599
1.331121743398091
1.241913952803194
1.170473159682646
1.112114263573939
1.062780989007938
1.019257687503855
0.9791971781633918
0.9410513528630884
0.9039706447433747
0.8677116609021587
0.8325639856348315
0.7992782866395575
0.7689553800854367
0.7428585815974093
0.7221602306431865
0.7077178142488266
0.7000111891015384
2.259965627041379
2.288140452401492
2.343829928488759
2.430555894008647
2.551390271494156
2.705064986043805
2.881319502386553
3.061507158554382
3.226346503879852
3.27143855604071
3.25618052331913
3.262840257246145
3.26513218078238
3.267825519644645
3.269779344605602
3.271241259076533
3.27227971708076
3.2731203013912
3.273927663189231
3.275091768796279
3.275795063463366
3.280945904018769
3.265603793165472
3.313525498651829
3.457118128775175
3.565524248210049
3.644206854566501
3.698548491924634
3.732764115237956
3.749380484498858
3.74949023309845
3.73331711260548
3.700418577601809
3.649571578981729
3.578839412158294
3.485790973015769
3.368117152008451
3.224713255547738
3.05673609634557
2.86805950466854
2.665006706936895
2.455581459627427
2.248435163677371
2.051736681517808
1.872124565954244
1.713959560719631
1.579046696770744
1.466851127046833
1.375076380686743
1.300394010378491
1.239130049485036
1.18778944322318
1.143383789659566
1.103587352584908
1.066772789200027
1.03197791653066
0.9988388289754165
0.9675024110855055
0.9385121003120234
0.9126556371257353
0.8907815139996865
0.8736265037990854
0.8617174782560841
0.855371750122468
2.306330891520255
2.337999082922237
2.400428873165329
2.49595543640456
2.623476288254842
2.775759683396487
2.939392198461229
3.097886250531129
3.235181889632416
3.271484767533055
3.258816507769184
3.263919800862199
3.26554593497958
3.267584736309004
3.269092928540346
3.270236174085371
3.271034271201761
3.271678811573487
3.272318817940137
3.27326680332881
3.273823182161477
3.278151120120401
3.26503930220973
3.305263316660792
3.430217835023203
3.532636208383694
3.612211587668229
3.66921490827423
3.704002262665818
3.716889064706812
3.708308612842701
3.678953930497862
3.62974132871565
3.561710737972954
3.47592713793928
3.373328085017423
3.254621224577572
3.12045616232382
2.971896491679234
2.810940498924397
2.640814233481341
2.465925168017888
2.291503509041209
2.123015947997147
1.965471960872626
1.822779181726029
1.69730690757455
1.589757214417831
1.499342726859011
1.424180590633005
1.361772512810231
1.309454664578539
1.264746343079236
1.225574934933608
1.190388836854662
1.158184307568294
1.128470710811974
1.101189845714361
1.076598833117634
1.055129631108088
1.037251019370741
1.023367987837109
1.01378016784601
1.008683503699712
2.39136402640644
2.42528057096614
2.490356129974058
2.586038411734799
2.708171316727503
2.847897286014461
2.992749462898716
3.128884413928183
3.242383419465949
3.271507414332895
3.261062559718912
3.265010402413241
3.266162513524829
3.267675228919372
3.268762624790348
3.269523511684162
3.269939275652707
3.270223740248907
3.270560646641972
3.271194635775265
3.271540900672311
3.275126444418127
3.263898933094192
3.297937252880641
3.405593233643093
3.496690467916911
3.567928906256468
3.617134167029377
3.643047289356165
3.645276237649885
3.624310125106029
3.58147275962704
3.51879316996977
3.438820569900278
3.34435976088246
3.238118070098488
3.122347166694369
2.998661294485857
2.868165622753994
2.731842338471946
2.590996767415233
2.447567348416392
2.304195963754585
2.164049629993914
2.030451308633742
1.906422952410539
1.794265363971083
1.695284311312571
1.609720726746179
1.536876368558952
1.475374100183666
1.423471313221855
1.379354687771116
1.341370776284773
1.308174558844233
1.278797718921593
1.252648185427228
1.229456282449374
1.209185915086745
1.191933889342933
1.17784314927166
1.167049104025796
1.159659909127903
1.155752194375067
2.502223774172727
2.535522162911345
2.597902706979685
2.686618403224549
2.796108603682495
2.917891848451369
3.041462571206636
3.155441550442396
3.248196482245047
3.27154536135638
3.263022272372485
3.26610206815333
3.266929525760907
3.26803663307172
3.268749198751268
3.2690883039102
3.26897245932649
3.268722799987079
3.268638307126018
3.268874163691688
3.268962622511443
3.271876718710383
3.262246119887036
3.291327869455927
3.383052503370971
3.459403994424557
3.516342510100561
3.551202154920782
3.562579989375585
3.55028510720911
3.515281953964777
3.459575427080659
3.386024506757166
3.298075456038432
3.199403003178102
3.093484347746532
2.983185840791325
2.870488898983693
2.756468640477385
2.64154253142551
2.525886314561385
2.409855595349411
2.294275590794437
2.180529580869774
2.070446065662121
1.966037710724016
1.869177599785289
1.781305900309814
1.703240546765049
1.635126075793633
1.576511215325275
1.526514248197606
1.484023343800772
1.44788483402141
1.4170479001369
1.390651371681809
1.368052776548518
1.348810454849007
1.332636852865182
1.319344365292634
1.308802190671319
1.30091288106862
1.295604765611441
1.292828866220477
2.625920603515212
2.655940674830194
2.711321166311956
2.788415999926217
2.881562155343155
2.983391008501015
3.085381842772765
3.178394378438474
3.253064975475423
3.271626698490675
3.264769911400751
3.267198177267973
3.267832302255183
3.268664721938298
3.269084101532051
3.268985368928067
3.268131848007305
3.26711361153794
3.266498863478059
3.266258925331509
3.266057062321893
3.268358529052977
3.260104514732325
3.285134480917399
3.362218412141042
3.422156302004393
3.461723859976355
3.478998293432614
3.473284955948562
3.445082580049983
3.396022296807708
3.32873712230912
3.24664421486378
3.153635969899861
3.053694404944152
2.950471868465292
2.846908736054321
2.744973714151449
2.645601503583421
2.548854094119409
2.454258907668016
2.361218748996313
2.269375776969839
2.178842201211874
2.09026083861171
2.004707725644949
1.923485627279117
1.847876548717665
1.778920910233225
1.717272636848434
1.663150431130622
1.616376580200831
1.576474767972969
1.542791257742856
1.514607901827048
1.491226283910694
1.472015282068105
1.456425959663617
1.443985522158459
1.434284486794464
1.426967920920904
1.421734736624059
1.418342730001583
1.416614546808999
2.751063121135039
2.776147684167591
2.822064275072548
2.885291040872167
2.960856573144984
3.04275043196469
3.124276631942345
3.198278659456467
3.257280133702693
3.271766362164319
3.266369196857303
3.268333708250323
3.268920092286246
3.269655055349225
3.26994163149232
3.269425431339534
3.267459589559312
3.265278413514501
3.264040632597981
3.263253536411244
3.262752725987463
3.264492415422701
3.257473083563465
3.278987913235082
3.342461719921892
3.385766134100649
3.407290612090522
3.406426113038768
3.383541705858254
3.339999663300251
3.278120362199308
3.201053837200209
3.112550393299381
3.016645349152899
2.917291394673368
2.817987279866708
2.721460271070453
2.629458845959523
2.542699743709973
2.460986737677954
2.383478572832253
2.309043526981111
2.236616618833
2.165481614700421
2.095427816627946
2.026767962911217
1.960236888819686
1.896813855620238
1.83752115069426
1.783247126116573
1.734626175297928
1.691987233272361
1.65536317504967
1.6245411755549
1.599130548966256
1.578628506275892
1.562472471343545
1.550076423211384
1.540855151205893
1.534242712156472
1.529710099918883
1.526784208560633
1.525067942483566
1.524260754314295
2.868768423345816
2.888311532271582
2.924012570781036
2.973036591597646
3.031486881906125
3.094753736999702
3.157763858980673
3.215076030784041
3.260714841078494
3.271849703024196
3.267707686613351
3.26934665317666
3.270027257749806
3.270917180103624
3.271429755770041
3.270679769099313
3.266947377389248
3.262942974414665
3.261096537117279
3.259722352436102
3.258958165401452
3.260190045328058
3.254344871202005
3.272508378251742
3.323021397860451
3.350589373629366
3.355264780895673
3.337753995171164
3.299469290730596
3.242591908892429
3.170048741087435
3.085377330227761
2.992492106128282
2.895383560610551
2.797791974061032
2.702901056731783
2.613094562681417
2.529811078829951
2.453520039450706
2.383825695521546
2.319684665157774
2.25969960027699
2.202434205171992
2.146691129118888
2.091705928800864
2.037232514582349
1.983520656754846
1.931207603258049
1.881159362919714
1.834300823923219
1.791468102883302
1.753304194281079
1.720204503632725
1.692306601633148
1.669511411211559
1.6515216438484
1.637886225899211
1.628044227167916
1.621366065049737
1.617192207332845
1.614870307730329
1.613791635443107
1.613427678873681
1.613368108846103
2.972808097953365
2.986977151982313
3.012930724793045
3.048723173324298
3.09164655221278
3.138429183204104
3.185361024943836
3.228365227362715
3.262956208503257
3.272108598924611
3.269239166880277
3.270871074771988
3.272040293957926
3.273663000632979
3.275108804744318
3.274225091138905
3.266933952705548
3.25944831207855
3.257264197826231
3.25539080273054
3.254521247412498
3.255352910982859
3.250706759728579
3.265410303659126
3.303301496465616
3.31684398917048
3.307160465574316
3.275868221703631
3.225169924258062
3.157897355823393
3.077447894182414
2.987618035841287
2.892362369989523
2.79551538834994
2.700515492338347
2.610167347641678
2.526471340302428
2.450539036543558
2.382603127779597
2.322120158845881
2.267953728999849
2.218614394406699
2.172522183849646
2.128252485044103
2.084729149702742
2.041339795149965
1.997964214413274
1.954923189154255
1.912868038082856
1.872638476457836
1.835116961740347
1.80110247336207
1.7712178495895
1.745855287707958
1.725156969854234
1.709023404940244
1.697140967364917
1.689021236029434
1.684046779209319
1.681520047192757
1.680713677586649
1.680921820218517
1.68151312286959
1.681986803346175
3.059306879342846
3.068722295780353
3.086107133187547
3.110391146112759
3.140010694371138
3.172943216755559
3.20666187471838
3.238059612861117
3.263534229000158
3.270866997925273
3.268325952644501
3.269072167271619
3.2697048150447
3.271228463465933
3.27455950969316
3.277002614135328
3.269069168459779
3.254540606872122
3.252698926266615
3.250335352163358
3.249497181633385
3.250025073811619
3.246608586203001
3.257630587374122
3.283239107228211
3.284980651236213
3.26410366617536
3.222572847469823
3.163046393256765
3.088788826071438
3.003507935075923
2.911132274274995
2.815556917439692
2.720388995734735
2.628722906898808
2.542968919391227
2.46474996936739
2.394872140495487
2.333366590930761
2.279595228362693
2.232408441079551
2.190339258910749
2.151813942322296
2.115355422494464
2.079755428107244
2.044195006135273
2.008301198607998
1.972138058101038
1.936140509338363
1.901007534378838
1.86757527247928
1.836690432089392
1.809100565625969
1.785371754571579
1.765837888213386
1.750580477802589
1.739434611049415
1.732015269043685
1.727758367188986
1.725971948673451
1.725894406476271
1.726758024270366
1.727857279370798
1.728622261587944
3.126271340139057
3.131763235403465
3.142088815955696
3.156932760010454
3.175734765844763
3.197608153740558
3.221191966516898
3.244492442815851
3.265177621881882
3.273984471518018
3.274464606132505
3.275647804152343
3.279079359119965
3.288224177876581
3.306437870025511
3.316128982441258
3.257093364417089
3.237469874299533
3.243826103028825
3.243288407117414
3.24343690012826
3.244096367159909
3.242019454161815
3.249368331537688
3.263529235101588
3.255861535020196
3.227005232443411
3.178818731909186
3.114109006567243
3.036348072864675
2.949380984231788
2.857135698413824
2.763351939545269
2.67134906362321
2.583850086671768
2.502871760369453
2.429681786938153
2.364816853293681
2.308150898201794
2.25900205106035
2.216267728540908
2.178578497137269
2.144460986171159
2.112498214244136
2.081473477163937
2.050483329869607
2.019007487702058
1.986928731443343
1.95450301004752
1.922287162111744
1.891037318944874
1.861593948238879
1.834769309169893
1.811250305473015
1.791525402247463
1.775839642587099
1.764177874227957
1.756273645023704
1.751639939546159
1.749617723319786
1.749438666404372
1.750299004370035
1.751442068442172
1.75224770199442
3.173115251733023
3.175577493378612
3.180455720004645
3.188034655662468
3.198569212638906
3.212139807973446
3.228521552853787
3.24705086019783
3.265913936394744
3.278749498384134
3.286872915062443
3.294870850261827
3.306425671135814
3.322833697456822
3.335315113963953
3.311515995579364
3.228817185020259
3.228331137539277
3.236090493074772
3.236688691315077
3.23746904498365
3.238152685629928
3.237234519563538
3.241219981430537
3.245420284035841
3.230553232027694
3.196504894893965
3.144819866880194
3.07823318558473
3.000218125519728
2.914579393559595
2.825101782941513
2.735264731243731
2.648032687723486
2.565725589301047
2.48996514992196
2.421684701451296
2.361185780463058
2.308224577808638
2.262115002778647
2.221840451420466
2.186170944627657
2.153784172171942
2.12338758682372
2.093835140984534
2.06422871225502
2.033992820539566
2.002912954696293
1.971132403260927
1.939108600330464
1.907535964260581
1.877246592076072
1.849102199795255
1.823890344204649
1.802235793212518
1.784534778545006
1.770916574722497
1.761233953301086
1.755081789451862
1.751841416261112
1.750747078591929
1.750969930438132
1.751714529730739
1.752322999611579
3.200256331852256
3.200582599899358
3.20162433229733
3.204108604769558
3.208903860877838
3.216795881373162
3.228209780540384
3.242816431828618
3.259038045507674
3.274392557813274
3.288168219408439
3.301098112095505
3.313331397423083
3.320432137762455
3.310474218296882
3.272139040862142
3.227248180450042
3.225669651465836
3.230733880078974
3.231230166361472
3.231980561220361
3.232457306551143
3.232401226741719
3.233671754459036
3.229989966831636
3.209833001770435
3.1727636709691
3.120084464468274
3.054361425304183
2.978910883928961
2.897331187667358
2.813116293051561
2.729369276937808
2.648621014191927
2.572746854718489
2.502963435027787
2.439881392721599
2.383589081420024
2.333746980722871
2.289680495354327
2.25046748507949
2.215023297227079
2.182188300027775
2.15082067952049
2.119892137430268
2.088578711418539
2.056335633652439
2.022945199199514
1.988529857827787
1.953527940335434
1.918634981711972
1.884718177573821
1.852714408427486
1.823523440187119
1.797907719296459
1.776409059481815
1.759290722895912
1.746510982778235
1.73773122944
1.732358231835256
1.729616726859531
1.728645648478583
1.728609569668645
1.72881673436961
3.208804309300248
3.207885411952261
3.206691288214983
3.206215343466302
3.207692543326703
3.212295543611264
3.220756570111555
3.233010344220672
3.248116718221216
3.264670159002788
3.280835444876043
3.294428970066208
3.302170342769208
3.298762529796754
3.279611843474433
3.249380732499688
3.227200745752325
3.223253640116722
3.22605127887798
3.226224605811276
3.226766786163146
3.226995965899517
3.227546077405035
3.226876550260688
3.217567597441933
3.1937501593953
3.155261437031157
3.103421676499484
3.040664057999471
2.970063643234323
2.894877742262548
2.818169269630335
2.742547003058337
2.670026716503446
2.601995920538387
2.539253022961803
2.482088689107757
2.430381373270903
2.383687983533591
2.341321601580907
2.302418007504963
2.265998649862071
2.231038271164768
2.196541366975502
2.161625388564636
2.125602886520972
2.088051686390633
2.048862396223052
2.008255494168426
1.96676461079676
1.925187045195103
1.884506180137786
1.845793114641676
1.810096812366733
1.778333709331049
1.751188981764724
1.729041949350389
1.711926528167717
1.699533771274712
1.691257786142133
1.686280073829036
1.683682258930502
1.682574434859016
1.68222627071014
3.200339780259475
3.1991018179189
3.197323963882832
3.196055129080924
3.196612273611886
3.200261223179103
3.20785014147044
3.219517697276547
3.234579962906828
3.25147604823636
3.26754217124381
3.279191749774489
3.282499783249341
3.274697385597549
3.257056812160003
3.236744802543137
3.222811080452353
3.219334680172947
3.221220429501735
3.221272659252791
3.221674906918231
3.221717765923736
3.222688059580682
3.220749280854016
3.207720686076749
3.181539254818204
3.142753269763707
3.092995808971307
3.034689781491385
2.970654265603112
2.903711568552134
2.836376011895307
2.770661794985714
2.708007110562518
2.649287196130409
2.594880809923079
2.544758077602226
2.498567325037897
2.455710240312435
2.415405343201154
2.376746525489938
2.3387648100794
2.300498177610084
2.261068821876455
2.219762163559554
2.17609901938116
2.129891950619651
2.081278544437207
2.030727207072629
1.979013890334327
1.927170385763741
1.876406469407279
1.828009912727701
1.783230936862459
1.74316129587824
1.708622067820214
1.680076709275777
1.657585060418423
1.640808777337728
1.629069980928577
1.621455381273005
1.616950887419424
1.614588659697221
1.613589622676928
3.176787561106585
3.176257207330453
3.175720049187222
3.176029273787867
3.178246867111612
3.183386368254262
3.192134205577733
3.204596711189546
3.220059576371771
3.236737465013314
3.251699746664618
3.261376264492406
3.262837931613193
3.255546746598685
3.242394028158834
3.228410431537775
3.217710388930699
3.214967867783461
3.216389405425015
3.216372742550085
3.216682159881991
3.216593756129559
3.217860707461735
3.215097628952522
3.199584946696655
3.17186404858193
3.133438972918039
3.086486127030001
3.033546777887577
2.977196909266892
2.919761652933836
2.863126599490508
2.808657491855619
2.757204718043571
2.709154989788553
2.664497246134316
2.622883780953817
2.583682581335641
2.54602818734283
2.508882954862091
2.471116972567532
2.431605609878901
2.389334619811866
2.343498700991729
2.293581176790899
2.239407510019354
2.181170692236985
2.119430167671667
2.055087221855207
1.989339025819783
1.923611852280952
1.859472895438812
1.798521113577503
1.742261340604915
1.691972034921601
1.648583433646453
1.61258664516992
1.583992799447084
1.562353991272545
1.54684603437111
1.53640068170388
1.529866227385334
1.526172966680781
1.524483331543799
3.140399887925284
3.14178307160936
3.144632902226374
3.149302357305733
3.156157935169512
3.165458581645739
3.177278388368139
3.19141528550658
3.207177135234395
3.223080042197332
3.236760583002163
3.245481533978009
3.247318785983037
3.242394931297619
3.233017098271995
3.222333471293109
3.212921334376215
3.210357898359545
3.211539778870312
3.211487813457079
3.211753575990453
3.211585250259354
3.213089695738503
3.209709405575111
3.192211096638584
3.163196697813231
3.125295285229427
3.081370203121527
3.034145047766314
2.985939016828761
2.938535202306171
2.893167902799173
2.850585130649827
2.8111312668862
2.774806632793062
2.741286990672469
2.709913179525875
2.679680692593625
2.649265907827813
2.617115232394428
2.581597817870792
2.54119480201609
2.494683364832582
2.441278054897656
2.380709332601349
2.313239441782945
2.239629762008138
2.161078187227842
2.079141215839384
1.99564737489215
1.912600856921379
1.832070397609932
1.756060287617137
1.686367535133582
1.624438763627056
1.571248121032343
1.527219419550297
1.492210565761055
1.465567690565359
1.446243403225123
1.432961506161671
1.424402404833387
1.419382031667407
1.417002655614191
3.093868147645703
3.098627104174756
3.107468398388406
3.119856438196405
3.134868940966777
3.151319158019422
3.168074025196103
3.184344164696904
3.199678144042591
3.213620313948448
3.22529201637864
3.233309649540561
3.236310660720408
3.233845645647493
3.22690683006465
3.217589424028144
3.208265243233559
3.205551444988278
3.206646787147031
3.206599913721027
3.206872509095721
3.206672819696889
3.208400073755406
3.204420807634736
3.184819844946232
3.1542055788668
3.116501885802567
3.075312155675938
3.03350019656251
2.993060195006658
2.955215152957233
2.920622862926389
2.889577048089692
2.862127492394083
2.838086892709783
2.816940177218468
2.79771135571421
2.778867886947417
2.758340100227205
2.733693224785705
2.702427021440441
2.662326910196905
2.611775460814972
2.549955181188573
2.476916541813843
2.393527812872302
2.301348922568256
2.202474398968434
2.099375971936884
1.994754840144772
1.891397554466411
1.79202418162185
1.699123794959855
1.614786286562363
1.540553249808954
1.477316101134894
1.425283087011044
1.384022082664068
1.352571240403829
1.329600400473477
1.313602313884969
1.303090440992387
1.296778911763684
1.293724051717675
3.040581541490576
3.050507104327229
3.068497501036613
3.092583422520601
3.11977101443539
3.146619361351652
3.17017176291327
3.188748471539311
3.202233807099966
3.211758614316682
3.218849542977558
3.224339752398748
3.227674894954363
3.227320610488257
3.222275988204802
3.21346892589795
3.203520381504445
3.200566042993898
3.201661273419881
3.201691031051107
3.202032808709044
3.201865570450285
3.203812357447031
3.199158793482717
3.177017095825215
3.144164253762331
3.10594128010388
3.066621709401832
3.029060857221529
2.994841175132516
2.964697498494143
2.938953466629989
2.917798090954117
2.901349589922265
2.889518506970944
2.881733628847624
2.876642172090313
2.871931020883958
2.864391748808183
2.8502585976479
2.82573949809154
2.787595002862258
2.733617049066964
2.662906013991086
2.575916706923295
2.474313272757159
2.360713277305313
2.238401283279186
2.111061857123743
1.982543601442262
1.856639916883349
1.736868651090371
1.626249404130489
1.527102201867608
1.440907778378916
1.368264898480852
1.308954558490168
1.262089556407938
1.226309611043849
1.199985592173315
1.181413835204846
1.168995333654334
1.161393342300489
1.157654232632124
2.985062439847861
3.002360080835166
3.033248359975799
3.073445971647007
3.116900560536585
3.157227643700118
3.189289107513065
3.210240896834479
3.220026585988696
3.221349801624688
3.218802637219583
3.216887124981923
3.217524878392735
3.218804395940981
3.216720380161035
3.209218610551925
3.198592610559482
3.195421026425214
3.19651202626609
3.196747847853615
3.197245727334794
3.197220796051256
3.199339030897556
3.193996931373237
3.169087835005711
3.133473559708997
3.093790593567082
3.054736806235395
3.018984912114004
2.987741367245448
2.961544861074513
2.940885150855276
2.926424341923838
2.918853282468559
2.918498600125059
2.92479779463827
2.935824772847842
2.948093304500208
2.956778334377811
2.956320458343822
2.941247625591656
2.907006584336069
2.850618952497141
2.771039314577436
2.669181876346957
2.54767311139029
2.410445709109297
2.262291489760924
2.108446102766524
1.954220527186585
1.804658797759159
1.664204237419649
1.536389718993698
1.423604954412585
1.327004631255304
1.246591047972849
1.181448637019869
1.13005829986281
1.090604069224762
1.061209862084846
1.04009442499467
1.025676761996403
1.016670867016535
1.012174176765795
2.933655716799769
2.961069551626917
3.009107105107454
3.069631190139104
3.132489783551009
3.188287982856296
3.229985885747326
3.253440980955737
3.257947596211123
3.246911541176273
3.22776384191153
3.210015213015807
3.201149457641083
3.20202895774638
3.20580759143709
3.203650510184657
3.193762401392902
3.190176929499587
3.191075679752474
3.191757994044228
3.192545797280669
3.192869824849406
3.194979350408174
3.18927672857343
3.162489735812817
3.124373262412984
3.082190965032806
3.040645430065489
3.002261780760712
2.968315425723743
2.93984820461977
2.918340142371884
2.905729723228693
2.903867544758704
2.913737499131819
2.93463280688116
2.963595171611042
2.995399638595434
3.02311766081929
3.039062957858219
3.03587614357652
3.007542692430712
2.950180625140645
2.862482705207633
2.745769051488065
2.603691414326226
2.441702444645324
2.266427964766548
2.08504352850193
1.904689720275617
1.731918635717744
1.572176927484525
1.42938302679289
1.305696308589185
1.201555897364987
1.115987976567063
1.047091699506647
0.992564122226782
0.9501302952713728
0.9177954011365362
0.8939132677595227
0.8771454041038792
0.8664245294871069
0.8609888184745534
2.895689749123874
2.936606431467172
3.005996822408221
3.089372612264843
3.172149774954756
3.243158881271109
3.294408873162846
3.320441860541665
3.31909525151428
3.293021342710946
3.250788902836703
3.206400063835126
3.175653088137206
3.168463732535489
3.180432755484357
3.193101299881386
3.189883454142108
3.185008823822262
3.185072218647434
3.186691102145681
3.187997712862076
3.189051154217915
3.190715385244686
3.185834569243573
3.160592937007122
3.121775794989366
3.075845461533268
3.02710130633493
2.978587055129344
2.932936551059421
2.893033721850716
2.862475999667916
2.845399878525835
2.845373193920548
2.864020531138448
2.899891796371028
2.948133091800015
3.001074031639067
3.049350236806093
3.083150660858144
3.093386663161127
3.072699529474153
3.016251348937527
2.922248358241288
2.792139844566859
2.630444129983421
2.444211257030062
2.242218697970429
2.034036665458196
1.829065981458484
1.635614881819946
1.460100602725682
1.306517727286833
1.176315616064333
1.068721672649264
0.9813995016990533
0.9112413032789825
0.8550963400860607
0.8102957611384516
0.7749017739843294
0.7476750214651313
0.727837204719827
0.7148045490036645
0.7080936458353635
2.885688198086864
2.943729113105343
3.036524154865166
3.140765039008088
3.239673233974187
3.322733072039143
3.381580135983809
3.409412177400084
3.402607499483355
3.362130081405831
3.294818524443803
3.215123043232367
3.145581029806731
3.111269216852616
3.124141676366263
3.164557833671833
3.185540031713855
3.180051994068219
3.177787337123525
3.181445785349105
3.183711442356295
3.18614629180437
3.186512960718219
3.185306116358147
3.169495412933264
3.133849579497443
3.082163104844649
3.018434220655876
2.947992740974179
2.877411930000817
2.813716141441961
2.763975692515773
2.7352380242599
2.733132622097069
2.759343291357186
2.810348188427591
2.878095663391748
2.951815650252925
3.019772820924807
3.070573807244723
3.094088305526908
3.08211139919323
3.028923291121246
2.931870094863831
2.791917226025363
2.613930295200154
2.406403064209698
2.180534752464429
1.948812974694563
1.723380742435746
1.514476130868791
1.329238274671648
1.171162026603085
1.040322523907629
0.9342180992800656
0.8488935156565979
0.7800127050128202
0.7236856895842402
0.676991856511024
0.6382037157998244
0.6067100654707042
0.5826414935986988
0.5663070545988895
0.5577685559282666
2.928044524058905
3.003928316252388
3.113936639678875
3.228982392448406
3.336093214545793
3.425696700368652
3.487450523175081
3.513823867564764
3.501721490821276
3.451177914234657
3.364841280059227
3.250931101343103
3.129534812855206
3.037383163639861
3.018316403521241
3.084487684107531
3.16503572361637
3.174142405730478
3.167658544649587
3.175759061761721
3.179870037381714
3.184691359284566
3.182321313594067
3.190321168547576
3.198336359908398
3.171580144054345
3.110329097151861
3.019740578835143
2.910436346788784
2.79682481111288
2.693780640229448
2.613734615650314
2.566488277404686
2.559356223787758
2.592375694816821
2.65777964441022
2.742957326925568
2.833846409593386
2.917005541281384
2.980625745395865
3.014808540407554
3.011434198783648
2.964159882439877
2.868998545959286
2.725472889403376
2.537818553068251
2.315449194581952
2.072101465079854
1.823699529558811
1.585569797809131
1.369830762056844
1.18372969451846
1.029376331675407
0.9047285580876805
0.805213995012237
0.7253286696618436
0.6598268784602396
0.6044341194870518
0.556206524557088
0.5136848726293706
0.4768860917013903
0.4470320086548301
0.4258625381314974
0.4146101307101093
3.067050650484768
3.144997115041913
3.24535317795086
3.353282784080968
3.460570445745021
3.549374682591553
3.604907999315241
3.622597066592159
3.603754057603093
3.549376639074758
3.457582794853596
3.32581138193483
3.158988771344649
2.985073217060537
2.871407939368127
2.906437172658192
3.083541091747138
3.162851622416845
3.153415752857324
3.169765381765568
3.177039549715903
3.18543312302234
3.178115821391442
3.204236861656284
3.258077784570741
3.246361016511127
3.168708789794473
3.035261277637205
2.865676396451284
2.686327930654517
2.52512247658612
2.403939782280903
2.334118208489752
2.321159099296687
2.359951979335374
2.436263474934043
2.532695257463839
2.632549300425673
2.721884360196963
2.790141192392889
2.829358278794415
2.832744096782448
2.793826442261344
2.706958646212062
2.569196522355291
2.382807267589161
2.15707202553733
1.907944377926659
1.655007595629792
1.416873121122193
1.206979387780009
1.031576174465944
0.8903397136331732
0.7786226684570788
0.6899439613788095
0.6178412944150216
0.5568759311858701
0.5029872977861009
0.4535272095381442
0.4072683533758691
0.3645298781611086
0.327318494010601
0.2991179789825396
0.2836236630785194
3.38531950565615
3.389992528015743
3.422022515349354
3.509711979360642
3.61316253254888
3.68834479019578
3.722406932735419
3.721464341621878
3.693295956003006
3.640207127760076
3.557703649167064
3.434883931084498
3.258068349989508
3.024050026205847
2.774641004534215
2.657129300551147
2.910378715966844
3.138279961246039
3.137718681663291
3.165239114873157
3.176542202392023
3.18925768773622
3.173938775774636
3.230093542149287
3.357728467099031
3.365272588322651
3.260703629236
3.065866653437212
2.813330726284433
2.543757576983211
2.302432996383375
2.129376924223058
2.040447187322514
2.023510891465377
2.063780871541522
2.141339776450293
2.236656145338888
2.331645250047075
2.413287925550073
2.47411784541521
2.509709809488376
2.515706102054864
2.486240830297822
2.414354487915855
2.2943339870381
2.125359754913049
1.914958268365298
1.679910286978509
1.442556076808703
1.223778701284125
1.036810867857572
0.8854484127339144
0.7663352249296873
0.6726418103207044
0.5970280660362234
0.5332514568122884
0.4766717699722621
0.4241380171845411
0.3736666999389746
0.3242352381540092
0.2759697231126324
0.2307935537651678
0.1931833082520212
0.1704782388037998
4.018749145185991
3.729271043549885
3.628658617501417
3.703968506185243
3.790847612766115
3.826898813899485
3.822403566643776
3.796324911545293
3.757640508227008
3.707629479247119
3.642161193777854
3.55001272611454
3.411288813604349
3.202703156009118
2.914097695346074
2.617343539727243
2.826736889411065
3.132488625897056
3.142200546843181
3.170415416859991
3.1815455923577
3.197110801113285
3.169992934285747
3.26883073843008
3.498158174035658
3.525399270726836
3.380682517738906
3.106148130377671
2.751872378778779
2.373326370641884
2.031275693891161
1.791005690010957
1.698771697376667
1.680908809137236
1.709170019892767
1.768296159065499
1.841878742188995
1.911915185528069
1.967928682844819
2.006803915958749
2.027927207650288
2.0295645657372
2.007421378721421
1.954985055822711
1.865532414703714
1.735696420726057
1.569613537094191
1.381289015490486
1.191832516383784
1.020483009211008
0.8773292324227928
0.7628995453417617
0.6720493051700847
0.597976679200991
0.5346294635550645
0.4775529086256026
0.4238425842246245
0.3717565858774681
0.3202542177356926
0.2686036676136016
0.216443211816103
0.1648893911891033
0.1179577119619753
0.08254524570625724
5.077638460684367
4.148059843257684
3.918113335956643
3.945759645879652
3.959260781950834
3.930165970954314
3.885475425818843
3.838324636772053
3.790648369741951
3.741779100575306
3.690463431424658
3.63236999706595
3.55793935522398
3.463755727446736
3.384118655771695
3.325995191710944
3.266654276603753
3.200172016504972
3.195270798722636
3.196331368708827
3.195383086319243
3.209087589242451
3.166335094845311
3.316679674878777
3.666332431420772
3.710432956151393
3.512754745391836
3.143051170019475
2.675582199124112
2.184944401491245
1.741834408540704
1.418298253524836
1.325665584877719
1.313720752880883
1.301858003334303
1.311830612704173
1.331210419698848
1.349464792156174
1.360350430603374
1.363241546039442
1.358428599652821
1.345484370742467
1.322945435364897
1.288537968088236
1.239850735157118
1.175516360032327
1.096691557941874
1.007509493899507
0.9166304226698384
0.831247768854565
0.7542903558701116
0.6855258098288307
0.6232165783595781
0.5652238128473315
0.5097762792596499
0.4556797519190511
0.4022399453810254
0.3491044794240685
0.2960847127687777
0.2428737716532715
0.1888833399701114
0.1344001282997225
0.0853759204540338
0.03356365743354957
4.514066108040263
4.225628730508028
4.126442267955905
4.063410472111872
4.007092803688741
3.951645613616595
3.89832937521341
3.846901043621877
3.796670007484415
3.747182083406699
3.698290317801591
3.64982815027555
3.601359870894177
3.553069040409532
3.512635037829571
3.472924181107377
3.376330630333572
3.272660707245611
3.234873626369414
3.21536880818434
3.204897296887927
3.217673164504811
3.159674578834029
3.363143800836295
3.835296432085531
3.892480364267243
3.633530595321693
3.15856898274207
2.573898013662471
1.984477093767994
1.483851689813526
1.161279145658307
1.134899396627412
1.180686194092956
1.165584610995572
1.167802227392329
1.166135444000539
1.163276194710035
1.157041688297156
1.147010727149664
1.132688447671452
1.113662081601312
1.089539529307409
1.059980075239076
1.024782728463532
0.9837822520288145
0.9376043233150155
0.8859433624932624
0.832273682578939
0.7783382549965984
0.7243248994791548
0.6702274039299079
0.6161738474209243
0.5621826719725989
0.5082652118472273
0.4544175494105077
0.4006389658468993
0.3469274026403745
0.2932791389962474
0.2396632406022506
0.1860256238480067
0.1322062868216014
0.07967365922662817
0.02627092872141226
4.219278870853591
4.126110866870738
4.074558899473906
4.026549344199289
3.982757486888257
3.93702095332734
3.889729846576337
3.841528616972848
3.792712977672614
3.743208639136177
3.692683918207328
3.640484368520742
3.585841070831561
3.528438997653376
3.471418274091679
3.414742037980997
3.3452853130635
3.278510788647075
3.24050296587691
3.216779094563597
3.203296220060795
3.217613683491413
3.147946785039008
3.395570088332643
3.97229372421967
4.038045822089308
3.715516688975638
3.134781615105991
2.440601818229015
1.77691441573023
1.268313069483365
1.016143219358556
1.113833721001339
1.216676951657081
1.201702348925704
1.214380500382933
1.219743209228467
1.223137446012081
1.222096179953494
1.216238871324942
1.205017203761391
1.187914215603154
1.164248644447409
1.133194378834337
1.094010650156856
1.045952899099184
0.990032079797692
0.9255148441942846
0.8598018250871799
0.796526430572291
0.7358120307800403
0.6771679931831389
0.6202985307258726
0.5647153492967198
0.5100103355524904
0.4558611933608091
0.402048109776883
0.3484284868824672
0.2949121343615301
0.2414305644435042
0.1879675314851572
0.1344778656345709
0.08158041573985003
0.02833333422260796
4.14429895795484
4.104552430230201
4.072536545624823
4.028885728857764
3.98483863575706
3.938406808570333
3.89076797684719
3.842477614900434
3.793817512879277
3.744824724027091
3.695400456959987
3.645280929097491
3.594129537654512
3.541328382792993
3.486937448079241
3.426942889002469
3.352932698940784
3.280667677561405
3.235318796117586
3.206544633776121
3.190884584066838
3.207032116519304
3.130713946756234
3.403293679773657
4.050618959456539
4.112675205089121
3.725401816128191
3.055502414407628
2.281301896067418
1.571965578194351
1.077769491716963
0.9077931269505732
1.106425361266095
1.211146354571144
1.18541371892515
1.200421669894083
1.205274454838367
1.20797678182853
1.206091632260208
1.199642890370204
1.188265354824466
1.171586638911617
1.149018302017172
1.119720689272186
1.082763268760844
1.036598965594407
0.9822240826764795
0.9148078862685853
0.8480168437661977
0.7868979314222018
0.7291419495001775
0.6728330742491998
0.6176480399896227
0.5631504157591526
0.5090915263955463
0.4552894996886586
0.4016393818775876
0.348077264293472
0.2945656268666238
0.2410757476081137
0.1876193877446408
0.1341711964568301
0.08106219119570715
0.02801360248931021
4.144490812643724
4.104734360697682
4.072729196323285
4.029106533392459
3.985108578304053
3.938760030841871
3.891256211899176
3.843180083761216
3.794857768696807
3.746396425571031
3.69781773919805
3.649080681076396
3.600235477401321
3.550816926410778
3.500036731265249
3.437731566332153
3.350162061242179
3.261581430638009
3.211233036213258
3.179555341338052
3.164522023767845
3.184100127504215
3.108597627697742
3.389325880952157
4.061152130566612
4.074809970349283
3.615507383140566
2.905715087633431
2.121313153890951
1.40295184070232
0.9030312815742212
0.7745771737311066
1.077066902295125
1.209732190799943
1.178346024752259
1.199974503316698
1.207346992304741
1.211584659603264
1.210560360588465
1.204862136219492
1.194437041219275
1.179099378758561
1.158293274654808
1.130990316532801
1.095765773585214
1.049615553962572
0.9937869004486471
0.9139035089924901
0.8390559978954225
0.7781666437706483
0.7230858877969607
0.6687325580872515
0.6149919337253744
0.5614802398784121
0.5080807281570574
0.4546951401343862
0.4013009043036655
0.3478934726464488
0.294473394036285
0.2410337632647054
0.1876069833535981
0.134190990977546
0.08119104419728794
0.02813037421778315
4.219317386995628
4.126000606158828
4.074252617486462
4.026092123070345
3.982167429004099
3.936349752273231
3.889089386531526
3.841133678665084
3.792958778984981
3.744794449811033
3.696868580576799
3.649581994925482
3.603896652025307
3.560284719532512
3.518341859727478
3.453902817230538
3.336138010779743
3.211929225165874
3.161764646259839
3.131317077009087
3.121534127275384
3.148185391639931
3.087758560961418
3.400740781845363
4.000735882516407
3.85236355635179
3.326805848108343
2.679858392157926
2.005144977202833
1.344680971059806
0.7998467271215267
0.5957656533750993
0.9800571185000881
1.199134031615337
1.168763996084694
1.200101111387711
1.211213292394776
1.217018827525614
1.216651333393853
1.211587944098919
1.202293072631724
1.188915222317438
1.171088776013524
1.147827796478879
1.117358658975999
1.075105870416917
1.023206529495762
0.9202939026880219
0.83088945599273
0.7708618187410561
0.7199898969116398
0.6674577778697613
0.614718012703326
0.5617370119705259
0.5085935318493022
0.4552740230660626
0.4018303961318024
0.3483153494748706
0.2947585065296613
0.241158049479952
0.1875694122385866
0.1340538240589483
0.08154073505191227
0.02840398461531714
4.516513060024047
4.228217155949245
4.129350984392845
4.066911792361127
4.011429893969725
3.957092967139634
3.905210094939474
3.855613958670131
3.807722646334549
3.761187753680262
3.715944121275861
3.672105216369628
3.630913024968633
3.596995280122766
3.585357329495007
3.552003723841691
3.40849293311549
3.158777873251632
3.097979156520785
3.065986203387739
3.062757291124117
3.099531047066375
3.087902314201085
3.51309819787593
3.770042836625947
3.336184452773277
2.847081612631235
2.407843323379578
1.965802819614711
1.471558718738923
0.917688118126147
0.4809434250674144
0.7716939847615254
1.166885459720635
1.163222558532468
1.206572887203369
1.22207135902552
1.22865554495126
1.228174638753277
1.223249897555963
1.214957933104702
1.203790135694702
1.189551467438463
1.171201550811862
1.145719407296976
1.105398260985774
1.047689088540826
0.8474941373731092
0.7419602223307089
0.7126771935350317
0.6881798225242196
0.6465482278560047
0.6000105117115703
0.5512615406827389
0.5010536051861262
0.4498033950485164
0.3978855154133685
0.3455545493285287
0.292956265318496
0.2401252646967818
0.1870453979021557
0.1336918619510062
0.08229374219221315
0.02843537302201726
5.075146473088698
4.145182927369369
3.914517813489306
3.94112181716961
3.953271632363542
3.922605514865465
3.876236743751697
3.827499076694461
3.778611717423715
3.729180482231375
3.67861858862128
3.627175963790591
3.584546789018419
3.589883726340128
3.694222771142568
3.707712348003306
3.10163826734908
2.908959832092323
2.947397093881152
2.955124125560293
2.970122144688997
3.012712179106826
3.071066309313289
3.516365776253858
3.04595623526141
2.53264913717406
2.326466017937478
2.171380061748922
1.977118941730819
1.734420788933278
1.383662929271116
0.8258391238653513
0.672480056644319
1.147107120665867
1.187835415148806
1.229810363219344
1.243694017946847
1.247221976878601
1.244421784340357
1.238486886796879
1.230885369509175
1.222587721628393
1.214322191285273
1.206956747892372
1.200482307096937
1.1986321498239
1.221332293605293
1.077329392465858
0.7311236637252099
0.7165977458771061
0.7266495816025009
0.682876243624429
0.6262024733291965
0.5707672712385709
0.5161821684506442
0.4613639984346141
0.406421833309082
0.3516461308472714
0.2970425743117304
0.2421259484925892
0.186213828293541
0.1309273158553901
0.08529465557399153
0.03322779154034233
3.990352379568097
3.697089329439923
3.589406350738551
3.654495283988751
3.728203092348652
3.748416202703501
3.725777489182516
3.679730541697923
3.620006140457749
3.549665809391252
3.470237244778163
3.38695256067374
3.314118980133936
3.260113380912727
3.143839850262974
2.728363105067654
2.320044591346092
2.736449171751969
2.785491729917803
2.826534778924668
2.837251415202272
2.836823916846506
2.871605763513158
2.6378217181893
1.971892533169876
1.978690875638428
2.073005669715035
2.049061310700604
1.971090043409616
1.900056888332758
1.891378381211737
1.851575328867212
1.43465404128596
1.265445457493133
1.294228107609338
1.291232213946841
1.283492602141404
1.27469571149319
1.26518910728045
1.25596813742074
1.247750726962738
1.241457661051808
1.238350982168839
1.241202712532536
1.253112557327688
1.291166646996486
1.321255461176916
1.755963110671803
1.670447067251927
1.231887050036197
0.9893089971242514
0.8517228967901573
0.7504554693554827
0.6648102108493831
0.5876424848592769
0.5154472706718916
0.4465704197784731
0.3801701774531082
0.3155339871601893
0.2518776606641953
0.1889994315157593
0.1291134207893807
0.07754708787863045
0.04007937525466496
3.311801762888302
3.307173902633421
3.321699374770067
3.3840066945539
3.454714854622119
3.490510554879212
3.4794234143337
3.428601577534963
3.347273939645915
3.240707195303847
3.11114159648744
2.959495372918942
2.781075327345385
2.551172104201602
2.234410773095762
1.943458756316117
2.306196904925732
2.733363416451495
2.705224583343084
2.737350783641522
2.724580518926424
2.677752271568943
2.598861494644056
2.309402504687627
2.133792324258242
2.090355437382736
2.068345756096299
2.020480993357694
1.966034369071933
1.913579033127734
1.878022363732671
1.834165222227432
1.701280788344394
1.469758274987614
1.403138570109292
1.355467973482106
1.3249936687704
1.302821285404554
1.285647771034587
1.272220596174268
1.262204913669909
1.255916746619837
1.254139932523298
1.259140504760126
1.27202759336451
1.311466169916418
1.300435530792372
1.668784016818561
2.007816410282013
1.733099781759092
1.390393084781592
1.133558199287235
0.9515950616888152
0.81354544920423
0.6999628860834891
0.6005954754158525
0.510027259026625
0.4253558765549555
0.3450735368913059
0.2687162718963203
0.1971982168126625
0.1335024905432569
0.08308317184002831
0.05386507758923418
2.934121711828451
2.996208122011253
3.066578050212464
3.130778921423103
3.181323503313539
3.201520423095463
3.178165259476424
3.108662095522444
2.996695457149903
2.846006691395166
2.656976098076557
2.42531677333116
2.144245189381137
1.82388772537462
1.555060380467492
1.604254285633594
2.380415573934561
2.742266465610705
2.660604453056386
2.683586698739788
2.66234789658415
2.61580136903991
2.546029197074176
2.39415162379215
2.248728762408347
2.163307554613334
2.100276197363345
2.033715557962422
1.964245316345524
1.892901120517038
1.822504794418395
1.741457719796628
1.627700908745984
1.503618402115987
1.44059602408638
1.389195601221924
1.351844594378844
1.32316634424381
1.301089079545034
1.284386872244049
1.272482238770635
1.265284720011982
1.2629819857759
1.266816789466189
1.275470645094515
1.304455456282009
1.268645263544018
1.484716271621873
1.932823938699107
1.929279978371479
1.694249192606672
1.420730207176933
1.185453132170138
0.9964481474145686
0.8418186531362579
0.7095787176730836
0.5917501630336527
0.4839167107405222
0.3842351893358494
0.2928081801893254
0.2114485170034594
0.1435714981456598
0.09385053564306797
0.06688635076492398
2.725944053527944
2.779451017705918
2.846948021837709
2.899529537012923
2.924836601289505
2.914582628893308
2.860538298739872
2.758059300894764
2.607227322191434
2.410255793844053
2.16868309920717
1.88465199034159
1.572850896333265
1.290793858587993
1.179480974412901
1.466253605877406
2.381047522846096
2.734647246561285
2.632081931692407
2.648126582820189
2.619523013067553
2.569901255524613
2.498017538160621
2.385195177969869
2.272344201331813
2.186058052701212
2.111675357188507
2.038218575597214
1.964705525273755
1.890467044784652
1.815629029894238
1.734759118481737
1.639231099861443
1.540853583122225
1.471841054191797
1.414866395109228
1.371152760365738
1.337114287778431
1.311005759530759
1.291508732686203
1.277785449067711
1.269372312280503
1.265938103796448
1.267915332938219
1.272843844824276
1.293061835599587
1.2554690317285
1.394935241836392
1.790661573325933
1.921404595424679
1.830145190266477
1.625611206011814
1.396419614402321
1.183872852425421
0.9971270344726928
0.8327350683272398
0.6853870481754466
0.5516091323126876
0.4303020783720027
0.3223360323811805
0.229997227999438
0.1563953270980614
0.1046967115746125
0.07711247217195515
2.608770935956258
2.638998302050902
2.678651287219994
2.704064024211378
2.698451996503549
2.652102498367693
2.558675906084289
2.414761863916917
2.221061046776433
1.982677492857106
1.709551607023321
1.420658887016828
1.155240614971515
0.9885513677303973
1.038710839128411
1.451023573343809
2.378825703527278
2.729384601528275
2.621770525614332
2.632950344341502
2.601031437735558
2.551819679928538
2.482877742629493
2.389589301610786
2.292229811383676
2.204736201825592
2.123265342844257
2.043774860207608
1.965213762603883
1.88654847316617
1.807311572995843
1.725412959249175
1.638498647779689
1.552999400945774
1.48406323973235
1.425821861522655
1.379183081421782
1.342216606419389
1.313680280467058
1.292401255786406
1.277456990391599
1.268151424816301
1.263811015760478
1.264320457506348
1.266940221538226
1.281295942890882
1.248612856691698
1.356597136263447
1.675464204185133
1.837659494617997
1.843660491345913
1.729314941490489
1.548848597539754
1.346296042560961
1.145826431623859
0.9568674264444995
0.7820389234965502
0.6222709493272159
0.4788759719390659
0.353910659689955
0.2498643675946781
0.1691507693982507
0.1136000303197767
0.08418415401543189
2.542124793585173
2.551802544744113
2.561086889666189
2.554241211835525
2.515455155955535
2.433057778395642
2.300145381597156
2.114756505826359
1.881189018913691
1.611978824270524
1.330364757967903
1.073653648182553
0.8962033561013076
0.8673544078219798
1.061018579685462
1.547540692252198
2.411721844552611
2.731881390032267
2.628916952476639
2.634994007402295
2.600853785809028
2.551001007416717
2.482864192538518
2.397321568004061
2.305829794026165
2.217061046135184
2.131457245094089
2.047962237154549
1.965853564221243
1.884159437677508
1.80228390919881
1.719464272756051
1.635693283878208
1.555087417091496
1.485642839326339
1.426197912146788
1.377625471458517
1.338892666779945
1.309003385211741
1.286848262570263
1.271420836804647
1.261852648285074
1.257250655973158
1.257115814924004
1.258794726279758
1.269510001402127
1.242889620236987
1.328813014545398
1.580508723170465
1.740522557455173
1.800512450388871
1.760282297089121
1.639238871552397
1.466782107836571
1.269691249256658
1.066907658997279
0.8703929967191103
0.6877311085457847
0.5241063431395607
0.383289230110612
0.2679905509297364
0.179955072814687
0.1200491109547683
0.08850950524310056
2.505407698321513
2.500940272462357
2.487067606674853
2.453205222584439
2.386160532880718
2.273924746080694
2.108835122613345
1.89004032849632
1.626139967935217
1.338142597548468
1.061871925732508
0.8480813638405027
0.7577121522419912
0.8501694908441216
1.16651782312532
1.717206260013461
2.491907211129611
2.751538571455782
2.656443632969185
2.655821120671714
2.620222081257495
2.568380413246159
2.49803166770731
2.412201870696515
2.319493225849627
2.227209249363945
2.137622823454124
2.050756701817173
1.965818295592201
1.88160956480588
1.797246864645246
1.712334003734231
1.627764599043205
1.547119438199676
1.475902821248108
1.414956588905206
1.365113871837702
1.325663849571689
1.295576832786399
1.273651022734137
1.258756309307236
1.249894705086132
1.246055980986977
1.246449650894962
1.248606064361214
1.257097461141812
1.235692191317913
1.299662496073148
1.500297967040224
1.657128416656553
1.748046753372024
1.757127809903788
1.683913136872899
1.543073552213963
1.357221882809128
1.149382334176515
0.9386513720487547
0.7389703989713231
0.5596106739133075
0.4062151931272465
0.2818246742821158
0.1877258347584761
0.1241471110635252
0.09083536230540576
2.488317559570354
2.476454706193275
2.449933296022052
2.400509784522634
2.316730723309592
2.186889419036179
2.003032343973373
1.765006352059478
1.484320424622762
1.187585204406412
0.9181729441583113
0.7336924033432939
0.6973360526615345
0.8635800777020914
1.260810723339867
1.870247147134601
2.591417482903263
2.788485739861705
2.69697098834799
2.693245486857394
2.657107703476648
2.602165444834008
2.526428366457657
2.434154804465556
2.334640401752831
2.236164087463014
2.141981580939613
2.052085411645114
1.964999783239776
1.878775854015112
1.791848268204373
1.703568194189779
1.615205169858348
1.530906829918938
1.456268135599225
1.393167311200595
1.342366419175886
1.303014102245666
1.273753980439865
1.253104204213395
1.239746847950453
1.232586836256794
1.230584703978186
1.23277525689596
1.236757432460333
1.245189829798404
1.226097595736211
1.272710583652184
1.447458223852543
1.6064769887648
1.713989525854953
1.748426020566722
1.701737659131391
1.580645752527713
1.403770230172368
1.195050501455995
0.9772604273621461
0.7682260585300729
0.5799143805259223
0.4192589886749435
0.2895743882185851
0.1919156582643705
0.1261724957535368
0.09187823347989983
)
;

boundaryField
{
    inletLower
    {
        type            zeroGradient;
    }
    inletUpper
    {
        type            zeroGradient;
    }
    outletLower
    {
        type            fixedValue;
        value           uniform 0;
    }
    outletUpper
    {
        type            fixedValue;
        value           uniform 0;
    }
    sideWalls
    {
        type            zeroGradient;
    }
    topBottomWalls
    {
        type            zeroGradient;
    }
    frontAndBack
    {
        type            symmetry;
    }
}


// ************************************************************************* //
