/*--------------------------------*- C++ -*----------------------------------*\
| =========                 |                                                 |
| \\      /  F ield         | OpenFOAM: The Open Source CFD Toolbox           |
|  \\    /   O peration     | Version:  2506                                  |
|   \\  /    A nd           | Website:  www.openfoam.com                      |
|    \\/     M anipulation  |                                                 |
\*---------------------------------------------------------------------------*/
FoamFile
{
    version     2.0;
    format      ascii;
    arch        "LSB;label=32;scalar=64";
    class       volScalarField;
    location    "5000";
    object      p;
}
// * * * * * * * * * * * * * * * * * * * * * * * * * * * * * * * * * * * * * //

dimensions      [0 2 -2 0 0 0 0];

internalField   nonuniform List<scalar> 
4096
(
1.717010561279797
1.765913627229284
1.856106879447253
1.98064927952574
2.129109992321297
2.289195539445463
2.448838002939832
2.597593506078125
2.727189413899405
2.831638681433949
2.907169829050385
2.951958887127649
2.965650147957859
2.948781487227403
2.902291843940357
2.827244360244025
2.724806694047601
2.596444431572051
2.444225404563757
2.271106586696179
2.0810852877616
1.8791445102358
1.67099623285134
1.462695253302638
1.260226100286042
1.069144501612447
0.8943026826558012
0.7396393201071764
0.6079975549408768
0.5009559722739589
0.4187023104783307
0.360015120721239
0.3224136210860467
0.3024865525186216
0.2963444170162557
0.3000939761029702
0.3102330106297654
0.3239065355979313
0.3390327432228113
0.3543684679527389
0.3696115612196456
0.3856138232892149
0.4047051800701555
0.4310314714197859
0.4707235052163806
0.5316892654396553
0.6228948906341395
0.7531733158383801
0.9297880561871056
1.15706923704859
1.435430604730489
1.761054244638642
2.1264594892109
2.521868289457918
2.936770088564244
3.360926078615213
3.784548263661566
4.197949413518651
4.59091627876093
4.951956357826811
5.267863591779863
5.52426685427584
5.707366796202566
5.80627881960486
1.740702253751896
1.793714653781091
1.889842752126502
2.019588353721065
2.170393663102677
2.329392413691444
2.485115963015572
2.628011500405628
2.750623932866021
2.847769713384873
2.916500350802974
2.95571872513667
2.96556864308957
2.94681859259713
2.900405332830817
2.827209402939011
2.728065560936262
2.60396810306332
2.456398738452551
2.287677547278279
2.101223985951077
1.901630510825352
1.694504554818317
1.486110764111553
1.282906004809714
1.091068542597923
0.9160814513956455
0.7623789897932758
0.6330451574023381
0.5295777747485884
0.4517737997607224
0.3978062001495802
0.3645248178812945
0.3479431747440594
0.3438117182365247
0.34815529546098
0.3576734406513873
0.3699533789435552
0.3835087351990013
0.3977138969391614
0.412738012981158
0.4295781999126752
0.4502411409564541
0.4780367236984246
0.5178558996993254
0.5762399526137324
0.6610423745707532
0.780583968243044
0.942410154074841
1.151930658183081
1.411230386052116
1.718298580358398
2.067077670029895
2.448512859700429
2.852200905122067
3.267731848125459
3.684978131710416
4.093575060303551
4.482335971785556
4.838761349874499
5.149128867224966
5.399494106151342
5.577360480497203
5.673498552230155
1.789254647885676
1.850253083268767
1.957459282611469
2.09566894606075
2.24906013115358
2.404719897800405
2.552469118154695
2.68407706926269
2.793423961907868
2.87687056379402
2.933049050483406
2.96214401029624
2.965092954651279
2.942986186015856
2.89672190677794
2.826875332628405
2.73374160554929
2.617534974975425
2.478728960959156
2.318494851031697
2.139148285275544
1.944471230409142
1.739776689189073
1.531650861115095
1.32741781110121
1.134452169705116
0.9594652770004947
0.80784394263201
0.6831011559875345
0.586521536021158
0.5171049988437244
0.4718643524821956
0.4464281073215001
0.4358082917987181
0.4351632121595458
0.4404147149929892
0.4486373327190935
0.4581940962697705
0.4686400172313372
0.4804536629482312
0.4946957862269999
0.5127242857975065
0.5360931665025632
0.5667097643178161
0.6072302107160862
0.661565737598565
0.7352544226581536
0.835363351170942
0.9697014705033554
1.145478154621366
1.367765650862151
1.638073146911975
1.95359211444213
2.307334927192426
2.689350492863059
3.08864800155011
3.49423799072543
3.894342979080821
4.275535152057563
4.622813238442694
4.921298406026515
5.158392552859345
5.324683753699242
5.413873286650486
1.871314021826861
1.94454197297566
2.065969901141473
2.211769957415098
2.364417216836761
2.51266759665601
2.647626904284708
2.762124650780853
2.851884915772558
2.915714838213229
2.954488108130461
2.969911815234595
2.963695777415401
2.937159253315435
2.891091244658525
2.825722447691126
2.740767402487591
2.635565635188573
2.509376899296484
2.361867539134594
2.193758087898526
2.007495633088601
1.807716404994054
1.601257343170366
1.396610719219431
1.202923121563956
1.028769559662196
0.8809420916817804
0.7634851525652702
0.6772068086753116
0.6198162521387922
0.5866399854935123
0.5716834199591159
0.5687448224954592
0.5723520341825628
0.5784057724838447
0.5845073319066105
0.5899940576947329
0.5957128975353475
0.6035621305804088
0.615858161464064
0.6346522122197596
0.6612010761200682
0.6958171641550002
0.7382429282382837
0.788560183901268
0.8484786714092282
0.9225125611780222
1.018161504306883
1.14466530196103
1.310822236639122
1.523292601752036
1.785302852753116
2.094888436308876
2.443900936250894
2.81986997752665
3.209470466788183
3.598498281478662
3.969142020246359
4.301488390051187
4.578931010629766
4.792199813060743
4.938110876834261
5.015444157633913
2.005387947032856
2.092459763046095
2.223368549550679
2.368245285026864
2.513416980317003
2.649125838399939
2.765509300746928
2.856247913459689
2.920199955256046
2.959618666947839
2.977759321348354
2.977503552333679
2.960945258203237
2.929400841833112
2.883488291195488
2.823157422953412
2.747682821070653
2.65569081477339
2.545326977658254
2.41468254914979
2.262555845471107
2.089491922681442
1.898826570685186
1.697264831245075
1.494545396355548
1.302081906877326
1.13092459186578
0.989634571656602
0.8826999337512029
0.8100018006293563
0.7674264699628437
0.7482573665145283
0.7447963125958476
0.749771140223699
0.7573182986227368
0.7635281025248408
0.7666379963806146
0.7669619990995868
0.7665936476679059
0.7688636182468871
0.777520661416391
0.7956804016713265
0.8247579495549086
0.8637750395184635
0.9094386037694325
0.9571975364729383
1.003328895289232
1.047804298823204
1.096334674816639
1.159633792514332
1.249840225836366
1.380107336144038
1.563273347280646
1.807346988874735
2.109940833534043
2.456673592500236
2.827707440111358
3.20410914192604
3.559985806598109
3.868340607929661
4.112051502009194
4.287947256820315
4.402457047795665
4.462402026476776
2.229832081080768
2.31630158966874
2.431616016630607
2.559442451155541
2.690922851043235
2.808493737817406
2.898332484065523
2.957596600884352
2.990576785045977
3.003085301716172
2.999763209103694
2.983699021792039
2.956803067949654
2.92016309274991
2.87421678845849
2.818772138388699
2.752931366136195
2.674987819632631
2.582406208897866
2.472052936162183
2.340873156032272
2.187138325674009
2.012121685850228
1.82159763833338
1.626173214085319
1.439701963792605
1.276063027964301
1.145631061937214
1.052908839944757
0.9962606370148204
0.9694130125550158
0.9637129451210406
0.9702302656384482
0.9812387898875155
0.9910234700569209
0.9961813563006727
0.995623205524621
0.9904156351147161
0.9834996963613895
0.9792216563159106
0.9825450221821475
0.9978304159375956
1.027256991399501
1.069340577649312
1.118337518033463
1.165142032245781
1.19978244946441
1.215438355739841
1.213160846931765
1.202382710434913
1.197171734194302
1.219105842795772
1.293793893010847
1.444086319463603
1.681182053572701
1.99392650320548
2.348300690255446
2.710108642475569
3.04044388187872
3.308567601181176
3.503730853939389
3.630011752578273
3.70180335341263
3.737597204863668
2.621492238269686
2.63391215697837
2.676622132658972
2.775927275461397
2.892018228542263
2.981717818992978
3.033194920242129
3.053950243440198
3.054207303584432
3.040938039286588
3.01809555868989
2.987927439617954
2.951771027372526
2.910385130168304
2.864060215203152
2.812606334317767
2.755241608947945
2.690406511444277
2.615574944197831
2.527214554645124
2.421154808241212
2.293685524952127
2.143563581323114
1.974525049222727
1.796865844223912
1.626136402591591
1.478510554780984
1.365392907392772
1.290434620539443
1.250120338681422
1.236426660473281
1.239778203197002
1.251249115492666
1.26376238219794
1.272508102824507
1.274926512829277
1.270530030855404
1.260706470005106
1.248522694204055
1.238448801290252
1.235833553561974
1.245879316816106
1.271884450550944
1.312912097161862
1.362001678239549
1.406694163549735
1.432335645953675
1.424759173588764
1.376156370673594
1.283726825033042
1.165135345647616
1.055189354295312
0.9928966752792269
1.015730857900224
1.15601252438037
1.424831518727
1.776868394647687
2.115939162803263
2.39253330128336
2.59303587343875
2.727152727557277
2.802170847746272
2.826255878319009
2.824510994992369
3.311700912374665
3.030588577473803
2.936827586299992
3.016951226404617
3.108005433726258
3.14870696082331
3.149988654836165
3.131478312576708
3.103350786361119
3.069433448349139
3.031395855319272
2.990291631645636
2.946838847447116
2.901462225888618
2.854324991153594
2.805318844625173
2.753976250595709
2.699297796480836
2.639516295407017
2.571878207370241
2.492645125027941
2.397684109836521
2.284081335742302
2.152867057489106
2.011762121474652
1.875029057425579
1.758242449676628
1.671287394310231
1.61599362165573
1.587841279017549
1.579127454010306
1.581742621291854
1.588820144862001
1.595355585415785
1.598211967436019
1.595889676969501
1.588287394030651
1.576540307817839
1.562928138544297
1.55079154931751
1.544349048160662
1.548201418303897
1.566079775207182
1.598304591202343
1.638468927716104
1.673153146644945
1.687774547372713
1.666859733211809
1.58825963987912
1.406924844460177
1.161858842139819
0.9057547384734821
0.6879329584147155
0.5549084725136559
0.5553793359445911
0.7425681864127223
1.123685945743306
1.412979107172723
1.578508681964135
1.678086565315858
1.745511088277692
1.784402590947737
1.7808247083032
1.710941479324772
4.410554151900068
3.484372732677566
3.256658677082429
3.284969243406663
3.298656620057925
3.269846433900662
3.225691424553926
3.179415573913924
3.133106965817587
3.086364073945854
3.039052518436751
2.991318157513062
2.943313537595956
2.895119258323946
2.846754743296247
2.798182904756431
2.749287881609449
2.699823690151485
2.64933295429783
2.597047511200745
2.541841909739023
2.482389529414768
2.417688568407262
2.347791395932272
2.274936036165413
2.204307097873101
2.142457328978026
2.092275188048444
2.054196208142651
2.026584108812767
2.006840808724976
1.992333693225417
1.980908666404334
1.97103284716318
1.961747863362039
1.95257065834137
1.94340879467343
1.934509542132496
1.926431524213458
1.920023854707055
1.91640613986023
1.916935901573568
1.922932886164223
1.934569820476453
1.947832622593029
1.95531530768877
1.946614434475452
1.927961003132714
1.832072664346261
1.558177982839382
1.191298069316959
0.7897156800001527
0.4113771875291257
0.1154905903684842
-0.04323578641384941
-0.008508210217968611
0.3529064247675477
0.5574967191234689
0.5382179810287258
0.523423048951847
0.5220114673357038
0.5405098684614347
0.5687730723970195
0.4153986260183068
3.858601341783078
3.569080914220279
3.469994325986606
3.406800187675061
3.350342604023024
3.294791123405309
3.241406469203809
3.1899283169625
3.139630577570469
3.089969776915828
3.04066445300749
2.991576339334862
2.942628860020001
2.893773089781205
2.844975629134114
2.796212845213561
2.747468267254992
2.698732097418775
2.65000235749239
2.601283620773387
2.552600364700427
2.503995668222713
2.455630235509493
2.407561328285868
2.360014026047173
2.314014046600074
2.272374771161133
2.234680845194661
2.201252876007922
2.171835835232486
2.14615400160071
2.123868443226878
2.104649483605225
2.088199823907053
2.074266368733796
2.062645353058602
2.053180079111008
2.045755582980709
2.040284488938321
2.036687277941135
2.034869810222223
2.03471638913024
2.036013701144771
2.038564976064249
2.040860405739769
2.044729277659391
2.037112569182163
2.062239883598207
2.006366526149664
1.710213238865969
1.260981423176147
0.7289874775422184
0.1937440487405501
-0.2528758613164947
-0.5158888997145065
-0.4903898669738459
-0.01672448733486989
0.230783605918277
0.1552758289518522
0.1561511991408972
0.1416259985765563
0.129537220522379
0.1152061138738879
0.1185818577631673
3.560189908335309
3.466933801105831
3.41563564577796
3.367800355548347
3.324200441726935
3.27870944296186
3.231774044342991
3.184107327290783
3.136121158812151
3.087949012812491
3.039643801692853
2.991237362010606
2.942749333490744
2.894185646562157
2.84553672622459
2.796774842183603
2.747846900290571
2.69866315099333
2.649083672923791
2.59890470460997
2.547882646378392
2.495735570267854
2.442395280238284
2.387646257555558
2.33179757919916
2.277036793613112
2.229384340811994
2.187918915411762
2.153118392422172
2.124130955344742
2.100060379741417
2.079955716539039
2.062989926417671
2.048508565904612
2.036038931328952
2.025280819406067
2.016087546536185
2.008450851904075
2.002479900917559
1.998374842609114
1.996387151250443
1.996773232963408
1.999606907410952
2.0049463283697
2.011072000635589
2.021805037482383
2.013075623849107
2.081393696857596
2.117722758363069
1.862827186601148
1.379111866850467
0.7445839105220403
0.0704537523327179
-0.501642189500912
-0.8149514423258757
-0.7081734626795215
-0.01777236727397422
0.3275904806102298
0.2545942242575533
0.2758386861423868
0.2666359194608591
0.2505159824462778
0.2154542028852877
0.2076423580719584
3.485749037502353
3.445944896730732
3.414069232605577
3.370525057327032
3.326606261757461
3.280332316451553
3.232902208076769
3.184896648647462
3.1366414942099
3.088255847221726
3.039790529769587
2.991270123641434
2.942706853659308
2.894104040625343
2.84545677492893
2.796751886249703
2.747964488094008
2.699050437865952
2.649932887263455
2.600479154836686
2.55051917513128
2.499764579540937
2.448165927731911
2.39456312838395
2.337723577897897
2.280246898053266
2.233612148326994
2.193495565884676
2.160282193156505
2.132549128299831
2.109288904479083
2.089602983793417
2.072788273720599
2.058319125186625
2.045821485642106
2.035055436565744
2.025897657361065
2.018333292194335
2.012440943617109
2.008379333832672
2.006363067705154
2.006648469769469
2.00936276634226
2.014845112682763
2.021279048861398
2.035004593983511
2.017024653521964
2.093570133918811
2.222769180900037
2.033113730110919
1.545124659650418
0.845621606779333
0.0743251126193701
-0.5916174923083727
-0.9469136149808921
-0.79345529909801
-0.0001917180332799101
0.32053556749722
0.2300030574950827
0.2517075541546671
0.2397479195844001
0.220398622434256
0.1814937982157098
0.1907977708551527
3.485758242652096
3.445968859907689
3.414029299052446
3.370475732807681
3.326560331392805
3.280296038840854
3.232876417086169
3.184881978415013
3.136639183324095
3.088268115151362
3.039821021437993
2.991324751705735
2.942794980890779
2.894241251802813
2.845668490923725
2.797080016383958
2.748477936543544
2.699858326350156
2.651193400310962
2.602384144248949
2.553289718373454
2.503566345067907
2.453363985829231
2.399411110013123
2.33672147696385
2.269171347410034
2.22172865197403
2.182151636636397
2.150797569771854
2.125133517166286
2.103724086122753
2.085528142144894
2.069833421338953
2.056163567751961
2.044197299668901
2.033739648998393
2.024702867335022
2.017102834376298
2.011050157939448
2.006751649519694
2.004505601561389
2.004722961220402
2.007774496700381
2.014483455928956
2.023199433822341
2.043529133950015
2.018704072943491
2.128260427525814
2.36990175014732
2.222989648371582
1.725713239173649
1.011293692441199
0.2235978354482268
-0.4876072956225304
-0.9199638937696281
-0.820996129452522
0.001538072897998371
0.3295970221382908
0.2399056822216831
0.2658127732239708
0.2537374496604201
0.2305219788579287
0.184186659908986
0.1817402787784616
3.560759618029595
3.467536179900658
3.416008061762914
3.36808183192118
3.324428887763448
3.278900589144832
3.231923399111039
3.184207820680534
3.136166755451568
3.087935449654588
3.039568901596479
2.991101975305999
2.942559838978491
2.893959112601584
2.845311738794493
2.796631871708761
2.747942738511377
2.699273024431252
2.650621485202378
2.601864864620866
2.552822524761336
2.5031911135194
2.454522331374738
2.400271626141936
2.327767025565389
2.241967688303888
2.198683495800086
2.163355208537223
2.136627852194759
2.114965592524617
2.096655378362403
2.080739748012807
2.0666519045504
2.05406939066769
2.042786920742631
2.032689154954722
2.023737627629391
2.015980827534152
2.009556595468357
2.004715706367559
2.001847280321839
2.001554148699812
2.004575521543291
2.012483653828895
2.024663178943146
2.054859786416644
2.028789620549486
2.22994703580855
2.574648758546073
2.368466654813312
1.835115823435262
1.183851778116794
0.5088714056822539
-0.1467493024294377
-0.6748228334693324
-0.7826883660995945
-0.03900219974873308
0.3312248732650347
0.2562224492838037
0.2872661050829802
0.2760082752946738
0.24789316929668
0.1919794741900669
0.1603617712972603
3.856070466622597
3.567587754621435
3.468402709151294
3.405417801627599
3.349181125917092
3.293852785875873
3.240697592456124
3.189468122989117
3.139444553456377
3.090088607096518
3.041127042330028
2.992436183788596
2.943964132473249
2.895699567690102
2.847665093662708
2.799920091523338
2.752579249324369
2.705848071300842
2.660046606374846
2.615520781204444
2.572748185555296
2.533351505611252
2.506745629080722
2.477513148621848
2.391922092680656
2.221935606837351
2.172983490997419
2.1401481508231
2.118158560036087
2.101297218398384
2.086774888797741
2.073641580495557
2.061497530608209
2.050222752327095
2.039743945452539
2.030039122208099
2.021115416070015
2.01304162390254
2.005965124441599
2.00015261294654
1.996049070801682
1.994417627129399
1.996413115395069
2.00457263912351
2.020667141591872
2.062775484099155
2.05920032726766
2.43842902976867
2.726825724530742
2.310861433709901
1.777318181389872
1.300074510448339
0.868587442842339
0.4240978925102158
-0.09168169703601142
-0.543266997549408
-0.1761988759249936
0.3121225513262104
0.2888002800821263
0.3289649820445928
0.3227452353552355
0.2934957811805886
0.2266605911282425
0.1287592999353571
4.418313739771975
3.488677770347868
3.258746963394944
3.286456081135372
3.300045289105229
3.271093065690007
3.226670956227983
3.180049037571861
3.133341022714893
3.086146611464342
3.03832203356658
2.989997209915483
2.941301028312141
2.89228175285074
2.84292603604306
2.793209250045275
2.74320274302427
2.693199461857279
2.643448551443774
2.592859730231417
2.538836830366507
2.487046441050437
2.468295843940543
2.437904612335523
2.187764037453236
2.075793760899569
2.093550648800988
2.095114687141858
2.090005451936805
2.083277080987945
2.074752701999149
2.065290152939744
2.055428119231745
2.045603754003821
2.03598192314511
2.026651527362993
2.017669256947147
2.00909920944102
2.001055788505732
1.993749518172461
1.987559890262062
1.983198853204015
1.981904681872135
1.986526092842673
2.000666488308154
2.0414008121305
2.07701831948124
2.53921377772604
2.433947481217601
1.906216644319239
1.57167930166777
1.348206191562008
1.176419617554134
1.033906032481557
0.8108184189461682
0.2485113423186576
-0.2049824885996824
0.3019280975896725
0.3562421406724558
0.3935245151540386
0.3835089080528862
0.3370055168486468
0.2048984411347793
-0.02040920644250298
3.353419643309031
3.064127471302037
2.963958064227412
3.039984081483689
3.12786827287329
3.165315957114223
3.162903180785134
3.14022903848581
3.107518851234599
3.068636685563662
3.025244660832599
2.978322575318395
2.9284272037908
2.87572751010028
2.820068444457208
2.761068602572311
2.698219626661104
2.630808019497529
2.557171958385131
2.472732244153037
2.366437819636569
2.212453313232983
1.951918644508799
1.545303259371777
1.577213040614746
1.99731835600537
2.015973229570688
2.05298396071959
2.064180495352947
2.06686143292661
2.063679668768588
2.057357635619794
2.049393148776663
2.040802156127754
2.031922972578505
2.022884189950619
2.01374275901849
2.004513587566755
1.995212946292658
1.985875060139779
1.976579279244458
1.96749460602659
1.958877719745232
1.951340455931904
1.944913196831729
1.942893225903657
1.969252005542542
1.809865593682655
1.445239810116787
1.423659307863165
1.422216115591651
1.364965423695352
1.305819820904312
1.298089220570966
1.395232251110281
1.393368792684127
0.712952004408862
0.4909648131602312
0.5337843002334136
0.5321754306495006
0.5288939893446936
0.5333605961233558
0.5420273956915979
0.7056334770116833
2.711553232012767
2.717130912454123
2.750900702737487
2.841211786493254
2.94828004391452
3.028367714176255
3.069277774308707
3.078452098822833
3.066232785070101
3.039747304243091
3.003037419555583
2.958295459485852
2.906605259245852
2.84825183159465
2.782854927437025
2.709416561312799
2.626214663810397
2.530308423060217
2.416246028359278
2.273524905879098
2.083170777978236
1.819807265434939
1.489012243307609
1.262465045489104
1.659580876029273
2.021332728999857
2.002866154137262
2.041284765014417
2.053304392263756
2.058107949400022
2.056706401227221
2.051531248731533
2.044333850044495
2.036457202162158
2.028100650667529
2.019266864063433
2.009935257584051
2.000013709437823
1.989388742454747
1.977897013666059
1.965284737039117
1.951130742537505
1.934643393916046
1.914305879598452
1.886747744056267
1.843283495733397
1.782422558194383
1.567886343991413
1.455583733752617
1.427309309585565
1.404035623745402
1.364252780472402
1.322397756543835
1.286035926280742
1.272536343876494
1.234343335891224
1.075663591955455
0.7819839324031709
0.7076311196596413
0.6609992090065879
0.643371099904623
0.6483655447301937
0.6812761759282834
0.7792889738296465
2.384850187338642
2.464733651765022
2.568771324416077
2.68221053270102
2.797075260153296
2.896054191075924
2.965410280631402
3.002503691463156
3.011971452590989
3.000004044936323
2.971508215132436
2.929599867138627
2.87588968092646
2.810790601202759
2.733669683603288
2.64282511687739
2.53523433716205
2.405998308111303
2.247626879807449
2.050319917096082
1.80745033351888
1.536130568421827
1.321646802055523
1.353299513172217
1.831664195655663
2.054599450263998
2.014731475301695
2.043620794867344
2.05168144305907
2.055342820710804
2.053597368579557
2.047866908426124
2.040276404736948
2.03267211996484
2.024737645623678
2.016117010444217
2.006656295947285
1.996155818063895
1.984401906326712
1.971092378419039
1.955798089186214
1.937895186353336
1.916445679425507
1.889980708470388
1.856345448829759
1.810257443889558
1.754314569217595
1.643082278517394
1.54649219700127
1.480902261570016
1.424384615204103
1.366784132433441
1.310716561141274
1.256301881340468
1.203042904639285
1.124888099347165
0.9907599472637372
0.8457500901904939
0.7853793635081905
0.7448281628843197
0.7299639553336168
0.7370879086779673
0.7703117034719017
0.8319102449044005
2.239704038759501
2.318757000677743
2.434796015412324
2.558864085779269
2.678338247380192
2.784351895171819
2.867810088200532
2.923166873063042
2.950084961167419
2.951554197278042
2.931345648503813
2.892493788522954
2.836780835938896
2.76468531702357
2.675417150077272
2.56688966817921
2.435648866723715
2.277045988022739
2.086568364552262
1.864432860330387
1.626572461976087
1.422188505391704
1.34402407548215
1.497724599835906
1.921517662690469
2.072210708518017
2.031112788888268
2.051649533341746
2.055988164414208
2.057479016028393
2.054249456332623
2.046323033811177
2.037047903646926
2.029566862612787
2.022302072448361
2.01412897564995
2.00478005330031
1.993973236532107
1.981435268640788
1.966768899533739
1.949420414183866
1.928617494621495
1.903297204838218
1.871967870312713
1.832813993173749
1.782292329522065
1.721730606916238
1.635150781532674
1.553981471869243
1.487433689220676
1.4265622019022
1.366269784527418
1.306495933623271
1.246161416322748
1.183926618980614
1.108842569951378
1.009074235677534
0.9073124423201575
0.84736151553974
0.8079783095169747
0.7932364437236947
0.8006651575721199
0.8332863062280412
0.889790514316532
2.195621890553723
2.258135006712395
2.359441316154766
2.476380061004797
2.592540252815448
2.698075591823844
2.785621979822909
2.849563914887252
2.88708484333754
2.898203972591108
2.884607562317653
2.848297957648307
2.790694875528972
2.712223338279305
2.612206850471885
2.488972045292884
2.340311830107348
2.164819942581539
1.965034846287905
1.75331299645773
1.559520839838945
1.434583682616186
1.438915378963561
1.61353890768672
1.963562395547215
2.084319420222165
2.048076655163656
2.062775050920524
2.064419397583418
2.063511092878695
2.058107801494184
2.045636070460888
2.032585911510339
2.025339800641042
2.019349118656191
2.011864955185258
2.002735177552272
1.991738278451586
1.978632560731655
1.962990769964276
1.94421958492549
1.921527121639373
1.893900730528214
1.860076783292247
1.81875045800285
1.767954332961803
1.708599760873212
1.635124728850748
1.562125867965604
1.494740564083529
1.430254145581468
1.366551580001983
1.303012818201684
1.238433414151164
1.171658602231817
1.098666346347352
1.016733260824657
0.9380740161330307
0.884290499543456
0.8493912091100768
0.8364951555202876
0.8441995216270261
0.8744674713701635
0.9253886148505565
2.210196184451752
2.256800016588871
2.336983015328707
2.436335834154267
2.540482176133653
2.638563295846912
2.722824479051809
2.787505110532472
2.828694663196913
2.844474687189647
2.834575625160675
2.799608562649062
2.740293759609172
2.656973676734828
2.549507690692714
2.417623691550218
2.261931545566257
2.085937445530881
1.899231783134552
1.721070242425648
1.581634118285046
1.516879425502159
1.556344524827858
1.713840334519681
1.996501590783413
2.095899671150643
2.065888930102842
2.076788068907196
2.077156551455977
2.074912295476105
2.068591106277538
2.048955722401907
2.029905399872254
2.025176349951267
2.023473698355406
2.018544004269919
2.011075241698201
2.001286918759986
1.989150951078823
1.974246502405903
1.955895992042562
1.933176712352694
1.904945131397678
1.869898329598241
1.826856634336314
1.774661690552887
1.714121759789276
1.644079227915542
1.572231202885454
1.502114084308981
1.433446039905518
1.365260999024877
1.29664527052155
1.226325979241293
1.15341455499624
1.076930563728802
0.9980604583173187
0.9252740918835012
0.871573613253901
0.8377866479991143
0.8270316371067641
0.8382562125289383
0.8735340264205975
0.9253686794450066
2.260616139179445
2.294661976085152
2.355207273494646
2.433999348773711
2.520717186196609
2.605608293488336
2.680766625789889
2.740101742463891
2.7790810780494
2.7946641046252
2.785199052324676
2.750102850077573
2.689435122668014
2.603606459745736
2.493434185763618
2.360707642903297
2.2093736881586
2.04727643510306
1.887896628151134
1.75074982379338
1.658701238076406
1.631911889290576
1.682081674668257
1.813465048132921
2.031723050444762
2.108126963928695
2.084731869804019
2.092832660201018
2.092409360706976
2.088345387443886
2.078032837216251
2.030384030480815
1.996060607267232
1.994372873786227
1.995680920329604
1.988003552738884
1.976685294861626
1.962781495754662
1.946173018286311
1.926461491445475
1.903241767475627
1.876073349154114
1.844482416542162
1.807988956270729
1.76623505410286
1.718888351337665
1.66649311484316
1.608563157671467
1.548767683708489
1.488930105595294
1.429276203875227
1.369920538264717
1.311180813638799
1.253298830560895
1.196633559554415
1.141281139649384
1.087955213555139
1.040439358944098
1.004525669396259
0.9803965462108649
0.9695500597736305
0.971401161795628
0.9939778402433386
1.042690939578601
2.333603120292107
2.358025950640335
2.402222928215515
2.461483293102136
2.52904070036024
2.597325791439357
2.659227028644072
2.708717542220274
2.740978306115057
2.75238850200016
2.740511751068729
2.704035110129698
2.64267134165707
2.557149082464389
2.449454313186053
2.323425240326566
2.185638259099632
2.046233898446973
1.918973172065224
1.819686124729447
1.76291451874055
1.758149832684943
1.808404274783296
1.912503359089428
2.068428561871524
2.121296113538059
2.105042737354182
2.112362106190456
2.114970856716162
2.118237392999505
2.125507163128989
2.090296801927635
1.992270512604285
2.029804627287259
2.076146453794817
2.086872777233812
2.084962202284583
2.08198552463548
2.079025223137973
2.074710899069912
2.067473849274199
2.055258011501131
2.035201891187044
2.003783995859903
1.957532705415217
1.894270162969892
1.814653391537033
1.722556632877874
1.626697484182575
1.533993230114347
1.446300267171623
1.361235300970375
1.273663763025342
1.177327186908551
1.067212071654938
0.9423354367758512
0.8093958243741136
0.6848164926912166
0.5892414990295176
0.5369566852134768
0.5339875274694029
0.5763952500458921
0.6689220724829016
0.7928822567129652
2.420754343400676
2.437699817801648
2.468628383241105
2.510768675937544
2.559827149858278
2.610412510365883
2.656787965031751
2.693551640960058
2.716033431845645
2.720483791726682
2.704193701807315
2.665609711515456
2.604468603463727
2.52199760071246
2.42123244849389
2.307433558540531
2.188420771541791
2.074460106910712
1.977276282382469
1.908051307739007
1.874960750795343
1.881436826384564
1.926015728713677
2.0030818418059
2.102784242746787
2.134670803133627
2.12511549509991
2.132508433183068
2.13949486799469
2.153433724814101
2.170443839116146
2.282120961734583
2.258533255075228
2.25050013107969
2.297925646378571
2.347207103466482
2.387861563396263
2.426217927961506
2.465794407382406
2.505686189537573
2.542071605587468
2.56854598313876
2.576143483901423
2.554139461890522
2.492258012594319
2.384374997119946
2.232730427004552
2.050150065191012
1.856672664333821
1.669305679952223
1.493369011203437
1.321142254075648
1.135752502827751
0.9172617355366526
0.6505730761845523
0.335264164575741
-0.005839063510811954
-0.3270692928852978
-0.5738068333453133
-0.7017220819395689
-0.6901099881407801
-0.5506040396466277
-0.3366667680414753
-0.1532326510058388
2.516407990747795
2.527402775507956
2.547528756145159
2.575111783122307
2.607457736744503
2.640919748001538
2.671230831103647
2.693982207059419
2.705066517041499
2.701014271061668
2.67926052386633
2.638398547464331
2.578448104565148
2.50113625294924
2.410153583111184
2.311284746511009
2.212231313078426
2.12191902240942
2.049211446219588
2.001265876916983
1.982083838902027
1.991755783180218
2.026298838211337
2.077366135135101
2.131457947344003
2.14700155304922
2.142122029575915
2.147609930691454
2.153416540173122
2.164961578743222
2.171027603032301
2.245157739253279
2.312409856473745
2.359694458299411
2.425419480411567
2.503445029343211
2.581621026458031
2.656912525460103
2.729802431453833
2.798877995841222
2.859195759981484
2.902284852617346
2.916843857364904
2.89039347012308
2.812218821521483
2.677281987233458
2.48967416049795
2.263166195212791
2.016660156783318
1.765931674664954
1.516238916528993
1.260081949978528
0.9806410883736826
0.6591863261714574
0.2848076566949137
-0.1356278713980825
-0.5715309763390215
-0.9718222533194414
-1.278509456696266
-1.4454065061551
-1.455565699216405
-1.334204130555307
-1.154010317277255
-1.017497045041222
2.616595390019227
2.622751186550694
2.633994974727518
2.649332683476205
2.667119678183952
2.685002566732796
2.700016933335207
2.708856074348823
2.708235730130071
2.695272609493655
2.667843041645001
2.624922764090559
2.566902574307089
2.495842243084206
2.415585909840773
2.331630627978725
2.250641437713414
2.179579078198135
2.124561596451276
2.089746419681832
2.076539677857916
2.083214582807386
2.104710588048672
2.132381322496864
2.153928730439754
2.158705631442859
2.156887898320142
2.160264895321498
2.16378519633245
2.170242344167717
2.168495123448033
2.187241572306712
2.26849989054303
2.372118964184712
2.476145499512388
2.581944016101061
2.687285573422536
2.788669329087208
2.88356961180178
2.96875549890484
3.038461412683152
3.083940157885112
3.094315228233576
3.058518901198267
2.968066177350078
2.819981499180692
2.618606946850982
2.374872361556891
2.102528981877408
1.812724082643617
1.509309452726652
1.187309354708296
0.8356805647950208
0.4437336646217827
0.009284236918581271
-0.4543317416227405
-0.9157519071711715
-1.330033381956593
-1.649885725119579
-1.840841794045956
-1.895965116024525
-1.844489861998019
-1.747432103176936
-1.673980467625028
2.718457403006244
2.720624794036544
2.724518519641448
2.729624003128917
2.73503479383422
2.739353936112956
2.740681823620233
2.736744763902019
2.725158284251988
2.703775380044073
2.671063195526382
2.626461886160355
2.570679904915806
2.505865568640974
2.435580259820079
2.364505858625542
2.29786659171359
2.240634867357739
2.196687551214216
2.168114471690642
2.154802572075978
2.154274446150854
2.161703344153962
2.170155712029578
2.171247396965681
2.170012995475739
2.1700357520767
2.171838007283704
2.173804195475278
2.177123530353622
2.174733253831811
2.174518148600532
2.233579634412718
2.347115995876406
2.473629129114897
2.599870680781428
2.722227836594811
2.837748118349348
2.942829514351571
3.032918101842645
3.101840844347535
3.141610717867781
3.143195551822331
3.09814343771932
3.00060279649916
2.849021932214811
2.646722324140077
2.400837042043828
2.119819707051916
1.81043383199248
1.475431122131819
1.113116875925531
0.7195286287220365
0.2928889365723202
-0.1612148382032501
-0.6261807136464086
-1.074319683198367
-1.471289233046188
-1.784467538044925
-1.993279319816844
-2.097971479941699
-2.122087588945575
-2.104779570738933
-2.084382009488372
2.819858168695462
2.818735270391768
2.816568575405491
2.813226186340211
2.808367782990978
2.801325520024366
2.791041628261568
2.776119155219735
2.755006010247828
2.726286873546973
2.689025310991126
2.643086319294818
2.589369477772108
2.529888235449798
2.467645400124651
2.406288135857043
2.349580718596453
2.300794986849395
2.262153863597549
2.234443374476477
2.216843912777607
2.206982532473002
2.201227142950756
2.195278400670578
2.184995566667908
2.181053336816958
2.182078218060485
2.182877154065724
2.183952244271949
2.185662437440548
2.183895819582301
2.18280699041165
2.223137056431579
2.320728726914258
2.444874084974937
2.575396368444826
2.702415139891789
2.820517163581767
2.925090578282246
3.011034410064356
3.072387009373752
3.102423215300488
3.094287548041664
3.042072080013968
2.941970099358937
2.793020661942365
2.59707951993568
2.357978173725339
2.080197183836213
1.767572184874838
1.422574486527596
1.046625573997682
0.6416546660544817
0.2125667321184273
-0.2303565319167301
-0.6703935106815432
-1.085598001987261
-1.452454826524687
-1.751267755514728
-1.971722018249586
-2.11629065108904
-2.199157309332573
-2.240191905897505
-2.256882168662883
2.919080744037558
2.91529454860071
2.908237341760998
2.89810261627854
2.885007442805329
2.868851102628517
2.849224696032282
2.825421830661151
2.796572532968399
2.761881334467809
2.720913036679968
2.673850264478947
2.621649496059001
2.566043059309554
2.509368308366475
2.454246452538541
2.40317392486351
2.358115561496077
2.320188314337467
2.289497260262133
2.265154160893867
2.245497710036652
2.228531703080868
2.21253958767965
2.196667092791592
2.191900247664288
2.193410036426198
2.193638059335365
2.194238203743132
2.195177107512094
2.193851658103322
2.19431778091372
2.224014540517584
2.300713977048222
2.407010481974178
2.525564130666177
2.64375011007795
2.753332078227746
2.848273492916167
2.923157304346059
2.972575133682356
2.991146420132998
2.97390645636473
2.916863508605715
2.817483643314266
2.674878147766274
2.489611283801153
2.263245594041623
1.997870137114354
1.695854113947517
1.359986273889729
0.9940467105110988
0.6037102825607933
0.1974801777782804
-0.2128311302954182
-0.6125524124671187
-0.9857439731008405
-1.317700928164077
-1.597702253624513
-1.821007463986541
-1.989086705554161
-2.107701713621648
-2.183711185782737
-2.222379151388536
3.014557201866725
3.008733885473039
2.99794770609559
2.982654994220305
2.963327065177803
2.940285788686408
2.913595924714597
2.883057132837883
2.848309474203607
2.809028021942109
2.76514901324698
2.717055308546223
2.665658634990881
2.612346624659822
2.55880368907308
2.506752289749
2.457681868186966
2.412631034739578
2.372070235918234
2.335910144954195
2.303647179275847
2.274649772667631
2.248559886837414
2.22570807655628
2.207342078240447
2.202593189586017
2.204307494347064
2.204230155441154
2.204574067362721
2.205098261728034
2.204095581049344
2.204966628505739
2.22711772714092
2.284201194274578
2.36651476006117
2.462294806132715
2.560360863636373
2.651742601614083
2.729555491420398
2.788218030932006
2.82288654714141
2.829291920910107
2.803834118379964
2.743745307150955
2.64717679207707
2.513146950075654
2.341393655006883
2.13225676519735
1.886722462337926
1.606690686558358
1.295421855035106
0.9580228115889712
0.6017734762273581
0.2360919461108496
-0.1280021686995878
-0.4789329861697925
-0.8059441635669499
-1.100445987167784
-1.356870778885297
-1.572641339386562
-1.747188485338975
-1.880494428128715
-1.972026435351104
-2.020683404312658
3.104621367600842
3.097457695207126
3.084210025105049
3.065488908394835
3.041971963381102
3.01423351291258
2.982638833115125
2.947334537205556
2.908335346303836
2.865674797985514
2.819564941904507
2.770506264515523
2.719305618082788
2.666991528274274
2.614653544294085
2.563262326556082
2.513534562342766
2.465886064116805
2.420483175030402
2.377379616688382
2.336719530261596
2.298985744560017
2.265246331386404
2.23730725108709
2.217660601553068
2.213155217920495
2.214961911986606
2.214725790173333
2.214937702356568
2.215200442484389
2.214582188145539
2.215026857170814
2.229653544072556
2.268098595047388
2.324687119215954
2.392312225407865
2.462997305854916
2.529128277332306
2.584199385431561
2.622894823886107
2.6408940252811
2.634703789660974
2.601574596748805
2.539438239939814
2.446814442170694
2.322700094291353
2.166514153739827
1.97818473641974
1.75842071283312
1.50912641676128
1.233830210467171
0.9379440062312561
0.6286821756189911
0.3145554692856661
0.00449693352078744
-0.2931764985469416
-0.571663865165612
-0.8261276915430229
-1.053483783140704
-1.251571557177562
-1.418070096195967
-1.549755377900423
-1.642593652419752
-1.692705149562908
3.187296702219272
3.179638550033206
3.165427490691098
3.145229576271373
3.119686423093248
3.089391718510741
3.054831329846611
3.016392800208425
2.974425192215053
2.929315737270072
2.881548223227544
2.831717140986322
2.780487133470047
2.728505224374596
2.67629220265801
2.624159286377827
2.572204793644184
2.520420176399476
2.46888339110871
2.417982014015592
2.36861628677786
2.322349497134758
2.281464661614716
2.248885084629756
2.227951102739728
2.22359593940797
2.225494108809925
2.225168610668819
2.225322617571851
2.225393161306073
2.225268814525834
2.224907469082352
2.231271512220327
2.25116479375659
2.281704169590577
2.319216514814862
2.359014721890977
2.395861477297853
2.424652056245925
2.440880531771647
2.440816397735352
2.421508232179099
2.380710726417095
2.316769368933538
2.228486469725973
2.115019847808872
1.975883876040867
1.81110200454956
1.621501470985701
1.409067505155244
1.177216948841162
0.93083909190144
0.6760024624132598
0.4193354833352703
0.167222451525486
-0.07493955577084485
-0.3031526815154868
-0.5147113498477229
-0.7075733357041137
-0.8794454998216741
-1.027010705860335
-1.145728997239444
-1.230412024917948
-1.276414837897132
3.260154936364317
3.25307827388713
3.239757938895649
3.220379088551937
3.195163723090618
3.164401447755301
3.128515355998556
3.088115444746468
3.043994556922342
2.997052043448337
2.94816766709947
2.898068233851461
2.847225753948407
2.795808846634242
2.7436901950979
2.690508146400286
2.635801739706654
2.579242363789837
2.520929622419442
2.461655664149107
2.403086552905698
2.347817600674066
2.299260681114442
2.261381391818736
2.238371647500375
2.233916130572212
2.235976824393485
2.235584805231564
2.23572617992151
2.23563414910326
2.236099693394926
2.23468338142855
2.232104620916512
2.233330449866802
2.238022557494743
2.245284161577648
2.25330815276291
2.25938511306444
2.260262879184939
2.252620193874427
2.233451867939009
2.200292282557472
2.151284638166842
2.085133611919233
2.000999246641395
1.898406526857932
1.777239959039422
1.637855409627712
1.481282867460255
1.309437172130304
1.12522393597158
0.9324423319823646
0.735448365996993
0.5386360977543365
0.3458867297110183
0.1601853101123595
-0.01642100070528905
-0.1824593119770383
-0.3363654799122035
-0.4757789389249824
-0.5971257227142547
-0.6957346007604726
-0.7665278937087823
-0.8051145119260675
3.320307151602595
3.315177989513753
3.305043404681576
3.289191916172687
3.266871904502851
3.237652169470518
3.201727672859597
3.160034486779905
3.114102507939537
3.065687566856224
3.016322985161976
2.96695342441212
2.917759968144879
2.868206515913088
2.817269863860182
2.763760083814081
2.706638176932682
2.645321541320989
2.579987195843614
2.511820011971068
2.443211923947304
2.377780119154408
2.320123927308065
2.275417694370315
2.249006105812766
2.244109706461757
2.246452283446319
2.245989607438329
2.246147302920042
2.245902930601942
2.247030330450539
2.244334980879319
2.232341656787443
2.215015046359517
2.194506081891789
2.1723931846383
2.149335199331693
2.124889513779399
2.097630567707117
2.065528562893063
2.026426037573111
1.978443012891065
1.920210906141
1.850924235729654
1.770268914133705
1.678316560909232
1.575461764557153
1.462435364699427
1.340373468943737
1.210881471084233
1.076020729468624
0.9381688765227457
0.7997571548510682
0.6629517537908333
0.5293948115068885
0.400128884871423
0.2757815275008195
0.1569906536468073
0.04493979996139223
-0.05820301328275208
-0.149143892410945
-0.2237285844094215
-0.2775894854550394
-0.3070357204811369
3.364619408550456
3.36307706510565
3.358815359003286
3.349522740548899
3.332773856057911
3.306956153534782
3.271935601172988
3.229215158931056
3.181514966842393
3.131931884587349
3.082999900636078
3.035986153986623
2.990624527462056
2.945312877406703
2.8976896343082
2.845410267898608
2.786789697067216
2.721113496682389
2.6486903574696
2.571050654025275
2.491271192573641
2.41400996391608
2.345181422367447
2.291478232216451
2.259918288569523
2.254164498749183
2.256943450453931
2.256391752047106
2.256587867884464
2.256195407285902
2.258033747024625
2.253858573736174
2.232211949304008
2.196862454191534
2.152335504745762
2.1024438124447
2.049921985082072
1.99617755970426
1.941328088489551
1.884562054685995
1.82468377987816
1.760625634784519
1.691770116801076
1.618045537144026
1.539855385414957
1.457935874139356
1.373218599108891
1.286733915651894
1.199551031134443
1.112727663681631
1.027239704280265
0.9438777199501476
0.8631264267882892
0.7850742194961565
0.7094165991164587
0.6356046264186702
0.5631430562587971
0.4919774174916827
0.4228545723017449
0.3575261206965392
0.2986995560288438
0.249713583347969
0.2139894765257834
0.1943594769884598
3.390275779365211
3.394031252816361
3.398367837098114
3.39857084867743
3.389831973604617
3.368990081549644
3.335618074583795
3.292122057274916
3.242883995679983
3.192800733209207
3.145730313232965
3.103350619933606
3.064765746906954
3.026898527760169
2.985499292420658
2.93657647738444
2.877668424546374
2.808158600683814
2.728535088154224
2.640726393902354
2.548537716287916
2.457625488245998
2.375257533693812
2.309983388985808
2.271177538506667
2.264063123558778
2.26745819680232
2.266795318481499
2.267052916094087
2.266522132821895
2.269096995783955
2.263270946096087
2.232009981998261
2.179730008029603
2.11305734307004
2.037672840889491
1.95790254847684
1.876487781675981
1.794723889769637
1.712944361021669
1.631128358738412
1.549389724823655
1.468231097802317
1.388581927526698
1.311699332146882
1.239003841979824
1.171893640881228
1.111560567093044
1.05882400964842
1.013999213680065
0.9768167015154666
0.9464054180108967
0.9213476209826343
0.8998136402011627
0.8797852546464225
0.8593615140324394
0.837104737568748
0.8123483727738605
0.7853805161842295
0.7574445378131497
0.730546825871963
0.7071088868960166
0.6895306457134494
0.6797356630190725
3.395829268726509
3.406089240368385
3.420854811672895
3.432416355270282
3.433186481192413
3.418428718245019
3.387667184314483
3.344484968323847
3.295093067067658
3.246284570862985
3.203335949416342
3.168377616169946
3.139754798938224
3.112633744534026
3.080549501834124
3.037398512817115
2.979674342996933
2.90678939117373
2.819472691581949
2.720621851400679
2.614971968596717
2.508873602403794
2.410724023822031
2.33121773650276
2.282850129771377
2.273783911640821
2.277984586048141
2.277198786823806
2.277550981497121
2.276910768695216
2.28021886991981
2.272608089785795
2.232146228922336
2.164810801763241
2.078801102237463
1.981027184269298
1.87667204654094
1.769168273001671
1.660690303643162
1.552865512862134
1.447319957597602
1.345896573566572
1.250630962439575
1.163646049967275
1.08705132131847
1.022832627249267
0.9726864257601999
0.9377886789397359
0.9185425359995359
0.9143800061983994
0.9236892632587389
0.9439045642818309
0.9717487675994638
1.003588336592377
1.035854614242682
1.065476289744228
1.090243968153838
1.109017560450267
1.121722094063638
1.129144378456869
1.132601850744246
1.133579364167658
1.133416473172743
1.133085966736373
3.382847416838801
3.399065644806048
3.423316143659715
3.445239745269054
3.454957398745389
3.446805425604645
3.420681113590728
3.381202996577007
3.335762143124268
3.292274846804566
3.256963711145555
3.232365887300781
3.21615930351008
3.201791129455228
3.181054653903056
3.146092066091617
3.092042514649798
3.015845866277757
2.91952324898487
2.808594408653637
2.688839431706162
2.566616046618738
2.451006471499231
2.355035071881419
2.294931434053618
2.283300320804368
2.28847528852958
2.287590917779101
2.28809549162223
2.28741522184491
2.2914115715869
2.281954070505067
2.23325615705193
2.153854366257856
2.05262545851288
1.936585547467297
1.810610193593364
1.678084607536146
1.542055648225587
1.406057906565215
1.274209118059344
1.150783627129586
1.039720966515538
0.9443754235129687
0.8675194779447508
0.8114171782216537
0.7777764470902018
0.7675217358426669
0.7804729668733308
0.8150810570362962
0.8683525734297591
0.9360308673301082
1.013016053400335
1.093948016555493
1.17384443716604
1.248664502650738
1.315670701231839
1.373498618528459
1.421925281535743
1.461428554467481
1.492697391418197
1.516259512658362
1.532327981130989
1.540857890506402
3.358079344420039
3.375656646486345
3.402522437768411
3.428188164895242
3.442792300255403
3.441360201961587
3.424380769047465
3.396336541645974
3.363771347491608
3.333559329549053
3.311308087879695
3.299571835934963
3.295976018290418
3.293101244148341
3.282474376041493
3.257819766215703
3.212576466990792
3.131897034071125
3.024772006420601
2.90078753468763
2.766255442356531
2.627307812008008
2.493615727419016
2.380322503940572
2.307216252174447
2.292577564734462
2.298822047530603
2.297944715170793
2.298707855965647
2.298132559321891
2.302705052420392
2.291491232982288
2.236371059322261
2.149502809280799
2.038961893564124
1.909886665915677
1.76515519779652
1.607569402771296
1.44171666211867
1.274274143110182
1.112976190332938
0.9652147565989149
0.8370660655573159
0.7330025609156464
0.6561188695694893
0.6085044350061021
0.5914247951727828
0.6051826971465809
0.6487779256445235
0.719593679320412
0.8132910633159537
0.9240123776702978
1.044920958376297
1.169034359318414
1.290153027456145
1.403580529926921
1.506423550090272
1.597438876092891
1.676513454592677
1.743955959695752
1.799843020799952
1.843672056622583
1.874438045828265
1.891026300699897
3.335523554600956
3.342308285584035
3.354682493681953
3.368085392890103
3.378644492760869
3.384455565104441
3.385538634215028
3.383228944878197
3.379490543293976
3.3763988580247
3.375705416758607
3.378263552976542
3.382638403761723
3.384735193776246
3.377074582852009
3.365770443707516
3.333847327454467
3.247878134004314
3.130918724561372
2.992647814300506
2.840495631198885
2.683350659886131
2.532752201899999
2.404394044508934
2.319212329159231
2.301569856219806
2.308824659846201
2.308211385972934
2.309424373001141
2.309231086965136
2.31414660894209
2.301507789044001
2.243174455048386
2.155857777898426
2.044093160989275
1.907813861008832
1.746114649478878
1.561706479657704
1.362459179313432
1.159832279036503
0.9661132899962658
0.792162786263543
0.6462614722157887
0.5339062731360981
0.4582012006326295
0.4204927899006938
0.4208929062289571
0.4584275234319823
0.5308413553013052
0.6343156696883741
0.7633070918601236
0.9106225989388621
1.067946899641342
1.226950153598119
1.380611948372108
1.524107087624935
1.654903194285784
1.772229791641786
1.876222767571451
1.966981295774332
2.043831770833173
2.105115121870035
2.148581215615678
2.172125911973931
3.33031563950557
3.333238302369357
3.338495965460431
3.34527726075174
3.352678623019665
3.360254506147289
3.367733085221061
3.375005419355779
3.382043806980524
3.388853104303343
3.395381381650775
3.401601898327434
3.406702660775779
3.41199886138734
3.407700406098539
3.421161502440141
3.424420730080536
3.355979376628167
3.236799876907003
3.079673294597993
2.901177698688705
2.721565925171961
2.557876028948501
2.422483628935868
2.330315367034873
2.31023361006048
2.318154985681826
2.318317208447315
2.320311148498106
2.32100244693258
2.325781366161226
2.312301579649369
2.256646170509252
2.179554674640301
2.076324718238399
1.937293874759807
1.757720218840416
1.542973548850929
1.306792416720109
1.066480946600294
0.8388205552887215
0.6378815803216982
0.4742073383562155
0.3545973738576521
0.2822056158099762
0.2570714313530444
0.2770607445260646
0.3387555255057775
0.4378367562677524
0.5690120560694234
0.7257664657174222
0.9000741010032297
1.082788193946038
1.26499988113757
1.439693202080783
1.602701163501531
1.752437919037815
1.888790702637928
2.011922393527767
2.12124700178752
2.214924898638407
2.290061854271322
2.343420766288117
2.372294601674735
3.327954321068338
3.333983126616933
3.342025735657243
3.351104217095462
3.359492124274447
3.366604317351927
3.372337185348136
3.376994952636533
3.381082810892997
3.385159851716657
3.38962806387355
3.394823932563582
3.39975367448069
3.407201694552843
3.399954694264535
3.43469281185572
3.49376370831366
3.461622812346333
3.343364765168693
3.155777334925396
2.935153314636773
2.724519208187823
2.553120155648711
2.426566183740767
2.34001277065106
2.318539064945515
2.326273542043093
2.328152773966668
2.331496161287918
2.333979470963149
2.337642098421681
2.324445241801644
2.283235905564809
2.231427371029802
2.144596787428855
2.001676605537119
1.799366042567703
1.550892825234225
1.277364270673621
1.000700573753808
0.7405111992272125
0.5133439473961343
0.3323909000576284
0.2067388073325586
0.1403291978690631
0.1315856415240597
0.1746199214798642
0.2616337377694299
0.3848603530269698
0.5370210428811441
0.7107542672015634
0.8978322249366172
1.089698374379843
1.278802771093532
1.459758569657755
1.629962162345768
1.78913864602731
1.937623291329752
2.074732100655988
2.197965149432081
2.303534399636562
2.387537730190155
2.446666530695309
2.478463487382789
3.316453470362911
3.326893680635959
3.337635341088731
3.348491544512438
3.357828091590187
3.365507860735702
3.371705720658208
3.376864323759804
3.381522828713895
3.386246037430886
3.391457948682926
3.397683213349701
3.403769262199636
3.414519869120672
3.401499916696991
3.447646138076039
3.572262422626916
3.578277352634527
3.447654036418084
3.211082880495762
2.932383498146426
2.679347483929273
2.499992920324932
2.401083935707116
2.345639213108302
2.326274727919611
2.332228853363296
2.337538830318435
2.343235388463051
2.349163085872138
2.349961343040758
2.341628390976056
2.33838628493801
2.326867764992384
2.252739566663689
2.094266580196189
1.862437328913307
1.582102352528877
1.278364242862384
0.9730406625750544
0.6858087072232184
0.4352452964697002
0.2381742071946925
0.1075279105421173
0.04948048088877278
0.06123856687387669
0.1316848741724413
0.2458838800579778
0.3903886383089828
0.5550537395750614
0.7309867835829114
0.9102470651604333
1.087759253079582
1.261457984316054
1.430556804724893
1.594675375213457
1.754258476463993
1.909234102747414
2.056204282243958
2.188589147476208
2.299690260283793
2.385477037234449
2.44447954910777
2.47591649101282
3.298314882076537
3.317980807674002
3.33432959929576
3.34848127539198
3.359226061838198
3.367189816370793
3.373065352990428
3.377644978573016
3.38170848894201
3.386033452994679
3.391278912359962
3.398374105955383
3.406257590019
3.422480780112596
3.40358365780981
3.479634867632098
3.691869094363372
3.707622919601063
3.527102578198718
3.228879930947144
2.896518949154826
2.5967439777757
2.390394797483513
2.31652508805597
2.331638315735038
2.331776689776112
2.33432427028865
2.346119356807292
2.355974931185691
2.368217775334359
2.364183722019659
2.379580263914858
2.452999607777671
2.477514927297445
2.386622694127736
2.191889736712186
1.93076682651116
1.633055250459322
1.317233206382705
0.9983639809355307
0.6942391719431596
0.4261991117025065
0.2161007712102917
0.08188556807222128
0.03319003990298029
0.06748474952490918
0.1686310152577209
0.312001338670443
0.4749323726172034
0.6423577240539525
0.8008407855025819
0.9436163151675498
1.07444833132945
1.203450030827154
1.339314781202583
1.484511023499921
1.63732123748456
1.795034299436361
1.948192811979524
2.083712328602493
2.191950964405465
2.270259314751799
2.321375407546145
2.348408079166095
3.270759089406123
3.30690393944659
3.331725639295945
3.350290115399269
3.362536204939229
3.370394357119502
3.375382994230682
3.378773787678159
3.381639576787182
3.385009523420832
3.389872599645984
3.397774967884628
3.408450935724387
3.433070303871876
3.412434276264499
3.568807074295805
3.867527691615544
3.802541557701759
3.525936939561382
3.18840552501891
2.850907862955823
2.528590492393953
2.25992051013174
2.144281221961976
2.253541914611571
2.329669096089106
2.331251637397754
2.353705698108267
2.37016521075021
2.392387656215125
2.384294334112742
2.473684955347431
2.660184413636325
2.662021213260088
2.499179884484819
2.257507532191326
1.988169217400639
1.703977831526047
1.404302632547286
1.09364106480654
0.7883312795507296
0.51417500156141
0.299116928352461
0.1654808438731463
0.1251796368855447
0.1774947255828324
0.3062115751014037
0.4789481103777342
0.6593502822460732
0.8185968732387604
0.9329058023357475
1.001973246524533
1.046353429402132
1.094889290506332
1.172131899583498
1.287064714426271
1.430360480235889
1.58865350450422
1.741643909737996
1.87025518746246
1.965409507060689
2.026843393539238
2.061305061077676
2.078720947687493
3.218903682140582
3.302958552009859
3.340156932239117
3.360733883104105
3.371731048424069
3.377253089809831
3.379671129533102
3.380541811593887
3.381046100235619
3.382329133239255
3.385677445794253
3.393385866157518
3.407052070803479
3.441624417919823
3.437728853659585
3.745796045204197
4.012319171690592
3.737497265620898
3.383331449947105
3.085672249876476
2.82472252570589
2.548502596245835
2.226675283022179
1.951493873204184
2.072982159412775
2.308478381475
2.325101255687068
2.361007502160893
2.385446874804254
2.419086118320515
2.415981207659349
2.640308561257179
2.916364232645281
2.780595192951074
2.517223260790839
2.26165271917076
2.029881065221995
1.798798416988193
1.547654058887282
1.272957558559859
0.9909321070148497
0.732042522929846
0.5295803706523127
0.4073473960793751
0.3740402683118516
0.4282180291582887
0.56450194539048
0.7593301191217946
0.9640145491480405
1.097751555851705
1.130017395696311
1.083515762895249
1.001702745582429
0.9320296437782944
0.918926277578934
0.9903114567641232
1.131352589750596
1.28642703517929
1.4230995872832
1.527218680988108
1.598946383061853
1.639153668508444
1.651108436803366
1.649192540446656
3.020372109055737
3.258820763946284
3.336656790565749
3.368727343444241
3.38144684979867
3.385122207889245
3.38456165648201
3.382149724594956
3.37927794844151
3.377083246033395
3.376874967310558
3.381134528849226
3.392819952552263
3.426058410184668
3.451592140964121
3.83113717341794
3.800156384366915
3.388308620629775
3.128143329105302
2.96245704280492
2.823767925629909
2.669140272036595
2.436251102941585
2.056845194862412
1.974238266120017
2.299703323528912
2.337981224312883
2.374460949253181
2.398602241835827
2.43173575418809
2.438130191577664
2.738139231657821
2.955398507521352
2.667233230722127
2.401986590534093
2.213048807396824
2.064528716581769
1.916374595985787
1.743695821455301
1.541206475303343
1.323108282182603
1.118730156226782
0.9607545177824328
0.8696844032969478
0.8444197036364043
0.8733556609339367
0.9681595782497898
1.158854818242369
1.404887320336651
1.470897251674308
1.374608421527805
1.178431917090553
0.9430770987164306
0.7265182008772463
0.5875264472115894
0.5856707261183817
0.7444705313009042
0.8826491936476112
0.9682761068373983
1.024015103044902
1.063759790129476
1.087410651487934
1.085821536532395
1.043546158759323
3.763773460745516
3.539280824202809
3.467281314155748
3.433922710642125
3.415681809123239
3.40347350778963
3.393723603197928
3.384960648641168
3.376692737521639
3.368851089903582
3.361575614438607
3.355355785982474
3.35017527935256
3.349032936421738
3.369014750815119
3.24323106792053
2.97873512751631
2.956900236526702
2.944841506531435
2.892682972416839
2.832170443310379
2.780542676625251
2.77645937799372
2.770350523116515
2.505353129325785
2.375554213359321
2.402859989567995
2.4049240687566
2.405727237660332
2.410851193361906
2.418713666394338
2.365241374350383
2.339521976189727
2.304430895234627
2.233839771736938
2.159295161056042
2.098183953030419
2.038141397433686
1.968988756212319
1.888926935331944
1.803000252123665
1.72255956393564
1.66090331452888
1.624707503573289
1.604764682892289
1.584652456476404
1.566872548552347
1.715359348933798
1.947772857047388
1.876056370101693
1.628512093054105
1.272975174070547
0.8759966520048357
0.5062637146597728
0.2280982510633156
0.1047975663154888
0.25004747181093
0.3526352780508969
0.3379095556521903
0.3287579942095747
0.328168098522012
0.3403649291673834
0.359051350656767
0.262760695484424
3.577583418116745
3.503471534206382
3.469946913122381
3.446059744238316
3.42806836150127
3.412803520694227
3.39904464881959
3.385958903140994
3.372985230796283
3.359566514466369
3.344928533338437
3.327776242843751
3.305347962563406
3.27088406155204
3.222627896031266
3.053508247740237
2.963730365631057
2.938746985735392
2.915556772420524
2.879657546834979
2.841661478264823
2.805581476164098
2.782832883221478
2.760705430046552
2.663771772497598
2.509450474496075
2.467901473480468
2.435304367049187
2.411996502927585
2.389162981346597
2.360108166190739
2.273170472884086
2.226131275511074
2.20634450687322
2.178072159856471
2.143876374631243
2.109197670660611
2.074008852043134
2.038337341076219
2.002371168660315
1.966651358367217
1.933839140465365
1.90744165392836
1.887778453534548
1.872127207775591
1.869463836948524
1.814654465371148
1.999448030616308
2.305083912124742
2.206404902439885
1.855161975297135
1.356010401577799
0.8049843724390021
0.2980709901653417
-0.0735590782437246
-0.2163691530221603
9.359466638182473e-05
0.1431014764351466
0.100228868094028
0.1004704476892971
0.09149412632159808
0.08400887605955096
0.07506894325542038
0.07749127641059207
3.546855229064628
3.515609676293318
3.490588858037442
3.464770473583321
3.442574614306385
3.422680368886457
3.404494972619716
3.387206070365717
3.370041676727691
3.3521526206887
3.332514733086763
3.309755691429038
3.281987379354128
3.244971680506958
3.20048860131869
3.112943208775522
3.037428091590733
2.984260101560665
2.93660969018987
2.887667694463524
2.838992252558079
2.790549290972928
2.744015882144137
2.693087723142161
2.615352182983328
2.531253940292627
2.488128309314722
2.450334712332278
2.419458539709521
2.389848893700491
2.359698524623324
2.312263049363151
2.274534419123023
2.237844544314858
2.195872018498259
2.151883472710649
2.10791100882835
2.063025875942436
2.016216443582065
1.966582599834996
1.914635511929288
1.866075856280456
1.828694900054544
1.803151286295744
1.787619013379558
1.797086224627535
1.743353617832722
1.999801434328072
2.459892209071056
2.415201344768832
2.01899015561098
1.414005089329492
0.7386418691172945
0.1294279690742691
-0.2824411220974679
-0.3706415370973049
-0.008057352455949109
0.2028863630033193
0.1609398158216299
0.1737395119349057
0.1681477789006681
0.1581922590084693
0.1363636971105488
0.1322895297320631
3.555990904929177
3.529396377455587
3.505461494074243
3.477720590568121
3.452784727948075
3.429725484723921
3.408350141931004
3.38793813303589
3.367614108818345
3.346329002666861
3.322865973548153
3.295737114205199
3.263245149627687
3.222410171741718
3.174006609819264
3.105343693011884
3.041093802911269
2.987397978815537
2.937482606184118
2.887921510086534
2.838719932320278
2.789382735128661
2.739875966706138
2.687034237543768
2.621842705969623
2.554185163754728
2.505177453305294
2.461631379631728
2.423774719845587
2.387546822489968
2.351303513609795
2.307970334888521
2.269038623885131
2.23132959438075
2.192125670263192
2.152094347630042
2.111806554955768
2.070653186258721
2.027813868734828
1.980539374894061
1.926638082741154
1.874694768567468
1.837867337093132
1.812885262911815
1.797720449004842
1.80842754074608
1.743440792494116
1.974848988902113
2.502750022570622
2.502328439439828
2.092664086682677
1.433128836048043
0.6900500238242184
0.02510386377221487
-0.4008394827855219
-0.4416125625601697
0.00111806813247997
0.1990724320866393
0.1452702369244383
0.1587915961635961
0.1516070536864494
0.1396676524344526
0.115392420192939
0.1219845321774205
3.604997100647493
3.559673564044969
3.52741561320512
3.493447313312031
3.464168183679533
3.437336941153854
3.412663596384236
3.389359393361084
3.366386285469066
3.342528203452747
3.316489991123921
3.286864402482552
3.25228712398285
3.210946593803839
3.163296677781184
3.104772949216067
3.046718472056549
2.992668261729837
2.940595329711769
2.88916241000601
2.838078413209659
2.786773859576992
2.734862476305791
2.681030123482478
2.62215758620412
2.563080934047817
2.513413383293854
2.468166562353507
2.427307437193423
2.388424461745299
2.350341860768471
2.30968027452056
2.270986701814564
2.232882308124776
2.194278183853707
2.155435684430507
2.116718820367586
2.0777456396781
2.037685329308025
1.989211016094331
1.92371318697656
1.857618535694481
1.81780589138903
1.791794273270103
1.778209688478077
1.792268969716395
1.729706158506963
1.955461542389108
2.492643405898233
2.477741651052218
2.052795647920509
1.401044338361415
0.677268916393578
0.01439770100083158
-0.4321708772180035
-0.4812500552924014
-0.0001597847425964302
0.2056000001278441
0.1510095739252935
0.1677276205525256
0.1605876164625814
0.1462727166740786
0.1172900389453315
0.1163687917462746
3.69576077588528
3.589240180756321
3.532531500826021
3.490617601600307
3.459918727548209
3.433348135659116
3.409552281948629
3.387515408727937
3.365952450795439
3.343342708321699
3.318141068247351
3.288819653892401
3.254061807734058
3.212657946003607
3.16500041124528
3.109996503269868
3.053591533242417
2.99838320841755
2.944314638686534
2.890982833636393
2.838027622857553
2.784840239311672
2.730937528016288
2.675778002772478
2.618605654685449
2.562252288396051
2.511622888835555
2.46514445575102
2.422720964831175
2.382756000061006
2.344161998739713
2.305029846879257
2.266981935900708
2.229342732143615
2.191730202977719
2.154461599002838
2.118334747124077
2.083722723571491
2.050492793946826
2.001235658285178
1.913597256704141
1.820971940981184
1.782110694239369
1.757937002813422
1.749024646266132
1.768516004749859
1.718729388302976
1.963862452260339
2.435877920704547
2.310743999789786
1.868669312956493
1.309703959229316
0.7188255503322688
0.1409954760523658
-0.3323051492546034
-0.4883255852593595
-0.03442062514598228
0.2071760587654749
0.1607396364491386
0.1815935660326861
0.1751557407293621
0.1577840544763487
0.1226441083324821
0.1029808558352303
4.041490503874416
3.735105985597197
3.62978214864974
3.569543230579659
3.520287841111641
3.475741822770818
3.436102228954541
3.40003920023357
3.365825232438973
3.331971648608108
3.297314427937433
3.260909620439386
3.222014400211146
3.179983454097105
3.134912356480745
3.086126285838812
3.036250525316385
2.986399337203416
2.936549668819822
2.886630900314004
2.836668084052967
2.78659084398492
2.736374645687452
2.685890055655696
2.634784338399172
2.584298453148659
2.536639550417426
2.491027762418816
2.44749595341092
2.405455895073755
2.3645817605474
2.324138109949069
2.28504210081977
2.247114506297786
2.210277909757847
2.174714735019544
2.141383783276623
2.113665639709942
2.102871582500428
2.076791995421585
1.968681350614433
1.782211802178313
1.735567065968055
1.710744691069603
1.70714127425544
1.734051501729983
1.721080443213963
2.041535680324593
2.255543511885629
1.929164755254879
1.537712900191482
1.17259365491548
0.8104735488255058
0.4225190620153428
-0.008849575375271982
-0.3701053675206795
-0.139595407933662
0.1944203823496549
0.1810924092767841
0.2087951324823136
0.205778382703873
0.1877757582327811
0.145661010632088
0.08337677731180783
4.506735678563287
3.539204194176072
3.293523420911243
3.328439952534528
3.363881711704324
3.369160633912315
3.367962366783994
3.369537268776024
3.372344919798592
3.372655899772754
3.366952763704577
3.351917972867077
3.324554535771231
3.282981292344961
3.22759210255257
3.161370170807491
3.09121843688865
3.022856484252238
2.958592623565746
2.89809166212702
2.839446482386584
2.780086060097941
2.717838110247843
2.651810951736528
2.583430060354007
2.517548193442165
2.45970118000232
2.411452185848428
2.371789734354389
2.337719306358
2.305853520058988
2.273603993631612
2.240505319301215
2.206118407345746
2.169809563919718
2.131593752357563
2.098244304784736
2.098275318827454
2.170966787472405
2.179778025817207
1.740578489169184
1.597664958416581
1.624550898352954
1.629873961662999
1.640394764949218
1.671852697806056
1.711354630190158
2.040497179469094
1.720336479622816
1.340777126559942
1.172176343504627
1.042951125681834
0.9011920068248309
0.7550901659824584
0.5505039456452024
0.1310054995604237
-0.1653068083932941
0.1892857757245565
0.2261090634747459
0.2516845693959409
0.2458683899340206
0.2165594452519257
0.1325274474122002
-0.01142966997681802
3.063084654595149
2.742160414677745
2.624050761790793
2.721695486788269
2.874809953694817
3.014266772202283
3.139910512968613
3.259899343275503
3.37352388706612
3.47415522757059
3.552987119860093
3.600726565661653
3.609162971511023
3.573780504427451
3.496914556162491
3.389519440981112
3.268756887879691
3.150454640676321
3.042946359045791
2.946344478766602
2.855251548913786
2.762131643674952
2.660595242615584
2.548805939298088
2.432314356083245
2.323430654622508
2.234999534187144
2.173133148516281
2.135342674524566
2.113195156019846
2.096713202254596
2.078065914742912
2.052779287091285
2.01837719285549
1.973839910981272
1.921856864554214
1.872146901480176
1.830349900655005
1.737909657493003
1.427395512526594
1.148941514862748
1.468897130068006
1.504382945487335
1.535670368142803
1.544204681124152
1.545224189894567
1.569617523075165
1.407388155374425
0.9377270798833935
0.9370981201174269
0.9988568973169883
0.9793066301534643
0.9285000072604035
0.9035361787063945
0.9497884104508201
0.9332959932141706
0.4752960527846459
0.3215672813235513
0.3474218661400784
0.3443700119586069
0.3411442266819335
0.3440664812521511
0.3512898537149192
0.4607445016757709
2.058300096749432
2.060049613375687
2.106718895785736
2.249707293733805
2.459606942177871
2.689376654659338
2.915488673642008
3.130712554856222
3.329841030953876
3.504556173739544
3.644065600965888
3.737268764944071
3.775376753953052
3.754925179916276
3.680398286225673
3.564725574442244
3.425991167256076
3.281402167044277
3.141876400015084
3.010220966447965
2.882864239739892
2.753420552619654
2.616732281535347
2.472523719695056
2.327299497922405
2.192715424599632
2.080466166759559
1.996764858195634
1.939898536876656
1.901834019197539
1.871927542599474
1.84032235421647
1.799449738997703
1.743955625959286
1.670362245991062
1.576625158186014
1.458004342685916
1.296414082941363
1.068312262505523
0.8623859480782869
1.144185454974354
1.466609993265316
1.44597177636
1.471029343872608
1.462907489534048
1.430684220385079
1.374791002179116
1.16895354898013
1.045854979511172
1.014462529506585
0.9990883813255265
0.9660518303703762
0.9290906342497133
0.8953719368843862
0.8775417823939122
0.8433265016997197
0.7265193913167632
0.5202198900117041
0.4647009362508072
0.4293949580378175
0.4149707979534966
0.4169545482282379
0.4388856972501367
0.5047803178647717
1.41191201851611
1.513960953557654
1.668200942666834
1.872432030169554
2.126767291038031
2.412664094925648
2.706746011613136
2.991471525586331
3.254166825652827
3.483315097149264
3.667276606543907
3.795420475356428
3.860393576366655
3.860479537844653
3.801035913585372
3.693997316935771
3.555085325407641
3.399709395943827
3.239206261616765
3.079007304113049
2.919311792710414
2.757651324636093
2.592158973812455
2.424262655136711
2.259609745164666
2.106622913817906
1.973322792912405
1.864026468606118
1.777566910697863
1.707842120212947
1.64596440894001
1.582566666933688
1.509191066258924
1.4185615222891
1.303932172531602
1.157975256339918
0.9737556783246961
0.7585215255954443
0.5798239522337326
0.6326044684506463
1.208391021613996
1.474149612388021
1.414500569497504
1.43235140879682
1.417980841853627
1.385779999555681
1.336804852865415
1.229517975795874
1.127059328949956
1.065792342951051
1.020548538755188
0.9733760784178369
0.9252249806814815
0.8770175348651257
0.8297174420792108
0.7666648198487909
0.667284779908954
0.5617826611158182
0.5148023572055077
0.482453074241921
0.4687166914841753
0.4710338463490246
0.4923755755132564
0.5341401153846698
0.9953481397393008
1.116872272995603
1.315829626854351
1.567262901353434
1.861055850153853
2.185792110844296
2.523513687336626
2.854615822305184
3.161715878615644
3.430104519780177
3.647343346454479
3.803715764777567
3.893477354953743
3.916104055871381
3.876726896512698
3.785294300290909
3.654571106170462
3.497572420237563
3.325202218710776
3.144849775025256
2.960415471591572
2.77363382426177
2.585965693888632
2.400096650332259
2.220322519570432
2.051713468024463
1.898544449086133
1.762716933839803
1.642844310569612
1.534396733800958
1.430748526208775
1.324514259979844
1.208534377031111
1.076202670731473
0.9215379179856615
0.7410736453597375
0.5425506902712139
0.3662643805802046
0.3130212220374753
0.5433628264067812
1.2140594616558
1.469117142421643
1.394548984501336
1.406909623094819
1.387037930423904
1.352389110276533
1.301786043137886
1.222084047896852
1.142405545839075
1.080902193565997
1.027807638197452
0.9754707857756163
0.9233259127493288
0.8707833271175147
0.8173900400256031
0.7561001227234018
0.6791477632337791
0.6018800018629533
0.5540540670673271
0.5212988063207868
0.5063536280810343
0.5075384206891923
0.5270985320413193
0.5641883229970868
0.7242811325545324
0.8445139589546182
1.054707977641954
1.330291259880143
1.652082307519104
2.004575012402141
2.370719971696055
2.731373097585543
3.067751700230853
3.363495491588025
3.605601003235742
3.784925715608521
3.896678588704397
3.940733035923793
3.921429291263107
3.8467332894444
3.726902417797174
3.572951446527783
3.395235148093758
3.202452298626041
3.001305334373188
2.796815411845994
2.592978345766404
2.393301310042387
2.200914411333816
2.018265207650594
1.846617505932003
1.685605292938956
1.533050107535356
1.385187351015156
1.23731708791531
1.084702877961894
0.9234608190586212
0.7514200561394992
0.5696938327220092
0.3867885550486781
0.2270891800411682
0.1416710653734787
0.2117055407649528
0.5353193327265552
1.213615523650762
1.465493431697701
1.387381974529367
1.396013596206117
1.373637744286432
1.339128738232757
1.290525537629551
1.2245727347963
1.155648986812693
1.093311471702138
1.035068375749132
0.9780848552447848
0.9216321985834079
0.8648468321235082
0.8071294467509558
0.7459574970123597
0.6796955132808956
0.6167128066998362
0.5717489975833652
0.5407583944129299
0.5258068659765719
0.525969769872538
0.5425293642194452
0.5738252691624941
0.5501672945697648
0.6660449526775329
0.875413310881847
1.15919803412056
1.496248705921372
1.866674318652068
2.251210811977999
2.630368387696574
2.985262653204386
3.299255805631291
3.559255477652767
3.756373926731255
3.886105121587583
3.9481483808382
3.945917899793344
3.885799490814395
3.776266723566718
3.626965516880957
3.447847456099221
3.248420549197906
3.037186202828147
2.821293669664791
2.60636616097239
2.396410970220563
2.193766582991708
1.999108293270206
1.811553521622976
1.628885732103164
1.447910053989756
1.264984559585459
1.076795002110744
0.8814044300172446
0.6795710567914128
0.4764269496477782
0.2838256914309796
0.123478012113886
0.02952942123008079
0.04693573708889093
0.2232892445348249
0.6021655977103549
1.235918468413625
1.467351288331455
1.392487738940621
1.397428094801966
1.373404799193499
1.338344660015457
1.290233062750736
1.229680471753912
1.164768912520342
1.101459524807747
1.040105062587423
0.9799138599411988
0.9203264302729914
0.860575594524728
0.8001962646998562
0.7385624764482672
0.6764014245977166
0.6191878483133223
0.5753514612844877
0.5450227139071255
0.5299072727342311
0.5292568636072466
0.5428668952683245
0.567980954774292
0.4451182727239265
0.5575147062635586
0.7636484205287946
1.048497405477081
1.391968505468826
1.772245037108394
2.167776323829855
2.557998271559231
2.923950473819685
3.249233495242909
3.520975302051029
3.730415564690772
3.872991472172866
3.948018465599118
3.958132447836381
3.908649752153151
3.806942933516682
3.661853040925235
3.483100890589375
3.280648585330075
3.063999511318211
2.841484967880528
2.619633135109567
2.402730029588011
2.192657058995669
1.989030944356671
1.789603664617759
1.590843536623489
1.38864299009379
1.179178399774475
0.960034039775537
0.7317253365393628
0.4996711564341278
0.2764523541090332
0.08379162807769672
-0.04698804924045574
-0.07797533264553945
0.02728045017460565
0.292097863442641
0.7179130350644513
1.289761333295241
1.480849760221309
1.411756192437297
1.412113232651024
1.387128833439248
1.350656048281285
1.300960235780625
1.240170307102169
1.174323177715592
1.108450390090803
1.04410248749299
0.9811838216934731
0.9190110433371241
0.8566204307564156
0.7934006309223659
0.729362381089716
0.6662470979015322
0.6089232504832067
0.5638359275673944
0.5330698566160077
0.5181957190767431
0.5182508180566798
0.5309494179483303
0.5510414403619175
0.3936604480662207
0.5039118199960487
0.7078475848416199
0.9921126111760215
1.337659903088169
1.722220146088402
2.123039125696472
2.518709868538552
2.890110493473327
3.221045162202816
3.498856588172389
3.714857059739986
3.864380942374259
3.946457700143361
3.963269048620587
3.919575429228412
3.822211815488024
3.679641846339174
3.501483375252975
3.297907339530637
3.078868475543388
2.853227494316517
2.62791967364408
2.407358834561673
2.193214915167022
1.984596304911564
1.778566341220643
1.570881835201929
1.356881836357706
1.13256021566432
0.8959707018426223
0.6491443470205709
0.4005256282049287
0.1674537866390826
-0.02251552255710698
-0.1332106247923968
-0.1257051244989879
0.0320152975107266
0.3536326129637904
0.8212430431104856
1.363638964797825
1.509857178436638
1.441197988243856
1.439028577627459
1.413533910473669
1.374809816880566
1.321288688322009
1.255941405204081
1.185270791449802
1.114985708446344
1.047266033946253
0.9819146699554399
0.9176465333599007
0.8528160226405831
0.7862080381180476
0.717717017239825
0.6496456051391609
0.5876523257970381
0.5387553777944539
0.5064463475088741
0.492536585429445
0.4958125007023917
0.5119362621786049
0.5316553482839727
)
;

boundaryField
{
    inletLower
    {
        type            zeroGradient;
    }
    inletUpper
    {
        type            zeroGradient;
    }
    outletLower
    {
        type            fixedValue;
        value           uniform 0;
    }
    outletUpper
    {
        type            fixedValue;
        value           uniform 0;
    }
    sideWalls
    {
        type            zeroGradient;
    }
    topBottomWalls
    {
        type            zeroGradient;
    }
    frontAndBack
    {
        type            symmetry;
    }
}


// ************************************************************************* //
