/*--------------------------------*- C++ -*----------------------------------*\
| =========                 |                                                 |
| \\      /  F ield         | OpenFOAM: The Open Source CFD Toolbox           |
|  \\    /   O peration     | Version:  2506                                  |
|   \\  /    A nd           | Website:  www.openfoam.com                      |
|    \\/     M anipulation  |                                                 |
\*---------------------------------------------------------------------------*/
FoamFile
{
    version     2.0;
    format      ascii;
    arch        "LSB;label=32;scalar=64";
    class       volScalarField;
    location    "5000";
    object      p;
}
// * * * * * * * * * * * * * * * * * * * * * * * * * * * * * * * * * * * * * //

dimensions      [0 2 -2 0 0 0 0];

internalField   nonuniform List<scalar> 
4096
(
-0.1418810072393729
-0.08882506929067979
0.03077751353050777
0.2485985234830198
0.5992165625566455
1.106783713564555
1.770886766566592
2.550285940881692
3.335839985229378
3.53810295075748
3.444894868721434
3.443493475518336
3.411046527642842
3.361722793127752
3.293408489725965
3.209943979289488
3.119678670334288
3.029963882112056
2.943619401788983
2.86040949147605
2.778677012581129
2.696251433533576
2.611430790000847
2.523847152181473
2.436042254606578
2.354931970789868
2.288461353689675
2.240300933337183
2.208410581779323
2.205804088249341
2.118695908653568
2.306116516433977
2.98184221167089
3.532562374497051
3.87210171988541
3.981787516195158
3.884764964537103
3.629157293622817
3.272705441613637
2.86955255089174
2.462150583929404
2.078924910115524
1.735896282353722
1.439892024753998
1.191707931359776
0.9885336648955182
0.8255820823643114
0.697119104918376
0.5971170779554578
0.5196910259656693
0.459405840161144
0.4114941557759029
0.3720011030166381
0.3378639206840592
0.3069318342541382
0.2779287306574229
0.2503572526307022
0.2243421212629993
0.2004193080032484
0.17929868535957
0.1616515933662699
0.1479792782965967
0.138585812577554
0.1336258939537027
0.06350827487674027
0.1105781859316135
0.2125280435539526
0.3938864443182472
0.6861887631036054
1.118496479878949
1.703024946036643
2.42393618347845
3.244305919650072
3.501856724736767
3.407625767061164
3.409278511329556
3.377384063304583
3.330893537944665
3.267437009558265
3.189777665569625
3.105662755194962
3.02156827815293
2.939489276535585
2.859302875517908
2.780107473386537
2.700600271343689
2.619851824350375
2.53766449586362
2.455844901944745
2.380489898809681
2.318935725499035
2.273772168120012
2.242663287380223
2.243427347096701
2.156296878975271
2.39912253837155
3.112304702212148
3.61217630849222
3.881389155542433
3.926470653437411
3.783383643331438
3.505648786169006
3.148886603734716
2.760178496101736
2.374047458872799
2.01293269621919
1.689555145269037
1.409560642176228
1.173768568792344
0.9798760988693584
0.8236852696229403
0.6999767377435576
0.6031392087289403
0.5276281831900438
0.4682972467365297
0.4206269809625256
0.3808684615273586
0.3461154892789287
0.3143181578584939
0.2842476365439502
0.2554172030480979
0.2279588131314673
0.2024522878018465
0.179712640492436
0.1605642373272305
0.1456588020020161
0.1353980565813342
0.1299696432847765
0.4372476290932152
0.4774390914408216
0.5552428241286063
0.6793297965225882
0.8735654567773257
1.177524295746595
1.635228397567632
2.285434947751564
3.177664324936035
3.484405252850872
3.383155774915175
3.390632706479651
3.359894557495935
3.315162902612125
3.253688841711838
3.176293389191153
3.093346960165708
3.012518317876687
2.934245815041265
2.857506514790239
2.781558703088995
2.705367574359525
2.62820280033299
2.549084330812355
2.468425483662886
2.39352210422261
2.334179033014788
2.291008743993181
2.261216709678005
2.267867967560336
2.173260938016943
2.468363051891428
3.261618978752873
3.702595263303447
3.861257072923838
3.798700216415991
3.581860418555973
3.273916916163372
2.923790193053035
2.564580772544756
2.217373569383943
1.895368675100981
1.606492569263264
1.354763160827537
1.141095162555248
0.9639689619022686
0.8201006958863813
0.7051007251766001
0.614065010719741
0.5420561311721217
0.4844583875785874
0.4372140154564556
0.3969593498560812
0.3610832852229023
0.327729716266532
0.2957633933883035
0.2647142811253167
0.2347060858817819
0.2063587054919489
0.1806395578780509
0.1586452538515494
0.1413424265330416
0.1293696652139575
0.1230193508689965
0.9472571512218988
0.9880463033841766
1.049565665431857
1.117016661701823
1.200467682165464
1.348747523465206
1.64968023587551
2.212431270748867
3.150799291533811
3.481514196021525
3.376856098805489
3.388859727091443
3.360172534637336
3.316074715875646
3.253913168081783
3.169552626865753
3.081446078532208
3.00187787362834
2.927599480334136
2.854970964632859
2.783058307688026
2.710748877807471
2.637170561153979
2.558939408422786
2.473144414147336
2.391700130472686
2.332108750650196
2.289960311037317
2.262419254390956
2.273858653375204
2.174973728420338
2.497778941626983
3.349385232241766
3.71911989038141
3.744380744492129
3.558004292545585
3.268830730245402
2.944974667101531
2.619609200156763
2.306496504377987
2.012001884681375
1.740578172765477
1.496007072373779
1.280995650531051
1.096605176840162
0.9420655905334003
0.8150127340203396
0.7119745696583537
0.628913283818767
0.5616960242086736
0.5064418036447222
0.459742538948853
0.418779643662772
0.3813637414404257
0.345924017842254
0.3114718974230355
0.277562477479369
0.244271621492199
0.2121871734142104
0.1823753480559213
0.156248136196066
0.135274604994183
0.120595682400027
0.112785394789378
1.559963284771436
1.611623766135612
1.671076438618543
1.703431128394919
1.701635535881784
1.702334649652515
1.817780604920136
2.238297056928445
3.153003655744262
3.48531488701535
3.386135327292231
3.402671443386459
3.377154349703641
3.332801159968273
3.268032638329644
3.166032645575292
3.064164719033803
2.985748612776218
2.918119091664832
2.851464781716605
2.785108767923749
2.718384034038075
2.650682770684382
2.572807563087499
2.473176393253418
2.374734235339151
2.313194285630652
2.271311037094322
2.247132653205128
2.263332358563705
2.168966377509407
2.49716147695742
3.338073104625296
3.585938003965273
3.457531701876795
3.167515791179114
2.846950207500562
2.545339221637573
2.270173210711631
2.017124479413285
1.782633653295234
1.566370505202475
1.370078622960614
1.195809180098766
1.044659157613721
0.9162730316044623
0.8089428218554594
0.7200127989348994
0.6463489614303478
0.5847401235323479
0.5321838744002254
0.4860597455736529
0.4442120462772064
0.4049688229158839
0.3671209760474118
0.3298831650014937
0.292859672468169
0.2560431761476349
0.2198709160196334
0.1853278567968445
0.1540093678423512
0.1279811848324416
0.1092991663130889
0.09929342773760601
2.259659212197041
2.316360373410529
2.370591755729369
2.396372661346963
2.372853894857737
2.287112433212701
2.206258721790044
2.37008087742859
3.147030754453963
3.49059344004186
3.411567455991548
3.434881750551839
3.416366472965534
3.375017597802082
3.312232708385882
3.174830570917869
3.043788685378941
2.96574490087229
2.908168931765677
2.848100160856873
2.786943582878466
2.726212101997413
2.667292993948499
2.588319227888972
2.458915080917806
2.326039846850682
2.267519372306958
2.22934104193523
2.21232004510297
2.235286153500264
2.160062120673774
2.500731823071875
3.214288041508675
3.231857857918206
2.951470401349212
2.631012858736087
2.353665082634208
2.120722689849235
1.916438968288589
1.729268396715705
1.554314212448404
1.391302351126707
1.24202397721272
1.108311722539968
0.990984882152661
0.8896357557256617
0.8028684437306228
0.7286757464225062
0.6647919439972831
0.6089627352149953
0.5591239493792661
0.5135013823434664
0.4706509742129612
0.4294587093370609
0.3891164679066574
0.3490863112704888
0.3090654313893765
0.2689739497811001
0.2290104966436716
0.1898320492714843
0.1528529267684031
0.1204953972482871
0.09605062567174885
0.08266052666159304
3.073738361543316
3.066752277424169
3.071154899503128
3.109980827691835
3.134308088798483
3.07381513407933
2.882996568228
2.679934575660883
3.064980911180462
3.479434601565061
3.45143140426425
3.483833415734756
3.473364430679992
3.43191983802584
3.360454018040483
3.097409786283971
2.940517616068768
2.90137998999444
2.882500525677325
2.840716970145309
2.79363340791771
2.750730928068139
2.728896457710515
2.686076233493838
2.529013751162325
2.272725938944911
2.206702337344972
2.169083561368339
2.159882477989686
2.191172367181299
2.165155442063913
2.571578424747721
2.899205293500334
2.587894233287571
2.260605383911876
2.033830128779319
1.868388397548381
1.728562723352063
1.598464381868962
1.472345106851584
1.349842906555582
1.233449480782496
1.125952372373203
1.028924789288987
0.9425550550192087
0.8660756113276179
0.7982146504552179
0.7375092204512603
0.6824970817405174
0.6318294567666753
0.5843316897021977
0.5390277611821315
0.4951406204961741
0.4520783521611774
0.4094137990353314
0.3668617543922224
0.3242530182980939
0.2815040703222449
0.2386068242701076
0.1957407846532568
0.1536812994888612
0.1145292071645481
0.08237043399078224
0.06329216027963701
4.089111380007493
3.799856339167786
3.690698188226933
3.750465651586872
3.826124200986294
3.860456326391141
3.787161869416635
3.412677467636148
3.070537827478332
3.480987115017961
3.525576336881874
3.565918083526685
3.576824147663382
3.57765869493326
3.60887316590047
3.399931681220011
2.798708827531618
2.798714810117938
2.877615435083853
2.851323121683849
2.785015342962555
2.755495266409439
2.825934399928155
2.816914875939885
2.221774887403845
2.02221285060938
2.059011320377199
2.063480450673543
2.074758404638136
2.112079761072112
2.155531724037583
2.549288976774108
2.154414878554898
1.725311224495175
1.59415184778957
1.543267577862871
1.487634630937156
1.422132641964443
1.349676639457484
1.271152937884965
1.18995009848824
1.110840713731304
1.036985004050768
0.9693045241332192
0.9073508204037827
0.8501606390884007
0.7967150066161387
0.7461116401177266
0.6976047787378538
0.6505998839504865
0.6046348341162798
0.5593573409144448
0.5145032562534477
0.4698785133041103
0.4253460602969792
0.380818565179893
0.3362540852225767
0.2916370637007673
0.2469103799920842
0.2018920135697975
0.1565086482105573
0.1119135658781377
0.07189390837146503
0.04263955691154984
5.373079522580392
4.447363446355942
4.219087108323239
4.245394905676038
4.263557765445131
4.281399110867667
4.375593994812684
4.385280263827535
3.826482030241657
3.644759751690551
3.678823921132445
3.685946351176662
3.699531298723809
3.739164717340058
3.790708475382273
4.204734940682894
3.784756509594679
3.294235433285534
3.072652848250458
2.902126396112036
2.721072968793242
2.547395314597816
2.318598652990487
1.82330508656462
1.421333983225608
1.846388120596441
1.900150139054403
1.941817445007713
1.954712520667137
1.957892209835308
1.989549881667404
1.792171726864972
1.212889825236775
1.221969789713623
1.317141820757833
1.323312163825721
1.288242030595404
1.24471992208082
1.19827214546778
1.147792011404622
1.095224919689029
1.042871968511049
0.9917776892481558
0.9422082650375141
0.8939968943769793
0.8467817238508242
0.8002248601005437
0.7540798475381663
0.7081814682608828
0.66242265108815
0.6167370377042828
0.571085673671837
0.5254465256083367
0.4798069642651608
0.4341593237168442
0.3885005046778778
0.3428379697649092
0.2971959698398258
0.2515778367231525
0.2057956792860547
0.1593569406582665
0.1124658011395378
0.07024711309817999
0.02665526020833874
4.855879480861093
4.567441915742058
4.470079750686717
4.410247253367582
4.359662048981888
4.316845280560093
4.297513081117926
4.260336397947389
4.118812012423881
3.880190916899163
3.82049896436259
3.789164789700378
3.785023954977925
3.818961995484538
3.805223297514064
4.205600118806603
4.453684036647524
4.01535685393554
3.498138452345417
3.02316479894264
2.565980959255127
2.09437913241637
1.584484838345519
1.159966326506546
1.431418735135225
1.840339641934882
1.825627711201864
1.85984057548626
1.853700321091161
1.817864230613077
1.753478754581896
1.50753881428253
1.366893913634006
1.336069997825932
1.325401017538987
1.293338455166007
1.254585901771662
1.212992497740598
1.169646977609314
1.123979843934206
1.077829435271268
1.031786706440852
0.9857331364012585
0.9397164994275702
0.8937925461007998
0.8479417582048147
0.8021337573393693
0.7563407649198672
0.7105460074514465
0.6647408444976054
0.6189224161930291
0.5730915487919198
0.5272510927922757
0.481404580636034
0.4355552664314007
0.3897056945618361
0.3438581040981438
0.2980151034305443
0.2521778074946949
0.2063217579887999
0.1603931497407572
0.1142352767298301
0.06905865247840504
0.02316023495038525
4.541672727317928
4.448100190176929
4.396631430560193
4.349608604167964
4.308188268754544
4.266559421472068
4.2249812838819
4.161873152210174
4.048248882540512
3.928698786231753
3.879209533791763
3.849002351908055
3.838643158587732
3.863387408928192
3.804640642323898
4.107200079691431
4.668745940256165
4.46934803750444
3.8776336732819
3.154271502481765
2.407519480035965
1.69222650094763
1.119496700413842
0.9490278358948989
1.539893042712793
1.848498695621112
1.786532449782811
1.810438408225152
1.797268581660666
1.762526948641804
1.707799233202982
1.582668836534422
1.464135260964817
1.397627528910998
1.356380864364667
1.315340962457146
1.273740270527875
1.230024073340306
1.184288688364461
1.134937385198614
1.08553830699212
1.037074438310587
0.9891094017050461
0.9416164022888321
0.8946272773642208
0.8480414134061071
0.801751145732538
0.7556592434962686
0.709696842757343
0.6638169433593742
0.6179883767322663
0.5721907639086468
0.5264110223492829
0.4806408835844328
0.4348752440175063
0.389111176064346
0.3433473806108008
0.2975827625219629
0.2518138934068442
0.2060259257319754
0.1602290045926069
0.1144081446035269
0.06910968454983379
0.02365710130938789
4.467507963021832
4.42772466313925
4.395773481044364
4.351989868702646
4.307629605028175
4.26023760077215
4.210260651717241
4.148538411240189
4.06190551553143
3.97444068187853
3.924162040366425
3.892291299840619
3.876836206090947
3.895029013165801
3.822329632591432
4.09742603359162
4.721736226533998
4.649918961258972
4.080382982756682
3.243142373679931
2.325249351237796
1.489281743251105
0.9327086235365994
0.8932658317443375
1.55680439199295
1.838030030885738
1.760288549900048
1.77693785040048
1.757898237198374
1.721262703619629
1.665836882893928
1.575656937201583
1.483009143839702
1.413777076398502
1.364511025763367
1.319055933710337
1.27609756264619
1.232062342861547
1.186238524551604
1.134195382002744
1.083495611788207
1.035401542817901
0.9879578419145475
0.9408382509107064
0.8941760993906254
0.8478519560252755
0.8017506759867181
0.7557772378235521
0.7098786442093147
0.6640253899488466
0.6182003515844676
0.5723929119764947
0.5265963330633705
0.4808063172748855
0.4350201408862202
0.3892361323215166
0.3434534186395072
0.2976712107226655
0.2518885437177034
0.2060986792975851
0.1603160295288411
0.114524522706151
0.06899432509581978
0.02350920719870149
4.465221929997853
4.425535384485618
4.393133943337149
4.348384275917916
4.302264450344014
4.252192792447973
4.199364606438261
4.139724234496544
4.064209437418591
3.990353472673783
3.944283241905107
3.914713041305014
3.898558405079664
3.913480739517598
3.840348261050996
4.107375425601126
4.70282588550565
4.658817800402256
4.128160381139153
3.291026964695269
2.342635565278457
1.48544862646873
0.9339533416295188
0.897478776929018
1.536814131827483
1.823372530649578
1.743589180765453
1.756103470576763
1.735641056658195
1.701235823666096
1.650745465286636
1.580043228388457
1.496691385537647
1.42114750664415
1.369994836740747
1.323703384541918
1.281910887993693
1.238789846022219
1.193271641064201
1.13470099644896
1.080581021832076
1.032963366656872
0.9862304987902699
0.9394692886526067
0.8931796036706442
0.8471914097211966
0.8013421129322823
0.7555282841528832
0.7097220032633462
0.6639201103486809
0.6181234281863801
0.572331777909321
0.5265442598342752
0.4807598203027306
0.4349775062983181
0.38919658472782
0.3434166764099892
0.2976372908800967
0.2518577354859795
0.2060715529860378
0.1602936463782257
0.114507818597825
0.06898591837581884
0.02350280318738812
4.538733174019703
4.445469495511949
4.392768598189953
4.342064194212257
4.293483697670759
4.24067746811531
4.186919483422072
4.130652213588763
4.056332334591854
3.984497674703311
3.945193611655056
3.920158465451524
3.906121114701333
3.919261182464067
3.853009774070144
4.094497707951989
4.616253084215791
4.56630050054798
4.08584500708746
3.3238237678525
2.448445928557164
1.640557737208376
1.085109229972166
0.9733937152523899
1.511740250262956
1.824434513773511
1.758770414461202
1.768642717616616
1.746595778662043
1.710046708192464
1.658137346052975
1.593442558661929
1.50193459575157
1.41070089401325
1.365322105945166
1.323603814064027
1.288130428162672
1.250679130657886
1.210744701576443
1.141129553083484
1.081991335461225
1.035832639026301
0.9890565505777137
0.9410119025965503
0.8939800243837134
0.8477121664149343
0.8017723574613013
0.7559019290828952
0.7100380329019951
0.6641819688376648
0.6183404914625198
0.5725145237090535
0.5267017979358906
0.4808993534881976
0.4351045065146166
0.3893152090247348
0.3435302687180151
0.297748394540741
0.2519659320907787
0.2061676956117
0.160363656746404
0.1145360373690036
0.06923264956319319
0.02371693235612231
4.834931265183895
4.547149329423052
4.448616594597649
4.386398927708728
4.330931570958255
4.277147386715726
4.234977184185174
4.193986579543851
4.090344031445625
3.974758116672539
3.93522403693741
3.913761272499013
3.902662757687671
3.914284496782989
3.859798708699573
4.056659977961159
4.473087963645438
4.415380117278389
4.003428110851233
3.360373644174752
2.619634498234172
1.919815627132194
1.39680368504254
1.196505037744522
1.525732646129847
1.742780848814869
1.679483461765891
1.679628158797649
1.665574914668241
1.649092983429606
1.63460915121422
1.625026203686255
1.534711544143052
1.389889424750091
1.35509840907971
1.320055464312055
1.292940525544542
1.26154088761055
1.221925922234113
1.092869348740098
1.019220558400243
0.9957516231069922
0.9664505292591244
0.9268002154916175
0.8850730376976784
0.8421400283934719
0.7981474076469618
0.7534075549000537
0.7082380690113625
0.6628316008499975
0.6172866783963331
0.571655507676645
0.5259693596127939
0.4802481629874947
0.4345045363408868
0.388746321578228
0.342978967783427
0.2972074949387302
0.2514354799434355
0.2056417507350556
0.159778358945637
0.1136964698094009
0.06862684861082684
0.02281419422667424
5.396260948126726
4.466916027092769
4.23500681325498
4.254416892049377
4.245528526194754
4.180768383412958
4.124349502672317
4.077771887015763
3.967800733089435
3.887605322353071
3.88749013716946
3.888094431797566
3.887305482919532
3.900257242047308
3.861058898733336
4.004568963745758
4.301320118613225
4.241461850494873
3.911778397329503
3.407053806388882
2.829250390102518
2.282306282663174
1.864872654118629
1.676574712484256
1.893710626793329
2.045235207470308
2.016313883800312
1.988713677462828
1.953521172274828
1.887153417048713
1.808981648493428
1.728853654869738
1.429707996561959
1.266426657729985
1.306963545719412
1.30591325866054
1.305298624398751
1.30757137251972
1.323091475800593
1.227956262099659
1.088858887999577
1.062847156174909
1.018341911034335
0.9536536959244504
0.8986244561617305
0.8512204564828825
0.8052179747882577
0.7587853349064002
0.7121807632778834
0.6657310500762261
0.6194937561255984
0.5734162818171469
0.5274433197608389
0.4815380457948202
0.4356763856321179
0.3898430810923971
0.3440361956351255
0.2982726526269266
0.2525500740090838
0.2066769853611496
0.1601616681050545
0.1132126609436475
0.07095963126101068
0.02714268159739679
4.322658214571956
4.028167003194778
3.912665946525657
3.951738411037649
3.962958443957924
3.86278850888049
3.643972484138889
3.364182164839637
3.508417966906607
3.811602464748492
3.827393934747663
3.856060322130962
3.867795128883571
3.882911529093788
3.859108437261217
3.951271563816752
4.134383866523891
4.076820647726373
3.83161170229154
3.465184477631483
3.053208822694921
2.677273468972736
2.42448126679189
2.384255038261398
2.58927459078141
2.75402276799437
2.819121068261979
2.799867744949157
2.681231092076863
2.408165910339657
1.921868560863695
1.236764193478833
0.9828751519574966
1.227404429981587
1.267494583269531
1.29498155487613
1.317862257283256
1.353166664169054
1.371845151853119
1.713873734083669
1.818704526796598
1.468449691498182
1.212316878819474
1.05778646303776
0.9609203243677547
0.8917600108578809
0.8338824016512905
0.7803463725763631
0.7290007907660839
0.6792347222049987
0.6306989032575769
0.5830696036848038
0.5360744311433123
0.4895113012223423
0.4432400846456698
0.3971704237673825
0.3512537878518068
0.3054633640312108
0.259726710977379
0.2138439968448495
0.1677209120167356
0.1224745313958467
0.08181728448857561
0.05189920505773966
3.65384343263863
3.646714133458625
3.649831596150285
3.67874016268575
3.67757168378624
3.593133171902797
3.440246013076622
3.354491012983861
3.590255227145371
3.815780074662155
3.817870485084182
3.845750731458008
3.857555113444977
3.869939360919701
3.85739096523053
3.907603589854841
3.998995409215873
3.945837944277803
3.776543770380179
3.534166591339852
3.2727656027814
3.053067574659322
2.93427468359313
2.950696363586331
3.068522671158409
3.186279409732693
3.2321912399772
3.152934135687643
2.905723053193578
2.449728599995009
1.796463514098054
1.146113825892629
1.047665374924523
1.23362441363135
1.260714718684499
1.29102093257437
1.315679626187914
1.35212865897134
1.354205564862012
1.611708042656119
1.864854158309661
1.676900031361082
1.407344617789315
1.196187736905278
1.052200892455341
0.9522359307864227
0.8761696104447292
0.8122242569131018
0.7546584815415172
0.7008782190384238
0.6496202720524231
0.6001360262224448
0.5519090962067155
0.5045687015416266
0.457854758771828
0.4115949630457292
0.365684286352688
0.3200631890591635
0.274717020400855
0.2297969281464794
0.1860346186037608
0.1454815102282806
0.1122063325491143
0.09240848635115002
3.283464756598732
3.345265636768854
3.410201732699186
3.456541875126004
3.474477854505292
3.464383666431222
3.467777146496905
3.564297462364899
3.759303135470959
3.838111758261374
3.828551912896773
3.845320642675725
3.852970806713086
3.861172368424768
3.855915342080042
3.877412851737632
3.906917607427997
3.859581615442101
3.750964247903419
3.607437991642474
3.463582460361457
3.35564313736863
3.309624224773361
3.325336505396266
3.371035918337474
3.403926796248347
3.365234674721844
3.194426755158273
2.851574638531232
2.34035125026696
1.75024633526629
1.290211328780953
1.201824317993893
1.257765592639007
1.272182796078055
1.291657619107411
1.308786228953825
1.332875513620329
1.324514908410322
1.426677015943818
1.632549521066274
1.630736913790822
1.483147258972048
1.302168799474332
1.145522704566381
1.023951303755354
0.9299478912906022
0.8537851791270484
0.7884165025608831
0.7296385721132723
0.6750987818050207
0.6234403349641973
0.5738146780155015
0.5256537533070238
0.4785709369697248
0.4323153256751517
0.3867517389607721
0.3418723024504348
0.2978775899720998
0.2553812339679231
0.2157344830429212
0.1813090611230986
0.155397459559105
0.1412068220120102
3.086491973302183
3.147721877466881
3.229145728234569
3.303987346950116
3.371267640119085
3.448908693650482
3.562924645318967
3.715354243292381
3.833312240170776
3.845683521833827
3.837565727182757
3.846347930401295
3.850806999534081
3.855629509604543
3.854577773472281
3.859696105881106
3.855211551613779
3.814532754813588
3.748198944284626
3.671603338425101
3.602601340610148
3.555572203265249
3.533773110706715
3.525110789519285
3.506649733953944
3.450511291664837
3.317582550460762
3.069114816222281
2.691259332699081
2.220131299082571
1.752175252712334
1.41348751010717
1.28151340638918
1.268525073400238
1.281574117300862
1.291682179963001
1.302268799483075
1.315842577181037
1.310116294949933
1.33153777858204
1.434333023034228
1.491956527480365
1.450648579950589
1.340936682891692
1.210893546626571
1.089840268515524
0.9870265115220046
0.9012260983032896
0.8281856596443239
0.7639580667675945
0.705723491197487
0.6516420908648246
0.6005275178551506
0.5516003006877866
0.5043475301022792
0.458457029190017
0.4138037970496211
0.3704894456667607
0.3289449671521292
0.2900802859764281
0.2553914194974223
0.226860211048761
0.2064971644981289
0.1956150651160897
2.995910526813115
3.047262234674344
3.130327122764584
3.230145905170128
3.344945415889009
3.481611957359403
3.63702545584764
3.778490209955844
3.847492819214297
3.847391320713185
3.842558966050672
3.84712830189816
3.849778598262298
3.852419285320184
3.853445943365374
3.85117186053578
3.832023032102616
3.796378242159039
3.753226105733066
3.711303112679972
3.676579950724289
3.6491213084341
3.621012646336103
3.577555679102647
3.500832861816524
3.371123453777264
3.167879523619879
2.878202007457253
2.511571777801219
2.109924995884953
1.738866062958885
1.458625552055411
1.30358719806696
1.272838978406589
1.286439817648203
1.290712348171169
1.297026545059859
1.303998384835402
1.30267050156647
1.299926216903593
1.329392570269917
1.372039593735898
1.375408730143624
1.324650323684295
1.23654748532587
1.13503993929626
1.036523013374077
0.9478971722103282
0.8700310640789711
0.8012967113875061
0.7395966794406124
0.6831483595943389
0.6306349391335631
0.5811405982999117
0.5340605269124429
0.4890466597176997
0.4460007962356877
0.4051119863305813
0.3669190306818983
0.3323470665614215
0.3026360218656057
0.2790968280504703
0.2627487208091588
0.2540828989418214
2.983016879930468
3.028838678006987
3.111745074118058
3.22556135062419
3.365013167919099
3.522132422320465
3.677205575748313
3.796486957311877
3.846615256465496
3.847611364785176
3.844572888546477
3.847319287701573
3.849140903201222
3.850571893737086
3.852472259812798
3.847578712613728
3.822004385467907
3.785931093719494
3.748338268711971
3.71422329287178
3.682792486962484
3.647186356315757
3.595713938424249
3.514421921334637
3.389657933712931
3.21000499914993
2.969556232642828
2.672790145683091
2.339004825183202
2.001106718410207
1.695866099560332
1.453882136327858
1.304550927850937
1.274665240861892
1.287651880510796
1.288915462041068
1.292738867294187
1.296118770493574
1.297423515153749
1.290016508746581
1.284186859459956
1.298142947005219
1.305409780703002
1.284192338822661
1.230769432553304
1.155152724309136
1.070584224877532
0.9868592973702557
0.9089238872690764
0.8381846686950346
0.7742331473840691
0.7160389349609644
0.6625473127463236
0.6129011447225119
0.5664937690528742
0.5229737627175621
0.4822526321638917
0.4445223501128358
0.4102596082223176
0.3801754983663393
0.3550782715695511
0.3356703309388677
0.3223823269817769
0.3153709963683405
3.03453141374438
3.077591149147575
3.158202875833061
3.272399226222745
3.411544992824255
3.560512310382869
3.697448654799376
3.798234238425583
3.843325835757313
3.848327408821041
3.8460230660956
3.847918870971213
3.849407687687786
3.850655096163345
3.853231032416434
3.842984836879444
3.808667116241137
3.764197061640353
3.718293490010664
3.673406885516898
3.62572868170118
3.56653320860769
3.484485015830436
3.368298359132539
3.209155985436492
3.003039431980183
2.753155326165593
2.471237640380206
2.176310697932258
1.890545044925855
1.6348460195564
1.429455885954324
1.300672250919329
1.275502349542775
1.286805864967168
1.286658273416096
1.289005525768328
1.290487358712571
1.292809099206173
1.284929157724118
1.265977468678639
1.259775075576427
1.256965643333742
1.243260496549546
1.209370944624277
1.155272645229565
1.087404028842752
1.013707093958835
0.9403659852226403
0.8709233515010665
0.8067916849624017
0.7481230037084822
0.6945100218917759
0.6454068594902637
0.6003380445952431
0.5589912409143947
0.521256377408978
0.4872334774967289
0.4572038087448624
0.4315532319715484
0.4106570456678597
0.3947719885099629
0.3839987001059739
0.378336048910661
3.140866799723348
3.180188678707013
3.253384849981909
3.355625811141884
3.476815143988215
3.601641554249778
3.712525434764685
3.793931467770672
3.83307940610319
3.843099342851313
3.844168230397673
3.846777729160972
3.850211954260993
3.852662515716653
3.848863135162458
3.824196254174698
3.775157076923971
3.716068707941859
3.653279944566995
3.587325609964617
3.513831998778577
3.425139455138045
3.312496158147514
3.168408622528268
2.988813291158491
2.774859050394962
2.533755348921679
2.27789842154687
2.022231743164192
1.78136251350376
1.568952384897403
1.400387602367326
1.295891064004239
1.275627383584491
1.28486965951753
1.284146476660214
1.285599704808233
1.286094388912521
1.288610916993984
1.281131484181808
1.258678682720658
1.241721771287664
1.228279208724981
1.211791330892734
1.18491821653602
1.143943795537342
1.090052729637409
1.027629469294638
0.9617604332003074
0.8965542152696223
0.8346043713305279
0.7771881602249786
0.7247148578008624
0.6771371031395442
0.6342342812280739
0.5957780775227113
0.5616148851552418
0.5316900909804427
0.5060271748910874
0.4846750215044917
0.4676489038940113
0.4548992563735987
0.446328727455614
0.441842335312609
3.292596998635683
3.325310715814516
3.385149528221619
3.466544776822015
3.560056483260619
3.653350107966116
3.733794631086113
3.791351114297993
3.821735461658104
3.833786718345806
3.83710710208831
3.838839865685167
3.839470534843925
3.834315786164625
3.81524070550855
3.773599467746877
3.708704529786064
3.632592190442019
3.549354021025662
3.458690875856337
3.357227841605459
3.239822902106427
3.101244691560101
2.937974127409578
2.74978042929766
2.540629352613381
2.318433573767159
2.093529996198484
1.87659179311694
1.677408666695353
1.505549072763963
1.372158419783384
1.290867872651601
1.275144827107858
1.282366181027814
1.281493088497345
1.282398404784727
1.282398674883342
1.284789505617214
1.278112157786985
1.255774362964695
1.233656167658365
1.212514865715878
1.190428750301505
1.1635018711845
1.128215429115708
1.083394789319793
1.030525990373835
0.9727461739229418
0.9135228514444202
0.8557428760227361
0.801373270629107
0.7515212753620931
0.7066622651733159
0.6668805245427437
0.6320562423547483
0.6019853939138113
0.5764407083501959
0.5551893704383776
0.5379881035341401
0.524579002165505
0.5147034944324547
0.5081351134505017
0.5047149135936777
3.480551068481399
3.503896894564101
3.545795595551842
3.601173003459463
3.662666823597663
3.72178786057803
3.770755769585156
3.804512203444663
3.82244369314516
3.827977234660055
3.825154677870984
3.816949675439389
3.803074584519656
3.779365347587854
3.73992710216564
3.68084235845963
3.602792995760259
3.510536452806624
3.407107838418307
3.292845206147375
3.166233698558139
3.025063452354795
2.867623501746854
2.69382682730007
2.506057571340614
2.309403806015796
2.111017304235432
1.918779781365591
1.73997834646505
1.580874710858243
1.447440740132498
1.346451634317184
1.285876623612388
1.274177083541728
1.27957714650999
1.278759875208847
1.279326335077055
1.279093557914802
1.281277259474154
1.275513650220483
1.254379541220008
1.22978353736994
1.203578149980449
1.176164763515752
1.146300532846426
1.111949168332684
1.071635003143683
1.025352380817806
0.97459573392091
0.9217516341546266
0.8693480295953007
0.8195112874995469
0.7737282537267642
0.7328455285277574
0.6971922689333601
0.6667353984392083
0.6412160550860349
0.6202489370397627
0.6033870999625505
0.5901652528990705
0.5801357110287135
0.5729042342883273
0.5681630260088594
0.5657126493569991
3.696456898314866
3.708765091929016
3.730291555706958
3.757506975303104
3.785802217075549
3.810429518848899
3.827582137894518
3.835266240411073
3.833380389739013
3.822579789993529
3.803603980659263
3.776635683181379
3.740589814688579
3.692900685092182
3.63073535131308
3.552676264900398
3.459044839950895
3.351021494200437
3.229906318031257
3.096334528244279
2.950466042175156
2.79267132683101
2.624189561227005
2.447548826301571
2.26672150497699
2.086984004811222
1.914373333495722
1.754790592645713
1.613057354493138
1.492463606119211
1.395232965280319
1.323690124180452
1.281142344780047
1.272848598084831
1.276658606294217
1.275981432835652
1.276332989563907
1.275994364233686
1.278002463184844
1.272979626122752
1.252959792442844
1.226942517908791
1.197310028707164
1.165586574542707
1.132138105549305
1.096359400231251
1.057371517384203
1.014815673698697
0.9692856933574525
0.9222498743343728
0.8756302222618856
0.8313151691339207
0.7908049249547565
0.7550540573339243
0.7244779592065601
0.6990532000843424
0.6784487087354079
0.6621490879200321
0.6495549490746961
0.6400599149139385
0.6331088494440105
0.6282402226686276
0.6251124678913618
0.6235133703448862
3.932871037968905
3.933654403482446
3.934299096309271
3.933302293284048
3.928872790956703
3.919405952770268
3.903848934481733
3.881744371795122
3.852833358086166
3.816545309394205
3.772024841071981
3.718252211817763
3.654156207318136
3.578758694073595
3.491470102233076
3.392212715651282
3.281060251523276
3.157911457571523
3.022786479544823
2.875993335361955
2.718438022886504
2.552080176512764
2.380193135357528
2.207172446319543
2.038000773731761
1.877781398381904
1.731475592261289
1.603445633334151
1.496711235520724
1.412202121880055
1.348635979714844
1.303801643476957
1.276729640993395
1.271256666961214
1.273688320815577
1.273172705453031
1.273383015694389
1.272990859868878
1.274913660398928
1.270277034420347
1.250646610457719
1.223378943698595
1.191158109439395
1.156047796015231
1.119267191136652
1.08120294659699
1.041744893164053
1.000809528614495
0.958770868916038
0.9165911311258373
0.8756443753587027
0.8373815980789502
0.8030128748202817
0.7733142294474367
0.7485793229704945
0.7286793625847736
0.7131783006991749
0.7014599806727432
0.6928416207153179
0.6866628314450133
0.6823478190803761
0.679442017701704
0.6776260078442786
0.6767107716273827
4.182318182579865
4.171976681687694
4.152579640471912
4.124626885464383
4.088790034712576
4.045837837304884
3.9964604772387
3.940975839462018
3.87905674977829
3.809743209947027
3.731813633506183
3.644292621594845
3.546866995524072
3.440020604990466
3.324786053028969
3.202185154710998
3.072661483446914
2.935911362594787
2.791253624101835
2.638254505990674
2.477437914792741
2.310951145962338
2.14288056778673
1.9788488083156
1.824827017233028
1.685899886741705
1.566067387789398
1.468008388682253
1.392905064864002
1.340191497396523
1.306688520449502
1.286241377854055
1.272581930094156
1.269479890729944
1.270694702646483
1.270335181194379
1.270451863065983
1.270022944640905
1.271981595953633
1.267284793019459
1.246971798702636
1.218155698006769
1.183692859464127
1.145847059310801
1.106202535540185
1.065725695770666
1.024979547632127
0.9844226833840993
0.9446594630611159
0.9065295242331213
0.8710202504536916
0.8390760228592324
0.8114065578541675
0.788367129455991
0.7699336085378624
0.7557566348545137
0.7452620934719449
0.7377650336432823
0.7325727939407038
0.7290634726779932
0.7267343984180188
0.7252212416917282
0.7242925026597306
0.7238266464494049
4.436011144245203
4.415542143721884
4.377855098395403
4.325109125257377
4.259860518510856
4.184497884773615
4.100741051666056
4.009325289489482
3.910015333073408
3.80199784740146
3.684510000560398
3.557475765840799
3.421896638037723
3.279806035851055
3.133754701156207
2.986035761224568
2.838005860510866
2.689783616047172
2.540426119975642
2.388565549216187
2.233374154756842
2.075647426824281
1.918663109276157
1.768332398252368
1.632014722219727
1.515840352913251
1.423121520466578
1.35382912859715
1.3059307143154
1.277688929931134
1.267508852023624
1.26928978145918
1.269195217768688
1.267662862350487
1.267662813147594
1.267450810311956
1.267518400501897
1.267066526887932
1.269195081579519
1.263961067374702
1.241761624274131
1.21091929777118
1.174296844373691
1.134090575952519
1.091942593611049
1.049150856522295
1.006869001886348
0.9662100822514482
0.9282341185718422
0.8938628187402735
0.8637837042694149
0.8383856255084519
0.8177385156579178
0.801613472732529
0.7895357227615716
0.7808623060349861
0.7748730172517689
0.7708600441835012
0.7682023455091674
0.7664148049150542
0.7651675624251636
0.7642763805584171
0.7636699132802104
0.7633435196499138
4.682533534203158
4.653448495522911
4.600066345893428
4.52567064490558
4.433992736801819
4.32829809168243
4.210755184866751
4.082269272001666
3.942824048212632
3.79218153098758
3.630660409147181
3.459715857757855
3.28212088905105
3.101681236033995
2.922576795149274
2.748555648016588
2.582224470957766
2.424587742260086
2.274922793620565
2.131101892074843
1.990456435923236
1.851137353661883
1.713671052690534
1.582290222561687
1.465480947977689
1.373463834336087
1.309190652980269
1.26814969316398
1.242904270173406
1.229202357019782
1.229655056311612
1.24814030584726
1.268402270516728
1.266400894698541
1.264613718770069
1.264504120370803
1.264576129993329
1.264138415198957
1.266562945411217
1.260367116119089
1.23519508505123
1.201877277522873
1.163003627926152
1.120479006670567
1.075874143162191
1.030803169963059
0.987074564264642
0.9465255114510768
0.910687922353222
0.8805164539557988
0.8563073422650506
0.837790731278467
0.8243034217679808
0.8149617032243281
0.8088019651194517
0.8048887238565893
0.8023965609033494
0.800668688018584
0.7992510988661655
0.7978998180290352
0.7965596786383884
0.7953166031226824
0.7943307002840332
0.7937623094607644
4.906740107501585
4.871247374015825
4.80595973308522
4.71453986768324
4.60097823347919
4.468543188565336
4.319237106233835
4.153925865459151
3.973022581134391
3.777387129173779
3.569066671054739
3.35162232011975
3.129968097860425
2.90981749283851
2.696942651069443
2.496460504532088
2.312261958597059
2.146565424477759
1.99953548932287
1.869049374150817
1.75094796307795
1.640193312834336
1.532941466068576
1.42891661703696
1.334228709075864
1.268231146445937
1.233092480683544
1.218192594481387
1.211094952543088
1.204059231617088
1.199745088371583
1.216868574690012
1.266140035237501
1.264775619407734
1.261066774436577
1.261289065873779
1.26158012985165
1.26128915686521
1.264107869990469
1.256734581469748
1.228001554403826
1.19187802559921
1.150377057277758
1.105035813733688
1.057511113114501
1.010037136352701
0.9653087066488203
0.9258709703452673
0.8934725311002699
0.8687557134615282
0.8513422559603789
0.8401491383243053
0.8337391289314887
0.8306029285750498
0.8293550174277725
0.8288562942363213
0.8282792754258865
0.8271296698202687
0.8252343390861487
0.8227000712627729
0.8198447267968978
0.8171050881048492
0.8149318987912272
0.8136874843435445
5.089028064128889
5.050460267746637
4.978963568622454
4.877432927701814
4.748758799416781
4.595008254230341
4.417308359425875
4.216444113672807
3.993809149064973
3.75222959340318
3.4963260221204
3.232325554447039
2.967449252929576
2.709121811286919
2.464266098063179
2.238852830907883
2.037700416924143
1.864326590068821
1.720548867550896
1.605664097605193
1.515530555817179
1.442567003347163
1.377844151771067
1.315184479957071
1.254999889764394
1.217511059962656
1.206982268372671
1.208380642474672
1.211269923755515
1.210657802988308
1.204842413404247
1.205620172461252
1.24503514856546
1.257982632963245
1.255709580671735
1.25732836014958
1.258435724164426
1.258612762080687
1.261868814552873
1.253547801113914
1.221657828892409
1.182435962413552
1.137296467486625
1.087722335758901
1.036154083038919
0.9861594491015916
0.9415706903770596
0.9053090911694607
0.8786849998160282
0.861404637864464
0.8520334938953709
0.8485499426105876
0.8487863296759131
0.850736775095195
0.8527588273036359
0.8536831086369456
0.8528457794280105
0.8500657943779877
0.8455838688528468
0.8399696118896925
0.8340005114883196
0.8285225309373432
0.8243092149295049
0.8219380591473803
5.205125152971681
5.168534596358902
5.099365086787911
4.997845597611589
4.863604164091335
4.695791172007784
4.493959762657539
4.259262572477171
3.995320993697404
3.708374326255345
3.406709065626735
3.099643477666159
2.796439222425877
2.505467992404842
2.233823932563542
1.987394312746004
1.771230484167885
1.589909390865996
1.447434733935616
1.346177027865404
1.284685689912199
1.255308120045513
1.244104276795139
1.235472435555375
1.219792444374057
1.210224061325136
1.210177558318775
1.212815247524578
1.215698557663396
1.21873587525613
1.221034991867456
1.224490621923036
1.233211944270361
1.245836824398201
1.24967502699313
1.253254698984985
1.255525654891054
1.256442008851898
1.259994476050383
1.251584473792142
1.218346580298086
1.175529229214534
1.124508695212791
1.067907141914435
1.010622869564342
0.958599677899144
0.9166214540434395
0.8869653544572025
0.8693915499334967
0.8619343413983723
0.8618191799214296
0.8660934604647965
0.8720057795481723
0.8772697139289879
0.8802330916066812
0.8799397614962294
0.8761069142961732
0.8690510795029901
0.8595758008551216
0.8488218291039744
0.8380887165632059
0.8286502603833905
0.8215901765027593
0.8176766406275553
5.226648828682514
5.199416086775573
5.144835067018073
5.057350285736675
4.929972028230285
4.756684812265688
4.535131047342638
4.268236471840115
3.964112958253503
3.634507462991313
3.292565793644064
2.950717492607219
2.619279960329496
2.306047584456565
2.016753995764655
1.756026773856589
1.528410898583169
1.339142768053953
1.194392211984285
1.100491577423291
1.061361529992164
1.073683281178572
1.1216708179794
1.177007666250417
1.208028180501076
1.21211590949699
1.209180785937941
1.212069321719673
1.214804516620388
1.218128574896034
1.221648381957264
1.226684752988309
1.234933001298754
1.242932421423807
1.247213194403753
1.250988966660094
1.253776372958779
1.255363027265523
1.258760096891555
1.251743010833313
1.220647075572639
1.173061852415004
1.111796340260158
1.04382024399269
0.9794527304977689
0.9276654445752806
0.8927835040286509
0.8745011604713688
0.8697113296058395
0.8742967996344826
0.8841619339992366
0.8955864944819553
0.9054595568096654
0.9115042492703741
0.9123738610938117
0.907617004550057
0.8975831072993695
0.8832960145810349
0.8662809986802754
0.8483419277982179
0.8313187374285941
0.8168703384806461
0.8063157194023829
0.8005408968569638
5.122907177886247
5.1150586147527
5.091347109847276
5.035599920565816
4.929521157075367
4.759580582889996
4.522171806673358
4.224739833955244
3.88315315558029
3.517118248714277
3.145544773773188
2.783240510194159
2.439663183941497
2.119711751262603
1.825813517164145
1.560214295383886
1.326607432598642
1.130823611866924
0.9807921117031344
0.8860010338703452
0.855954068841241
0.8956105070441902
0.9953181162713752
1.118327578909625
1.201180885024636
1.212062577549897
1.205770939393268
1.210943597064549
1.214685838202056
1.219055227429567
1.223420654450412
1.228402588151238
1.234711804873456
1.240870972931148
1.245393178254492
1.24946270715495
1.252833156090526
1.255422696221352
1.258240901579194
1.255047875874661
1.231460834506665
1.175692817984223
1.096665243922424
1.012639583344708
0.9423204718241049
0.8961346745097091
0.8748360887269645
0.873215336063675
0.8844533890175896
0.9024728937108036
0.9221470004176778
0.9391737420708244
0.9503661172282251
0.9538360377463277
0.9489036291217303
0.9359289435954653
0.9161647248358433
0.8915743296138907
0.8645615667952575
0.8376427557689672
0.8131418740621064
0.7929762103994772
0.7785528689669815
0.7707538983525145
4.864710213354724
4.888383570313338
4.91444874150275
4.909360182918874
4.838359397056329
4.679283377260533
4.429598907803657
4.105083547955383
3.732855718141143
3.342573646096366
2.958914613268044
2.597296305222681
2.263564506830844
1.956972691881017
1.674687597500827
1.415807507071583
1.183492924620758
0.984911275228747
0.8297461346939016
0.7285955607278214
0.6924470741810869
0.7324754128131363
0.8539031113314778
1.033190658428612
1.185065601149801
1.210940627878536
1.200141483989717
1.208825994685508
1.213940254993794
1.219355736865311
1.224312471408198
1.2293086753973
1.234689458918339
1.239916718874734
1.244406125599848
1.24870437588381
1.252727786327372
1.256807423044601
1.258858342495352
1.264301647963676
1.253841701416266
1.179926308960941
1.0732766082639
0.9728891725372477
0.9035345420632233
0.8713797484096435
0.870294008739384
0.8893152028670104
0.9182636137981678
0.9498855935627336
0.9780295813429848
0.9979134894306978
1.006740048980052
1.003483748512821
0.9884699182842777
0.9631647737481877
0.9300291235791507
0.8922212472107296
0.8531442142421669
0.8159835488010752
0.7833782942722718
0.7572806991437989
0.7389750039148754
0.7291848805124921
4.431299188098374
4.498379411468377
4.590477466036945
4.649305066076516
4.621391871264559
4.478356537656712
4.222446882067032
3.880854785770668
3.493757676314799
3.100912900910346
2.731132054019043
2.397644665514182
2.099825122029224
1.829177228965862
1.576493610850722
1.337579783091933
1.115824116360284
0.9210454786658429
0.7655773081687152
0.6598577219901056
0.6104468099340743
0.6235916917519911
0.7136218040785076
0.8976283223603071
1.131685868506161
1.205408969980978
1.191548642587468
1.205993373355417
1.213293185351932
1.219871855104532
1.225233003830732
1.230095244306148
1.234820177662011
1.239383912682172
1.243705254242466
1.248210066824423
1.253062218701724
1.259234985846526
1.26154825769492
1.285919883714762
1.285843453122926
1.172935469734003
1.035357172203002
0.9313741978294153
0.877066474086977
0.8667040494071707
0.888217179805491
0.9281609377883396
0.974684638885343
1.018930143258304
1.0526985663013
1.071271748832972
1.073063726811099
1.058287088652216
1.028492030932875
0.9865907594317764
0.9366429563361863
0.8832473252813579
0.8308054661860986
0.7829631969427829
0.7423665007131645
0.7106987924849757
0.6888835246679111
0.677334335434548
3.821919014814516
3.937854737841413
4.096231798790362
4.212833918812818
4.223291845239549
4.100538357886858
3.853998914781893
3.520813378613342
3.151232859549495
2.791452816004431
2.470420207340667
2.196015908872458
1.959933202777583
1.746470827377726
1.541163936571701
1.337288556702273
1.138904022025762
0.9590363923172118
0.8132744282594664
0.7121571836410652
0.6563603218536143
0.6377249825122417
0.6529190789228266
0.7430974555909841
1.016082038482677
1.188917796482182
1.181807132366357
1.203837486252671
1.213873379420656
1.221343734696562
1.226710322800156
1.231126984643196
1.235121370434326
1.23896871389375
1.242890665352389
1.247407523059413
1.25312425827556
1.261643847005449
1.268340591186457
1.323494995189666
1.301574837631833
1.133627391662282
0.9908695177226421
0.9135098210377928
0.8891817062394294
0.900218245571808
0.9368276287200247
0.9920885240153975
1.056006988148515
1.110424878107358
1.144792860821978
1.156625680364336
1.146111696484353
1.11456545308573
1.065014030662616
1.002416629189281
0.9329125800394602
0.8626275756913169
0.7966914487371546
0.7387741218452821
0.6911037994541944
0.6547746690749225
0.6301497909952145
0.6172300958920554
3.074431420658015
3.222258075587164
3.403532933890708
3.532233327922395
3.558183709288749
3.464787652185847
3.264791231940954
2.994448270836389
2.701981919156722
2.429549702887167
2.199395162436867
2.012631124062197
1.8567887226293
1.71476004221838
1.571882429016187
1.421136203099556
1.266412838321638
1.121468269894832
1.002538251221243
0.9189341255029951
0.869165423208566
0.8414080293111635
0.8116542104734019
0.766300922749785
0.9431571918744411
1.176753054524354
1.183521755774564
1.207488780099689
1.217988227962694
1.224831230247645
1.229270587909735
1.232648802800182
1.235553229905865
1.238352042487344
1.241369194335358
1.245140166059295
1.250547633092727
1.258834666910009
1.272587304836627
1.341055467453667
1.235730616352865
1.070810697995349
0.9899690400769833
0.9665273850616574
0.972486337851954
0.9913953890434148
1.022714692728364
1.080362957144587
1.163729977897697
1.221512523146867
1.24955834844898
1.249231858165705
1.220950144405563
1.166875758750641
1.092525720336637
1.005925239744828
0.9155969458050787
0.8288126579286339
0.7507479191925812
0.6844596711027892
0.6313254651441029
0.5916238326942399
0.5650718612851839
0.5512431404144295
2.295158899726252
2.389558604085944
2.464750874080651
2.503070537040703
2.504404889786681
2.463131300446637
2.383074455077662
2.276149043922657
2.160802870427935
2.05246911113186
1.957692145002884
1.875922381144383
1.802854143720366
1.732989495579354
1.661805021155239
1.587084983459606
1.510158580997702
1.436620418390132
1.373522582310775
1.322986234238378
1.2834599312056
1.25705001346793
1.263301294731109
1.28033162213451
1.245644674509816
1.221387298804466
1.221773923031306
1.227389802151861
1.229659283437562
1.231855262913014
1.23348301067131
1.234859699760759
1.236117841987429
1.237386306641872
1.238810941530961
1.240602740149003
1.243244752055085
1.246439372673968
1.265246623260312
1.217378012114809
1.115857159292261
1.124302233054453
1.135386291226616
1.142959373595966
1.15171284564338
1.156836748751416
1.155525864551901
1.200367496635563
1.291645756608428
1.341106070228307
1.35932828941259
1.342912198490354
1.29056781837224
1.207441697471919
1.103924375305048
0.992016232131268
0.8820954808423693
0.7814216211764143
0.6941513700417222
0.6220762114162574
0.565468471122928
0.5237801059864252
0.4961650697979864
0.481856224053658
2.089083936084495
2.126008799914348
2.142517920904363
2.142673542097275
2.131946286184523
2.109685665456686
2.077239675199126
2.034950259873284
1.988044708753808
1.940263827040436
1.892098128732842
1.84350123101771
1.79466332128858
1.745693440130573
1.696819567743171
1.648113637623757
1.599742629248762
1.55313415907927
1.511257272572897
1.47364629097865
1.440675907150947
1.412706124404528
1.395317754275762
1.37826554258767
1.338165538635172
1.273403504242977
1.253889227804839
1.245484638084383
1.241035756001531
1.238979804717613
1.237810472337487
1.237093754666474
1.236574699883872
1.236113855630828
1.235583890757965
1.234744183940761
1.23330397202266
1.228923471873754
1.225898237161502
1.188045696128607
1.179277625686749
1.193101525407336
1.203537217278015
1.210942691331157
1.216277771449773
1.223211142364086
1.20811495494181
1.260869451742218
1.386344545254753
1.45247903857356
1.467180529848313
1.429464628203003
1.344258439966374
1.225597105361984
1.091212585706101
0.9564545260287343
0.8315564704870216
0.7219056136537405
0.6295491415822476
0.5546583410346541
0.4965001045676541
0.4539736711626486
0.4259305326979834
0.4114342765391498
2.183663478018196
2.223523406482802
2.251218759436861
2.26048242392317
2.251325338970033
2.222133724065295
2.175331720436033
2.111757839739751
2.042994602251667
1.977285374284985
1.915419191330018
1.856408959130997
1.799376884322344
1.743163234891672
1.686962133530324
1.629968277066309
1.571953984077055
1.515690905396657
1.467320667790309
1.425734871475654
1.391501916209587
1.363786945283596
1.343430882369836
1.325719892472866
1.303619615698222
1.276658396148638
1.263373152669733
1.25441952754989
1.248402727616918
1.244344271164687
1.241344702710208
1.23898141084445
1.236952134156713
1.235044253603043
1.233070618762173
1.230772359235961
1.227943241691615
1.223160428435061
1.21858495468712
1.200911000961806
1.188746093610883
1.18760789494587
1.189592338160771
1.194144586329081
1.199356015147404
1.210558327333649
1.193406216393435
1.267341266875679
1.453552667139626
1.552812271295791
1.563925582564113
1.494014780390695
1.365771550872728
1.208722092906636
1.047652475722069
0.8977690004406359
0.7659097725476629
0.6538155240177508
0.560914575149041
0.4859498396712057
0.4276584687694492
0.3849073385270871
0.3566594840726635
0.3420450858978783
2.180656477622572
2.219731631902681
2.243493405447717
2.250408975222018
2.239713372101164
2.209384778047895
2.162083707822583
2.093016979209532
2.021275253702664
1.95909508406455
1.903159905937518
1.849546438330916
1.797049836432275
1.744597244743777
1.691698842508681
1.636745295749058
1.577693537834965
1.518651102157064
1.471306299998394
1.430876051680037
1.397939014264601
1.370817963207983
1.348882983714497
1.329233274893627
1.308589660619603
1.287075412645842
1.272762691113829
1.262167786683017
1.254475705738797
1.248747300818316
1.244239032504094
1.240486313350777
1.23714947141471
1.233973807393082
1.230740124400452
1.227197027751388
1.223161760538928
1.217852141522507
1.212395519728606
1.202089757959648
1.195189627479793
1.194475964635466
1.196677220415417
1.201679073590769
1.207319496047899
1.221107586467633
1.197074655856877
1.277799740144014
1.523977738350881
1.648153065586905
1.63435413196779
1.512395557182485
1.334912414373363
1.146288182374919
0.9713110524751909
0.8190280470100016
0.6901465245179317
0.5823480296193172
0.4929593115589865
0.41996902554767
0.3622112365200053
0.3191237808589661
0.2903288562378341
0.2753636311273332
2.202397805458082
2.247539059748236
2.274621006995023
2.283062064268389
2.271971463430767
2.238137095503193
2.185307059447422
2.095921166438498
2.00817632074177
1.945248935374329
1.894357449332223
1.845082956585111
1.79606405054329
1.746459254698409
1.696315665226684
1.641767892676722
1.575979983889973
1.5064309966
1.458389271770091
1.418361185581268
1.387217982235945
1.36201210922426
1.341356806609669
1.323229637432948
1.305866056021541
1.289141492562952
1.276396608118367
1.266190678851898
1.258136823289646
1.251644020417253
1.246215747680091
1.241476657462642
1.237132637640582
1.232952474351415
1.228739473521304
1.224300235849893
1.219520360970318
1.214041028644995
1.208497485797758
1.20130608893195
1.196369196136126
1.195335809538557
1.197331903103769
1.202951755447037
1.210246147609135
1.22932612408288
1.200401574532762
1.308539593840601
1.628267043669965
1.736239390825106
1.647624166127633
1.453474821403737
1.236039354755393
1.037119539491339
0.8683765051232594
0.7281519640879952
0.6113470311610264
0.5132020838299295
0.4302711691898913
0.3605362777807213
0.3033247826386431
0.2590522324557732
0.2286397356949576
0.2126751287991069
2.230132018700759
2.285923169352305
2.318142856924121
2.330165725002272
2.32131552330007
2.286952573988045
2.233142477324713
2.105711057993101
1.987165525817574
1.923819365512598
1.883079311865019
1.8403119013433
1.794951201380529
1.747486464920563
1.700364644672411
1.645965917037551
1.567231544495495
1.477817217149249
1.434069651588172
1.398018178261399
1.371544317973337
1.350366643191873
1.332764486566074
1.317237394581568
1.302765615601936
1.289193706389167
1.2779086548277
1.268345206108298
1.260318647030624
1.253468939147744
1.24746721948411
1.242027058504795
1.236909001776276
1.231921100633261
1.226900886325554
1.221709136006546
1.216285517177255
1.210510273887742
1.204813865262181
1.198854874949002
1.194656439923047
1.193421501031146
1.195420264685239
1.202017799419213
1.212294921445809
1.239678173817875
1.211201573988411
1.397202285836618
1.779225487753848
1.769050554747264
1.550048441248553
1.294294004302198
1.072981792004119
0.8956239618938912
0.7532015904446374
0.6359114050503142
0.536787258804445
0.4512863968888924
0.3765058676985112
0.310829453947529
0.2539915981754521
0.2072630655941436
0.173295711362863
0.1549863098653681
2.249037589443301
2.344690718683395
2.385550792361967
2.39961769563815
2.390793064922294
2.351505234126822
2.285851014320202
2.031598744025238
1.889291245564084
1.861815446463434
1.855629299453224
1.827584440276181
1.793788747738282
1.76120050276634
1.74143821744932
1.717395090086578
1.625469480118956
1.452813893652268
1.405862140608773
1.372415943284906
1.3511183298914
1.335076535852345
1.321644599727811
1.309527911054446
1.298081205798201
1.28722130744376
1.277566514139491
1.268940383607467
1.261283677852851
1.25440738062797
1.248115848175301
1.242214477522701
1.236520406666499
1.230886049919143
1.225182782450057
1.219310629649113
1.213237015540517
1.206947780270159
1.200749775689253
1.194742486165333
1.190117415893685
1.187925447474776
1.189097077775896
1.195891807877012
1.209597014026012
1.247083710435439
1.239873166889555
1.579150203187345
1.884806189425175
1.62271893065914
1.296751215991968
1.052309973908774
0.8796466504927773
0.7494410521319941
0.6434784963282809
0.552635341913329
0.4723379207087763
0.4000114689935833
0.3339326338411244
0.2729307528249157
0.216725532944201
0.1667183554034374
0.1267626571818651
0.1033147598239859
2.130892873540873
2.372790397188717
2.453198047774912
2.48660366655039
2.498488426685616
2.499479948313415
2.533828170044023
2.326392400354997
1.716209295551762
1.736861851358807
1.845755763027613
1.850582092529228
1.802475072398419
1.75195472356361
1.745020646964695
1.722729260881279
1.427123648458748
1.299575905577532
1.324221476861927
1.324670272674322
1.320699476780025
1.315215807269455
1.308361907487639
1.300702202322685
1.292539225908484
1.284207745782778
1.276203327331017
1.268609211020918
1.261483054489084
1.254766449052875
1.248367947792124
1.242172932174222
1.236050434482932
1.229889593103167
1.223586628326961
1.217059673681514
1.210276422806645
1.203241576432361
1.19614907665569
1.189181529418709
1.183067597656441
1.17865238461459
1.177033604026093
1.180755705665662
1.192798418031833
1.228806571275129
1.257276065263753
1.666650012994454
1.6054405446335
1.184715707481094
0.943765199329144
0.8066723107140764
0.7084639613391052
0.6269720785811509
0.5540311763925402
0.4861970890738278
0.4222037139752622
0.3614871728835605
0.3034730962492778
0.2474086032780597
0.1927015762309548
0.1401949662095968
0.09366806312962944
0.05966526413033925
2.959699854992908
2.729218107575571
2.657657910757503
2.632862084727987
2.632826914893021
2.664580874585677
2.712931313753547
3.096225587804812
2.642860647550214
2.213220835050757
2.078837645244236
1.987474824162377
1.849038669929828
1.654905037799381
1.364289858045082
0.9182148331517377
0.8329272890165204
1.213399193965884
1.244836179442526
1.279534766954463
1.292215774723759
1.296618608796865
1.295846023255796
1.292292651937693
1.287079805677766
1.280944012194474
1.274445227504127
1.267839358879766
1.261282374295088
1.254817668949942
1.248425525393575
1.242046937390495
1.235605832100156
1.229012143376847
1.222175854709652
1.215013980978192
1.207467876442734
1.199500909361089
1.191166882582334
1.18252192112037
1.173835047572918
1.165383331368898
1.157426202583912
1.150546260127848
1.144662084765069
1.143077472331764
1.164692667443265
1.028073621907646
0.7176463907416588
0.7010033893472492
0.7023262690747858
0.6561463713645542
0.6007957761021807
0.5475598433960225
0.4951632304839143
0.442500264337582
0.3897692982150036
0.3373064425640698
0.2852001830127558
0.2331979981911183
0.1806970865574036
0.1279260138079542
0.08057743894359064
0.03120111164201344
2.851036894408104
2.761965466631751
2.724267499357329
2.708350249884067
2.708772950790388
2.743204335771588
2.726308444572723
3.11226544225258
3.372004917404855
3.019578635495094
2.632438886180224
2.288846442943568
1.93244127324449
1.521614455955022
1.05860875427991
0.6961575695169592
0.9209897260609788
1.229533966838231
1.228789716048726
1.263946179974106
1.277932394117653
1.285111609519322
1.287067328384904
1.285917809666724
1.28270475608186
1.278174643542748
1.272860222098792
1.267078100708256
1.261032303846854
1.254824271188882
1.248485777137524
1.242000281304937
1.235325328206526
1.228384275992371
1.221089982757343
1.213345110195978
1.205051181389853
1.196104027329748
1.186416577929442
1.17586114890933
1.164311479123403
1.151471781074657
1.136682294243953
1.118654074396739
1.094384752376836
1.056514195791009
1.002897895243152
0.8161803957050362
0.7166499562090484
0.6886289155253443
0.6636318741464164
0.6228766250426392
0.5777688809560722
0.5306637651723278
0.4821910619197264
0.4327280356978578
0.3826217036550614
0.332106342337406
0.281323196876578
0.2303320714536009
0.1791369665437939
0.1276174517939907
0.07718074625527287
0.02590784926303736
2.882505495811393
2.830292703753284
2.797139061063684
2.776886934504722
2.769125784349826
2.79527646166975
2.729476861650263
3.041411953916036
3.674827261112205
3.609510932047687
3.192311926413158
2.653695960313562
2.079991153113846
1.512493179444873
1.038157234172619
0.8369670662442907
1.096184078749922
1.255402034101804
1.236511349401325
1.261340357674484
1.271879247442422
1.278749469858387
1.281566763189419
1.281635392072866
1.279644577541785
1.276191399932611
1.271726943795871
1.266565254834924
1.260924542763871
1.254935783972035
1.24866155862903
1.242115479886936
1.235271270861712
1.228062030904647
1.220396952193159
1.212159539431588
1.203211145584195
1.193383688903992
1.18248073673855
1.170238680307081
1.156320397896174
1.140214503504325
1.121119408999891
1.097779081562455
1.068294137421587
1.02818354827103
0.9794137477883424
0.8830975133618548
0.7995109200733824
0.7424612923356891
0.6929513599154911
0.6419303284561092
0.5909194799923827
0.5398303521486372
0.4886565368567811
0.4373532615451642
0.3859641102953362
0.3345411160940133
0.2831162605060478
0.2316890754072891
0.1802778107379826
0.128862616550645
0.07804547200191991
0.02704566145284072
2.937008445819519
2.885859627855391
2.85083512213295
2.826236461384704
2.812486750866818
2.833172546289092
2.747677362320057
3.051267416877731
3.81651302566374
3.935575067585082
3.57855041498034
2.965945611827936
2.274810010144924
1.637153296457127
1.17887442808123
1.015337351704362
1.181784179780811
1.264059664757622
1.246562152318187
1.262936635932149
1.270475685082679
1.276275302441002
1.279112112374438
1.279663377089669
1.278307534725123
1.275474634099808
1.271528516941939
1.266757309436196
1.26137783767675
1.255535476601623
1.249312056933357
1.242738314594429
1.23579751559392
1.228426845990024
1.220528247270517
1.211965284787241
1.202561786895653
1.192092444195877
1.180272469917246
1.16672649992201
1.150964495282887
1.132313699621091
1.10984771372556
1.082275617798325
1.048003893751665
1.003998445285408
0.9512785643242158
0.8761729463687123
0.8057812702767709
0.7479595484125738
0.6950675425952059
0.6427751581674959
0.591062040091954
0.5395815519870395
0.4882114815966255
0.4368579255476475
0.3855025296024813
0.3341443546438752
0.2827867130762493
0.2314250026077326
0.1800834237310044
0.1287481582299164
0.07774251142248829
0.02680777445152029
3.01783430049363
2.946761112917339
2.902056643098825
2.869591826455003
2.849409095999525
2.864247792279087
2.770382983455528
3.094053625501208
3.893121593971224
4.066418486779576
3.754993498590126
3.154102856084461
2.453909470817373
1.811766778437311
1.349076339093877
1.141779314838502
1.21105221516293
1.265642037089199
1.254016601425156
1.264794308961626
1.270375223829389
1.275126104350506
1.277697035198909
1.278365064105507
1.277303149466775
1.274809300171981
1.27117238416529
1.266647334793627
1.261439047364225
1.25569444011792
1.249502551780779
1.242900709064891
1.235875799390636
1.228365534087906
1.220264765463627
1.21142191763213
1.201634801515948
1.190640104115738
1.178099859235876
1.163576689144982
1.146512124105389
1.126188921823191
1.101710550294926
1.071974781182603
1.035841114942279
0.9916273942264933
0.9400820867929625
0.8764782239032425
0.8134458240417469
0.7554503980089156
0.7002928214604142
0.6463609867329236
0.5934168488334991
0.5410847763774289
0.4891443598192268
0.4374344442469045
0.3858640096338266
0.3343774600993441
0.2829408810269737
0.2315258214564748
0.1801497699695609
0.1288033050147949
0.07787395752614605
0.02687585645654311
3.113866125005356
2.978286803009505
2.904095970867043
2.860395814749883
2.837183364136365
2.850880711700925
2.770815237664626
3.148907145270342
3.89163372496696
4.019884725212459
3.728420173968377
3.191146551972151
2.559848623720351
1.962524228686966
1.496762385912137
1.231201665570514
1.221889751233233
1.268794064143161
1.26456335992288
1.272642944960763
1.277719822913705
1.282113234538386
1.284534715032046
1.285030451199247
1.283725560318903
1.280918243630133
1.276931892596282
1.272069186311507
1.266581225101918
1.260653831487013
1.254404715138378
1.247888304965646
1.241098938052013
1.23397435799739
1.226400860305983
1.218209827243725
1.209170425601806
1.198974761730123
1.187217037846981
1.173364578171955
1.156731299242081
1.136454632791726
1.111507755245491
1.080749527473603
1.043158064285142
0.9977585663815025
0.9452702819914225
0.8847888313980787
0.8230786728739957
0.7633750346908599
0.7057571380835352
0.6498555833722546
0.5954570483519904
0.5421574925304182
0.4896147197993192
0.4375554638300137
0.3857931683387148
0.334204182751402
0.2827049563350332
0.231228025975449
0.1797887904043513
0.1284244172313382
0.07802036840837423
0.0270172024806695
3.544950099805411
3.210386761324114
3.095231515136371
3.039887076114275
3.000271829703936
2.984253897994002
2.893303307041619
3.174583269462495
3.711522021832316
3.759070602441964
3.510061708939797
3.082194190935613
2.570488657891203
2.060479890343149
1.62417373315835
1.324884364942601
1.24015884193171
1.250638700135093
1.247624293041115
1.250830089155045
1.253345012873137
1.256180840453135
1.258230939594931
1.259340799263454
1.259387620947054
1.258343399292575
1.256219323944702
1.253055602581992
1.248903203973843
1.243808665158043
1.237802449817282
1.230891408121077
1.223050778788568
1.214218226242443
1.204291316443569
1.193122802510451
1.180517492215001
1.166229559923343
1.149961795583768
1.131365982681156
1.110048351918768
1.08557708751702
1.057502111119477
1.025378757733608
0.9888698420162936
0.9476662131990462
0.9022008622031678
0.8520299197914583
0.8002723692036103
0.7484230925179034
0.6965823465509046
0.644729152155072
0.5929624287514801
0.5412813704841023
0.4896792548538272
0.4381415631942934
0.3866602509587254
0.3352289462344834
0.2838358253586724
0.2324232423460076
0.1809174421979625
0.129248334668678
0.07951900351257669
0.02748367800399421
3.830679187267253
2.791835452433507
2.496418395543098
2.512693559453576
2.538587579928858
2.523833363651618
2.503603553692447
2.753189604114874
3.194266861935871
3.267221942865812
3.132533191608589
2.855423338384227
2.493410952182877
2.105001213851454
1.745557772396217
1.469499496958437
1.352690347320212
1.321887392140472
1.313424785387126
1.319347725801197
1.329400752531069
1.337604281579034
1.340937461094037
1.339550671883994
1.334570121568874
1.327221390378427
1.318586871619704
1.309553704020342
1.300792326909236
1.292759803478818
1.285725459944027
1.279808275865963
1.275013793153824
1.271265560659282
1.26842744244424
1.26630944145726
1.264653183254399
1.263090828724503
1.26107118162027
1.257748411155381
1.251839559836028
1.241477158032453
1.224137574968694
1.196793120771955
1.156498075798912
1.10145421637713
1.032348861232101
0.9527375566643521
0.8705011554373732
0.792254060203981
0.7207956655515955
0.6561238921621848
0.5968704097179378
0.5412682244382488
0.4878338038567197
0.4355679142980879
0.3838968086637947
0.332524429436341
0.2812113465183588
0.2294336687489985
0.1765223039770484
0.1239916820442668
0.08050378705655326
0.03100877661974617
1.688606643185705
1.260097540721423
1.013911664743892
1.018666854960931
1.128953022746997
1.273944382329463
1.49040752683912
1.857103270519176
2.340178782861839
2.601883326488912
2.650361431551013
2.547788660048345
2.349066563136698
2.103527368912554
1.860329484000797
1.669592992747819
1.569161929800442
1.52977773260553
1.530333639076715
1.551359615968802
1.576743316458248
1.594146754332399
1.59808378829014
1.588833013067269
1.569632911855157
1.54460535021202
1.517688374141756
1.492181687584354
1.470595161764886
1.454659176963322
1.445425803801596
1.443411264275002
1.448742340172681
1.461281137771063
1.480708989766707
1.506550994693568
1.538122233136234
1.57437586959973
1.613636931058789
1.653221982291469
1.688987126180918
1.714931081933254
1.723118143076399
1.704342016229465
1.64999729404833
1.555283557817536
1.422919455624075
1.265228866678028
1.101526774430295
0.9497884582767622
0.8199075544265667
0.713233745403233
0.6259795656521894
0.552749215022923
0.4886597319067678
0.4301055951032329
0.3747306639867062
0.3210695643618816
0.2680923864194562
0.2148998536214134
0.1612001574839201
0.1090134053771245
0.06339182191091157
0.02983024114590586
-0.04598032789692178
-0.1288574692438304
-0.2001579845743102
-0.1545480967291178
0.01614221406400796
0.2871949849585785
0.6521355799479327
1.093130570546694
1.552550551220504
1.915013499464525
2.125091471062231
2.194661324194584
2.160498828762899
2.063912380858822
1.945927161206426
1.842509091944972
1.774299739608855
1.743709267809063
1.745259221592354
1.765335833757984
1.789066036421318
1.804401721785079
1.804931433574853
1.789875117244928
1.762327451846259
1.727225004337788
1.689841266631157
1.654914705971337
1.626247298930827
1.606599399158545
1.597755335988071
1.600673038933191
1.615656392433651
1.642506255603092
1.680617012752921
1.7289911678797
1.786147671839118
1.849905803387783
1.917042716415057
1.982859688042066
2.040760882282886
2.082054094482281
2.096304852284588
2.072638385542297
2.002238311709882
1.881760771946347
1.716450831591244
1.520881155893205
1.315447370245756
1.1198103287287
0.9470837435920763
0.8020386168832287
0.6830110417849495
0.5850919493836819
0.5027119020192873
0.4310479491548538
0.3664628071212042
0.3064020636505557
0.2491449225339982
0.1937709794930494
0.1406033468322271
0.0919492234999974
0.05252709534024406
0.02943722320301468
-1.364222345883708
-1.313777615190619
-1.234903263925641
-1.091574562196556
-0.846445527729899
-0.494368897981919
-0.05782888654568578
0.4195194526008083
0.8878611744048713
1.303900492214384
1.625075562314944
1.836598730760778
1.950566386244512
1.992676401109761
1.991660190576878
1.972256548013271
1.951775073722693
1.942039930560421
1.946430954459491
1.960083342749906
1.974130445532105
1.980124537619287
1.972845913585602
1.9512037163574
1.917638103435376
1.876780206928321
1.834085269282084
1.794816511650031
1.763447840245203
1.743403057856565
1.737016721393088
1.745616872534745
1.769654025703164
1.808821324866468
1.862125587778837
1.927879301802187
2.003593051151186
2.08576272859391
2.169573985567162
2.24859503689614
2.314599850294655
2.357743220461073
2.367354739374838
2.333553460394024
2.249620975343259
2.114587554347566
1.934954402367518
1.724335318770408
1.500561510143154
1.281324473158567
1.080157039181712
0.9043937714631419
0.7555305806798148
0.6310898974682952
0.5267378538425697
0.4378663065502751
0.360453055206143
0.2913873733536402
0.228574536884249
0.1710801343956857
0.1193755704300951
0.07550986535315567
0.04291625136736337
0.02521704357019557
-2.353268595992605
-2.253293071730668
-2.083209154149748
-1.845258947894149
-1.524844287718944
-1.118508730558712
-0.6473254962536581
-0.1484722306935855
0.3421742003390945
0.7982813690249613
1.193647642221184
1.509549626981311
1.742313046581379
1.901237596783031
2.001921410107383
2.060763303430611
2.092798012095687
2.110933032648416
2.123096541295689
2.131459014193861
2.134053837715682
2.127539173278962
2.109511716693313
2.079776851596808
2.040551929876535
1.99590042426833
1.950836376089996
1.910469335728526
1.879379260958523
1.861251772892204
1.858720538082887
1.873341045355092
1.905627448639919
1.955099973507858
2.020305577612231
2.098787770113513
2.186995617300933
2.280142206733196
2.372054357763101
2.455099486870565
2.520324142463619
2.557968190673946
2.558488527789136
2.514093559630776
2.42054521766235
2.278704403720247
2.095158516797974
1.881476845417185
1.652191561780942
1.422119268915595
1.203798259973852
1.005763629613449
0.8320885400136184
0.6830746771997389
0.5565453577726485
0.4491579160886646
0.3574016527108781
0.2782329075655067
0.2094576963859787
0.14996710915237
0.09982135947404484
0.06008330228962424
0.0322853237037595
0.01754606515208821
-3.081471449846634
-2.959215935160958
-2.739618230296213
-2.436638467171727
-2.057838217931224
-1.612124586773431
-1.118208747170807
-0.6021041943465149
-0.08901370014653068
0.4004019720987497
0.8475857395214554
1.236161482203718
1.555960850285955
1.805091150867331
1.988476212818782
2.115256284297261
2.196739715910061
2.244465406716046
2.268179248719052
2.274617165687998
2.267506479447955
2.248596299064437
2.219014358280644
2.180367244385867
2.135305477645976
2.087541384694937
2.041486543022549
2.00173582846487
1.972578378330501
1.95762483133832
1.9595638060002
1.980020265075556
2.019477640974964
2.077230260315841
2.151342885381217
2.238606353689064
2.33449284483951
2.433133280843235
2.527363573206482
2.608911998031703
2.668815167586565
2.698134897801097
2.688981583339142
2.635727093198224
2.536146373756486
2.392142783773434
2.20977598814716
1.998531683164606
1.770018149487981
1.536379120298493
1.308711602927184
1.095776141205831
0.9032750116697058
0.7338269820545343
0.5875205030662566
0.4627606686025049
0.3571316921691183
0.2681108500379665
0.1935765973870202
0.132093090412943
0.08294929519409763
0.04594850249017277
0.02103510669586914
0.008021242480648992
-3.59496495545768
-3.460676418079635
-3.215204052070968
-2.875221627594165
-2.459203387957148
-1.985428361070372
-1.472938495641239
-0.9413838549933029
-0.4094741909587461
0.1059046514839993
0.5894423693075184
1.026817202525904
1.405976605191022
1.719275578699587
1.964588877824864
2.145028058833476
2.267724856974672
2.342127102956748
2.378326282899387
2.385650277873013
2.371794503654741
2.342649055464638
2.302691458168549
2.255627020790607
2.204974189964469
2.154414469119036
2.107864261268134
2.069327010674151
2.042624453413644
2.031094863473593
2.037312574217185
2.06285159899383
2.108097235220538
2.17210281201924
2.252490481618789
2.34540199817511
2.445515719574081
2.546157643754383
2.639543755187666
2.717192367983111
2.77053017408989
2.791676674219797
2.774328923300968
2.714599318968393
2.611619952865189
2.467757256473153
2.288386338004105
2.081300390563725
1.8558918780238
1.622217343382133
1.390022641660609
1.167822041262373
0.9621784591446928
0.7773380411625416
0.615281805028436
0.4761247532880747
0.3587061685843722
0.2612039306254649
0.1816425248821235
0.1182148775916494
0.06939513365838787
0.03389267938154172
0.01058083249392569
-0.001441140744528622
-3.925461130356653
-3.784779105272393
-3.526522440416862
-3.168053885014042
-2.731629533993749
-2.239917926477077
-1.713284265176677
-1.169318644470811
-0.6235575842481726
-0.09030395430097886
0.4168654165975548
0.8847291170226891
1.300874083345688
1.65520891588229
1.941678436079962
2.159205025997243
2.311509049569865
2.406073990200388
2.452717506192081
2.462070724255449
2.444248811629873
2.407973000885622
2.36026309475145
2.306616370300276
2.251457803725139
2.198628018667762
2.151737775042987
2.114312386826378
2.089733346362455
2.08103357610504
2.090615791545773
2.11995364536432
2.16931808344239
2.23755720875088
2.321951234331407
2.418164402892909
2.520319547090812
2.621222889725138
2.712760507873451
2.786468290932328
2.834242549896914
2.849114035666763
2.825968636752627
2.762084756335116
2.657388073375251
2.514397137919502
2.337916066483453
2.13457510802127
1.912300689550091
1.679741277738168
1.445640337264795
1.218166331020226
1.004269920592306
0.8091903213895985
0.6362250637323283
0.4868044815563159
0.3608170002533305
0.2570646870084567
0.1737160659054331
0.1086618111340937
0.05974833310594361
0.02493419932310082
0.002445722901064951
-0.009034186350680443
-4.093451457913284
-3.95051845738481
-3.686913098042535
-3.320659009805975
-2.875106237543775
-2.374401517354256
-1.839805185401253
-1.288595310463994
-0.7351255974107835
-0.1923922437157518
0.3269342286332648
0.8101391505314302
1.244784697148674
1.6198906406472
1.927641451575141
2.164790823778075
2.333124541818203
2.438915590124215
2.491674446060897
2.50257550848802
2.482910445602326
2.442874020699711
2.390889213531093
2.33350577033162
2.275731249623751
2.221558089623727
2.174456836918679
2.137683883021796
2.114352245626598
2.107294752608729
2.11879137794593
2.150239504041364
2.201832790191481
2.272296961775605
2.35871888978511
2.456500809882733
2.559470452970994
2.660172940875451
2.750353976919902
2.82161204192243
2.866153404873844
2.87754117459072
2.851309282442475
2.785332910308726
2.679910319170077
2.537592962147922
2.36285913896442
2.161729605711102
1.941376252965106
1.709715154494384
1.474944070224121
1.245001868721496
1.026984067696473
0.8266112974765497
0.6478726418235098
0.492928566243324
0.3622745498812084
0.2550843604286658
0.1696164574347858
0.1035920866233075
0.05451523268076905
0.01995639535548904
-0.002174288052875789
-0.01337955848865386
)
;

boundaryField
{
    inletLower
    {
        type            zeroGradient;
    }
    inletUpper
    {
        type            zeroGradient;
    }
    outletLower
    {
        type            fixedValue;
        value           uniform 0;
    }
    outletUpper
    {
        type            fixedValue;
        value           uniform 0;
    }
    sideWalls
    {
        type            zeroGradient;
    }
    topBottomWalls
    {
        type            zeroGradient;
    }
    frontAndBack
    {
        type            symmetry;
    }
}


// ************************************************************************* //
