/*--------------------------------*- C++ -*----------------------------------*\
| =========                 |                                                 |
| \\      /  F ield         | OpenFOAM: The Open Source CFD Toolbox           |
|  \\    /   O peration     | Version:  2506                                  |
|   \\  /    A nd           | Website:  www.openfoam.com                      |
|    \\/     M anipulation  |                                                 |
\*---------------------------------------------------------------------------*/
FoamFile
{
    version     2.0;
    format      ascii;
    arch        "LSB;label=32;scalar=64";
    class       volScalarField;
    location    "5000";
    object      p;
}
// * * * * * * * * * * * * * * * * * * * * * * * * * * * * * * * * * * * * * //

dimensions      [0 2 -2 0 0 0 0];

internalField   nonuniform List<scalar> 
4096
(
2.552893111856753
2.598062111278139
2.681453372004619
2.79673077555415
2.934222532152473
3.082397156500721
3.229829699364185
3.366571775071899
3.484801999397184
3.579157898420526
3.646922150310761
3.687945389230398
3.704207563123408
3.699107488450028
3.676697625919173
3.641071885690614
3.596010966897718
3.544866272623766
3.490577024919785
3.435693171752081
3.382315515596259
3.331935173469982
3.285215775436315
3.241784137897118
3.200078705983243
3.157273655586036
3.109275666608732
3.050791381687081
2.975482436691024
2.876249005154553
2.745696912601941
2.576833368782119
2.36399219367076
2.103911190884346
1.796790154672035
1.447086825478749
1.063807719394725
0.66014854685196
0.2525103913129331
-0.1409138475039769
-0.5017012452433373
-0.8126349367553876
-1.058788286624007
-1.228089113897992
-1.311338471306289
-1.301954561497514
-1.195974030618056
-0.9926787054487969
-0.695628814866366
-0.313507836880486
0.1396400266363071
0.6449509415332563
1.180294447100006
1.722926159024488
2.252521309102476
2.753365467124056
3.215002776300976
3.631520892171499
3.999945468573008
4.318229041627738
4.58350394632443
4.791356035952776
4.936414687889494
5.013810639647838
2.576178551465183
2.625578823512009
2.715084408844544
2.835687965301203
2.975510995431918
3.122459169952676
3.265823159532299
3.396724696819499
3.508312521971874
3.596063433487994
3.657953254969379
3.694272549021165
3.707110577200582
3.699681542194435
3.675687358200497
3.63885834868899
3.59271870057202
3.540522672012687
3.485248143915861
3.429542138893198
3.375574992270779
3.324831490976483
3.277902989651972
3.23433290897289
3.192533206588802
3.149761688490764
3.102143517919029
3.044732481309612
2.971629013881866
2.876193360406317
2.75140589052454
2.590425164836455
2.387369965460625
2.138298063971455
1.842274088773676
1.502330545220534
1.126069773430199
0.7256793940170707
0.3172632624267926
-0.08041685547283252
-0.4475403572364154
-0.7648951493035723
-1.015419423643429
-1.185466353016836
-1.265573106371081
-1.250527374533939
-1.138889197183195
-0.9325962725997745
-0.6371170851972305
-0.2619135095971355
0.1792569112726302
0.6683840507220464
1.184425797240859
1.705954610722512
2.214225128302543
2.695227657448614
3.139912656550987
3.542985666370575
3.901218641794063
4.211702728101153
4.470662824580686
4.673280953400481
4.814444643368706
4.889977006002805
2.623618582501313
2.681320522195767
2.782367539235913
2.911815464220552
3.054321216125801
3.197704096628515
3.332729877883331
3.45219672992799
3.550944908250483
3.626155310264313
3.677212210120397
3.705164467135032
3.7121165924795
3.700747476245429
3.674000851501361
3.634934546058146
3.586680848658446
3.532424264380631
3.475295736916442
3.418142728993756
3.363228753773976
3.311967939663443
3.264770971795964
3.221008239413339
3.179046046701736
3.136305230429248
3.089313437598527
3.03374976108301
2.964501171019436
2.875763409752818
2.761228898119625
2.614413676430845
2.429181576473415
2.200514881386253
1.925537125640063
1.60469933913187
1.242906824719872
0.850249853284861
0.4420058694637525
0.03776129065243264
-0.3402220061205876
-0.6691035867471633
-0.9277991186222806
-1.099436787040857
-1.173581334712129
-1.147295241961938
-1.024129490682914
-0.8115984711763379
-0.5191653287091852
-0.1579144749938782
0.2587435973573163
0.7143553144496805
1.190606849127812
1.669686991387359
2.136494035390563
2.580109409135008
2.99374340092947
3.372852449886415
3.713137024232747
4.009383665850788
4.255840260233841
4.447339041103337
4.579825418708194
4.650385486115894
2.703231302936702
2.773773958899888
2.889986919215071
3.027918451150661
3.170130198522027
3.305919140709502
3.427501317340553
3.529250752510232
3.608509107532648
3.665365676245002
3.701400914780039
3.718492563456325
3.718282604889088
3.702240049966401
3.672005051861031
3.629726821759345
3.578219170181552
3.52084401468048
3.461122117319479
3.402191895623811
3.346330424839371
3.294705891995834
3.247379624788831
3.203456236464821
3.161260612024023
3.118467389291988
3.072164421970892
3.018865319617155
2.954495815883889
2.87437668397867
2.773226665373658
2.645223908201708
2.484198423797698
2.28407203056936
2.039685138125205
1.748099034080357
1.41029049052506
1.032877317147556
0.6292618680449827
0.2195728204798953
-0.1708605374370183
-0.5142594135144658
-0.7838911562175265
-0.957990751397217
-1.023821375154209
-0.9806777345639907
-0.8393068427785166
-0.6164910283937421
-0.3286100867591439
0.01046464078050201
0.3867133423738047
0.7856440739209177
1.194994447692503
1.605437468836119
2.00905616084881
2.398880791320508
2.76989392547024
3.117602008342325
3.434617374132698
3.710871799417168
3.937403974174602
4.109618654510911
4.226663817861011
4.288489369001229
2.832749716680251
2.918109642972428
3.045374975588541
3.184023136816322
3.319861756829999
3.44324159217063
3.545401276666754
3.62212163027101
3.674872452884219
3.708164557891299
3.726306839108804
3.731634014345591
3.724422506379772
3.70394781344862
3.669912120088105
3.623486777151947
3.567550009832343
3.506147984739733
3.4434958510129
3.382994126485112
3.326673548254848
3.275164085023698
3.227993296701547
3.183955990873744
3.141393939196808
3.098341637603346
3.052562313159172
3.001515161111163
2.942282367924224
2.871464597985689
2.785042379664164
2.678211527887391
2.545245221572553
2.379518064868742
2.173929586953943
1.922023468625826
1.620004504950541
1.269501901885213
0.8803415003543689
0.4720729424404023
0.07306703632486261
-0.2830967545101338
-0.5630354309923228
-0.7393427369978425
-0.7959455201723346
-0.7328328672617693
-0.5678700844398966
-0.330395954180287
-0.04811907398025443
0.2598028946142948
0.5748662315333197
0.8853823768425425
1.191500278143773
1.500410243398798
1.817212476358913
2.139534679246012
2.460610484778981
2.773510349152856
3.06386174287188
3.313873672804381
3.511323994469132
3.653889069258157
3.746695902026182
3.795275274822575
3.049848268688801
3.135898022260703
3.249702892110671
3.373688394986126
3.497789427495491
3.603907182422624
3.678958858389184
3.722497142218755
3.742572785668808
3.748843577504443
3.748027903087596
3.74217035492049
3.729169861274113
3.705104509374531
3.667191947692354
3.615812964142881
3.554602768461033
3.488936518306588
3.423880897182084
3.362779944883747
3.306958894988373
3.256201255707515
3.209422108037869
3.165186301484226
3.121984890239684
3.078320626712215
3.032682644487162
2.983468951830327
2.92888099957392
2.866784011475545
2.794507008973067
2.70855532438234
2.604239685278424
2.475310021878283
2.313833156420062
2.110746188731918
1.85763531979283
1.550098318231778
1.192289881919804
0.8009716770920667
0.4063905713251366
0.04801684358621781
-0.2340294635202418
-0.4080729750079511
-0.4564934397373115
-0.3782019288299247
-0.1920119332826431
0.06263961294909712
0.3412372459482992
0.608405533304244
0.8336777541002776
1.014479963244642
1.173021353221197
1.340934766888229
1.544077626633414
1.789035473575804
2.060309732739801
2.338652092817681
2.596988543894358
2.810718834097668
2.968837164643713
3.072198689460897
3.131188940967948
3.160613215319477
3.431096082718537
3.444495304828929
3.487937068431164
3.586051915798463
3.697413031356129
3.777711655647501
3.815100579026601
3.819091416269301
3.804395916796031
3.783692184998941
3.764721812254562
3.748664844596248
3.730694086086932
3.703421985135141
3.661542660602178
3.605061692233782
3.539056163293981
3.470536485330579
3.405016334892051
3.345078162753218
3.290877161598789
3.241283633286564
3.194788262599143
3.14997405443672
3.105664541906372
3.060901919683654
3.014860444554444
2.966745842758295
2.9156916931093
2.860636467125942
2.800145167236466
2.732127196751841
2.653406327822075
2.559143806959276
2.442245443799633
2.293141820104035
2.100686015047369
1.855125827704044
1.553638143444862
1.207176339906511
0.8446372645098233
0.5092797991691858
0.246332172923722
0.08804427323634471
0.04668342629145117
0.121121457807336
0.3053689482384299
0.5709653939505049
0.8586602945657622
1.068610491028963
1.16249740878949
1.167329297911886
1.13484746470837
1.120883540131054
1.177012104726765
1.334177065268683
1.570379078893451
1.813961740913795
2.023948992342422
2.183235669993785
2.293145821981257
2.355639266364768
2.375883414656437
2.374436297986922
4.108315015032868
3.829216655175162
3.737520128392673
3.818249414603837
3.907166253590462
3.94175566320446
3.932189284128566
3.898942368238796
3.855996131527724
3.81360263445081
3.778622661562162
3.751435898915131
3.725964850517265
3.693395987367256
3.647363540602586
3.587814082719954
3.520871080198651
3.453978772076463
3.391646766511867
3.334948020008297
3.282973897096803
3.234206867869218
3.187254329595058
3.14108289405854
3.095002668693071
3.048571216846887
3.001492450396881
2.95353188022934
2.904445580103285
2.853906693931122
2.801401952081465
2.746055429328979
2.686322744938387
2.619495207265224
2.541003900694572
2.443704214432253
2.317734544856314
2.15207646641948
1.939086189527968
1.682044663539701
1.402383330552737
1.139063939528733
0.9350754417401806
0.8175796417151235
0.7855167197663263
0.823642913083636
0.9465540043731661
1.194032202621619
1.518794522704556
1.625268979505933
1.536283330979778
1.329213732423911
1.078237670100187
0.8534578470051299
0.7253921909344505
0.7653435973731249
0.9998270436490351
1.197695750688769
1.32092358075405
1.401248299763685
1.457798342888402
1.490750984203572
1.488038395644937
1.429804831289048
5.193325520068732
4.268649431500223
4.041803696743025
4.070114794790333
4.082818896160865
4.051573545253756
4.003184699216764
3.950930210184591
3.897789898387079
3.845875522815668
3.797842722571237
3.75325947750278
3.709794889961131
3.664163521862787
3.613962635067511
3.55872439116942
3.501535472841859
3.44527642691552
3.391011390127355
3.338812297683931
3.288258306931739
3.238757032181739
3.189816425431844
3.141115261898968
3.092469428197396
3.043781494632668
2.995003804968776
2.946113315563968
2.89709287806067
2.847913448125422
2.798512508631835
2.748755578849248
2.698362818940335
2.646769652419256
2.592890837112297
2.534814270905697
2.469629579930404
2.393789704265532
2.304446950903157
2.201572066827821
2.091191904785844
1.987647751871416
1.908128117391733
1.861434092467377
1.835785543954558
1.809433712676876
1.783899626707312
1.971443226132758
2.274575903099521
2.197902840617996
1.905353121718988
1.481437319837155
1.008786004765921
0.5725135040868046
0.2515180212037723
0.1225507391446496
0.3270055107466127
0.4643617420198221
0.4458919220611202
0.4342488270978346
0.4334629361891423
0.4489678868813999
0.4726344946400297
0.3452474467252251
4.637629254241391
4.348585787565977
4.249446633024884
4.185735169058735
4.128383766252459
4.071512324158987
4.016373568181342
3.9626354695222
3.909242056762764
3.856114122487875
3.804631821217614
3.753804991120377
3.703358061987382
3.652563265425072
3.601226238629994
3.54845239211002
3.495971673063505
3.444352536033444
3.393236116419208
3.342523551130246
3.292184870598338
3.242140387054048
3.192318226834687
3.142657783385919
3.093116000225698
3.043661749119429
2.994272754841864
2.944933158238757
2.895631830330617
2.846361587855686
2.797119733027029
2.747909638943786
2.698744708887751
2.649652713352856
2.600679995007515
2.551887901291811
2.503369705433918
2.455209933023921
2.407569780201089
2.360347145087082
2.313796246396389
2.271219550362761
2.236993133539353
2.211452951400709
2.191053077905066
2.187468836984673
2.115365463533061
2.354991629238807
2.759953886817184
2.651171504144041
2.223076631193475
1.609314794076194
0.9316367917940305
0.3110912520089001
-0.1375403476734212
-0.296494041265029
-0.001546642429207015
0.1858975508595828
0.1290600967803626
0.1289340225100276
0.1168496151564963
0.1067963669159618
0.09508490005773286
0.09803375876402308
4.341231602075365
4.248367221198464
4.197110255611108
4.148840487330713
4.104282580818811
4.057178749935685
4.007950400884029
3.957166648299657
3.904636534925679
3.851624205143967
3.801785472221389
3.753256250991459
3.70536693631232
3.656349376485554
3.605596488411549
3.551210334338755
3.496998670991104
3.444330817441071
3.392561390960782
3.341521916049904
3.291145808642519
3.241256111648699
3.191693828514231
3.142327308064378
3.093067684644534
3.043856285764468
2.994653793804506
2.94543083393069
2.896160440889788
2.846810900552824
2.797336519931594
2.747664842882375
2.697677269201139
2.647180134979985
2.595870554927414
2.543300181490229
2.488896393043349
2.431927483727768
2.371854424200048
2.307939019667406
2.240844724180733
2.178166198369974
2.129900027828841
2.096858212644715
2.076708481700534
2.089001052204617
2.018680907687844
2.354520804401248
2.964307715808779
2.92867400305509
2.444401898371836
1.695482336390066
0.8580178276094476
0.1042815825651159
-0.3994229083168264
-0.491212036921896
-0.00882529888892006
0.266942870251332
0.2121196195224931
0.2286436416298087
0.2211139625521356
0.2077479985705914
0.1788037955422932
0.1723771557559308
4.267365948687377
4.227711966006592
4.195726572970438
4.151753196789658
4.107002035172038
4.059355245929133
4.01010424817015
3.959337437987246
3.905149619032483
3.849434658686658
3.800078695843942
3.75254148831962
3.706085894016183
3.658033548248888
3.60777923347154
3.550692033954086
3.494967505050447
3.442766254853284
3.391625088932718
3.340979262699304
3.290879388512836
3.241160203949546
3.19168521481651
3.142342603365639
3.093069113452962
3.043827877922982
2.994595459464502
2.94535412784639
2.896087964732652
2.846779887147703
2.797408400831803
2.747943809450614
2.698341687859165
2.64853024012822
2.598393534745544
2.547737064043983
2.49628631169412
2.443377341253536
2.388134543818583
2.327129794137659
2.257277187820663
2.190169757476739
2.142623921923155
2.110249164994535
2.090466203821031
2.104056262905214
2.019359199705143
2.320805188964194
3.014167465485376
3.03431746433745
2.535806999956781
1.723004257300343
0.8052175933814141
-0.01597278853978489
-0.538379341231633
-0.5745295196775396
0.004526483134118597
0.2613411156162105
0.191449054110589
0.2084674161036095
0.1986909383627297
0.1826600444314529
0.1505471784522245
0.158420474071889
4.268688637696759
4.228852211157851
4.196861462564234
4.153143664655343
4.10881218223036
4.061717739992816
4.013561944457591
3.96367239437224
3.906083555354269
3.844274433336349
3.79635313264959
3.751290254915006
3.70812788400759
3.662364723034745
3.613293887586793
3.549597239477209
3.49008244003363
3.438853863673811
3.388984006250229
3.339060735115835
3.2895569218921
3.240310314209476
3.191176304542984
3.142054535832532
3.092919044323204
3.043768067180475
2.99460304051952
2.945423208300073
2.896226194241116
2.847008783443723
2.797767888544842
2.748502065598522
2.699212330262065
2.649897671543261
2.60055328984396
2.551151892670101
2.501733251295471
2.451814019324309
2.400352611893521
2.337949966646737
2.252835925558718
2.167493138905468
2.116246210130198
2.082532861053786
2.064715819835454
2.08217673833882
2.001512823704371
2.292742141581409
2.987206804071157
2.984411197632433
2.471301890625833
1.678470194555691
0.79624465415089
-0.01352341071793111
-0.5592407407036278
-0.6118615450554699
0.005459045953030439
0.269630607661695
0.1996142540356429
0.2202587839619991
0.2103799235181182
0.1911532285529762
0.1528719542437071
0.1510345251469623
4.344628169392887
4.250881505108612
4.19892252642496
4.150442444874407
4.105667280241297
4.058273490479248
4.01108334196536
3.963401191264243
3.900218463345848
3.827382182572866
3.786168335815073
3.748070701467946
3.71260754044002
3.673559541244802
3.630894649246314
3.555128259491092
3.489138307648238
3.440055519136683
3.391046736169172
3.340309570681566
3.290273241453122
3.240826639106284
3.191625503012406
3.142442466051464
3.093226570288708
3.043982891772134
2.994716451899768
2.945422058952499
2.896089105374671
2.846706985232859
2.797272213528058
2.747800319503625
2.698342557585823
2.649004736628033
2.599989936324287
2.551686610148983
2.505011965467864
2.460461494995494
2.417788795103081
2.354391902158871
2.239642162376969
2.119841694871356
2.069990955231853
2.038547386559247
2.02656652662029
2.050134607862609
1.986634863514617
2.293052657257145
2.888528651285703
2.745170926616604
2.219649200059558
1.55590332438727
0.8532383774640684
0.1622561575030528
-0.4085453484644192
-0.5972272234754625
-0.02899028477100772
0.2719984484637202
0.213135723690605
0.238219595590752
0.2289956028515075
0.2057055974849837
0.1594533819151358
0.133436258097952
4.643361042723976
4.354504966988077
4.256415109644406
4.196014980284983
4.143831329057387
4.095145796116811
4.060290574369867
4.033103603046534
3.951752099424309
3.816862335396535
3.776403720836228
3.744849058025111
3.717654177387542
3.684993565740188
3.643211523236262
3.503814838896884
3.421074986124859
3.396990835126511
3.367191098158294
3.325238288228991
3.280669610724079
3.234728485876704
3.187649544928193
3.139772011635049
3.091447249806656
3.042906470359541
2.994290355287698
2.945699686829703
2.897225976150951
2.848964553328696
2.801022252918136
2.753528007550473
2.706643031497471
2.66055691007709
2.615453278548443
2.57151302248089
2.529899081219739
2.495092519951576
2.482025698124041
2.449453375562414
2.307341140210499
2.068078340204876
2.009484450219526
1.977360240378762
1.97213743012259
2.004177846908166
1.987167406267766
2.371039902799498
2.625401238871869
2.238981548112578
1.789625979916054
1.377543715138239
0.9683495967229319
0.5243117865894558
0.01914318482710401
-0.4168740273163266
-0.1438126124343899
0.2574117322112468
0.2402871491766246
0.2731251199467406
0.2680636532168574
0.2438683522798441
0.1885596517856269
0.107490638559127
5.20135505271764
4.269432794877333
4.038274197834594
4.063861013028912
4.067781232918048
4.021146153872038
3.984547117831911
3.963949871097141
3.810554404021236
3.710936218912308
3.728671497904034
3.732341379822997
3.732304014069854
3.735151263690156
3.753771775463016
3.647273108642744
3.47767087750668
3.457602558787586
3.420607507292624
3.355275249812163
3.296631143813597
3.245422038602815
3.195812404069454
3.145823992725763
3.09562599098126
3.045507107619773
2.995480741059714
2.945427286056848
2.895200847389142
2.844651659547486
2.793633803162201
2.742049552689374
2.68991628975329
2.637296344830344
2.583942175904437
2.530005830665325
2.484202387528123
2.483794245021987
2.580480235177067
2.595256962272234
2.018565230172656
1.829240575206816
1.867011250576589
1.873701494437301
1.887127507806344
1.925271388912682
1.974407094577616
2.359723802016269
1.938068971733738
1.500818366700236
1.334453457107522
1.21411994483593
1.075620728479617
0.9319478916669721
0.7162202352384073
0.2239494880357599
-0.1685653445314869
0.2502177631479766
0.2964615322879288
0.3270203095422892
0.3187462140147869
0.2802451228867368
0.1706808826021072
-0.01628486423318809
4.124477860504516
3.829253641064944
3.717980992523522
3.771977405919154
3.810898132049344
3.742838822979195
3.532515112314649
3.198665620698834
3.302854859045382
3.658726430313071
3.680982090943544
3.720035179592395
3.746452182328774
3.785098953858088
3.809557078102662
4.163583641488565
4.237625256564929
3.872996792842651
3.617093394762994
3.462546125356566
3.362777873779761
3.28941285228114
3.227016324312233
3.16877785010413
3.112337468042252
3.056732768057937
3.001121775901749
2.944513464434472
2.885764830484114
2.823585709121706
2.756561214570211
2.683263412946239
2.602493506230489
2.513706785745501
2.418088547946051
2.321622200988872
2.238875151956898
2.177766869370448
2.059886305676162
1.657911370265293
1.267174677077251
1.663170047589816
1.713840495486185
1.754305744312643
1.767256262877177
1.770530856998581
1.803650404442861
1.606738420303604
1.024788685005471
1.043188341007795
1.141807000080768
1.139542528157504
1.097476524123889
1.087733556242069
1.165295548731374
1.161855024615106
0.5939407572776814
0.4083969884639639
0.4441341406905143
0.4424243763449314
0.4397175746311144
0.4436596154381013
0.4513527777434769
0.5884801499969384
3.474083898726108
3.469085687838831
3.479210935529833
3.522463448114445
3.539279474486122
3.461517987162002
3.282150359235086
3.143753335967624
3.412950325613128
3.677394666157224
3.681072283805554
3.720443685978481
3.747323688997572
3.786309371031565
3.792699110622895
4.054513761422673
4.289799426006503
4.087613802039881
3.812406348580822
3.599419779435684
3.453257437093928
3.3497652232188
3.269072049276492
3.199523343119933
3.135044975778618
3.072280901482853
3.008799974663201
2.94225435543178
2.870052980070155
2.789247562908735
2.696540237374049
2.588464089611257
2.461877501034555
2.314973790310876
2.148767395209457
1.967384583913974
1.771539231057909
1.540958259866442
1.238648025129759
0.9580008961169824
1.265954245942029
1.658014956072263
1.63898515314165
1.672148928220573
1.665749165141823
1.630297514576141
1.567340583804245
1.322986715656898
1.184520576547819
1.158543591390547
1.152773566378337
1.125542365990646
1.093393605296241
1.06513506961075
1.055861364638163
1.025777272896493
0.8950537045948596
0.6503990317340197
0.5884348457174617
0.5493523284698065
0.5346593204289881
0.5389262338170937
0.5665305993105383
0.6484055539936375
3.136978599764212
3.20132530741149
3.271359694854929
3.323784499597749
3.342882132044886
3.320084249258294
3.295535573185934
3.372911412510536
3.606261722464775
3.708321584347138
3.699562577938063
3.725388140454756
3.743419308464746
3.768712141228033
3.763085202454922
3.859799547287157
4.050898541083865
4.040483832872178
3.887194500778805
3.702754742449471
3.543213981892476
3.417958717226244
3.318884770664117
3.235863391008462
3.16111024312608
3.089111284642636
3.01554990500637
2.936407659219168
2.847437547463324
2.743925398624612
2.620667739880402
2.472193146227013
2.293330382731606
2.08015073971917
1.830878855537798
1.545894101206332
1.228219718749813
0.896513004292586
0.6356265603946277
0.674982496186449
1.351660493998233
1.665246016305535
1.596817871112301
1.62110080879283
1.607720680138498
1.573456352157699
1.519937780721675
1.396290091650326
1.280751823138378
1.218280620507919
1.177079731186118
1.134126736939782
1.089997569388298
1.045536638761585
1.001356882581319
0.9362205507471741
0.8244631605335109
0.7033665964007195
0.6528617079311237
0.6188517488090797
0.6064115963612814
0.612372290743154
0.6401176194459829
0.6914746074234419
2.978220962066748
3.040007144437805
3.121385169436113
3.192954450697094
3.25050225451206
3.311771845592392
3.410652089801069
3.56330599556706
3.701063502836071
3.722093974794675
3.714949419822301
3.729577741237625
3.740273996191945
3.754218506769405
3.750766438990942
3.764360404402141
3.850549299310758
3.899911140835686
3.852824402415966
3.738239905736222
3.603571282523229
3.477310405100137
3.367828292485017
3.272932279100019
3.187026230748862
3.104169632420016
3.018737526329357
2.92519990765245
2.817778083023482
2.690240681236459
2.535903887556401
2.34786511569503
2.119512069279331
1.845397082893025
1.522935879700353
1.156901040376486
0.7717617193310027
0.4371993574774275
0.2960459180107999
0.5480746596973275
1.3543323398822
1.655065857961521
1.567339062365322
1.585720064541196
1.56660751983843
1.530637287877691
1.476481531110737
1.388009725283145
1.30121259517431
1.238425835544492
1.187030380161907
1.137089164923597
1.087484263171363
1.037179470513914
0.9852258840297851
0.9225422929711529
0.8392827992028641
0.7542404688413448
0.7040786052100224
0.671074283190632
0.658718351489243
0.6649009022906608
0.6921009181916297
0.7391474506872848
2.920999206029242
2.970355341252326
3.048710026857703
3.139850392208605
3.242203034435737
3.366235534136288
3.515036787014373
3.658492883320595
3.728855184788245
3.728130128761549
3.724667633811416
3.732414940742556
3.738501152416047
3.745454970740747
3.746110937045168
3.736768698920537
3.749404096520759
3.781176832073495
3.776374805110694
3.71823414081858
3.622723263480712
3.51312361922391
3.404891195776102
3.303569167902086
3.208099027398862
3.114167527005296
3.016089485251461
2.907534473384874
2.781713698910894
2.631449791950733
2.449341496272398
2.228133449199272
1.961436170802183
1.645222119957441
1.281277127827191
0.8849196561794928
0.499101868397074
0.2113505059905627
0.1574284384752368
0.4906482247001613
1.326067742564785
1.640481176242482
1.546931458298449
1.561757412127987
1.540780416180147
1.506523314649117
1.456488230428268
1.386556854174091
1.314420709386638
1.251703213595121
1.194918179553883
1.140177006718801
1.086223249010919
1.031692291479893
0.9755243830382681
0.9142897428118035
0.8456832333652031
0.7798156698158705
0.7347569052977609
0.7054912400996328
0.6946559708456428
0.701031893324908
0.7262143952951551
0.7685390246290676
2.928661138187074
2.971148391572124
3.047666737967742
3.152450003246547
3.281912013725912
3.430819984164995
3.580984309973687
3.6959091884857
3.734877540329196
3.731570630134
3.730207774641081
3.73427004775641
3.737750329789665
3.740968240903345
3.743937474039546
3.731570842825205
3.710428120403169
3.711036025010267
3.706453091625017
3.673951975832976
3.609070676054651
3.521123550868989
3.422323984067161
3.320849128779172
3.219277412327145
3.115777109058535
3.00575775762798
2.883079482412017
2.740786351634999
2.571607390194098
2.368470862309625
2.125252057459063
1.838056469576349
1.50757602509937
1.143289119660723
0.7698937152352103
0.4345144296536965
0.2106417900771953
0.1960479521488198
0.5099001903662407
1.289840883237433
1.64258795441148
1.56197488998229
1.575945361167609
1.554864054026947
1.520282637790876
1.469800782708978
1.404394710815671
1.334500409702952
1.267727668910987
1.204428105006685
1.143316289603662
1.083216355912254
1.022647727029405
0.9605638555144135
0.8959062146743846
0.8295160084049262
0.768348578049932
0.7232305609928527
0.6948161144193202
0.6857031035928546
0.6949703368687046
0.724387663051802
0.7674179923583241
2.981870731725706
3.02216797547992
3.098096299522568
3.206788931605855
3.340975086088795
3.486051182964428
3.618347505530644
3.70955425278795
3.736723334533157
3.734122679748534
3.733458974656918
3.735588452158742
3.737574451595143
3.738856808067617
3.74254385336618
3.730944197989012
3.698549810027183
3.677324246322451
3.658878066466073
3.629154120012124
3.578630443956142
3.506700982683621
3.41873501589611
3.320908818496553
3.216787406201552
3.106362253313737
2.986572932208607
2.852304084515201
2.69736833178516
2.515407102974358
2.300847798885039
2.05014543822245
1.763592053254519
1.447941366899685
1.119715920538165
0.8080527359793107
0.5547128850694816
0.4096357966004806
0.4265759579734453
0.6737519036477743
1.274263550082895
1.550120629066684
1.466958216679133
1.464349371836241
1.443045104846588
1.416073535623755
1.379911223553308
1.33515755142284
1.286578665977527
1.237731913163015
1.189003599525682
1.140350178432493
1.09202794880593
1.044246654164718
0.9973571520404829
0.951461317254694
0.9071884906053721
0.8677144953537402
0.8379063179129623
0.8179233600351536
0.8090251254010975
0.8106883043877594
0.8295699225539013
0.8696124505897164
3.066182013473985
3.105005052396805
3.177850013253149
3.280684443256164
3.403760117621939
3.530752684938746
3.641124644030203
3.715147560437502
3.737770541744579
3.736067553019007
3.73549192510664
3.73660872364692
3.737728125475421
3.738027273551838
3.741672125042776
3.73133565989792
3.696912573563333
3.6636746259046
3.631102754487734
3.593614142372123
3.544222117866021
3.478937596771893
3.397992939952169
3.304024396525126
3.199471732874278
3.084876474597764
2.958444128785104
2.816498502863151
2.654381849943538
2.467564953661657
2.252944090372794
2.010414514761691
1.744784442458231
1.467861938276424
1.200057189120648
0.970283310627984
0.8129443663276591
0.7620703394120293
0.8455013841225633
1.091224143118077
1.597236083959239
1.859557932623483
1.843546678363092
1.817163672009423
1.790889764725496
1.743275028118966
1.661821370371391
1.555233934792647
1.440858463524535
1.332973436074298
1.236805669634413
1.150426141431765
1.067932614762526
0.9820692459494043
0.8870212912251358
0.7809123035782658
0.668762632103854
0.5639966273765882
0.4837083450782791
0.4397259133012627
0.4369816803267949
0.471968385801285
0.548198532523132
0.6499079074307521
3.168097648321957
3.203760693134682
3.269404091488075
3.359447726199661
3.463784934909037
3.56838913001702
3.65787708676483
3.718361442067749
3.738348297212423
3.737508083791616
3.736864034732104
3.737455951667395
3.738077867675195
3.737900839419872
3.741247366786599
3.73231669176513
3.698962710559663
3.659386601836138
3.615907179774943
3.567919257645155
3.512315502391282
3.445679517365615
3.366159969911506
3.273711477130829
3.169046482181704
3.052367814894448
2.922655768482738
2.777713716338559
2.614835152161971
2.431892964137572
2.228714418674084
2.008640396841109
1.780084699036541
1.557694714781433
1.362486604849058
1.220400977167068
1.159521707292007
1.207865787800928
1.394863583871865
1.752026585667196
2.262256579575514
2.612057676218507
2.775321696586093
2.825813447749155
2.797461297779821
2.680768801461443
2.474718065699919
2.205461773247581
1.914869932528519
1.639924620288571
1.397930247873948
1.184882471131723
0.9826767628865778
0.7685499804623878
0.5244152640639997
0.2460208143726783
-0.04998620602532174
-0.3268544623084437
-0.5397595232945553
-0.652175113361726
-0.6471948402872473
-0.5348825525292044
-0.3599482266062705
-0.2092955696303513
3.275398377737983
3.305944292158939
3.361187259495122
3.43514079135794
3.518874018994764
3.601622120025189
3.672413711386534
3.72117248344787
3.738685487123038
3.738570805827551
3.737878773560681
3.738201455502212
3.738545074359755
3.738157377236293
3.741169426532564
3.733592007552012
3.702030142814729
3.658813607748972
3.607309356592657
3.549342870660331
3.484726215977816
3.411877233026174
3.329018324722993
3.235004989615707
3.129362952594501
3.011812439302064
2.881816470344427
2.738533258104437
2.581282213817065
2.410446331679862
2.228646733336878
2.041966814870554
1.860921228742917
1.700791169979906
1.581016187904131
1.523695818740685
1.551795572490913
1.687415839793285
1.947169261246936
2.324500189397662
2.754259161530547
3.120144338972357
3.362375723017417
3.464679497548414
3.435105629632369
3.280492623727622
3.015204292758027
2.670373827697565
2.288377784278419
1.907814635514192
1.550343266124097
1.21668824088826
0.8917695661353242
0.5547924206863218
0.1906176928381043
-0.2001479376964763
-0.5956481305194463
-0.9556102504397248
-1.233040935725719
-1.39019725106998
-1.413370266867974
-1.323742809106747
-1.181744249720791
-1.072392991000225
3.378476789577484
3.402821233112155
3.446391169843947
3.503919897719045
3.568301644319336
3.631623161022178
3.686074832135108
3.724278984636036
3.739012504689414
3.739374565804905
3.738710780713181
3.73888868044063
3.739080475237816
3.738610524485703
3.741338448906378
3.734865934504802
3.704887590732839
3.659219961999687
3.601645887927849
3.535120959972244
3.461233460020548
3.380142608167649
3.291079664436134
3.19304595485466
3.085287194746602
2.967424510380829
2.839424964693008
2.701680980446385
2.555368249992788
2.403090542660843
2.249680444451088
2.102928461253152
1.97396655796535
1.877069547392624
1.828790581523762
1.84652270959969
1.94640524808612
2.139478683661947
2.423835603613523
2.773727049444567
3.13919246238437
3.469980977051853
3.71279468569095
3.827168877167545
3.798687646722287
3.632996420684637
3.349351907377752
2.97780380957634
2.554169647728363
2.111280369307105
1.670537239614217
1.238256128431249
0.8084177446124547
0.370297798529476
-0.0821170672610137
-0.5422931326030398
-0.9879739147564688
-1.384519483654655
-1.694315682800894
-1.889623768772825
-1.965049150263594
-1.944904387819916
-1.879718436715658
-1.826819308624127
3.471080150107876
3.48912148417084
3.521371737002251
3.563935337376678
3.611631476455091
3.658668950115016
3.699261743652912
3.727961695355774
3.739481201240062
3.740008264489817
3.739463424869568
3.739544764434767
3.739653883675166
3.739153973406059
3.741678549982428
3.735973851215526
3.707011703818029
3.659399635357149
3.597075476091459
3.523521974198569
3.441320937033496
3.35190214324721
3.255657842559691
3.152371724664901
3.041741645910952
2.923805347218443
2.799234040856237
2.669582549298367
2.537596597742268
2.407600173264612
2.285882323847093
2.180927814778727
2.103321571052712
2.065206478315965
2.079235991198564
2.156909461351083
2.305924388140527
2.526102204572407
2.804765808189991
3.115748825575705
3.42636099434471
3.704274481164883
3.910518197492369
4.008136496816951
3.975787861346656
3.812273410927031
3.532155316772812
3.159471719079662
2.722016056272159
2.245866768602248
1.750709738333933
1.247538363710537
0.7399200867435486
0.2284933519075773
-0.2831844835389153
-0.7839937304018868
-1.253946924717921
-1.667116435908225
-1.998252291755169
-2.231301166301245
-2.366799868570382
-2.424128772283465
-2.435387200052598
-2.4320251361232
3.550164929401842
3.562394266228935
3.584512750772887
3.614278290752811
3.648387201514402
3.682594449041733
3.712144725666598
3.732581816474194
3.740341680120387
3.74054630663742
3.740203462598484
3.740187763781591
3.740247261141234
3.739730300369164
3.742136761850423
3.736862202788711
3.708268961114905
3.658967062785618
3.592933365327925
3.51387900421755
3.424905712393935
3.328258085145163
3.225297334525226
3.116744441529954
3.003119395707617
2.885238521206032
2.76465966599687
2.644034226553838
2.527367657424372
2.42018175387164
2.329534788145393
2.263827360271015
2.23232357071365
2.244333928223308
2.307994816910857
2.428532395420186
2.605976532401939
2.832846451660275
3.093378240753745
3.365930318833979
3.626982403490138
3.851685299476753
4.012182589483346
4.081095486364124
4.039083973625432
3.880244133705301
3.611604524183361
3.248926655257347
2.812074689457608
2.3213088947649
1.794671347566225
1.246661050793899
0.6885335769696345
0.1301294608030592
-0.4176379590798584
-0.9409645666616646
-1.423109230174127
-1.846490208384563
-2.196460086902698
-2.465508954113573
-2.65595835208032
-2.779179383571901
-2.850881360324282
-2.884784378126806
3.615132853194901
3.622245856537217
3.635629335337588
3.654747364791954
3.678125073173469
3.702873659678145
3.724656354820378
3.73870292123412
3.742030342427053
3.741062504988474
3.740963260297405
3.740824325724299
3.740846848459091
3.740310094768627
3.742675953706545
3.737529396162777
3.70872605729246
3.657992452917593
3.589271280087194
3.506318882748058
3.412455127759684
3.310377089504081
3.202117414328976
3.089205064366077
2.973019413609686
2.855257201763826
2.73839906377634
2.626074465799122
2.523255161797824
2.436232694772821
2.372350541621304
2.339475859526538
2.345213881447923
2.395880665377847
2.495256294120368
2.643195617554255
2.83438720764248
3.057905693531288
3.298232904482121
3.537428174291734
3.756692826696901
3.936347454321928
4.056099281143842
4.096586260787086
4.042624385752488
3.886531509097989
3.62924650891377
3.27896634428837
2.848732842781312
2.354246315369015
1.812302558667306
1.239794428360013
0.6532025901418509
0.06849219821056751
-0.4988267410826215
-1.03384879959933
-1.522920084390563
-1.954790294521491
-2.321937697198135
-2.621446630375109
-2.854750470886062
-3.02598316228991
-3.13961518224521
-3.198725572921888
3.666775606177249
3.66954212167468
3.675694050040326
3.686137206106304
3.700919726383683
3.718643658726766
3.735759854963745
3.746247167930552
3.744373072196449
3.741550913146565
3.741685890305925
3.741431563395384
3.741434060612094
3.740879509459767
3.743269310485108
3.737997948123845
3.708564742296423
3.656820836616358
3.586574904941526
3.501477634150126
3.404845090903829
3.299537042503757
3.187945422091876
3.072137641011155
2.954160727618351
2.836455990477546
2.722286009851172
2.616057232348297
2.523434552280319
2.451177528780542
2.406668985046613
2.397149366477517
2.428713139367907
2.505169474750848
2.626928960125388
2.790163114350158
2.986563455793803
3.203963254654305
3.427698136996724
3.642019646266092
3.830866880912127
3.978191481972825
4.068477965482145
4.087443745625824
4.023187338019312
3.867762084723626
3.618479107577218
3.278300646248636
2.855385699229397
2.362242115988464
1.814784866034707
1.23131788161516
0.6313594131756212
0.03430424814763085
-0.5419718927192509
-1.082382394402535
-1.57555195548012
-2.014167984557815
-2.394594086291179
-2.71573018253305
-2.977385906697789
-3.178776768062064
-3.317888249740264
-3.392078169657326
3.706131885964901
3.705630455990232
3.706661371551183
3.710667268677782
3.718272004305363
3.729423257842181
3.742555434119748
3.752065974686331
3.745353973559755
3.74172295216618
3.742146322109303
3.74193510816188
3.741981794294959
3.741437215861215
3.743898092610308
3.738320616047787
3.708083819311771
3.656000528517254
3.585599594899418
3.500276013710137
3.403152644182491
3.297003868042326
3.184280388565258
3.067264343983159
2.948355954948032
2.830449565492749
2.717312151924059
2.613850775056496
2.526158953138185
2.461263210436246
2.426538840661489
2.428818868171601
2.473282744514412
2.56228966146012
2.694413221598159
2.863993235801904
3.061443645153016
3.274264633374592
3.48832798754175
3.688910455371601
3.861335776407753
3.991469651516306
4.06615672111475
4.073529135257766
4.003362827338955
3.847832220525564
3.602668210694784
3.268260395667798
2.850244268139665
2.359447087350439
1.811281616555524
1.224657306489866
0.6204223038108253
0.01942304083432951
-0.5595518386157304
-1.101519381683837
-1.596288273630736
-2.038357934175859
-2.425683145139542
-2.757647469333347
-3.032980703685723
-3.248513786102606
-3.399361892429631
-3.480438674156919
3.733299142420026
3.73186930197459
3.731336406819662
3.731973581118549
3.73378583715946
3.737140771586848
3.741782575986599
3.745307733140416
3.741939798770435
3.741702814377942
3.742240601000112
3.742305935796034
3.742493604426052
3.742009160682837
3.744557155642624
3.738604265580146
3.707733405780587
3.65626069123973
3.587274075830911
3.503758391113097
3.408464789095707
3.303857972106236
3.19216958581832
3.075574137613971
2.95647865564203
2.837880460631118
2.723710300450085
2.619057027030376
2.530174786576042
2.464202223294783
2.428566227120605
2.430093319383194
2.473911752663594
2.562304953330512
2.69376875478256
2.862583540386272
3.059135272786489
3.270930200753439
3.483874270777601
3.683298861671136
3.85459796243107
3.983718159681549
4.057587559610902
4.064414672371296
3.994033546039505
3.838646604906999
3.593975519095963
3.260366892037121
2.843392216585081
2.353808550500242
1.806962721544309
1.22170707689512
0.6188422385867932
0.01917644546035949
-0.5585301496387054
-1.099312647856088
-1.592988102806526
-2.034058899843278
-2.420484989758259
-2.751663983357059
-3.026347974725667
-3.241388551946153
-3.391908674823298
-3.472816595609866
3.739181295212074
3.73840432321524
3.738079741485445
3.738154267391656
3.738479752681397
3.739089861655736
3.739973621549565
3.740806520906075
3.741599563972425
3.742021972675488
3.742528481066127
3.74279534736839
3.743097840240333
3.742686480023683
3.745271794910789
3.739020022879314
3.708118094084006
3.658490268389841
3.592638522244715
3.51298295134904
3.421730027861869
3.320832039670387
3.212062323101254
3.097214120811105
2.978402372895948
2.85841255433876
2.741015273675572
2.631160830063752
2.534981798145253
2.459554858434204
2.412399914596911
2.400725275046536
2.430464331488518
2.505193976038897
2.62508549344097
2.78612357019179
2.979907264915989
3.194284538063051
3.41469647426318
3.625563295971506
3.811037970527727
3.955319513899734
4.043151411676681
4.060490970944765
3.995616285287049
3.840657495997871
3.592880972591136
3.255102328347188
2.835277698641382
2.345702242304717
1.802098886717292
1.222612338423833
0.6266342225757038
0.0334602034410067
-0.5391098738061912
-1.076043304626054
-1.565997753342445
-2.00167938889698
-2.379471988242491
-2.698314665660187
-2.958078314818412
-3.158038651352771
-3.296204948035379
-3.369913315053081
3.736460076296512
3.735758286378954
3.735543209509071
3.735932406911853
3.736795854708716
3.738058243949174
3.73952992974885
3.740810033208371
3.74159046565116
3.742242134449596
3.742903490389586
3.743381553342431
3.743819228617775
3.743528319150331
3.746050579105225
3.73976548822794
3.709959736932475
3.663706959626537
3.602800806405304
3.528949121402829
3.443652228841898
3.348179876157752
3.243672669907416
3.131368764384045
3.012914946774282
2.890689286754103
2.768063698387291
2.649560501397542
2.540879759400424
2.4487779526114
2.380771111781591
2.344634674596892
2.34768453022764
2.395837473891066
2.492459701589617
2.637069449090903
2.824170872157147
3.042844648601498
3.277754013813513
3.511258454038272
3.724929250621348
3.899513721039618
4.015179232173884
4.052998970655816
3.998100242992113
3.842899079884183
3.588204090657889
3.241916251948942
2.816709380478941
2.327923852195017
1.792052479857933
1.225760176699006
0.645368103747442
0.06672799210973662
-0.4947427646815881
-1.024225696962547
-1.508148257817095
-1.935328537719338
-2.298300343951768
-2.594205455334345
-2.824552638073361
-2.993558122754753
-3.105732740892047
-3.164114126645312
3.736146119393618
3.735478577444959
3.735364710213938
3.735799149539845
3.736639722263749
3.737795653307306
3.739126493530774
3.740424623920061
3.741511574243828
3.742498088429121
3.743401354773599
3.744116482051755
3.744717042783365
3.74461643168262
3.746910440107118
3.741067461930514
3.714073167855592
3.673032386715016
3.618905624532518
3.55254681631841
3.474610700044321
3.385567283315704
3.285853655903136
3.17614071809508
3.057628076959493
2.932276247844237
2.802946743371654
2.673485902716707
2.548801230531822
2.434935687187947
2.339083074227566
2.269448485216742
2.234859353250751
2.244054604567199
2.304574699183806
2.421134726136609
2.593441997964458
2.81396448676609
3.067181718373574
3.33191747706448
3.585216409260494
3.802855382321763
3.957684247197594
4.022998525030661
3.979891794139311
3.822517308773564
3.557617320581468
3.200459200820721
2.770348747620517
2.287033823446386
1.768161097131053
1.22798006748683
0.6776246653700533
0.1268833815332394
-0.4133853694402916
-0.9294861093861267
-1.404843956009237
-1.822059868224285
-2.166629939955209
-2.431120703442326
-2.617885239883988
-2.738327299608092
-2.808194359844565
-2.841183611165365
3.734828852852817
3.734201683037879
3.734205598618107
3.734824944292421
3.735862839958901
3.737199865219992
3.738695208807612
3.740199842356636
3.74159455196536
3.742889631637895
3.744065701715759
3.745051085809036
3.745848186420141
3.746037810788278
3.747867058785181
3.743181934742102
3.721373147051171
3.68768972566223
3.642113563182251
3.584508828885067
3.514577485918122
3.431953827999953
3.336464079377937
3.228440888889841
3.108919809272038
2.979645651245776
2.842977556314509
2.701860379654029
2.559984221914269
2.422135470597541
2.294623598886252
2.185595583481441
2.105044890904049
2.064380458494607
2.07548908727644
2.149177325299295
2.292634159752176
2.505481171447507
2.775265846861765
3.076475038276103
3.37729070909508
3.646262945619024
3.845443594917935
3.938796009078001
3.905441444019261
3.744095659353706
3.468834299683456
3.102995548057796
2.673617323340431
2.206106793618123
1.719677620056951
1.225104008848831
0.7259520180605521
0.2229611352979302
-0.2802552839313665
-0.7726801758384884
-1.234611631525093
-1.640507317989286
-1.965446907519396
-2.193509305431224
-2.32513856059946
-2.379525284177367
-2.388685474267758
-2.384172929706032
3.732820534564266
3.732333099868338
3.732570771159522
3.733495033373046
3.734845670131204
3.736479092375574
3.738253295930667
3.740048998735038
3.741776547034974
3.743409903638931
3.744910190273193
3.746222826736159
3.747266098533946
3.747886523325117
3.748934341347052
3.7464048868677
3.732908054498446
3.709016562159786
3.673576452953984
3.625339419811634
3.562986383011419
3.485413578578656
3.392199064188153
3.283905801562462
3.161974180032929
3.028292532922503
2.884766645266216
2.733193215679085
2.575569593568283
2.414786412304008
2.255519751463996
2.105064137255535
1.973819808841163
1.875195091775831
1.824839434409016
1.839296809905748
1.934001675527375
2.119549758546201
2.394046104851735
2.732462042214204
3.08622985844667
3.406503261344724
3.641386229839187
3.75137612342839
3.722276773097213
3.559430806406385
3.281484690515583
2.917656763372978
2.502828807239663
2.068996774339849
1.637030239412043
1.213105976265348
0.791391579165287
0.3614887838036713
-0.08238206394003862
-0.5337379273406715
-0.9707288525884449
-1.35937242525462
-1.662691722484964
-1.853235002149957
-1.925353128300509
-1.902702050049333
-1.835263860125581
-1.780624166597251
3.729868192767762
3.729668649681328
3.730301866034208
3.731703631050967
3.733527144148074
3.735599047808044
3.737771668580562
3.739945147908953
3.74205372094081
3.744070347131921
3.745952373203849
3.747666890789108
3.749024227976264
3.750267027215751
3.750126325758743
3.751099511359011
3.749904546566584
3.73846795568278
3.714385769868072
3.675175112752015
3.618477975871984
3.542824682798401
3.448371468325677
3.336900260879812
3.211017180556801
3.073085149849407
2.924495472330806
2.765587806404773
2.59621449937972
2.416781160136542
2.229550171285808
2.039969135558787
1.857723277584622
1.697144932385862
1.576681151160429
1.517474312707055
1.541638936032868
1.670588589949211
1.920534298155905
2.285234890114328
2.701413863881737
3.055939837196158
3.290583714426342
3.389304756328656
3.359699686081904
3.208236111129616
2.948811157120613
2.611739383398136
2.238328641746999
1.866210958535705
1.516501368831117
1.189904034296125
0.8717196677717826
0.541690571545449
0.1850940320001074
-0.197416022720052
-0.584444385877394
-0.9366132335259117
-1.20791820707965
-1.361177925126515
-1.382352717815077
-1.29138400919862
-1.147287986560968
-1.035031272884683
3.725730972796283
3.726066604903083
3.727341167892849
3.729455536344775
3.73194344695784
3.734599225779435
3.737273708476325
3.739893212824912
3.742426067298814
3.744870301453334
3.747195717706545
3.749405671150433
3.75117010375579
3.753293908570186
3.751460886802104
3.757724753760674
3.773778810420298
3.777586418151789
3.765471801643923
3.733488345814926
3.678391253439887
3.599366392785259
3.498706553417418
3.38074204426117
3.249872695981131
3.108917132203152
2.958420451584777
2.796910972653635
2.621809091756246
2.430713486793918
2.222911287583788
2.001020255573236
1.772596130549395
1.551326283320897
1.357204188799917
1.215147607278202
1.152299943663949
1.195880456009794
1.374634413165222
1.719498706899928
2.214163730389923
2.553344260670239
2.711553800317975
2.760331152846336
2.732417138458606
2.618373123722602
2.41715619970173
2.154268634010066
1.870547008338512
1.602055463265526
1.365662235424504
1.157452979870484
0.9597651875171561
0.7504002818674507
0.5117325182413198
0.2396456465608073
-0.04958455575697799
-0.3200916765952694
-0.5281616439745878
-0.6380526874202628
-0.6326186027673483
-0.5202950711766426
-0.3439350412173198
-0.1903837280391903
3.720054361728764
3.721331066485924
3.723616605512577
3.726767887545035
3.730155413722485
3.733547525700325
3.736810085030549
3.739917305009217
3.742894882644738
3.745794999878758
3.74862177380681
3.751439114909004
3.753737327797756
3.757089326661159
3.752961694395639
3.766786953853834
3.806053032222873
3.827982849010749
3.827407101097128
3.798414865724149
3.737819120819729
3.647874612324606
3.535385971613378
3.408376490980995
3.272927059359299
3.131618320812088
2.98352441281346
2.825095915424424
2.651373498483306
2.457292693446464
2.239088207902901
1.995916867678399
1.731782581621683
1.457611244375861
1.192839620285466
0.9653335499986336
0.8084551894051274
0.7553400468096906
0.8332233345192513
1.069651759909124
1.56079350518172
1.815356896353057
1.799355472351064
1.773568900972069
1.747945928886993
1.701497425965104
1.622034328107052
1.518053771358418
1.406474946022404
1.301221984472789
1.207389259985535
1.12309214749978
1.042571283232379
0.958748261381633
0.8659527790829963
0.7623622632718787
0.6528869600745568
0.5506182359108827
0.4721623643145901
0.428952725734449
0.4261326733789621
0.4617328513895678
0.5401027281832504
0.6345087087399639
3.712325340492161
3.715232636147852
3.719095794750432
3.723732106593174
3.728301441438926
3.732575844603541
3.73647467223882
3.740060857809675
3.743454980110435
3.746801626969172
3.750170667065231
3.753723769611993
3.756728739863363
3.761779677755283
3.754639888774244
3.778563637237127
3.848316010206759
3.891529206711733
3.899839728339467
3.865229463316112
3.788150092877721
3.67845306260666
3.549820917455683
3.413723994455047
3.276427997249999
3.138902758982149
2.99810637961989
2.848475697998041
2.683179590717472
2.495154585377654
2.278123591711683
2.02785665107251
1.743967181893722
1.43249279199597
1.109134478668387
0.802039895189915
0.5518152815300602
0.4071891657403329
0.4207631471861495
0.6594330066507954
1.243886737508097
1.512675850874632
1.431576453339611
1.429039316956068
1.408272217137692
1.381982361954131
1.34672979663867
1.303097532770089
1.255731910942236
1.208101565560364
1.160582527247624
1.113132384389542
1.066000891428041
1.019391655867511
0.9736458334020412
0.9288613919795584
0.8856518241740184
0.8471134259266464
0.817986101002584
0.7983985694801352
0.7896004437420778
0.7911426291455944
0.8102781772303942
0.8454538487527611
3.701774356701535
3.707529016538192
3.713852348200799
3.720583319174579
3.726650968521417
3.731913327171296
3.736419521973738
3.740386643452295
3.744084158745694
3.747798937608191
3.75171209067859
3.75614089052687
3.760098850308215
3.767530396931821
3.756466599205439
3.792837720802603
3.903223968834426
3.970835271019816
3.97949394498364
3.923372723811795
3.815673855742293
3.679344958838069
3.534713656975332
3.393637849620497
3.259739020024078
3.130974829872776
3.002058965938398
2.866019513845898
2.71507543784289
2.541195660476158
2.336635554205636
2.094686049905936
1.810937347396002
1.48558491321878
1.127531402057876
0.7606656868510338
0.4308972001328339
0.2100037194834759
0.193601872382134
0.4983156601748566
1.258821816760241
1.603123054481343
1.524479641103436
1.538105440118551
1.517542633759255
1.483816995919923
1.434582650641242
1.37078960650968
1.302613127921698
1.237475160398564
1.175718403384777
1.116089472461542
1.057441519570626
0.9983298558774543
0.9377337239209265
0.8746201736578103
0.8098110836225252
0.7500939657222301
0.7060384747508384
0.6782916969200792
0.6694457277540801
0.6786085389851093
0.7078642511053203
0.7490186562581029
3.687128851590878
3.697972442651378
3.708143879523091
3.71777095808838
3.725647490218259
3.731903870241205
3.736854267887685
3.740964657309855
3.744720927496613
3.748611027969302
3.752994227919602
3.758436094864984
3.763735995366598
3.77467692210439
3.758528354081655
3.810864969578214
3.978645826241526
4.068173122455302
4.054459727846656
3.952550553872259
3.802374266935824
3.640446373090881
3.487400384058368
3.349768009889545
3.225890444048049
3.110442692764617
2.996707592633671
2.877405985770268
2.744912962413492
2.591339753272686
2.408701303183783
2.189279966518553
1.926328859830461
1.615531572843528
1.258369287185519
0.869651830501912
0.491275568120944
0.2087496057540167
0.1547488314822945
0.4791016208782198
1.294178009715081
1.60106042149593
1.509771045640906
1.524241060950525
1.503784985182812
1.470382326568078
1.421591072219101
1.353389444986967
1.283027245160992
1.221843773701027
1.166441492472162
1.113029485383133
1.060382803578653
1.007169866437936
0.9523560111992705
0.8925922227640848
0.8256286464588415
0.7613299941624283
0.7173372226042799
0.6887630390271702
0.678208755210375
0.6844641111243058
0.7092573185346266
0.7501886515442221
3.666514958233404
3.68672937368245
3.702910931835472
3.716356580002309
3.726163632909248
3.733146169669471
3.738112862372131
3.741895100594692
3.745257948864483
3.748943181319201
3.75357560941704
3.76012214547717
3.767443838446485
3.783918266676022
3.762148779243036
3.845069432654628
4.093266512547629
4.175488569964224
4.093679521483546
3.922463321134166
3.732477029941693
3.559672129392061
3.412990867159916
3.289022945377199
3.180878803381316
3.081512470504191
2.984337148327146
2.882979547230633
2.770942344356893
2.641407430281931
2.487234222993068
2.301183445338308
2.076410135298808
1.807314456156063
1.491197365709202
1.132641394463888
0.7555420630260016
0.4279851553386574
0.2894692333498665
0.5350257058032737
1.321794568985104
1.615318505270801
1.5297071228075
1.5476486727081
1.529013288227689
1.493943465668447
1.441138140715678
1.354853421685243
1.270183692171962
1.208922743464689
1.158769908131059
1.110036318698562
1.061632086768923
1.012545807398145
0.9618509138399488
0.900681482310521
0.8194267926438982
0.7364184923861222
0.6874457808487944
0.6552285360305735
0.6431900565209202
0.6492523323139319
0.6759025987876157
0.7216714429259594
3.637473836335272
3.674194657552559
3.699077553598017
3.717273832612233
3.7289317403457
3.736108582162195
3.740413639650028
3.743164878962231
3.745446201472641
3.748280531437902
3.752644873916457
3.760118843353188
3.77034718890632
3.795169085971836
3.772046255042829
3.933869559657135
4.260750616391404
4.244739568483538
4.041148463866433
3.80605145845446
3.605824213570953
3.448715128998987
3.324450291729544
3.221684775614984
3.131897783955493
3.0489044770985
2.967716394540564
2.883695724950629
2.792071201025415
2.687712416471613
2.565104199376727
2.418557017367006
2.242757687841798
2.033687273121342
1.789508507336124
1.51056208020047
1.199828762288187
0.875573990748571
0.6206416261308207
0.6589001428890582
1.319247369866796
1.625287421398854
1.558503685669968
1.582202696804895
1.569162882994263
1.535764086928181
1.483591228078406
1.362994399626865
1.250269499386274
1.189300406220353
1.149080663212968
1.107158827297148
1.064096910311073
1.020717914425857
0.977619606976734
0.9140713724846226
0.8050261643847105
0.6868371308452336
0.6375210983440183
0.6043177745613213
0.5921908238587286
0.5980354195623153
0.6251733735173634
0.6752621513639422
3.584695491532666
3.669266841783406
3.706612152825674
3.727011267380332
3.737646453500052
3.74270635013491
3.744631461537209
3.745022056617282
3.745077057451352
3.745947459073427
3.748914618986221
3.756294270012273
3.769583533425979
3.80422145933508
3.798101663924413
4.109283132479939
4.397702011141445
4.155269138716717
3.844843358423534
3.610859965823466
3.44912167507408
3.331433333501353
3.238025399188698
3.158021530341302
3.085577240859976
3.017122089862563
2.949864033904578
2.881103646174012
2.807954253210198
2.727235025287061
2.635476415727112
2.529094550150782
2.404872791954423
2.260946967552488
2.098255413507741
1.920819310176161
1.729364344790016
1.504145053453951
1.209069460340837
0.9352190720433385
1.235742374575329
1.618293758844582
1.599698515519341
1.632053316959623
1.625823565673082
1.591273364617499
1.529908251980085
1.291564960361929
1.156444630547846
1.131059364661783
1.125397276374308
1.098813219411515
1.067442478604831
1.039877541398751
1.030850703473771
1.001522823234045
0.8739932966003655
0.6352194245448907
0.5747027161619419
0.5365410391489136
0.5222110325694527
0.5264111217187835
0.5534089026619005
0.6333924066163189
3.385629046035129
3.624502054561177
3.702502271452362
3.734502671935474
3.747005568304929
3.750373442179341
3.749467720239238
3.746708612174659
3.743508024399015
3.741015431902804
3.740540636039965
3.744578632061959
3.755993963706957
3.789264568423238
3.812898679106283
4.194079419182632
4.181570508292296
3.785741933205901
3.542488711229877
3.402570607501162
3.307569932218148
3.232701875547514
3.167076190925174
3.10591497104206
3.047334857508267
2.990357554254098
2.934044032049472
2.877306894947841
2.818913933302774
2.757496897444219
2.691579364637602
2.619689546318363
2.540598403810571
2.45373523348503
2.360238089548184
2.265947468540253
2.185097999223529
2.125445274173338
2.01048712816891
1.618357469117383
1.237082894170803
1.6233997214286
1.672790855992889
1.712248365279172
1.724886886544318
1.728119414190451
1.760504316079719
1.568454121244879
1.000662921649873
1.018523546266114
1.114659360055327
1.112408762205827
1.071357671522411
1.061872892105952
1.137602725927882
1.134300944881871
0.580212094107219
0.3991288406954107
0.4339243422234023
0.4322304521096469
0.4296018983103702
0.4335147534682908
0.4411451465074492
0.5753473146167654
4.128712529057723
3.904556287472114
3.832713672723634
3.799343536882823
3.780980272116453
3.768575584121741
3.758594426943619
3.749594740209722
3.741106603146624
3.733077954008416
3.725657759230844
3.719354954586408
3.714095443761046
3.713145271668403
3.731841637222047
3.610067236782346
3.355434185383846
3.333337430975207
3.320541685764781
3.270953868554156
3.218020970796637
3.168568181274332
3.119988920308198
3.071029626762374
3.021872511946695
2.972786043481454
2.923802525943248
2.874822459977672
2.825707826163663
2.776307990635617
2.726473398470012
2.676101739928484
2.625204360271225
2.573838296885081
2.521760349112431
2.469120196894592
2.424428664373544
2.424059885214812
2.518470614779655
2.532971598295861
1.970281333903775
1.785481781045571
1.822261708231428
1.828748306136899
1.841838206867023
1.879070908989636
1.927059702046432
2.303064365057578
1.891699316611229
1.464956083390003
1.302506643220865
1.185018641965426
1.049855834035147
0.9096871194697921
0.6992500914926263
0.2190037597310388
-0.1638955224408606
0.2447244480938925
0.2897872356719302
0.3195839275365279
0.3115039995290688
0.2739520340586557
0.167038197564179
-0.01529578134695331
3.942352057561922
3.868500050085564
3.835112277593387
3.811243015467277
3.793188611583866
3.777804283217242
3.763898478778515
3.750663999925963
3.737562319178792
3.724057042057303
3.709392785129109
3.692305710178421
3.670025192124895
3.636023029364627
3.587917194247495
3.42087948419716
3.332402836892776
3.30595843603586
3.280540051748434
3.241607948582734
3.199119288143824
3.154896174215026
3.10943092632213
3.063091193019691
3.016225154504143
2.969070636938754
2.921782707605542
2.874475507810061
2.827250796834393
2.780211045166741
2.733467556431072
2.687151509505328
2.641424142258856
2.596473219319941
2.552479757066668
2.50962151700234
2.469034756839945
2.43509506185895
2.422378963412274
2.39063641045777
2.251990133134324
2.018478385358791
1.961246055183403
1.929859546119879
1.924749314848591
1.95601049116838
1.939442045570638
2.313973689010306
2.562115918086767
2.18502418204937
1.746507501182692
1.344370949448446
0.9450725420585813
0.511789023849437
0.01886987325283848
-0.4065319094998278
-0.1398951486061897
0.2516693287959355
0.2349156845296602
0.2669496813837577
0.2620071907215663
0.2384105832717321
0.1844321066322381
0.1054851333124065
3.911557285548792
3.880503148959994
3.855591733278653
3.829802332920281
3.807578063255552
3.787615091051369
3.769342658861909
3.751970579499732
3.734748992947674
3.716850920889796
3.697274561417542
3.674679918397049
3.647189503356897
3.610707156663114
3.566791192330151
3.480758457431397
3.406938030834152
3.354367739532066
3.307093441132347
3.258605108420339
3.21050848068892
3.162606706651425
3.114745640102901
3.06680722901447
3.018793621769347
2.970732307125541
2.92264096150883
2.874521680564623
2.826367464609061
2.778169227957199
2.729923427083606
2.68164461928789
2.633382163861187
2.585238890283919
2.537412904956962
2.490283815058447
2.44474768200491
2.401289186855396
2.359668271622461
2.297823145771237
2.185853378404091
2.068923337035625
2.020236888977477
1.989521478983973
1.977816299800345
2.00080298678408
1.938867779781692
2.237778380833379
2.818670375507842
2.678753432368863
2.165973733737647
1.518329536930396
0.8327031991980837
0.158453677638685
-0.398547562919318
-0.582645727486338
-0.02796292924069702
0.2658392570834855
0.2083721120447625
0.2328452393901403
0.2238401320328031
0.201126461276977
0.1559891369770877
0.1308232922676999
3.920682968760683
3.894222896889605
3.870369175620262
3.842656793581747
3.817709490515769
3.794610557264817
3.773185062624228
3.752731885476289
3.732397694316779
3.711155708677907
3.6878126609143
3.660910166813171
3.628766986010225
3.588479438226408
3.540723387682018
3.473133491262879
3.410032904944494
3.357015506740121
3.307686634707545
3.258787699293133
3.210444116667504
3.162351715780657
3.11437356352079
3.06641194381397
3.018443791760813
2.970465240442711
2.922476923632756
2.874477782373164
2.826465108685549
2.778435417774216
2.730385176704809
2.682312495121461
2.634217931118015
2.586100176205079
2.537954348791089
2.489753750492731
2.441537242854162
2.392833000063395
2.34262370399961
2.28173293834895
2.198668038344127
2.115364016308377
2.065325766569077
2.032402312296974
2.015004300920491
2.032030300750539
1.953347305474064
2.237423466448641
2.914856341055357
2.91207080908692
2.411426424398508
1.637877846118989
0.7771009944196674
-0.01300985610980966
-0.5455174731898565
-0.5968756805376619
0.005627736417503775
0.2634883129012267
0.1951467747969545
0.2152845456386981
0.2056365186531806
0.1868933559508787
0.1495618548602352
0.1480784385931128
3.969709261958877
3.924477327801905
3.892278224237079
3.85833596743655
3.829055672913192
3.802204279930706
3.777506275217771
3.754190902089671
3.731241582446386
3.70746401641444
3.681586861107435
3.652230259019925
3.618048964382874
3.577276954763781
3.530331549288853
3.47277419198719
3.415797337283832
3.362725068402572
3.311730317075514
3.261636699944351
3.212343724513065
3.163561746955457
3.115106805857193
3.06683991416479
3.018680957048014
2.970579930916095
2.922505150544116
2.874433663253224
2.826346156338145
2.778223523315217
2.730043018193804
2.681774385950142
2.633373320137352
2.584769025588064
2.535847826420286
2.486419334927521
2.436215160045322
2.38458657882039
2.330677827624106
2.271140900836162
2.202962009237363
2.137453917792666
2.091033428365588
2.059421041266514
2.04010640621004
2.053355667822976
1.970736454262626
2.264784925713631
2.941132104635535
2.960713885927439
2.474315123289685
1.681311737717903
0.7858982368754103
-0.015272383017445
-0.5249549518833374
-0.5602407702074921
0.004763145762786714
0.2553862287825291
0.1871871764082363
0.2037855394129239
0.1942348644772443
0.1786199916511405
0.1473624451561201
0.1554780718174993
4.060497086672188
3.954032460787857
3.897354029241388
3.855441228763875
3.824713740661872
3.798091108457049
3.774233826319191
3.752145929260648
3.730567001521122
3.708003754614703
3.682938189358802
3.653872170817345
3.61951139460671
3.578676146202308
3.531746404018782
3.477678672066526
3.422361176334279
3.368337265762197
3.315713437940049
3.264294875424019
3.213995398279472
3.164532565283057
3.115652614582363
3.067144898305165
3.018861689559537
2.970703265584225
2.922603732238894
2.874516929403637
2.826405517504176
2.778231477116763
2.729945501247432
2.681473592441702
2.632697593294464
2.583426634943403
2.53336361445257
2.482069631556317
2.428984665330359
2.373393410838008
2.314768688097531
2.25238889142873
2.186901146024834
2.125718277211987
2.07860021234772
2.046341925447928
2.026671658686487
2.03865652395089
1.970060510147332
2.297671460153863
2.892493300066295
2.857641665681668
2.385123810044122
1.654452637941518
0.8374417500575262
0.1021623876729308
-0.3891624864232281
-0.4786677637612221
-0.008141095484469556
0.2607979690747297
0.2072724942515645
0.2233206092331753
0.2158633103472621
0.2027514903481218
0.174621488954696
0.1691644266684385
4.406257782662042
4.099934799993911
3.994675370669272
3.934510470188555
3.885343314200358
3.840903309458571
3.80139408175177
3.765493392897946
3.73148422856118
3.69788959879555
3.663555202187426
3.627550836509928
3.589144328298746
3.547706193484946
3.503329418596297
3.455366265838422
3.406414504712616
3.357548800359367
3.308788566803637
3.260099950526778
3.211552951840023
3.163128469754491
3.114804049336842
3.066555442193914
3.018365441770578
2.970219890300206
2.922107650565538
2.874020123022434
2.825951290739055
2.777897746160065
2.729859868891124
2.68184361889515
2.633864417183667
2.585951337629067
2.538151144117712
2.49052469803197
2.443163453880241
2.396149765662366
2.34964042513838
2.303535181428033
2.258082469023281
2.216506870073446
2.183082138334639
2.158138150472136
2.138218127706491
2.134709427574331
2.064367651806
2.298134533000097
2.693162762668543
2.58694950409416
2.169215635505221
1.570373298275223
0.9092280153772602
0.3038937582696315
-0.1336525641472449
-0.2885793555921058
-0.0008325019683728025
0.182026230277618
0.1266668430583049
0.126668546638452
0.1150185445663349
0.1054855937404077
0.09501819180491629
0.09990012464797537
4.871521380191548
3.904040886395531
3.658342825956494
3.693132822000677
3.728324929628502
3.733234323434615
3.731575251808749
3.732645564459894
3.734964020048248
3.734867072390252
3.728905917386086
3.713830157088969
3.686696663022544
3.64564993732855
3.591059908775996
3.52585492297311
3.456841993088184
3.389739435004258
3.327148264631087
3.269387665062356
3.215612428778019
3.164574107017592
3.115184002376819
3.066688842405432
3.01863336010594
2.970762773939062
2.922941017876458
2.875095334591758
2.82717997680814
2.779148913455018
2.730929469282731
2.682381976513249
2.633226759050755
2.582907442216516
2.530360337651096
2.473715374434227
2.410128706418441
2.336135959922601
2.248956672119538
2.148563081371955
2.040840223545124
1.939788513947444
1.862185713395585
1.816621234058772
1.791600781262068
1.765902841189302
1.741014668147446
1.924008682821212
2.219733960337363
2.144845185969326
1.859302174144085
1.445588876906536
0.9843547522604945
0.5586667541874902
0.2455129376449185
0.1197480392659252
0.31916046376686
0.4531171092248031
0.4350113633471996
0.4232380513932426
0.421330634375165
0.4352090655267938
0.4597724238522432
0.3336087281302791
3.427803807346461
3.106721088453058
2.988161765039507
3.084915709098135
3.236617787520849
3.374151452319869
3.497455972060751
3.614848905983687
3.725824402844243
3.823983763389029
3.900760961676178
3.947091026144692
3.954946397876971
3.919906378540869
3.844280350380881
3.738900211440266
3.620865062630845
3.506356923503646
3.404907889624261
3.318952292724282
3.246536508845248
3.184127783372283
3.128326287631189
3.076523424911932
3.026944435302308
2.978452584541289
2.930320848932681
2.882045105393118
2.833205375996826
2.783352687013364
2.731885483193817
2.677866483999924
2.619719411979787
2.554743233870028
2.478432216667391
2.383777102606771
2.261126767959225
2.099710836128363
1.892062309922549
1.641385566094929
1.368605545462118
1.111756924672537
0.9128000011400947
0.7982421633696561
0.7670449169260362
0.8043246789978683
0.9243088856400485
1.165793547182788
1.482618978536475
1.586375686722575
1.499342289958948
1.297034740062788
1.051851146121861
0.8322063776253498
0.7068989689916185
0.7454517113271731
0.9736399856761923
1.16585140063485
1.284713246513213
1.360651308244253
1.411579159639006
1.43700868867707
1.424240585552859
1.353149965399015
2.42240544412075
2.423635291585557
2.469216868739783
2.610418932103891
2.817757920370293
3.044217840584881
3.266404390029838
3.477315160694213
3.672043287779147
3.842618582463592
3.978615685565688
4.069286622199842
4.106142224037027
4.085933433099581
4.013282280300301
3.901275094347369
3.768412599969046
3.632947332277709
3.507839720458972
3.399092799514804
3.30717403022684
3.229523662766142
3.162623574104589
3.103165187559637
3.048473449803744
2.996505623020664
2.945679079317602
2.894668066451702
2.842218309672739
2.786971577006276
2.727260346912422
2.660817506919907
2.584350900118288
2.492978586010729
2.379649411519312
2.234927251225728
2.047865118312993
1.808903262683636
1.515267099318058
1.177645319993567
0.8242501612203785
0.4973143037795303
0.2409893417007506
0.08675397543106726
0.04657765632840802
0.1193493165143535
0.299207130161782
0.5583599149004559
0.8389697918538271
1.043593305820651
1.134830784939684
1.139034255189042
1.106691300668978
1.092271466697115
1.146066243938786
1.298196286406501
1.527062828619721
1.762498561121967
1.964092573286628
2.114518040835979
2.214291767553511
2.264718903722262
2.271427177419306
2.258846734733134
1.774955775077353
1.876112245979184
2.028604484619206
2.230161518796935
2.480865145091277
2.762228086633761
3.051037277628139
3.330021624999205
3.586869390545375
3.81049334569518
3.989720895195258
4.114393120591327
4.177606468983682
4.178068594434085
4.12158634327317
4.020705115228448
3.892147501768621
3.752980424569821
3.617032580860552
3.492965032507014
3.384365303676895
3.291134467800556
3.211140560298336
3.141490094713852
3.079244431828525
3.021687539314556
2.966328023441677
2.910782772152267
2.852620987593042
2.78918666422808
2.717379210452708
2.633362077164093
2.532197524808163
2.407488543874309
2.251258188872813
2.054486387260393
1.80884059319937
1.509950249810124
1.16183433216233
0.780844353548824
0.3965111325446827
0.04737540026627892
-0.2273881619975123
-0.3968525579295259
-0.4438171544597279
-0.3672246212284749
-0.1854483959846717
0.0630067379292383
0.3346741184726864
0.5950023513000992
0.8142327560986051
0.9898267874588017
1.143427463434698
1.305862817293647
1.502300664807827
1.739057932092075
2.000822794858123
2.268501738617785
2.515243207191475
2.71655394135369
2.861370634907613
2.950899153360858
2.997214299057617
3.018484544603911
1.357069928762946
1.477374799781658
1.67399855651293
1.921968548765327
2.211189487004396
2.530338219406221
2.861647593821478
3.185811182896514
3.485847886226169
3.747538435924793
3.959002489394811
4.111129712487022
4.19882230788088
4.222263921607794
4.187421216175484
4.105325312606471
3.990219171177142
3.857103964707779
3.719349896409895
3.587000942720147
3.466158592264309
3.359364043147002
3.266530310523509
3.185934955848141
3.114975884373888
3.05061355601846
2.98955773704496
2.928295282597704
2.863035180488277
2.789609026854329
2.703337425744132
2.598872917641948
2.470069010357197
2.310004908147458
2.111396157310049
1.867680105387481
1.574973962929204
1.234758737150121
0.8565704314199881
0.4594756686809044
0.07117645185866806
-0.2755283450679114
-0.5480287880048643
-0.7195531638316262
-0.7744005512108851
-0.7125581872554672
-0.5514716836816113
-0.3197962803171312
-0.04460893056190852
0.2553475492488602
0.5619628552483134
0.8637734165944946
1.160861951175566
1.46017185876532
1.766585326756661
2.077652760951251
2.386575728807944
2.686333047045011
2.962631237054937
3.197975488710914
3.380708015141981
3.509578568048123
3.591460846141577
3.633782126965368
1.084635512302062
1.203388265065637
1.410775816139878
1.68225050865042
1.998694566215971
2.34472959409019
2.70352091623438
3.056242485076839
3.384540655919189
3.672595610073671
3.908052711016957
4.082526107625752
4.192099235983218
4.237666124328745
4.224782842734853
4.162884981084967
4.063989788549273
3.941124344846656
3.806734914694062
3.671337755322097
3.542662240399367
3.425407351357654
3.321516539061645
3.23072813908908
3.151157185207718
3.079760557293568
3.012644300917703
2.945238860178665
2.872389782292807
2.788407505011078
2.68711328016959
2.561926280800479
2.40606612204762
2.212986375733585
1.977176784901707
1.695422652676448
1.368442309209633
1.002551984880965
0.6107616035401633
0.2126981828056219
-0.1669013782864947
-0.5008910571005499
-0.7631402713894834
-0.9323710433673189
-0.9961278427477069
-0.9537129619033368
-0.8156236813929414
-0.5982670297517541
-0.3176768719952217
0.01254327142792483
0.3786309836682614
0.766352848882218
1.163643454996963
1.561294622901119
1.951464471208587
2.327222479243999
2.683535420791578
3.015906220729708
3.317119805211356
3.57758908868239
3.789205859917619
3.948563901485796
4.056100958123708
4.112723053670825
0.9093072382890293
1.023513423575075
1.229724437106699
1.508914514949369
1.840025868387663
2.203320394446786
2.579766547166464
2.95020658179787
3.296206182854786
3.601712517295963
3.854369802283508
4.04619702375695
4.173786012500359
4.238145338804451
4.244219481736129
4.200126314650609
4.116200379030356
4.003927038832125
3.874837196015266
3.739451344366911
3.606406774994396
3.481903348090343
3.369522869996237
3.270363542526941
3.183360139111494
3.105660034996203
3.032970885019025
2.959850349673201
2.87994962207346
2.786247061978037
2.671322220947975
2.527730191317238
2.348541211637431
2.12810050070754
1.863019628043278
1.553317667303163
1.203498499552649
0.8232388344504391
0.4273648923828619
0.03497120676608292
-0.3321952187302821
-0.6517998521995744
-0.9032142461379667
-1.069925173211786
-1.141713957917213
-1.115698391128083
-0.9953520292921246
-0.7880423065615675
-0.5030648926195166
-0.1513226914384036
0.253989583318447
0.6966909766838477
1.158775716518531
1.622728193472759
2.073688678673579
2.500909424885966
2.897731610147939
3.259796291629854
3.583156528832886
3.863211024337725
4.095077978341873
4.27457432947638
4.398494720690577
4.46444174584763
0.8033514329951683
0.9139518336842926
1.11669565535802
1.396623462090985
1.733751843837448
2.106432170310461
2.493357225925569
2.874304110691318
3.230778126366441
3.547000645258346
3.810908831244616
4.014772850762519
4.155307095879204
4.23335619481929
4.253304864536871
4.222349507992534
4.1497182717115
4.045865921731847
3.921637135122456
3.787407100353845
3.652259020976278
3.523302116609606
3.405228785180952
3.300152159020118
3.207692062721252
3.125229392258524
3.048242881550167
2.970669727551175
2.885273946107018
2.784046783011524
2.658690691408212
2.501244667085877
2.304887794862917
2.064905572736661
1.77972351180709
1.451824307109147
1.088308048865461
0.7008775146417314
0.3051557081452922
-0.08056959516031294
-0.4369306578468363
-0.7451275193065678
-0.9884494361752929
-1.153522405656245
-1.231069871905675
-1.215985255292511
-1.106870664154225
-0.9056550252498737
-0.6177448786039195
-0.2524751925881234
0.176598727082714
0.6517498736991877
1.152282248630381
1.65713197837323
2.147888278390945
2.610834953784822
3.037215126126767
3.422100233979813
3.76276834951948
4.056980658207338
4.301739460877842
4.492974463370398
4.626142937011461
4.697397139238833
0.7513936569586555
0.8597869066627329
1.060211559837721
1.339384496846757
1.678376406637929
2.055092832562151
2.447028110114871
2.833121130408649
3.194724646962011
3.516284808682971
3.785996573718296
3.996275425787855
4.143836237292138
4.229360217083227
4.256892502491599
4.233138968579956
4.166761053475975
4.067682383364976
3.946374649946498
3.813097998558412
3.67711902571962
3.545985499968026
3.42496372254575
3.316720964500865
3.221273708704767
3.136158452552067
3.056748427365044
2.976647489490576
2.888130452682931
2.782645570983254
2.651427837494913
2.486274277985491
2.280494889347103
2.029977358407129
1.734210034481833
1.397035545022736
1.026904506389573
0.6364921205294516
0.2417062262440224
-0.1397214896070954
-0.4897853544548585
-0.7916288861725789
-1.030620566655593
-1.194918574094166
-1.275500069337889
-1.265919566539432
-1.162316156336074
-0.9640290335186741
-0.6746077831054523
-0.302636745368972
0.1380362012925962
0.6288351176144574
1.147986009677814
1.673130182722678
2.184321976942945
2.666215844375994
3.108751471022016
3.506492776362226
3.857055694689508
4.159077534342485
4.410389989992887
4.607185300405152
4.744532010763078
4.817826139543262
)
;

boundaryField
{
    inletLower
    {
        type            zeroGradient;
    }
    inletUpper
    {
        type            zeroGradient;
    }
    outletLower
    {
        type            fixedValue;
        value           uniform 0;
    }
    outletUpper
    {
        type            fixedValue;
        value           uniform 0;
    }
    sideWalls
    {
        type            zeroGradient;
    }
    topBottomWalls
    {
        type            zeroGradient;
    }
    frontAndBack
    {
        type            symmetry;
    }
}


// ************************************************************************* //
