/*--------------------------------*- C++ -*----------------------------------*\
| =========                 |                                                 |
| \\      /  F ield         | OpenFOAM: The Open Source CFD Toolbox           |
|  \\    /   O peration     | Version:  2506                                  |
|   \\  /    A nd           | Website:  www.openfoam.com                      |
|    \\/     M anipulation  |                                                 |
\*---------------------------------------------------------------------------*/
FoamFile
{
    version     2.0;
    format      ascii;
    arch        "LSB;label=32;scalar=64";
    class       volScalarField;
    location    "5000";
    object      p;
}
// * * * * * * * * * * * * * * * * * * * * * * * * * * * * * * * * * * * * * //

dimensions      [0 2 -2 0 0 0 0];

internalField   nonuniform List<scalar> 
4096
(
-3.057434737115234
-2.913008879426271
-2.648058797494686
-2.283656389830165
-1.847577928970264
-1.369395853966971
-0.8762101979557939
-0.3908310067087355
0.06792598361720559
0.4843877701947647
0.8455711139140831
1.141147022052978
1.363753026399778
1.509807011132964
1.580608141646868
1.583091363306938
1.529731412058872
1.437552849818396
1.326539233254575
1.217788890755179
1.131633150843093
1.08573645927543
1.092961838764117
1.158399725501581
1.274251119424424
1.309571115446249
1.291304255489097
1.292834430629801
1.289936689426793
1.285642891231163
1.278986200176515
1.270215469802253
1.25966601091698
1.24784760258182
1.235309839937413
1.222600353830725
1.210239626725825
1.198724990027444
1.188532398329465
1.180123586956432
1.173923960078758
1.170274533841066
1.169280534130384
1.170823456241831
1.173522074164769
1.179142887988101
1.166998793607333
1.195836304454597
1.303005476439018
1.400526113983842
1.464155400213187
1.476318964450611
1.428049611409562
1.322236577348156
1.172471038801527
0.9977690318231207
0.816799519091636
0.6442902525645569
0.4900035417785371
0.3593570262550789
0.2546532034120031
0.1763016047995912
0.123809550991741
0.09650636869719963
-2.900535749548103
-2.75849552830647
-2.498879668764526
-2.141666827757865
-1.713049021539055
-1.240718249385422
-0.7506801831043278
-0.266109777739155
0.1926833265687068
0.6081580013255197
0.9656400951059354
1.253359520353084
1.463033091958572
1.591181474022249
1.640357335802326
1.619471007679222
1.543066682599034
1.429872056916462
1.301021247233004
1.178233120468422
1.082081866493552
1.030372577217738
1.036573316643836
1.108545159157186
1.249393758914909
1.301632737386066
1.282344751169462
1.28520610546086
1.282357033536516
1.278448076358508
1.272409976916185
1.264583657922691
1.255238691288267
1.244809440561011
1.23376446756864
1.222582051960942
1.211727539580685
1.201649733774127
1.192774544879792
1.185504801141996
1.180194171134471
1.177112850604531
1.176305892953305
1.177748826357437
1.180004616509641
1.186270661692509
1.172547399107513
1.213115600963004
1.340184613043483
1.439791312758661
1.493845913887608
1.487290220978379
1.417262462690093
1.294126426690305
1.13576834103761
0.9609893092452988
0.785490925563299
0.6206267575689434
0.4737482544854862
0.3491023626450335
0.2487411133871666
0.173282140678557
0.122535441099523
0.09602145769826541
-2.589807817130936
-2.45441959938286
-2.207682360262543
-1.868113763400054
-1.457187418956945
-0.9973790847032001
-0.5129084337506515
-0.02903495708213202
0.4302441145728421
0.8438304742860777
1.193908854098898
1.465841266493964
1.649795419393838
1.743063018992351
1.751036318062156
1.686421909308373
1.567436432726192
1.415735548689274
1.254450232109863
1.106465909000892
0.993017706188191
0.9327234247365811
0.9413809934378957
1.033274559452614
1.224800809891287
1.298434242420115
1.274368155004855
1.279372708841345
1.276684681153243
1.273211616132059
1.267643451588561
1.26046191426607
1.251917307981957
1.242418324702924
1.232388213421364
1.222258335721807
1.212451207924612
1.203373365071118
1.195413970616848
1.188942999232283
1.184289176773176
1.181723159413616
1.181311027429387
1.183209146143847
1.185796203675929
1.194282674288871
1.176618765911236
1.232975754835244
1.400473789505003
1.508346334950753
1.542449823557261
1.497394503224575
1.387055364890008
1.235741413425501
1.066235300154471
0.8945275175272445
0.7303319499702714
0.5794259932181812
0.4455145196860565
0.3311754390369765
0.2381870237981762
0.1675944474948478
0.1197766816963366
0.09467385023120094
-2.102194878407198
-1.979267985305722
-1.758779791785748
-1.455600826327634
-1.078983041649826
-0.6406798920612298
-0.1636515605348246
0.3206731696434127
0.7812432102051604
1.191966353317083
1.529904853981486
1.775812942128544
1.918709743943956
1.958722574350208
1.906282169344079
1.779441170232751
1.601041425205671
1.396309933966566
1.190902599951094
1.009398845531241
0.8743663795517614
0.8062164710890521
0.8241629756481165
0.9484610695816977
1.203065713552746
1.29862839270738
1.268346492725916
1.275493242810607
1.273043058647714
1.26995775038214
1.264668579557855
1.257806588752132
1.249647219576782
1.240617643202125
1.231127995177932
1.221581671669616
1.212366522186571
1.203852285907721
1.196402031420224
1.19037605085445
1.186121822876023
1.183977353616441
1.184120182331463
1.18696645734817
1.190744117748695
1.202725506144736
1.179828050191494
1.25417978661232
1.480699472913835
1.597131170732959
1.589952537085367
1.482616437678788
1.320105142462034
1.141065919923611
0.9670219689358044
0.8059838106484869
0.6594779747015136
0.5273796119672036
0.4099837931337264
0.3084166578573012
0.2243460584355024
0.1594714710656598
0.1150300947860562
0.09157455107790127
-1.402742535537187
-1.30260945990581
-1.132303327695366
-0.894162015443303
-0.5738317512892035
-0.1688021647814864
0.2973311897990547
0.7827825139880875
1.245492795408455
1.652427444363224
1.970790139659692
2.175721000934173
2.258556104932928
2.226146942835271
2.096038247209118
1.892165666492453
1.641934572039919
1.374078823193233
1.116923761063364
0.8971365887553637
0.7392214024503041
0.6659326203698313
0.6995396087218081
0.8634536664803223
1.183165499859572
1.301023554356668
1.264299024217792
1.273595104686662
1.271315612567756
1.268461795224761
1.26320346923333
1.25632883971834
1.248175741837174
1.239223624134399
1.229888564730839
1.220552312013124
1.211565597184481
1.20325857618471
1.195967248906473
1.190051266423893
1.185902271997268
1.183977687087653
1.18466862161609
1.188794199643704
1.194724176438597
1.212331514561634
1.18430506199687
1.289170753082851
1.592678759477046
1.688342023857128
1.597062926708193
1.408471048552264
1.200555336047044
1.010794319294679
0.8474536894821454
0.7067788668790957
0.5830317961202891
0.4721779909965921
0.3725119281038506
0.284283203889331
0.2091376986618385
0.1495028642931874
0.1078147776672997
0.08565132432847572
-0.4418960383755033
-0.3916832944869573
-0.3132928191536187
-0.1703893558936578
0.07522938193256966
0.4298908462222038
0.8714339421974122
1.353790479349048
1.821459701965011
2.223266335059329
2.50736386432699
2.648767400727602
2.649581010955712
2.52732857638861
2.30690569526569
2.017087313563948
1.688758711566687
1.353395445118654
1.041642212411213
0.7823000821572856
0.602037053133085
0.5258970355978789
0.5782612423280874
0.7835927348363155
1.166490450569654
1.305854485732868
1.26276622891932
1.274041574537919
1.27176719047032
1.268891968469777
1.263332671977596
1.256038324637641
1.247461970040437
1.238177008277584
1.22861769131188
1.219138238509815
1.210037471757746
1.201590306025384
1.194088320475442
1.187881303553665
1.183407369109588
1.181274503024166
1.182199389164628
1.187614242959968
1.196789546272409
1.222882841706168
1.194978207128164
1.377471169878849
1.746841518368404
1.727222425227539
1.502966841238421
1.246796252173628
1.029642324250416
0.8590847772164886
0.7232757486729902
0.6099092391973125
0.5105937967280268
0.4205957384245496
0.3378308545588116
0.2621251859514234
0.1948786421421191
0.1389111512502159
0.09805823338556388
0.0759336151327147
0.851971482583275
0.7687656614103157
0.6966303564399348
0.7411695059712794
0.9115867180413273
1.185691975528532
1.5609679293398
2.022007636226788
2.508390793885302
2.895760935152751
3.115478820244606
3.163911527263646
3.062570469815672
2.839007176197912
2.523018223819943
2.146208995611586
1.741227826018039
1.340753561457932
0.9766561448499573
0.679400674185291
0.4777412397332729
0.3988457497487128
0.4687344958763685
0.7124937871135667
1.153982264055357
1.31325455462739
1.264175584255071
1.277153401812151
1.274666133706644
1.271431898066712
1.265149274081156
1.256925645331577
1.247423315220736
1.237374894380556
1.227234504046291
1.217303302082098
1.207794835094703
1.198892291853074
1.190806163685723
1.183834516633788
1.178419002785014
1.175285463745108
1.175532217778981
1.181364564007857
1.194107204048456
1.230285564542058
1.222828449402352
1.555847471219873
1.855723503878349
1.590320057436344
1.258513901574344
1.009951996210311
0.8378156502032152
0.7121050519002743
0.6121967624724476
0.5266407880806505
0.4494042499149268
0.3774201976306699
0.3092458173104077
0.2444846449996011
0.1838557108805826
0.1297614465383064
0.08684789154678206
0.06189707117747456
2.569138895315427
2.140285210071903
1.893466183758836
1.897270240618678
2.00654912615154
2.152317783569218
2.37736278330584
2.771347842683211
3.30638994369667
3.634736162320237
3.744465159107737
3.675341036728805
3.461597712807836
3.134655210869702
2.726923720345312
2.271355327119551
1.800174616014047
1.344652625188263
0.9357380416463937
0.6045033558662037
0.38175397532887
0.2971750803607636
0.3788988472725114
0.6535952164679406
1.146260142076264
1.323353134815006
1.268985528722265
1.283316149273773
1.2803700667468
1.276354197550639
1.268814391757644
1.258989221354596
1.247934329004509
1.236660489657736
1.225620785397126
1.215002967366789
1.204876792243569
1.195273831237801
1.186265869636625
1.178022829281246
1.170870876205278
1.165477156358149
1.163093340489649
1.166097659267225
1.177369424698475
1.212135495935575
1.239010541662494
1.639547280529594
1.587963121903239
1.165848373818751
0.9163787788620209
0.7736844781887878
0.6749835103133888
0.5965083160674941
0.5280351078087336
0.4646040643760183
0.4040757781047579
0.3455506865821499
0.288511417787137
0.23250773180353
0.1773641665896979
0.124362489982867
0.07773202980224872
0.04432315961822419
4.703970499320787
3.663934959765045
3.368538119019076
3.384781866622315
3.410358472370486
3.394973333995974
3.375802051377008
3.648724680635534
4.159264421415361
4.339732739260263
4.318442669628319
4.131260364242561
3.808595746061769
3.386034400398258
2.900182728837792
2.384313934883424
1.867164720833904
1.374852385219305
0.9341639221239852
0.5749970133487532
0.330334593881557
0.233869716104117
0.3175468667180861
0.6113320949170182
1.144193777128444
1.336268924508554
1.277724602730079
1.293003386451061
1.289350499773031
1.284041568926479
1.27456982022545
1.262198508785184
1.248753873390646
1.235758905389677
1.223584558260942
1.212174459641058
1.201360510694255
1.190941900742096
1.180774315115741
1.170790646840111
1.160973466818417
1.151527022710596
1.143092279181055
1.135967045503345
1.129951691295416
1.128013125364927
1.147889278704564
1.013965992798229
0.7147515617012883
0.6912770918401259
0.6857489601667373
0.6369746411815057
0.5817343300125104
0.5298344339335367
0.4792555665556994
0.4285303694291918
0.3776662346095899
0.3269113660849891
0.2763383657426457
0.2257270405199437
0.1745206101393938
0.1229426649220766
0.07660493195892702
0.02898824231060224
4.41700530495819
4.081911391718402
3.966838329692159
3.911609988919856
3.872078604925658
3.85688564071612
3.760961700876237
4.057499080599766
4.673832937159788
4.857797624081335
4.766483927404149
4.482242276003419
4.064126345310535
3.564003714516268
3.024717064283652
2.4774429835201
1.943684707958409
1.440573041105353
0.9870533364189819
0.608966343954035
0.340876088287584
0.2229667057314219
0.2947475551713582
0.5918245171232572
1.149354562917084
1.352100642202798
1.291028296117328
1.306825487826699
1.302261149609298
1.29506344710743
1.282812573078554
1.266464965947863
1.249415961694099
1.234183162879092
1.220815188734489
1.208730771682184
1.197390078019872
1.186278723627238
1.175001181627439
1.163226531756532
1.150493853556678
1.13654318183601
1.121696352042594
1.104093846710791
1.080641424578296
1.043604152629861
0.9904828204221836
0.8068680896635269
0.7063377359392211
0.6765782482146024
0.6501933943841279
0.6090747865460547
0.5641694494804734
0.517614949467038
0.4699415037571427
0.4214678982011384
0.3725019213802063
0.3232446068478224
0.2738062189407929
0.2242174113198805
0.1744503048877404
0.1243509428387022
0.07524963210208159
0.02531876498980574
3.985995389958821
3.85023714428892
3.776058284381049
3.732395830773235
3.709117230052144
3.723856136577176
3.63858405077778
4.027887542346826
4.850462131618188
5.127315379170237
5.022193163139851
4.672864033693178
4.186968421699673
3.642025052163776
3.086275375730264
2.545029924717613
2.029885875172344
1.547290682349613
1.105846693260527
0.7232374073338744
0.4320201586607086
0.2800309070875221
0.3211642590508277
0.602404798493977
1.164649345387694
1.370933519541949
1.309592621601582
1.32554800648544
1.319998407873451
1.310256517060263
1.294194530134439
1.271522386190387
1.248965088365272
1.231038811842883
1.216793157864442
1.204524604598742
1.19313984157227
1.181754083997216
1.169759992700288
1.156623735446589
1.141370333987848
1.123647349342993
1.105031202324665
1.082916722026174
1.055230581247855
1.016487088540198
0.9681879278330864
0.8710564614837885
0.7860277040879803
0.7278601015574082
0.6774488264753045
0.6261574964662573
0.575497802525209
0.5252220726818762
0.4751540635598638
0.4251222224258522
0.3750832908597804
0.3250385368373885
0.2749942176327312
0.2249405970451422
0.1748933589795692
0.1248421613824325
0.07538584858574704
0.02580427880919793
3.889735104173078
3.818566878276059
3.773854263464142
3.7414300814809
3.721152393656057
3.736964847011946
3.638187083576444
3.971681170755612
4.843801823583561
5.160259515185509
5.041384263641169
4.653842273173263
4.143909341059159
3.604238876457277
3.079326744950911
2.58482636983859
2.123252934632798
1.692801091875115
1.292551716412941
0.9283870084991862
0.6225354984028035
0.4240620028713048
0.407514338734151
0.6476925204046352
1.193526129651461
1.39281701718029
1.334036698174865
1.350205606423737
1.343982304124365
1.331148210244906
1.310204674608451
1.277072744176918
1.245644140816672
1.224790811338333
1.210772021580563
1.199381060767333
1.188800722131778
1.177787187197697
1.165667732525036
1.151788449610609
1.134139782453004
1.112395723683602
1.091299436006701
1.066300875638633
1.035621738253575
0.9942639143631214
0.9427026533161528
0.8635528241250435
0.7895918336733128
0.7312268803346053
0.6784226642280186
0.6264533038440161
0.5754568623216243
0.5249863979813281
0.4748153029354018
0.4247654399254887
0.3747636225964415
0.3247822965969028
0.2748112352947081
0.2248391017746008
0.1748801389816632
0.1249174885541324
0.07524564859892083
0.02562978653301166
3.808753346013551
3.757554525712906
3.722520973757487
3.697958014547997
3.684108414980746
3.705623275234557
3.615941607759816
3.927606790814314
4.753070404081555
4.993565544856581
4.808905803120346
4.404884120521387
3.929873962386484
3.456592870053296
3.010967954268694
2.598705939039836
2.218163089245149
1.864954810330368
1.533535801310344
1.219048785071092
0.9245691233471697
0.6805038972936833
0.5702277374216211
0.7220170690341002
1.229844519291223
1.416567700419181
1.364191283027297
1.381682736711027
1.375740996025115
1.359421427223635
1.332738289147549
1.281482956787128
1.235206606554054
1.212296052560866
1.201505224961088
1.193085388465067
1.184657308766864
1.175006261980304
1.163822056576923
1.150450614011597
1.130373328042739
1.103341940349118
1.081758344931353
1.056633906079028
1.026821302136682
0.9871213990302189
0.9376139734225089
0.8635997973954874
0.7926707970434707
0.7350547210750106
0.6813498859581134
0.62842678808985
0.5767093482579561
0.5257728809994892
0.4753061315187284
0.4250682581530664
0.3749475601055659
0.3248916702361628
0.2748741473519788
0.2248734857624514
0.1748977648967688
0.1249247163578464
0.07524871088853352
0.02561613126235979
3.754075135557097
3.701839623007182
3.6686810074252
3.64846032999761
3.64061394962973
3.667418158186722
3.598417012661456
3.916476205471672
4.593828249901454
4.617012354014562
4.329000775208479
3.958222449168936
3.586803172038663
3.232734588067139
2.900324503949728
2.591813463001933
2.307139030061947
2.043928813939489
1.798053104764802
1.562362636423354
1.324236804443108
1.074103758222902
0.8512570330755194
0.8195709617997488
1.231798042734336
1.436710399516402
1.400144712472765
1.422416740645335
1.419905730777071
1.402383268973536
1.373046687372606
1.288410807409845
1.214480470635575
1.190037671873179
1.18829736673087
1.186702928773561
1.182187706640701
1.174084004632225
1.163628511958755
1.151389863793588
1.127641966701839
1.091632952098256
1.073483990798336
1.051924319046277
1.027064182782108
0.9929115089979332
0.9498947248251616
0.8705430487134098
0.795972112886095
0.7408684567237603
0.6870920837830105
0.6322152645014443
0.5789258324974936
0.5270528003292334
0.4760716457447091
0.4255410520183784
0.3752484349510425
0.325094344347847
0.2750221561261464
0.2249826593287985
0.1749664952711939
0.1249423566800481
0.07550206968533238
0.02583515695660903
3.722421255758621
3.633350194905494
3.595656208242942
3.579768769239007
3.580136421286636
3.615063612280334
3.59605938824639
3.98675371707208
4.273858106748909
3.973761382202461
3.662487304940701
3.42077025777201
3.202383612790709
2.985470405249936
2.772833889240713
2.571049695411284
2.382954855635602
2.208393610938802
2.046706822139166
1.897522771914687
1.754177168857811
1.584299237662434
1.326542314540941
1.020729405471059
1.132727346522032
1.435366487099234
1.441402217747197
1.47241590172659
1.474723253645395
1.45390788302932
1.415959360582595
1.234449054994163
1.15039521846955
1.152149989877163
1.172242640083349
1.176049612224819
1.174323553194642
1.171533119335538
1.173225799476067
1.18088645103696
1.157753520100096
1.085099477651309
1.069332490052035
1.052051256256969
1.033204081444882
1.00430248957976
0.9620338143417724
0.8262176328858686
0.7295081819602678
0.6980643236405086
0.6637383808274468
0.6179552179492195
0.5703719660562964
0.5221180323271262
0.4732010367559709
0.4237727710475471
0.3740663035300311
0.3242309450231115
0.2743379948404952
0.2243932673648391
0.1743582362627813
0.1240763365676104
0.07489258727794917
0.02489300897232024
3.830893353044777
3.600434071911845
3.528887049803231
3.504115413303554
3.504046271561783
3.536139205126677
3.583370480299321
3.970231626640147
3.529690993723267
3.121018247159723
3.015808834066179
2.962765194787568
2.877101822303278
2.768763740827365
2.655338485005707
2.544768398786335
2.439346967525704
2.339320331531698
2.244937424316698
2.160129940251975
2.097709348620302
2.065583089583944
1.982872558737936
1.596852840109934
1.11227829030022
1.447031302364668
1.511135763179323
1.547787095129591
1.563473707955936
1.569635658630706
1.607778690557987
1.447230054334402
0.9233819315561677
0.9798493851147512
1.125278810847838
1.189083139107906
1.200269690567302
1.189859942374194
1.183779683237344
1.190665993836199
1.090868640872175
1.02457139229162
1.047222006367748
1.052400349520438
1.053890982677657
1.055685327551646
1.067649769729414
0.9652415316676122
0.8045402712599439
0.772001028987657
0.7257797339847298
0.6506829368893345
0.5845984079848316
0.5291588112721339
0.4775252684882453
0.4266065339194695
0.3759474971834005
0.3256007503902109
0.2755115261637878
0.2253780560426397
0.174597160430888
0.1233574879911066
0.07724308911888414
0.02948248115546189
3.001906642500991
3.243841957939432
3.324259314404354
3.357653589962042
3.36944655697026
3.370473874361818
3.404098376612368
3.197235155869877
2.588552890172889
2.6108928890438
2.721846084108491
2.729442143890004
2.686085587709927
2.632079234883359
2.577695765007553
2.52361932029173
2.469902324256041
2.416795953681555
2.3639454609862
2.311028329543696
2.266737568259107
2.270957593231672
2.380751789261187
2.411380153881272
1.813404411479115
1.609730371122551
1.65405077542159
1.656772678221798
1.666230152120475
1.692066947199228
1.733835617048586
1.966488652626868
1.48806999842036
1.228575727128085
1.254056408695243
1.310568163724305
1.309685295285885
1.237971524683469
1.074771412636922
0.8188392278058237
0.8193703791096277
1.014511651237076
1.03221201999784
1.057098360922361
1.078198376038817
1.112919056242504
1.136003997824178
1.473031443121976
1.556808818291542
1.20424040682627
0.9379438079006375
0.7651121884620407
0.65011828567701
0.5678359132438813
0.5018074288003582
0.4432463271192317
0.3883791598336914
0.3356398862024824
0.2841588178930506
0.2332234445406323
0.1824219958153282
0.1327961865635192
0.08831157098441511
0.05564720833111947
3.119915000986789
3.215612763971519
3.256477807942492
3.270509244517609
3.261563452707347
3.22213402528817
3.155894108913713
2.900921847234515
2.757306953060856
2.727852574238853
2.718871917591169
2.686782559266057
2.647294344744724
2.605409331632355
2.562498945289812
2.518842584257202
2.47474392104644
2.430559435863112
2.386627389987125
2.343273673905543
2.301870047115415
2.267439158417805
2.255978045961028
2.227228918620793
2.078777857399966
1.845296663309441
1.790042337910529
1.755270643485705
1.745785605341538
1.765989308584769
1.746729125906115
2.021178986991774
2.197808390837392
1.956789732618565
1.758101433543659
1.623845861665712
1.480413016819343
1.281467242900221
1.024319379836721
0.8030215079468521
0.8877219310070678
1.029394460274814
1.037785881109914
1.062878024469761
1.084239302218962
1.118822891150244
1.125403328455476
1.374449234209785
1.592947816789587
1.403745151856139
1.130388614943739
0.907001457396025
0.7473396685517977
0.6334321530685705
0.5472127542915837
0.4765676875824962
0.4145890940209035
0.3576224370763251
0.3037371618337258
0.2520107372749271
0.2025926177409441
0.1573336628567113
0.1204499715965369
0.09857914269379997
3.100926377356032
3.156766368637607
3.18899852992403
3.201002056880433
3.19208598174066
3.157657928633237
3.103658536621069
2.976166384989656
2.857622871008495
2.794324008013688
2.753668854980144
2.710967144806298
2.665665275960759
2.618334737813695
2.570060507409958
2.521376450946938
2.472616288118944
2.424040861821883
2.375922045984788
2.328675357078993
2.283269826330645
2.240362279801668
2.19964211444433
2.13816604538892
2.019568598233183
1.89925411512506
1.849100949731828
1.815261852203897
1.800184976002426
1.817164104981638
1.754582779679332
2.028948124338131
2.600403269434098
2.584832460841912
2.330947687442278
2.024687724399652
1.712224011048819
1.399581316695297
1.120883338339868
0.9613926890925591
0.9991704277492007
1.04859796951363
1.052186900348463
1.068604788790509
1.083038472683125
1.104731853574836
1.099083928155503
1.186490956428388
1.360226797015749
1.352333436761144
1.202463429486076
1.014668674399273
0.847005915349992
0.7134074703578913
0.6089463550980588
0.5248874624178277
0.4540290627196271
0.3916267775222335
0.3349851395806307
0.2830187137428101
0.2361350924921
0.1962682540815221
0.1666156544817221
0.1504541881738298
3.073138427735061
3.118319234689497
3.145406686559951
3.153829249313505
3.142687348149898
3.108792605035499
3.055843267060143
2.96638536504531
2.878596012261801
2.815666686622426
2.764853579714225
2.715781956283355
2.6672010190853
2.618581624676222
2.569984479524049
2.52139883531776
2.472832398250388
2.424292522835578
2.375774303590061
2.327245040866968
2.278753038707857
2.229858944748784
2.179415507092996
2.117944906218808
2.031341914704297
1.945705839165381
1.894018129924496
1.858785984938401
1.839069835241435
1.853925235729368
1.771123612465627
2.066820728019587
2.807972668171415
2.970794670274406
2.761670273525718
2.381388245345022
1.961033799302466
1.574612383147749
1.276665911102638
1.107833952223473
1.061102351395365
1.058262246878338
1.064355167868752
1.073016944477977
1.081721624436299
1.093257476099195
1.08953661909837
1.099054565960572
1.175696953055092
1.221242589120033
1.173899404632175
1.058180282446465
0.9199802998553647
0.789296779844445
0.6770361408003781
0.5832981728948363
0.5044550742929277
0.4367497772829717
0.3775933610530797
0.3258456359905172
0.2817276004316732
0.2464904552426357
0.2217576102115851
0.2086342541296376
3.051439672151339
3.09056499077659
3.114348677145898
3.121266139318374
3.110551752697722
3.080209157712116
3.032895570528057
2.963886065295315
2.892296944695407
2.830419503786723
2.775019086518764
2.7222881071159
2.671193048833218
2.620972256660526
2.571297857416038
2.521924488270277
2.472678392955411
2.423408875411543
2.373941478243645
2.324033950437144
2.273373475600966
2.221257395072791
2.166674868141417
2.106130237912283
2.035560406296216
1.9680468993782
1.919887097225353
1.886420108481779
1.865342240197449
1.878503351261829
1.788315623104967
2.102986924313586
2.894095239069404
3.135360185338577
2.978869942264926
2.602114880683026
2.154383204467489
1.737466730967327
1.410856635081384
1.196461707710951
1.08534775098927
1.06333805297529
1.07281146403103
1.076328007751451
1.081412702794669
1.086959806252268
1.087041967587485
1.077995112685307
1.089272402189527
1.117319147405492
1.110440982576538
1.051752351006487
0.9560161573860921
0.8464778184133742
0.740013915656122
0.6444735203789391
0.5616127405862333
0.4905155992093047
0.4297944962198586
0.3785953252964858
0.336812912226723
0.3048349938489922
0.2830773333498459
0.2716573426293268
3.054002821965898
3.093890542731464
3.121518388311774
3.130741107901045
3.121531637349972
3.092301485272752
3.045497868947006
2.982026682180654
2.913539385254935
2.848390048484104
2.787527254893287
2.730182564333314
2.675750145020524
2.623386156684903
2.57239574673094
2.522192945223097
2.472303334223881
2.422299639874649
2.371723129965807
2.3200159163485
2.266513841727678
2.21039999085508
2.151002372125217
2.087508972586565
2.020150845805009
1.957149652623899
1.908311038266036
1.87442989081856
1.853281469657263
1.86614769847201
1.787989092853663
2.138089540656058
2.877887480051853
3.104559856082438
2.980532154112291
2.65176767124718
2.238934141631936
1.832639296833987
1.490030144000637
1.239076723030907
1.09430226110203
1.066840605572935
1.078301094270268
1.078893553073659
1.081916015746474
1.084398413064086
1.086508375407865
1.076701748228073
1.060292701798885
1.061118690364649
1.056472412950373
1.025527999521687
0.9639932553138024
0.8811755057124013
0.790183230981099
0.7012628271975712
0.6201267614274979
0.5490465318767219
0.4885053250423654
0.4383840263537652
0.3985004925642389
0.3686890025902015
0.3487173326662841
0.3383000468630629
2.961923291180062
2.999112575884034
3.015701372796816
3.015971248311675
3.005376103497746
2.983271784324223
2.951001854770877
2.908915564680145
2.862234975477334
2.814693894240029
2.766768623085944
2.71838921754112
2.669717080049179
2.620816230550819
2.571770637000489
2.522645027708487
2.473498321744689
2.424390545243899
2.375381223923135
2.326533360118139
2.277929285983838
2.229636646198188
2.181773852933807
2.134221740804199
2.087046898012907
2.043871966261998
2.009012678565655
1.982861828153414
1.96187335974221
1.9589618895658
1.878498955814889
2.149802166078734
2.711517698288686
2.878685825622413
2.79244780866229
2.542330380300874
2.203249836253493
1.841839967822724
1.511281032603007
1.251595682629
1.098018551485086
1.070002500906872
1.081897894658062
1.080980935483677
1.082808078670657
1.083756571269343
1.086392075527843
1.07810511884148
1.054254494548828
1.038405511415237
1.024754139667047
1.001199728690907
0.9591983938601935
0.8986857334642311
0.8259882167313203
0.7492381190801843
0.6751459680636699
0.6079846784562392
0.549946692089394
0.501886568850596
0.4639204656470072
0.4357823707080351
0.4170432561431868
0.4072976691743913
3.16207081157563
3.256985228951661
3.332304065869695
3.370425209767336
3.37139629213565
3.329699864052647
3.249236811170923
3.142035739804556
3.02672520426683
2.919048305055282
2.826083497049892
2.748163720356089
2.682293297093452
2.624535634178859
2.571546514170339
2.52099686064718
2.471332373144144
2.421305730208704
2.369465270447875
2.313675523072113
2.250836458280683
2.177190163418864
2.089643841853992
1.987927641050935
1.87788746275962
1.774065231671697
1.693624694791958
1.645311380809274
1.617212693733494
1.589176453191824
1.572725434883565
1.827201247190517
2.298533537022087
2.474050038893689
2.4652441833254
2.315391455751618
2.068917266141353
1.77554550423521
1.484774918737409
1.243838377131269
1.099176345501917
1.073134396234702
1.084304636808519
1.082751115196148
1.083875185722218
1.084070749872776
1.08656845612794
1.079605449546413
1.055932338847008
1.033082222890624
1.011539156570096
0.9868927092132564
0.9531548294350438
0.9072087894535933
0.8504533299737637
0.7874623292400962
0.7236604429839127
0.6636297826835209
0.6104594259656329
0.565818850370237
0.5303260011908533
0.503951823592416
0.4863693524249834
0.4772226972447799
3.905474428806874
4.052792177508357
4.232831562215441
4.359491683352797
4.382827340529718
4.286621741839491
4.084096018486421
3.812157031397543
3.519994953432586
3.251250312979487
3.03043891393153
2.862003868971636
2.737879644921589
2.645712185530568
2.573908952875175
2.513359062178063
2.457083448063318
2.398995916061395
2.332433532432078
2.248851752728154
2.13728294050179
1.985664352903145
1.785316741759983
1.538635337211815
1.266548873077108
1.007919219277577
0.8057254856955992
0.6874477770097382
0.6541236233571543
0.6982527659201908
0.8529842042825971
1.185885848676215
1.661474767838368
1.958052703461421
2.063673753629596
2.020360935445062
1.870529804665144
1.656952667309955
1.425039880702319
1.22257201895797
1.098612247905768
1.076285085908105
1.085960976567895
1.084305163382677
1.085017215038923
1.084872528932588
1.087039035537789
1.081312008096198
1.060047915629442
1.035369973674485
1.009549903364892
0.9822824855814257
0.9510280632493874
0.9131754555265037
0.8680644389921979
0.8174794334403911
0.7647883705661143
0.7136715463747955
0.6671791292423648
0.6273388396125291
0.5951951841929285
0.5710719982917791
0.5548912060924825
0.5464478875219042
4.58119194528334
4.695128902622019
4.849879634723127
4.961519435319592
4.966218934481663
4.837718204968225
4.586525076797098
4.251222286062449
3.884027742720051
3.53384045618175
3.233242731030451
2.994689692248145
2.814885613131616
2.682142853852212
2.582389434744467
2.502323442924974
2.430121042766798
2.354713723417436
2.264581601759774
2.146892517791896
1.987903813530202
1.77563510264209
1.505310648135887
1.186286230064526
0.8463479120552226
0.5281837517494619
0.2771507416361433
0.1270350570024933
0.09467920253933176
0.1883806484874274
0.4153043921976363
0.7559031375485056
1.146071191194808
1.465784036619082
1.650894029987714
1.700931252362
1.642479844949613
1.511075619477647
1.34692509929497
1.193705001455754
1.097043158687051
1.07942343222464
1.087167963972484
1.085717250445053
1.086189621157699
1.085922213544632
1.087749071627496
1.083158365942855
1.064654184262432
1.04040833091181
1.013111076459144
0.9841978400300518
0.9534925679381576
0.9198664149844534
0.8824836212837606
0.8417066190792672
0.7991771160647503
0.7572623768039698
0.7183437904253618
0.6843098915757382
0.6563684756612558
0.6351141893534967
0.6207253838298785
0.6131794877299298
5.085574621391465
5.149179353464874
5.235123838020982
5.285857561942431
5.248936222827457
5.097351590868932
4.835138240327492
4.491778695493018
4.110360831549282
3.734262382490977
3.396572800430655
3.115066921090194
2.89295962251558
2.723166884046503
2.59314156749188
2.488398839699817
2.394243479577305
2.296135515303637
2.179517516326945
2.030013907934574
1.834838753720779
1.585902189537296
1.284247888028301
0.9441139368804045
0.5938925348103709
0.2720352813758612
0.01885555412349606
-0.1319374300859624
-0.1583093184052616
-0.0530818240272517
0.169432430662585
0.467883329634705
0.787756977433564
1.077978629078343
1.289350689990902
1.400114278465526
1.416149283915219
1.360116116079481
1.263485308078269
1.162394772851818
1.095136450384707
1.082481201089995
1.088142775878167
1.087044622322811
1.087375653135806
1.08709082504579
1.088632248292636
1.084952043005703
1.068891279437386
1.045939528623036
1.018803295554866
0.9895553640956948
0.9592833864695918
0.9281262432692412
0.8957978143690045
0.8622603762132401
0.828122689726715
0.794605570793274
0.7632150171229845
0.7353689561098729
0.7121524558492277
0.6942488865467613
0.6820032863685902
0.6755432399226948
5.383330825032273
5.402315006196051
5.420103802450058
5.404258393505303
5.321542098469812
5.151757433414732
4.89484051054237
4.569594145117225
4.206725794186693
3.839940729477455
3.498087089673748
3.200176176411647
2.953908216355655
2.757094407929368
2.600544845607546
2.47100163523191
2.353318741921096
2.231821257130763
2.091283254255949
1.91814608548564
1.702454519369405
1.440525252757462
1.137677179939447
0.8097786574995697
0.4824293359785612
0.1875150535689698
-0.04197307957076113
-0.1776426173267015
-0.2015830004239568
-0.1126917708033437
0.06915717310706881
0.3080332045620535
0.5658948947189212
0.8115772962378737
1.014321448140322
1.151791954212726
1.217960477996847
1.222385638808358
1.185277458743605
1.132742418048215
1.09337322693929
1.085372152036904
1.089037606743198
1.088330176790845
1.088574534628526
1.088314726830079
1.089641137862135
1.086595758138182
1.072433110645857
1.050987891229972
1.024835442200164
0.99622962663697
0.966837100383291
0.937588435615585
0.9087988971040516
0.8805184964918832
0.8529021539040671
0.8264057749311767
0.801760537738937
0.7798099294306893
0.7613313248713743
0.7469229231478026
0.7369742719551758
0.7316951870489428
5.477507985462847
5.464179566797469
5.43079819224897
5.36254602823623
5.24303278143995
5.061178353809495
4.816378771753663
4.519599640057982
4.190614089168398
3.853115641405729
3.529540983562032
3.23693456653788
2.984618900747518
2.773828752962128
2.59887789012011
2.449109672464496
2.310971894229271
2.169907644855862
2.012106408060177
1.82631467454432
1.605793637585125
1.350199565805014
1.06684760705471
0.7707637792546292
0.4832564839651379
0.2292142357976362
0.03350570258507966
-0.08338296023554476
-0.1103361804519158
-0.04986056351941266
0.08160476818902944
0.2593598002748875
0.4582408342020307
0.6563268843795874
0.8335996745894052
0.9730717085034997
1.065343341477529
1.111142799328718
1.120128868004321
1.107750946952412
1.092058146843339
1.088013046327332
1.089953619156904
1.08960478437723
1.089793516184464
1.089569242445849
1.090746953013287
1.088093174096366
1.075268729143552
1.055239868600111
1.030412199108073
1.003035537537668
0.9749895109341523
0.9475994954208631
0.9215875310413315
0.8972037636717654
0.8744743213878207
0.853439733197053
0.8342873894930394
0.8173599518292012
0.8030838128800563
0.7918777654831178
0.7840828559371326
0.7799256235555109
5.390833371256966
5.357851739373712
5.293123237513047
5.19255377501882
5.051261032078414
4.865955431487549
4.637568037654345
4.372738837857645
4.083448913762219
3.785023974959278
3.493261283157817
3.221517848465625
2.978462213714035
2.766933807647691
2.584005846639573
2.422027403507656
2.270269525962816
2.116841956821994
1.950672853240032
1.76341759209598
1.551123834578835
1.315383325680523
1.063676212142803
0.8087531897688404
0.5671392688518855
0.3569759262875551
0.1953408977342
0.0951363638279933
0.06205254832842302
0.09293061101026953
0.176896844523825
0.2988540595539712
0.4429296876489801
0.5942007146522377
0.7391272765325688
0.8656853836760732
0.9650128200461844
1.033406375742407
1.072781667151349
1.089338857217343
1.091382368773192
1.090343574652744
1.090953415148739
1.090889851966711
1.091042380075752
1.090850555191561
1.091932435950919
1.089490294034301
1.077539642459662
1.058732561425383
1.035328775890494
1.009499984653541
0.9831427436361644
0.9577035029740755
0.9340820467019708
0.9126613390616826
0.8934576472103882
0.8763279763633754
0.8611532575203822
0.8479422554027989
0.8368466679901765
0.8281125347905269
0.8220045620603244
0.8187334983260182
5.154201660975406
5.112158312890117
5.033361751053594
4.919459147717206
4.772175655929011
4.59340420866048
4.385982075782462
4.154668797452931
3.906650342726572
3.6511718994978
3.398332878648876
3.157398199824977
2.935116533056475
2.734508184814595
2.554426226138783
2.389966031261419
2.233591593000464
2.076725658906393
1.911512275235421
1.732461826255162
1.537703991156723
1.329620844711409
1.114741880642332
0.9029398829989734
0.7060906482135582
0.5363802422467948
0.4044150423362745
0.3173786680834684
0.2777336846180372
0.2830664424714571
0.327180780372143
0.4017226490656344
0.4974814781176824
0.6051917661347126
0.7160125858887825
0.8216516351142341
0.9148072591106056
0.9901043670969567
1.044760798612625
1.078307735906934
1.091442228592256
1.092336794327746
1.092068338467975
1.092198586790878
1.092329855375136
1.092164490421647
1.093186666414385
1.090837106593901
1.079436715452823
1.061688366485511
1.039745579863624
1.015662858203896
0.9912281717879874
0.9678174460215271
0.9463122580348482
0.9271091920894222
0.9102242446441628
0.8954617656632236
0.8825928667190328
0.8714884837709733
0.8621758526007289
0.8548188708622494
0.8496469550696614
0.8468665262513725
4.799912933600199
4.756744519760912
4.677134774696364
4.565221387859886
4.425779685334091
4.263376539645167
4.082133184459265
3.886072898540874
3.679677367860757
3.46819398364388
3.257422459707153
3.052992533248633
2.859372270220395
2.678951204552415
2.511517398060388
2.354320109522961
2.202733502349579
2.05137264781002
1.895403817769055
1.731752897312068
1.559948591191642
1.382432033767487
1.204296464091005
1.032543783763946
0.8750155266286083
0.7391763123833396
0.6309519402695978
0.5538810584867483
0.5088404966463772
0.4944025239984925
0.5075329833769425
0.5442031624155979
0.5997604530603816
0.6691780203382689
0.7472172491688196
0.8284210535050576
0.9071009352257563
0.9776167602552028
1.034854389956207
1.074424048700779
1.092230003312816
1.093997230762117
1.093302100672211
1.093536397004747
1.09366193548407
1.093521338506152
1.09450216339057
1.092176165953687
1.081162866892383
1.064447102713156
1.044084237110686
1.021955006574882
0.9996237936910015
0.9782439419514273
0.9585261365877682
0.9407747556776743
0.924987644758289
0.9109997509411761
0.898634437058671
0.8878201771970495
0.8786418654490024
0.8713201940544002
0.8661370980900094
0.8633398130013149
4.358135720909776
4.319392718177991
4.248422177032145
4.149874972784884
4.029266889941047
3.891907788474465
3.742255358306799
3.583829161683081
3.419547906411792
3.252174209323141
3.084560590131656
2.919546265786673
2.759549778121887
2.60604751617473
2.459178867111632
2.317671928787457
2.179166937804597
2.040874916490563
1.90039670265805
1.756478543275063
1.609506039186133
1.461622415026443
1.316463032943085
1.178586062334966
1.052730730557765
0.9430614467446132
0.8525746507360723
0.7828334096858679
0.7340952498415144
0.7057080899271745
0.6965021378949718
0.7049714373193128
0.7292684439104931
0.7671525297750206
0.8159191057368104
0.8722345163174264
0.9318986631180388
0.9897688413314095
1.040038554915248
1.076698273716817
1.093652636811604
1.095351851459417
1.09463442450586
1.094901803098446
1.095042223517113
1.094935651700587
1.095873309480406
1.093548423371897
1.082951465463343
1.067476466064056
1.049009840596741
1.029142334880606
1.00907629859248
0.9896077963584676
0.9711684836774584
0.9539112127349128
0.9378257317154447
0.9228660996168281
0.9090627466783334
0.8965904603109628
0.8857749661257677
0.8770406243073616
0.8708199151040769
0.8674543284795727
3.855470134059503
3.824887375312511
3.769035785458196
3.691940014057382
3.598447519830394
3.493274584300564
3.380311773893125
3.2623454492512
3.141185127699257
3.018029467622008
2.893840002442306
2.769543012732016
2.646002105395596
2.523828590835728
2.403170576855455
2.283623824026189
2.164347106066756
2.044372848968496
1.923020058713687
1.800274489708364
1.677013871008697
1.555011989990543
1.436726343016221
1.32493272441484
1.222304073383027
1.131040853291515
1.052646667096099
0.9879003189780511
0.9370073910835616
0.8998456127702935
0.8761779368152578
0.8657132708031166
0.8679809424330466
0.8821376576713881
0.9068326062763645
0.9400578372846274
0.9789262443682742
1.019420425179759
1.056334989071703
1.083716920352003
1.095602998554155
1.096442829204463
1.096024160644274
1.096288155650048
1.096474165073193
1.096430192946692
1.097295689937666
1.095013124844829
1.085133970615296
1.07144673634342
1.055471894454642
1.038307909692991
1.02062536770042
1.002747861075466
0.9847742044512499
0.966715391280492
0.9486275860188449
0.9307178418726851
0.9133975689540753
0.8972705256287958
0.8830625441828457
0.8715169560131415
0.8632847629989961
0.8588329416780512
3.314800882776861
3.294883371315116
3.258571282425088
3.208619270113607
3.1483648417892
3.081046678636857
3.009259853013929
2.93467505838822
2.858057210574451
2.77951115286929
2.698813114580323
2.615688173543324
2.529954885264132
2.441538360531547
2.350413103799145
2.256556118666613
2.159968604882162
2.060776488561167
1.959371122395511
1.85652548023565
1.753428575140222
1.651614720730774
1.552806733312216
1.45872515558318
1.370926881105373
1.290719559200746
1.219154077462639
1.157047491961968
1.104980047000232
1.063274263223237
1.032032597156445
1.011227550296866
1.000645877986934
0.9996097262688484
1.006833187699261
1.020546958490118
1.038789434083831
1.059366421174972
1.079174308295183
1.093701652067564
1.098020887581514
1.097324621599398
1.097402687384479
1.097683547518631
1.097964194610277
1.098043006287955
1.098766156452116
1.096684346819841
1.088255699632507
1.077350659485744
1.064768266348377
1.050832203148053
1.035504326569142
1.018563818849587
0.9997965169705432
0.9791717515839318
0.9569784929860967
0.9338823265635756
0.9108811238575419
0.889174981855547
0.8699969369152658
0.8544558150849741
0.8434241516964457
0.8374782915166827
2.755905979091939
2.748405655635814
2.734761787787219
2.71607090192972
2.693632812719744
2.668616629849661
2.641775558698628
2.613292442017489
2.58278901011078
2.549469830838859
2.512332644564645
2.470374685884392
2.422749149160275
2.368858255829948
2.308396150933003
2.24136790808703
2.168105550926326
2.089282583056578
2.005909345004277
1.919286778880064
1.830909616333968
1.742334055430833
1.655047481260814
1.570388059676487
1.48955227635417
1.413693249411565
1.344053291468418
1.282012237275182
1.228925295567579
1.185748837259416
1.152703297367541
1.129318006064639
1.114715118548909
1.107401725615365
1.104844157724352
1.104122558909329
1.103409585843715
1.102825845998473
1.103301234925073
1.103878911862676
1.100614619945053
1.098041749832674
1.098646256068374
1.099067634399703
1.099527176129311
1.099837429681656
1.100284083882722
1.098783639669263
1.093227026275055
1.086628527947162
1.078577919641442
1.068321621736506
1.054983594468557
1.037804753653936
1.016376287420991
0.9908432495663645
0.9620109906061969
0.9312914119267958
0.9004934597776025
0.8715345448259101
0.8461726378579044
0.825828298735276
0.8115132520190597
0.8038396997118133
2.196502087068265
2.202741378039369
2.214134506479347
2.22983911561494
2.248735970859193
2.269496871930528
2.290633384619805
2.310550753721713
2.327606639368358
2.340161191162818
2.346619459143655
2.345483642797457
2.335429170299544
2.315402428448391
2.284727864696928
2.243208747651956
2.19119949507005
2.129621065815544
2.05989681387612
1.983808326506503
1.90329950422288
1.820278945997708
1.736477412449991
1.653407282813494
1.572446089232843
1.495027921913974
1.422874866543566
1.358135099077043
1.303228078024588
1.260211080526568
1.229775625649526
1.210634445630166
1.200180633321929
1.195269155254887
1.190912302285944
1.181875370814086
1.165602385056832
1.14402093510526
1.123160601801765
1.109259616254358
1.101520096440237
1.098476852994249
1.099521804215901
1.100399397644048
1.101191304155245
1.101910276386822
1.101852098583937
1.101692016325566
1.10145716743971
1.101220379044334
1.098889995590544
1.092435704887331
1.080127664030895
1.060784008004002
1.034052606172686
1.000630759973409
0.9622634046503687
0.9214604190077118
0.8810335610880329
0.8436332809917907
0.8114293703563735
0.7859844545989029
0.7682859296563169
0.758862699937127
1.653555730547693
1.674579331449633
1.712874834033455
1.765420556064239
1.828353388057345
1.897505520295457
1.968864803482534
2.038885188234445
2.104590277592876
2.163489341800569
2.213410256107297
2.252370648996705
2.278554714046064
2.290401146822667
2.286774563580551
2.267169765527397
2.23187568931254
2.182026382053599
2.119503532617173
2.046710863535844
1.966285122372189
1.880824800008712
1.792707263116331
1.704037643882167
1.616738773537325
1.53275844432918
1.454341838793398
1.384283163342687
1.325991360817239
1.283028609283031
1.257639582745929
1.248429852846208
1.249607081467146
1.254411191623744
1.254586533627508
1.243117256514786
1.217173985796869
1.178558541847198
1.135452782766272
1.103494137800848
1.095423073793042
1.098119399784612
1.099821458996132
1.101693611940992
1.103045723799605
1.104413037186206
1.103484990281221
1.105965903274484
1.11485725835661
1.123433176565353
1.127761964127327
1.12458345410903
1.111446178151205
1.087002691760541
1.051415759018482
1.006537121838184
0.9556100007274511
0.902578209253229
0.8513097634629713
0.8050216688150211
0.7660261957217041
0.7357595329939739
0.714976229293062
0.7039910598046619
1.14477679527079
1.181311349482495
1.247814859750515
1.338897687806147
1.447669454755682
1.566848818358774
1.689744433059106
1.81082460394789
1.925769624188669
2.031163044379789
2.124098307895878
2.20190970255751
2.262097653416185
2.302446003547451
2.321296184956324
2.317882151808853
2.292581838725096
2.246969747022148
2.183645835454969
2.105903821158173
2.017344311822204
1.921533920274082
1.821780578535046
1.721056256283096
1.622062015903054
1.52740332582364
1.439831691216514
1.362515125538809
1.299305555080061
1.25486088982509
1.23392846821401
1.237976953757287
1.258422335013243
1.276849913150303
1.282917538979105
1.272528114118659
1.245421292119885
1.20123598236784
1.143177972792888
1.088348037874865
1.077815267046178
1.095776221286221
1.099627708562839
1.103097720414838
1.105256862615698
1.107540161576953
1.105210055479192
1.112278654535836
1.135567852400431
1.155535859191426
1.166896989767657
1.165493254635146
1.148416098356745
1.114656424554814
1.065722831002064
1.005512238413686
0.9393600822832688
0.8727811847374654
0.8104653173284138
0.7557906015407124
0.710811800610008
0.676536186243195
0.6532975912925942
0.6411005990168857
0.6902432630867557
0.742442805694269
0.8374834797835208
0.9675575474430336
1.122583625572185
1.292046098230439
1.466615416772834
1.638874897760918
1.803125450516475
1.954778527875095
2.089814037264957
2.204486994917069
2.295285630959146
2.359159553098283
2.393972070400656
2.398974622277537
2.375065032038831
2.324720184771572
2.251655816960691
2.160351344541833
2.055577125754109
1.942018499987991
1.824042601663131
1.705614909272192
1.590343970802543
1.481613926061951
1.382757174869887
1.297229584558545
1.22879516259072
1.181843932569561
1.162058368960866
1.176415100524267
1.223977128923365
1.253387579726892
1.258488459785623
1.249675048175953
1.230654403542682
1.198713740080606
1.151512732477258
1.09074121609483
1.069100715389078
1.095853386071489
1.101585808237761
1.10570531602558
1.108318468090045
1.111584387991852
1.107108025339314
1.121278825657179
1.165352010326894
1.199149657049205
1.217139014821482
1.214663025240722
1.188810072300415
1.140006786334796
1.072566332841265
0.9935305811959404
0.9106486807903686
0.830655084453558
0.7584129624883637
0.6968486769977527
0.6473367967849329
0.6102289523814063
0.5853472237374903
0.5723650457700574
0.3140821686586834
0.381068361731793
0.5031838155778143
0.670419764603866
0.8697105085939191
1.087635533922985
1.312587212018222
1.535362958051021
1.748567500374067
1.945837831946408
2.12139445572361
2.269846447062708
2.386262014407555
2.46665823147635
2.508729615581104
2.512374668982977
2.479741229954039
2.414832565442593
2.322893297088171
2.209787969375485
2.081499157253804
1.943791311993559
1.802036679382612
1.66117449463409
1.525763135668272
1.400080045074592
1.288223897914369
1.194178697693659
1.121807778510976
1.074750255722603
1.056329766173674
1.070999290502364
1.135333164880994
1.1679960193786
1.159296769400641
1.153441121796741
1.148852954186587
1.143034093292421
1.140988048419574
1.142712056394368
1.117005342106153
1.102835149228321
1.108190476640433
1.110559760625569
1.112614102481536
1.116727953196561
1.109227194789137
1.13324902076607
1.204896687077918
1.254793293384114
1.278038384029129
1.269576161460428
1.227704831491049
1.156701388284601
1.065848807131613
0.9661347737081242
0.8672074027350063
0.7759150356794403
0.6962696327057351
0.630105542633264
0.5778528669536483
0.5391764022259073
0.5134477622075697
0.5000785940702369
0.04605860808881655
0.125352729163957
0.2700781074235413
0.4685995147216908
0.7060870148532159
0.9676853363705072
1.240235723002922
1.51236010370842
1.773919914349661
2.015665593208275
2.229174085390722
2.406682751365447
2.541425567809301
2.628693869851851
2.666840328222855
2.657507538863705
2.605067661195775
2.515686612052884
2.396408213993585
2.254462017895595
2.096840939074797
1.930113451479754
1.760403020273449
1.593461070337323
1.434769054120883
1.289622335391025
1.16316446078762
1.060351484274369
0.9858494465257561
0.9439829409755131
0.9392795963111851
0.9791037583001736
1.080400373444524
1.127001344503896
1.112198824140816
1.115659879832954
1.116965495581366
1.119443966407236
1.123494342136006
1.129043224987849
1.122633684016167
1.113477983364302
1.114056623754928
1.115243834717596
1.117042980417057
1.122491854003417
1.111305823473402
1.147688049133975
1.253769068437513
1.322137235025403
1.347365031217183
1.324278871565733
1.256134624390073
1.155460503834213
1.03854391816755
0.9196602372346346
0.8084397696782814
0.7100564071812432
0.6266055892722472
0.5584619826216279
0.5051769849618805
0.4659622081010213
0.4399636229975075
0.4264767146210459
-0.07713739978838836
0.009891987301159425
0.1681477731424155
0.3853971465329285
0.6486920191635857
0.9454104065884203
1.261570310087689
1.581752316761598
1.890823700545883
2.175133202531536
2.422516321783487
2.621835897222161
2.764283996596026
2.845405910991119
2.86585510927202
2.830549824399978
2.74708364712426
2.624206733886244
2.470737271903474
2.294948823639712
2.104360014748099
1.905816037726003
1.705733150974604
1.510376214191028
1.326067014484849
1.159272481943976
1.016576711507667
0.9045885539534226
0.8299054453580553
0.799399436721915
0.8212471420779508
0.9067057166162324
1.070188925891632
1.138760890524522
1.120227730632264
1.125713239252006
1.125455735956594
1.12533721804811
1.124754081014211
1.124245975714413
1.119873179304982
1.116094482310551
1.116601959995929
1.118459463177008
1.120893812882118
1.128579142850556
1.113122178515384
1.163546703765857
1.312186845951395
1.401037732420089
1.419511479309136
1.366759686360223
1.259999320280606
1.125134295881717
0.9847798360305358
0.8530574057266791
0.7364213631141158
0.6366261100481705
0.5533208841808364
0.485568557482433
0.4324631089483824
0.3932265886932687
0.3671441917517382
0.3535977040036995
-0.01096409513044792
0.07661759213191362
0.2323558202796681
0.4459733471861654
0.7145437187183492
1.033747428689139
1.38851361393013
1.755247779147749
2.110302102803888
2.434133608760678
2.708958767913706
2.918804276643578
3.053638348292891
3.111763741482153
3.098630122535309
3.023995842318082
2.899298795054574
2.735860472087926
2.543877471129093
2.332039429348145
2.107641325393232
1.877046436173251
1.646313840462296
1.421787927190216
1.210488789503642
1.020237085034815
0.8595622480873069
0.7375373057935444
0.6637275823247653
0.6483870976611492
0.7026960880359397
0.8378817222088086
1.060977968615477
1.140384682242529
1.115148172742871
1.122408186970483
1.122331588120737
1.12263610562618
1.122099129932665
1.121297261905644
1.11884118028162
1.117026140158565
1.117800083996634
1.120582705086941
1.124168782608919
1.13520666428198
1.114727123405677
1.181475723263458
1.385892220876279
1.491131054760792
1.480430608680457
1.375678728133553
1.22134248112516
1.05645717287267
0.9031858944232789
0.7695900196191882
0.6561808705317077
0.5607992335410473
0.4810901497317114
0.4154167693123217
0.3629818137578267
0.3235550031618754
0.2970443120804205
0.2832139411551924
0.2982381526597537
0.3741443011655766
0.5000366316281695
0.6768398619143736
0.9235800277745846
1.248381081546046
1.633644269625733
2.043550039472978
2.44183379158324
2.800907851815321
3.092528552559253
3.295049695383429
3.401094045800989
3.41611693377618
3.352889044392285
3.226805331787958
3.053036470774726
2.844964490259246
2.613436872450193
2.366687673828676
2.110846739403648
1.850875676382508
1.591679648115647
1.339114877674247
1.100657888803147
0.8856220207461618
0.7049743517809484
0.5709470639071205
0.4966343464990647
0.4955344504427045
0.580618966738769
0.7624298754558506
1.046787109405224
1.144897373639546
1.11335238319342
1.122415352497058
1.122098083902002
1.122104636752614
1.120895984111448
1.119301288351713
1.117156027085134
1.115970839730938
1.117065181268175
1.120996689992044
1.126546846267859
1.142905539519312
1.117352979708237
1.213282432650091
1.49181701224635
1.582351538356344
1.498013690114388
1.320977363415911
1.12543236294572
0.9485692322873153
0.7999580986076958
0.6771224151166123
0.5747674112912908
0.4882790549473491
0.4145340680527391
0.3518870545488755
0.2999970035235622
0.2595269233845166
0.2315690428648153
0.2168446060098468
0.9170877823093349
0.9520323141783197
1.00255487535783
1.107275600706821
1.307740422910359
1.614526760235
2.010242725252631
2.453445438242574
2.892786150188884
3.280951301976027
3.569791192075886
3.737642139322438
3.788612670385978
3.739713303566765
3.611765894251736
3.425226309250314
3.198198582704701
2.94525830570795
2.676938956718648
2.399994599312818
2.118380003587743
1.834710912420133
1.551893529164623
1.274607747934756
1.010357922450135
0.7698838671331278
0.5668860545739558
0.41722678174658
0.3378701547532709
0.3456777259038858
0.4559689204358229
0.6810617723859226
1.029965507532215
1.150670094890991
1.112360659100353
1.123255725218359
1.122580103801244
1.122089376844653
1.119968284669811
1.117270626170939
1.114464158052541
1.112898697585895
1.113853375630461
1.118769811673856
1.127202066244393
1.151563617051096
1.125647370566955
1.296740615367229
1.642042743389218
1.626024838532811
1.417590349820666
1.178020860048158
0.9743781893771468
0.8146638151354877
0.6887852760306622
0.5861334080318211
0.499380981760338
0.4240258376141575
0.3574351754737484
0.2983237102182319
0.2466939898996299
0.2039496355474029
0.172730645572543
0.1558572291311921
1.933475899909432
1.841591686382949
1.754160682572101
1.778416200491928
1.925529356430475
2.176254475704458
2.532353326117007
2.982940492261455
3.470564476943344
3.871965000694928
4.121247501454673
4.21845860182153
4.188008564946016
4.058021315262782
3.855331481144909
3.604090189879536
3.324314896127018
3.030682194379272
2.732247026971419
2.433210347419804
2.134456957919083
1.83549756368278
1.536513429706855
1.240258358706517
0.9535574198164128
0.6880942761227863
0.4602178084631925
0.2897396640932328
0.198088748312695
0.2064416944663507
0.3342984673627352
0.5986683428625156
1.014046862596612
1.158611818131104
1.113261279628197
1.125908557035568
1.124625483211066
1.123215978329554
1.11960518268573
1.115045558624178
1.110438458373189
1.107247800719995
1.106959619752001
1.111852339935408
1.123336424493551
1.157077333453172
1.149522257963318
1.464263400790842
1.752570819557142
1.504473016947813
1.192504322558372
0.9591875361498876
0.7979090984822412
0.6799696004880702
0.5861577271674652
0.5064053999169691
0.4357227832748545
0.3715272431743601
0.3122942582524931
0.2571087934645706
0.2058890008012575
0.1600765084079102
0.1233384547821049
0.1017239564722974
3.453580558796806
3.020216923351296
2.766688618447765
2.762823938508471
2.863797297417626
3.00192138753937
3.223932552008891
3.625669618425414
4.182610823733257
4.543806242761725
4.699661574445012
4.693919323225859
4.564227696671018
4.343468410409704
4.062452269153241
3.748278518690252
3.421785656161279
3.096297356889439
2.778041000558316
2.467719430637405
2.162607829527075
1.858779577132897
1.553301468747995
1.246340399768902
0.943064033495292
0.655023274837385
0.4004963011080628
0.2033296345532249
0.09041425002432074
0.08888572267330547
0.2244452050704607
0.5210337872739043
1.000664351599331
1.168924790281569
1.116674389545251
1.130868710669474
1.128694045917001
1.1258512028816
1.120014494552454
1.112553833987081
1.104787783569235
1.098339260595006
1.094706268717887
1.096339067702979
1.106001351376804
1.138087643329698
1.161889720463419
1.540732574310221
1.506337413142941
1.107681074673843
0.8703572513384922
0.7359489872819835
0.6438746764030943
0.5702532203356304
0.5053026072852567
0.4449153502760455
0.3876484376121139
0.3329541806814967
0.2803639143909713
0.2292724446797123
0.1792197271829284
0.131044938357087
0.08825994133165826
0.05691120393516189
5.487106038388206
4.445282966106122
4.148043035774536
4.163416082196419
4.188286614276462
4.172389196625626
4.155262855319457
4.440621007855245
4.978158150214757
5.199011943832808
5.231435387114145
5.114114718961048
4.880357054554463
4.567642628809516
4.212438950203157
3.844392273931598
3.483314938052964
3.139216739816811
2.814197013816854
2.504947712398214
2.20517972499699
1.907794643652412
1.606883277357632
1.299705523391055
0.9887541789416713
0.6837906214229514
0.4033135437985657
0.1744719922726825
0.03060521699650421
0.007048667886973083
0.1378094891103167
0.4553129098289432
0.9914899930173563
1.181854948284687
1.123463424523323
1.138894435840073
1.135543670427941
1.130662214170313
1.121704287823071
1.109973626635031
1.097369199223079
1.085546175343876
1.075144491407693
1.066607152132193
1.059707269937729
1.057367080507427
1.07610145606784
0.9491273197845381
0.6775457197004153
0.6556761699023744
0.6479336969157642
0.6019115988881545
0.5506844853133445
0.5021858576937644
0.4544165958034048
0.4062812379006799
0.3580046177129572
0.3099185274440486
0.2621153655854637
0.2143741674833347
0.1661514385286439
0.1176624256797264
0.07414629527266556
0.02873400117136181
5.183266265554787
4.84779915535693
4.732856335255623
4.678029520815497
4.638990718408253
4.624461400367541
4.528192206798311
4.829018133430699
5.464370482976928
5.685532377448965
5.647173132906534
5.431363027952376
5.09846066803102
4.702356567113498
4.287193546197186
3.88293076776116
3.50537457947912
3.159247959210149
2.841853146676404
2.546125623095953
2.26293135981631
1.982848866828329
1.697710010295673
1.402146204711089
1.095402935382122
0.7836659842622981
0.482828285119618
0.2207349352942785
0.03680338310515629
-0.02276083026595049
0.08781188990124858
0.4107694879699892
0.9890874509887659
1.19761193275517
1.134613836611492
1.150905661953416
1.146179318026825
1.138648697333819
1.12564990912392
1.108096488074328
1.089247859737805
1.071220437272826
1.053552774827905
1.034460821939364
1.01076531784324
0.9753032377814965
0.9257685071929123
0.7539563414036061
0.6634921755363808
0.636696189107648
0.6120402626504119
0.5738148288957431
0.5319692369645783
0.4884037312752346
0.4436265170934156
0.397982623172965
0.3517913254016303
0.3052629656426429
0.2585201099337577
0.211611108169237
0.1645343997349837
0.1171750743856189
0.07082799483136666
0.02370927983788581
4.75869661035412
4.622858702301194
4.548741889450819
4.505109827294524
4.481822232258729
4.496734031168461
4.410524664086776
4.798907990718985
5.632605836609708
5.939894470304266
5.881189443791556
5.591477892692402
5.178720413037354
4.722948704350382
4.274962594286064
3.860740195141549
3.489150940136707
3.158871578120358
2.863013868999955
2.591898089466791
2.33479080374084
2.0811565788449
1.821698799043545
1.549359079124306
1.260513718175002
0.9568335791481717
0.648488468831264
0.3589289979668891
0.1293676685028194
0.01783704275824848
0.08847291372760979
0.3979155936612884
0.9975465696044657
1.21640499871166
1.151172263197004
1.167988968817447
1.161866301718041
1.151106731244765
1.133112106475721
1.10758255048854
1.081071165704901
1.057380658936344
1.035059694268825
1.011186628631726
0.9831446406366586
0.946124194081583
0.9016170859226414
0.813587678688189
0.7380357530700639
0.6850728803140979
0.6384015903401108
0.5907286785294025
0.5434351578432732
0.4962954255311534
0.4491809247574547
0.4019951659353296
0.3547499188754878
0.3074819214074234
0.2602153192622207
0.2129477222985048
0.1656953842576527
0.1184393986685928
0.07173482003284504
0.02484377160454906
4.660751660561152
4.589645249361061
4.545057163020462
4.512871320701816
4.492820665531715
4.509183036780851
4.409512674024443
4.74358270805366
5.627541351132175
5.970553917481116
5.888147637426218
5.544724375459592
5.08850043484318
4.615983809237973
4.174989742688289
3.782607007979613
3.44032831362692
3.142417249150719
2.879785456423146
2.641871745056072
2.417780866437959
2.19712525202168
1.970704790417058
1.731081725221209
1.473133258054349
1.194873752947849
0.8994519337384603
0.6001542151746969
0.3298680033206152
0.1511707848772245
0.1531780084958327
0.4234391361942709
1.021225973354287
1.238393430626748
1.174046019384957
1.191489931947384
1.184401572049716
1.170035035248084
1.146110667196969
1.108752726341157
1.071765090661423
1.042815355544139
1.017797249704337
0.9910934332961793
0.9597925896538708
0.9201704887182593
0.8727853357991836
0.8047654948661718
0.741208211233475
0.6882602494409544
0.6394235534316783
0.5911534148171488
0.5434826128689353
0.496078508492371
0.4488054894969362
0.4015668771083865
0.3543374061173431
0.307114147499821
0.259897805184274
0.2126826980718396
0.1654901771970211
0.1183068421930378
0.07143055175568767
0.02461576906013909
4.579225176784089
4.528319617608794
4.49363187658328
4.469500820982937
4.456067860849801
4.478586873773927
4.387353255488348
4.701879097036286
5.546222505482374
5.810995579431169
5.648706310095298
5.267667270973138
4.822264210569593
4.390353072329983
4.000939610842583
3.660814415906276
3.367632439414644
3.114815157363014
2.893595001675439
2.694260436695261
2.507057695406783
2.322840124370721
2.133537868018066
1.932511548419193
1.714795154841299
1.47715988175932
1.218139249082104
0.9395500737924526
0.654383310347085
0.4073915735112253
0.3006269382670863
0.4809758415117674
1.053050168360017
1.262315078194618
1.203161164639186
1.222461961881085
1.215484112909385
1.19723963450186
1.166401756396611
1.109600607517578
1.056695235200548
1.023891159710884
1.00025679836163
0.9743376827022858
0.9433451599388297
0.9049036311636095
0.8595503150725174
0.8027844250842985
0.7462802981293101
0.6937244885407777
0.6433573848163947
0.5939393812997472
0.5453455888214889
0.4972762054028228
0.4495491483321472
0.4020263222400737
0.3546276928319569
0.3073055156009459
0.2600294973083182
0.2127737435849587
0.1655541819204224
0.1183625377906927
0.0715550964056659
0.02468760273985038
4.523612656455683
4.471975711953219
4.439393375711828
4.419818602585602
4.412697298386792
4.441379926044319
4.37041383777738
4.700317761497449
5.407276327999686
5.445639761769488
5.1590033364816
4.787375642047259
4.421538335811943
4.083731693859096
3.779955237258587
3.512730917798034
3.281116774987083
3.080692721177157
2.904777715313196
2.745758847121819
2.596017239626489
2.448473480203643
2.296910782153563
2.136211548072531
1.962583226841894
1.773683262624206
1.568090705201649
1.343162817584231
1.092866028987
0.8184144797254906
0.5777955422996643
0.5620800839030758
1.046215886677293
1.282208008233443
1.238757143477564
1.263772470573837
1.26052456309543
1.241519715662529
1.207711812600201
1.117993215761087
1.039377969021113
1.005545913114817
0.9912656642043565
0.9714300071751725
0.9434818844297288
0.9065034348503299
0.8618576173074168
0.8089775445981739
0.7542605693820028
0.7006181516575681
0.6483389942135898
0.5972909931475963
0.5474167669347032
0.4984415750091368
0.4501121030909255
0.4022120184317792
0.3545873960442943
0.3071324802340041
0.2597719205999778
0.2124423729431102
0.1651556629914895
0.1179453095294043
0.07162363768038983
0.02478866234906154
4.490798628392808
4.402789965106772
4.365924669524795
4.350817839762768
4.352210495640424
4.390088380444963
4.370319153068174
4.791801273178554
5.112785829341507
4.803071889427653
4.468699867838429
4.206676640764822
3.975603694941646
3.754668403800144
3.546826746220807
3.358430719916238
3.191562204201408
3.044319029892799
2.912641022339311
2.791663931097959
2.676485945624212
2.56256211786649
2.445909459915963
2.32324876940295
2.192184534585986
2.05156625944324
1.90206386446241
1.745586048757852
1.578156161566691
1.37137202709285
1.073859479721894
0.7533624058639863
0.9295609685781181
1.27903722674991
1.280590880748979
1.315295341681165
1.316893759417024
1.294319149618632
1.246917962018966
1.049873376543825
0.9518830456863258
0.9359001791870772
0.9390518168540464
0.9205389739249714
0.8921831447012006
0.8578049796277942
0.8189149729514
0.7751705346717561
0.7295102627213936
0.6833120755342401
0.6367919888584179
0.590029320996897
0.5431665910362886
0.4962373069343869
0.4492592651946744
0.4022357549319261
0.3551752497986701
0.308087302816367
0.2609751920257773
0.2137984093832715
0.1664984710143285
0.1190174024261535
0.07328672617476081
0.02544318968900287
4.598069428589317
4.369244638629421
4.298654022047885
4.27440028751895
4.274924475127531
4.309552215148997
4.357576176051356
4.784469477140071
4.361355433176763
3.915548867517118
3.776554430749173
3.696576230658054
3.589408722888151
3.464448765850573
3.338957347752569
3.220568921741449
3.11112945304864
3.010085314585722
2.915803307334896
2.826181214940718
2.739030655165431
2.652297326650566
2.56418027252931
2.473227269216371
2.378415456711698
2.2792278134922
2.176268491093554
2.074183973273953
1.986278542081149
1.920209934333926
1.793973942896396
1.362147429050819
0.9050295745442626
1.290783926302325
1.354481211698785
1.394945393415675
1.410798086923325
1.418325121243877
1.445724700593324
1.299485421932104
0.8065722089673103
0.8639713176551477
1.005230799000162
1.050672361282485
1.035804842147819
0.9949693460701636
0.9390215395484178
0.8718076138567942
0.8002328387559665
0.7304938105540379
0.6656182995421694
0.606108735655056
0.5511239833181112
0.4993401551244455
0.4495734648364949
0.4009905727677832
0.3530875227055606
0.3055832917422757
0.2582355865800584
0.2105374284353465
0.1618485785881681
0.1135398630064675
0.07356053132017967
0.028210126821291
3.768372936466487
4.012469054254766
4.093612477660329
4.126350550850642
4.136402143720586
4.135197210947816
4.165917163223263
3.947395308785429
3.31822177954844
3.324551478427362
3.419837021294065
3.407494963483825
3.344032724025524
3.270773361327007
3.197761608430695
3.125477697424742
3.053803234352947
2.98284444544036
2.912584359175991
2.842839519216921
2.773357971121712
2.703890635095747
2.63422918121832
2.564262841024473
2.494034986940278
2.423610307389378
2.352555732400047
2.280494407283602
2.215973048423913
2.199500798728542
2.291132685357113
2.301410341513618
1.682141476047001
1.468489289662815
1.51011134659384
1.512526547889205
1.522268962382819
1.55509809773896
1.589652695792619
1.911597343611424
1.58085177685012
1.38495510470827
1.444583084611155
1.515030218309714
1.515595406111092
1.452721720372606
1.344134784548525
1.20660730422605
1.058816103506816
0.9176539371744713
0.7931393037961529
0.687861780842268
0.5997035346239155
0.5247782908046166
0.4592659559964287
0.4001486985826483
0.345285076082371
0.2931885171093658
0.2426955473678097
0.1927445840412934
0.1428516268489332
0.09470538816488518
0.05285276838883163
0.02227212271344633
3.887318334856924
3.985480771893643
4.026610190109905
4.038655798402892
4.025754694603604
3.979947332369538
3.903935740290281
3.627700501757438
3.463926033929165
3.419710240366876
3.396032734954277
3.347185245541059
3.29005359615199
3.229876753443516
3.16806914548297
3.104942184436601
3.040783531651706
2.975869316667796
2.9104336142674
2.844668833471172
2.778740663686751
2.712802529496923
2.647006675668203
2.581520476066115
2.516551229369513
2.452355286447073
2.389209761069496
2.327412150631867
2.26833184754261
2.217061028457346
2.190469127296105
2.145748749283612
1.977424304708472
1.720904970578558
1.655903592213398
1.616125045563452
1.604175515063829
1.629513702624616
1.596399228414137
1.94647357419885
2.311906803823023
2.218744509043523
2.127182757183419
2.076795967469839
2.01009549394488
1.897865075778132
1.740276939372529
1.550992421280896
1.348689388743316
1.151472170200361
0.9722733197625508
0.8171075295950763
0.6862895269811888
0.5768614845019723
0.4847022170517347
0.4057879724993902
0.3367075311536775
0.2747306958838734
0.2177335797457686
0.1642877188312949
0.1141486465852442
0.06898238883279248
0.03276171221651095
0.01169141860368251
3.872359285647375
3.930436753344525
3.962271831251023
3.971238678022845
3.957138667313654
3.915216627374163
3.851329969584295
3.709240886668157
3.574647409381591
3.495448848770329
3.438216328360284
3.377879926867302
3.314456225961372
3.248729453382816
3.181883922370629
3.114478752205114
3.046833244936629
2.979118790282614
2.911418170668752
2.843756893774123
2.776131594790907
2.708531313541793
2.640956266137678
2.573433202550886
2.50603495368146
2.438896668761824
2.37225487387866
2.306556735217492
2.242864036517095
2.181975227883853
2.124110604030809
2.045936696505212
1.911372737854256
1.776229332645168
1.716558342814743
1.676288056984533
1.656908867019507
1.676342300930447
1.597108738442596
1.923251195560967
2.678416546918722
2.858013293136318
2.788077168655982
2.655235002114233
2.505048911911548
2.330564980162341
2.124714112389478
1.892239829092901
1.646231802004946
1.402335876141898
1.174051905137968
0.9700876244358004
0.7939561126252576
0.6451174126656174
0.5206210717031622
0.416516233563806
0.3287711579820367
0.2537751672004557
0.1886381966228727
0.1314888672915546
0.08181469038091657
0.04068429673648698
0.01059439617879655
-0.005610431334392161
3.852320032570817
3.898220273660736
3.923339203764677
3.9272092552351
3.909385018025265
3.866601966844289
3.802493890710541
3.698800336489573
3.595287857199131
3.516099899413178
3.448383150652748
3.381665907200553
3.314972816726653
3.24793770634965
3.180730300664755
3.11341794342301
3.046056644936168
2.97868374958091
2.911319754833879
2.843970749751819
2.776635251169405
2.709309314302278
2.641992321054863
2.574690779199185
2.507422054762736
2.440213326472491
2.373100834898523
2.306125677263634
2.239440950232834
2.172735155812515
2.105137273383392
2.027065238676754
1.924710140304489
1.824644512725848
1.761863426229457
1.718347260451211
1.692414346095449
1.707102231376292
1.608503931558106
1.943698958391862
2.840537854379162
3.216260829397133
3.259604361170633
3.141579521591717
2.957060232667644
2.737755853050964
2.489961314372026
2.218471083526277
1.93326919372037
1.647826719376031
1.375481662784237
1.12658669842022
0.9072030290421449
0.719226779422228
0.5613841804291515
0.430477786602644
0.3224835466397944
0.2333686915728891
0.1596702959513788
0.09889717649567918
0.04973998918282319
0.01200322818297926
-0.01383029681755427
-0.02736606744305089
3.846120356277593
3.88341928490219
3.903573227110444
3.904610446446517
3.885866537878341
3.84533629355944
3.785615019890767
3.701751779759095
3.613738188611012
3.534552089524059
3.461201117958018
3.39002879976697
3.320238090673011
3.251213379074866
3.182725113833979
3.114601649394774
3.04673545921648
2.979047699003583
2.911480439171187
2.843988307104882
2.776533389980076
2.709080775731127
2.641595655231445
2.574037648055847
2.506354861821382
2.438473760191651
2.370290084462985
2.301634404124788
2.232301188616693
2.161722826431854
2.089115577311633
2.011112444460342
1.924038060062813
1.841445806284272
1.780687999252123
1.737214823559944
1.708295477099623
1.719301108571745
1.615487485377197
1.950161535974304
2.864717878719039
3.346573651552723
3.51533156311773
3.479718761637148
3.322961614742651
3.0946430762401
2.820245435217863
2.515289567388684
2.193798078891741
1.870336982087174
1.558782999149074
1.270468116381218
1.012977313751645
0.7899216506007701
0.6015007522600714
0.4454784177746128
0.3182291750310945
0.2156501134523846
0.1338538677894565
0.0696117650558548
0.02052503233817414
-0.01507236114334891
-0.03838750106364185
-0.05037084131922855
3.85495717191339
3.884739230742207
3.901095510640482
3.900503842602878
3.881231537308843
3.841671757164652
3.783873387670285
3.708233327924407
3.626345590111544
3.546605440885302
3.469981155216407
3.395808849205679
3.323737242379895
3.253194657378656
3.183764706884513
3.115102257520879
3.046950000487707
2.979125220687187
2.911502518175367
2.843994738520455
2.776537155641886
2.709073508092216
2.641544254164176
2.573872624529735
2.505948885981352
2.437611674778344
2.368631195846851
2.298684048789231
2.22738552197332
2.154194359674184
2.07868511121113
2.00014376491306
1.918891248696531
1.843105145830507
1.782696118517544
1.738380770103653
1.707403296879291
1.714035391396229
1.61427989993012
1.920981479314897
2.776224680322635
3.319911292003706
3.605052335079621
3.676731348687059
3.58495614498294
3.377822736275262
3.094436080962585
2.764598563409055
2.411705021217796
2.054987903916895
1.710214512237016
1.389525170892142
1.101191582131208
0.849694019468075
0.6361898999002794
0.459266197012059
0.3158067025326568
0.2018186009647309
0.1131066961937653
0.04573115267718242
-0.003764060509658457
-0.03829843650837546
-0.060249643135656
-0.07134732620758677
3.875789327489018
3.899794191014965
3.915312256617963
3.915632865386139
3.896792980845261
3.8569154193628
3.797792573751119
3.722313070501681
3.639458862724811
3.556596705975369
3.476470906228115
3.399593535760354
3.325687724954236
3.254052554566683
3.184037542724491
3.115099129784349
3.046843604310921
2.979003994033261
2.911407266876016
2.843941925695214
2.776531603103477
2.709113163518234
2.641616946856034
2.573946691983404
2.50595343408415
2.437404889516
2.367953415810832
2.297105964783758
2.22425124098068
2.148701724114556
2.070065544546876
1.988609076326462
1.906388163699041
1.830147323309868
1.767471402231624
1.721152442945475
1.688897798179793
1.689638925170202
1.597533341190738
1.851364326761235
2.622741771201221
3.218207728615236
3.604068540874604
3.773244306826868
3.749149120799931
3.57355599010759
3.292519595099527
2.947310068958643
2.571074358758304
2.188934893990871
1.819276729879464
1.475048276806237
1.164741013180842
0.8931062759374911
0.661768822404413
0.469855641467306
0.3146697107209794
0.1923636071833003
0.0985376470302666
0.02870481792943
-0.02138501247002325
-0.05551378165000628
-0.07678520127533815
-0.0874033895381397
3.899098091914791
3.923004366434304
3.943265962220915
3.948130199488105
3.931024504348414
3.889538601231238
3.825614404755003
3.743939182499795
3.654344448596941
3.565326781489798
3.480672147601893
3.401020674367447
3.325654797291532
3.253413804862371
3.183256147434158
3.114391652230473
3.046287720287165
2.978610666734801
2.911162909389656
2.843830715823939
2.776545852990207
2.70925709122648
2.64190438540694
2.574393157692464
2.506557620711938
2.438112467074284
2.368592925155389
2.297291299474474
2.223246384724035
2.145326869983148
2.062700045529584
1.975665839142696
1.887220044729444
1.804931902184127
1.737086865869335
1.687586781218876
1.654457025598296
1.651751749232094
1.559983174006685
1.758121713284128
2.489244512927096
3.131360974565842
3.582679026108802
3.811591609811904
3.830304317832747
3.676955410503902
3.400336299711871
3.047865307503302
2.658770263113523
2.262252557953786
1.878638333525298
1.521453989197006
1.199237837899728
0.9167644214304792
0.6758239323860286
0.4758047698945479
0.3142441359719392
0.1873891558964668
0.09073391100578004
0.01948849037919595
-0.03102836588485971
-0.06504651262382286
-0.08602800001762774
-0.09639319196604992
)
;

boundaryField
{
    inletLower
    {
        type            zeroGradient;
    }
    inletUpper
    {
        type            zeroGradient;
    }
    outletLower
    {
        type            fixedValue;
        value           uniform 0;
    }
    outletUpper
    {
        type            fixedValue;
        value           uniform 0;
    }
    sideWalls
    {
        type            zeroGradient;
    }
    topBottomWalls
    {
        type            zeroGradient;
    }
    frontAndBack
    {
        type            symmetry;
    }
}


// ************************************************************************* //
