/*--------------------------------*- C++ -*----------------------------------*\
| =========                 |                                                 |
| \\      /  F ield         | OpenFOAM: The Open Source CFD Toolbox           |
|  \\    /   O peration     | Version:  2506                                  |
|   \\  /    A nd           | Website:  www.openfoam.com                      |
|    \\/     M anipulation  |                                                 |
\*---------------------------------------------------------------------------*/
FoamFile
{
    version     2.0;
    format      ascii;
    arch        "LSB;label=32;scalar=64";
    class       volScalarField;
    location    "5000";
    object      p;
}
// * * * * * * * * * * * * * * * * * * * * * * * * * * * * * * * * * * * * * //

dimensions      [0 2 -2 0 0 0 0];

internalField   nonuniform List<scalar> 
4096
(
0.5217203884717038
0.5711750455820324
0.6624384542809297
0.7885993754196973
0.9392569016051044
1.102131289451145
1.265131613902186
1.417729182508361
1.551475193017565
1.66008181615389
1.73931713816521
1.786704032502899
1.801015821883751
1.781693005632392
1.728369038562874
1.640649029125856
1.518189801117175
1.36103659736204
1.170102987460704
0.9476443648738283
0.6975808351684233
0.4255772896958059
0.1388727019089801
-0.1540704671533262
-0.4439933202486744
-0.7212675663632704
-0.9763074640211125
-1.200003979962812
-1.384227465537381
-1.5224010837848
-1.610072530950826
-1.645352936072654
-1.629091567417298
-1.564714639845411
-1.457734947595944
-1.314997665354323
-1.143775374761383
-0.9508930325989844
-0.7421137343874904
-0.521940143889557
-0.2937844807457234
-0.06032336773798903
0.1761158482128434
0.4132364398610598
0.6486538220831947
0.8800773590636776
1.105653564627574
1.32417579568503
1.535012802264942
1.737842087421337
1.932306135557442
2.117672131932964
2.292619729454876
2.455304226341982
2.603711717803962
2.736140284739331
2.851592724829912
2.94994788231336
3.031874852932321
3.098523437839744
3.151096029222751
3.190477263532844
3.217084646524984
3.230979360943779
0.545446847961239
0.5989809209337957
0.69611838710248
0.8273894395311545
0.9802637068095645
1.141886756074999
1.300767300753769
1.447272281180048
1.573781598206009
1.674831529523104
1.747046264517128
1.788723681757766
1.799200506759743
1.778224508175136
1.725507994961647
1.640544370151581
1.522699366655896
1.371541058209854
1.187332041638316
0.9715690564207431
0.7274322048108008
0.4600187167228811
0.1762959488324135
-0.1152033294446483
-0.4048510603157467
-0.6824597555035066
-0.9378344484353113
-1.161348218463377
-1.344561809826129
-1.480862286202961
-1.566024102820171
-1.598558315936468
-1.579748769855941
-1.513361519759128
-1.405101540362392
-1.261922936659174
-1.09126417973403
-0.9002526105737565
-0.6949972095859919
-0.4801916742409093
-0.2591570836635163
-0.03420940085562758
0.1928438292700995
0.4201918149866146
0.6458106706844995
0.8677047390224536
1.084357570996059
1.294987771166829
1.499373082013181
1.697386269879897
1.888543005403506
2.071659366308722
2.244785628172748
2.405499295967965
2.551404845757498
2.680603791701977
2.7920127205294
2.885507683577722
2.961884759142889
3.022620224971684
3.069450740666722
3.103893248720014
3.126937055375834
3.13905714511933
0.5940531090221326
0.6555170308445899
0.7636224613144388
0.9031890816718295
1.058417746782517
1.216404236747746
1.366947817259536
1.501746032853328
1.614534172099677
1.701429369243078
1.760694792312198
1.791994719571781
1.79557247046963
1.771634764995095
1.720003798589961
1.640003506513359
1.530549929369223
1.390439205687635
1.218825685424686
1.015845345868226
0.783276097269143
0.5250685064246194
0.2475756154471583
-0.04061085399785713
-0.3291812371821013
-0.6068582762026712
-0.8622538178048389
-1.084760343236669
-1.265420080925402
-1.397673017224969
-1.477845167667609
-1.505273576374389
-1.482062570180873
-1.412565374339735
-1.302750238166821
-1.159615046102356
-0.9907045546307158
-0.8035792663572625
-0.6050447935551303
-0.4003194281939368
-0.1926850242372092
0.01614279914908598
0.2252292720579578
0.433601144297932
0.64004895494952
0.8434068110379545
1.042935503943762
1.238588492178175
1.430818715245757
1.619801762804528
1.804704541419802
1.983357325837951
2.152602846317572
2.309072302563909
2.449839320361827
2.572752030532544
2.676595344061336
2.761209726232643
2.827537721283356
2.877517684732957
2.913756367333397
2.938941346929123
2.955147230028821
2.963490915398526
0.6761646968790951
0.7497813836392139
0.8719591590915736
1.018888081379818
1.173059810847513
1.323235339222801
1.460501068771564
1.577626816644977
1.670218571180194
1.736887472031928
1.778213298943216
1.795491539125782
1.789883625506691
1.762005710103733
1.71177348318516
1.638365014031804
1.540269165370749
1.415464310549089
1.261803664643267
1.077662603564967
0.862819157730301
0.6194016082432425
0.3526094885320109
0.0709016673288187
-0.2144936365657101
-0.4906498492548266
-0.7443508514904149
-0.9635790835746153
-1.138819878625176
-1.263914415576548
-1.336289620362036
-1.356616313472825
-1.328126909693327
-1.25584455193853
-1.145898019994147
-1.005055573876722
-0.8405797478980612
-0.6602304302558719
-0.4717692794371211
-0.2815469042818092
-0.09318424839146502
0.09224815740752135
0.2746146679152301
0.4539014559363257
0.6305432230857967
0.8054181412859976
0.979383492259658
1.153226168145106
1.327943864236231
1.503961493284426
1.67960450191622
1.850973678528079
2.013268576283211
2.16219454559802
2.294462326494989
2.407751757538885
2.500712686733284
2.573102815033674
2.625914535192202
2.66140526787032
2.683010464825681
2.694949249455014
2.701172859960401
2.704060881790508
0.8102677903864084
0.8976389833885792
1.029123659438414
1.174863639109764
1.321195722421465
1.45836404361191
1.576490491270821
1.669210655294007
1.735295347629031
1.776854487234073
1.796931072394095
1.798112491840554
1.782102435268556
1.74971411791988
1.70092679653178
1.634886713112596
1.549867943793178
1.443278916181127
1.311850172511915
1.15216270333059
0.9616290450046782
0.7398710493905644
0.4901571505774768
0.2203082029102105
-0.05749650616046514
-0.328169596565504
-0.5760437531974122
-0.7873984171040154
-0.9524366041641275
-1.066114664547586
-1.127741838812988
-1.139819233342808
-1.106777669615808
-1.034063781232501
-0.9276350071915282
-0.7936979893284178
-0.6387057237367184
-0.4698408352308226
-0.2954438498942878
-0.1236433019228658
0.04059298057511788
0.1963106124789552
0.3430212277332916
0.4817117183998682
0.6160466165053337
0.7510686101096889
0.8907780725986933
1.03681335817642
1.189565910757569
1.349141457443522
1.511989365015493
1.671779743377737
1.822325642244866
1.959016412901083
2.078533496198743
2.178489403733784
2.25746613785573
2.315156708096832
2.352457398378708
2.371560071014575
2.376154524412597
2.371719072324534
2.364959372155784
2.360919855598905
1.034701131737457
1.121377780153463
1.237087710789605
1.365501103704315
1.497763591484062
1.616312183330405
1.707314332601137
1.767898587993995
1.802299115747076
1.816236304412211
1.814216991652006
1.799146313334342
1.772693836159803
1.735636457844842
1.688009004249503
1.629087728848824
1.557258912921387
1.469847083072418
1.363037641663427
1.232113479360871
1.072278899805635
0.880259433808749
0.6565175632173207
0.4073162782437166
0.1453665126675436
-0.111882810717526
-0.3459683972644415
-0.5415811725813118
-0.6894037844773497
-0.7865381682183804
-0.8349593880710974
-0.8392327065555663
-0.8046456957653646
-0.7363586681172462
-0.6394930070823358
-0.5194739010913663
-0.3819242689533702
-0.232548405434077
-0.07824214779406681
0.07180535922985516
0.2095780234281929
0.3308961715777725
0.4323539136873585
0.5173759116419774
0.5953323107956368
0.677590474884187
0.7736596060177041
0.8873689924371165
1.01601532378006
1.156159384154636
1.300750595184776
1.441733349486024
1.573473148178136
1.691870717111267
1.793504633241884
1.875937550366303
1.937969238288753
1.979395831522814
2.000841081020395
2.003992333989162
1.992033140012024
1.970387657250982
1.947993896709462
1.93509629225275
1.426301901901011
1.438845026350523
1.481783902395903
1.581419219330375
1.697941722796292
1.78817568004239
1.840286545782492
1.861761033901317
1.862793588688233
1.850308635818977
1.828190809120653
1.798596007363687
1.762743449153071
1.721240545080687
1.674178052613161
1.621087446772617
1.560773927893184
1.491043084723881
1.408398972188436
1.307907626742934
1.183580745450833
1.029740735974085
0.8436380594038224
0.6287973583740887
0.3972088584339021
0.1678913610844172
-0.03858004538848157
-0.2064286614299766
-0.3281505903676466
-0.4038715297640514
-0.43835898794711
-0.4377641111959966
-0.4074162754916629
-0.3511804599645735
-0.2723270695000727
-0.1751622495945168
-0.06550388406365995
0.05170501455291568
0.1748998569146512
0.2995790206508303
0.4145785028597866
0.4973784624929435
0.5420414877365279
0.5599624879870668
0.5682107942737555
0.5844670758462382
0.6256101031021162
0.7029169769184253
0.8109451918864752
0.9282476504968916
1.044258267787662
1.154835527003051
1.258744486210938
1.351800755254371
1.42952370486149
1.489657133577224
1.531874968650576
1.556343781527626
1.563095820315106
1.552839369224849
1.528240930373812
1.49378729445971
1.455977750367374
1.428763929588689
2.116405798430352
1.835352241082431
1.741687317423222
1.821936490096846
1.913146686477694
1.954038054622494
1.955544868215985
1.937291872027741
1.909444971477636
1.875816059188292
1.838052580710925
1.797179520676969
1.753879482602537
1.708532941896855
1.661243736724611
1.611813091177703
1.559617053865522
1.503366676369573
1.440761300685237
1.3681274956127
1.280317971490343
1.171395969298258
1.036726120868883
0.8765943992478392
0.6998409271577246
0.523701294770252
0.367372934081047
0.2438939969299372
0.1574855757632027
0.1055094467589672
0.08208823863346217
0.08127936199235521
0.0989203458938694
0.1330675392752769
0.1829653220876209
0.2463232779906001
0.3162984409351159
0.3851420607972996
0.4578096183862019
0.5506266803708759
0.6556847659997721
0.6903793967634607
0.6656374282619064
0.6065794328477668
0.536341278187017
0.4768077663678223
0.4506609486734665
0.4821288493879431
0.5815534183618525
0.6696209759925933
0.7384899765943704
0.8036296431291747
0.8696160271461747
0.9290246942730807
0.9756950002356432
1.008438153949813
1.028263864699343
1.035742437084653
1.030059282839689
1.010315207850726
0.9791772466496471
0.9437454308674831
0.9030125843718011
0.8466337726348065
3.215129002881563
2.288966777751593
2.061267090320861
2.089587457903632
2.103284246302771
2.074484401505906
2.030341799620513
1.984081168613139
1.937790608417879
1.891067906308887
1.843777533786495
1.796063992076206
1.748078374637772
1.699899686576072
1.65154472555996
1.602969900199876
1.554041359971703
1.504465583823394
1.453672364237348
1.400661814137215
1.343909275043176
1.281538235652244
1.211970831863243
1.134909333053464
1.052845816129965
0.9721668724764725
0.9006364948397643
0.8420271694160351
0.7974467665864129
0.7657208113599633
0.7446784634836692
0.7322074586238245
0.7268654493090035
0.7281221903316175
0.7361360226378395
0.7503819950389499
0.7651071287648714
0.7722832557866826
0.7704748377280912
0.8269175323633743
0.9162120359341914
0.8870936977322528
0.7909791992009794
0.6537025242519183
0.502168837929459
0.3653142515562188
0.2695796254058344
0.2397560108490932
0.3243294948430474
0.3783670610296883
0.3769303006075129
0.3841164902790158
0.3984416539161073
0.4121731563449468
0.4198702623567397
0.4212827598099819
0.4170697372057328
0.4073772377873381
0.3913161299011851
0.3674864685420857
0.3378468654034185
0.3151704125323758
0.3036815534917794
0.2090977346577031
2.663141165745591
2.373625330477089
2.274536675334388
2.211334904425147
2.154866195081823
2.099300367782154
2.045898660968346
1.99440139212889
1.944083192684056
1.894401434892875
1.84507564696881
1.795968686991938
1.747005121078194
1.698137182871919
1.649332718028406
1.600569337213551
1.551832089191437
1.503112968551816
1.454411690837986
1.405734348361585
1.357102899946391
1.308551189772798
1.26021152665754
1.212087329744779
1.1643065669948
1.118426181070676
1.077468092092659
1.041066398231859
1.009685485364643
0.9831213926481912
0.9611450567985297
0.9434274477136494
0.9296125573999122
0.9193559841989321
0.9122715959624177
0.9081373230259975
0.9050156097566591
0.9066051379678268
0.8837166853340445
0.9571532426431552
1.085589600828704
1.050314063555991
0.9077702574697434
0.6989945119374135
0.4673158367471887
0.2591565536997698
0.1170930932871765
0.08037770305778566
0.2020021106916678
0.2720583796829427
0.2505090542225863
0.2526067282806369
0.2503632170133498
0.2473074017578098
0.2416008445377799
0.2330748297360504
0.2214477097827039
0.2065053685538367
0.1880083198294383
0.1657986259251993
0.1400389280238575
0.1131853339829888
0.0857870842379279
0.06614374481267246
2.364751681467926
2.271500910006323
2.220206078660706
2.172370931163593
2.128770036130696
2.083277277406999
2.03633985137207
1.98867111843121
1.940682987660749
1.892508744604385
1.84420085819911
1.795790410651561
1.747295902670198
1.698721275753086
1.650053576866796
1.601258860979745
1.552272389777484
1.5029828401215
1.453212713730965
1.402696125489811
1.351097702599316
1.297999713980632
1.243149611017846
1.18612654019985
1.127004984967814
1.069123566001784
1.019001071740762
0.975877198356079
0.9405778431280932
0.9124082050146489
0.8906643926862614
0.8745795638466299
0.8635108197255863
0.8569790517699207
0.8545124157649586
0.8559012030719036
0.8590656138500981
0.8705761125316209
0.8497776674018206
0.960368821328534
1.170560479250748
1.168172291179934
1.004488643351535
0.7379974164876013
0.4358629569517813
0.1691693912092918
0.004310795359492694
-0.002164205963813137
0.1980287489870058
0.3036526605487478
0.283884781042092
0.2954115052474972
0.2990307939932675
0.3010473064834699
0.2995080350292089
0.2943241930909782
0.2852442961973251
0.2720863595506853
0.2545729747162675
0.2324665946479129
0.2054893340171914
0.1744062884843787
0.1355545773369614
0.1097921452756403
2.290319161351719
2.25051808548449
2.218643479339509
2.175096073700804
2.131172882964693
2.084893540252998
2.037457547589093
1.989445841462528
1.941184391654574
1.89279227405001
1.844320145686666
1.795792270955893
1.747220485543352
1.69860747714787
1.649947428791213
1.601225762989311
1.552414966976451
1.503465556370945
1.454291710109229
1.404742310792191
1.354618143195878
1.30354159386687
1.251235723256694
1.196041861319814
1.135877710645554
1.075585510572574
1.027176717373227
0.9860881589403093
0.9530625453778535
0.9266849849658934
0.906085380118399
0.8904859171650906
0.8793236262090899
0.8722285861437015
0.8688500161510387
0.8692256195679977
0.871313092072553
0.883186904539076
0.8551646113949896
0.9619789667616734
1.221424159529923
1.244004688600688
1.067168776703817
0.7630616322685876
0.4156884722432244
0.1095089502773193
-0.07136199358240279
-0.05513622145148831
0.1947559062928472
0.2982031939740275
0.2713592740806979
0.2834371271212036
0.2860841489292383
0.2871115184729329
0.2845819534044767
0.2786133187657166
0.2690169687969851
0.2556432453453257
0.2382138946121156
0.2164236102438315
0.1897047642033296
0.1585761219820155
0.1189565533856887
0.102359362687748
2.290329462866422
2.250534307974572
2.218588933413065
2.175028036787963
2.13110696368575
2.084837185565656
2.037412204239245
1.989412434115993
1.941164288313318
1.892787733586778
1.844334823514889
1.795832144435973
1.747295167174809
1.698733371492154
1.650151945158106
1.601555272064974
1.552947536194639
1.504327791916837
1.455676351730492
1.406911590941993
1.357938195959313
1.308416189457457
1.258237768856453
1.202922962946463
1.135135431393352
1.063750112930246
1.014396342690358
0.9736483492521464
0.9424423536586833
0.9180650290225123
0.8992067808714428
0.8849339752046084
0.8747024964217774
0.8682677907679777
0.8654837942706369
0.8666947296162454
0.8701460483989774
0.8850685937792598
0.8562377215047692
0.9750819142009891
1.265239292186554
1.273807742873109
1.073043938201187
0.7625241743455283
0.41930409395431
0.1041514626130799
-0.1042668875992751
-0.1038764231793591
0.1794675110543161
0.296510647914871
0.2686017563013539
0.2838452104110872
0.287817916574851
0.2895312126444015
0.287314565374429
0.2815689022990381
0.2722751599734708
0.2593667249822169
0.2425466484081099
0.2213580932126721
0.1948280547929015
0.1629073804703388
0.1208251674050299
0.1000636022780859
2.365487056493402
2.2722477708567
2.220722683463194
2.172782700345427
2.129116338773664
2.083574770815781
2.036584906570628
1.988857483287625
1.940805554744729
1.892564244453488
1.844188171568532
1.795711636380405
1.747159380734142
1.698548331188712
1.649892447847114
1.601211578829302
1.552540801268084
1.503931109957483
1.45542998746139
1.407031290443571
1.358812029854153
1.310735655427456
1.264063800178396
1.209100050303855
1.12729404900144
1.035317520396957
0.9901067697610869
0.9533433760908969
0.9267779693079076
0.906325537084228
0.8903850789626057
0.8780674431792452
0.8690045312159502
0.8632177421061019
0.8609205661701945
0.8628932124474582
0.8681617269223699
0.8867027187311516
0.8620720933002346
1.010373069250191
1.292769831085863
1.218805593764247
0.9873972202746177
0.7241870999244904
0.4595061256787637
0.1893554984198552
-0.05357226174764776
-0.1383140452226486
0.1409015383074053
0.289765892261526
0.2658308744687395
0.2848855529973374
0.2906393222115055
0.2929244851859763
0.2908242945522267
0.2851365715758274
0.2761265005727541
0.2638616782809453
0.2480386459165871
0.2280058889935026
0.2022887463170265
0.170041345739577
0.1256685792376899
0.09388575756479026
2.660088247346935
2.371526191705695
2.272346910723748
2.209375360976104
2.153158741711108
2.097851952396362
2.044717243960528
1.993505644797544
1.943496529961671
1.894151493984832
1.845197874181999
1.796513244273699
1.748047537440772
1.699791610755937
1.651770397762189
1.604045717607803
1.556733401572422
1.510031736701602
1.464233478180593
1.419656218653701
1.376947135814635
1.338483126978094
1.315258266547786
1.28744033015754
1.189453570465844
1.010942710238949
0.9615439925585841
0.9270734308727072
0.9053708331806515
0.889615105105075
0.8771617308860535
0.8670877256985499
0.8591953036308528
0.8538294022148289
0.8516719914728713
0.854036534187597
0.8614191642717522
0.8840603137414544
0.8779504966913323
1.085408528818862
1.233491034050683
1.012869715889066
0.7979725314181499
0.6520761515415042
0.5311338612497892
0.377918608921602
0.1494216073545557
-0.08563365652969784
0.06143202160821239
0.2724362729163603
0.2670949284422346
0.2904896214901158
0.2983500244772101
0.3008426552159526
0.2985167857375955
0.2926830912658321
0.2840331816348416
0.272882789080666
0.2590554278610381
0.241918830073284
0.2197113557288027
0.1909590384848434
0.1460025554638089
0.08631609965403464
3.224255992838569
2.294361486749022
2.064260407976056
2.091883632383081
2.105418663608576
2.076417903523385
2.03194924933188
1.985285002750778
1.938540473903653
1.891314892284624
1.843461999975132
1.795107262027995
1.74637316488513
1.697300551422154
1.647871671436153
1.598067721576967
1.547972365284414
1.497848588390171
1.447814043345538
1.396904228378319
1.344768891176775
1.304362002765784
1.313267484704838
1.299597328213166
0.981820843011401
0.8529356934985348
0.8771168873081172
0.8775402689188813
0.8732194824187239
0.8675689932402655
0.8607283011884406
0.8535459718012902
0.8466812534101005
0.8410653474415275
0.8379648608602455
0.8389993873532199
0.8460207573856161
0.8674293279390421
0.8922355765516792
1.117529861257418
0.9226700026193767
0.6631302528795974
0.5877876756576931
0.584498423738574
0.5922842601193515
0.5843151108404223
0.4985493320553015
0.2240670595293803
0.02540009100768731
0.256276843657552
0.2824710710289084
0.3048075817456913
0.3122929930438345
0.3132725992493889
0.3096222224902245
0.3028955285046614
0.294197866821346
0.2840227726296141
0.2721648266865888
0.2576301427746173
0.2373908743780028
0.2064951533732108
0.136972628599604
0.0260601460296418
2.170380301300449
1.880697091080177
1.779962017727759
1.85538952012948
1.942683201477846
1.979561293693579
1.976622451458855
1.953491101307528
1.920408797785925
1.881240979777126
1.837635118667376
1.790541700361802
1.740477471099739
1.687569691921191
1.631638279661412
1.572323262494483
1.509223756674718
1.441898543253874
1.369432333614765
1.289475267472677
1.196425083861087
1.072180397818077
0.8544138759626261
0.4581152464996948
0.3725577805819404
0.7640450174372124
0.7947829057026674
0.8306854656504241
0.8429615881982035
0.8466229569064174
0.8446032163645317
0.839485102765414
0.8326026458917644
0.8252518167772694
0.8189792005005352
0.8143955609331148
0.8120634983730695
0.8131821938369099
0.840876890745677
0.7405243372826988
0.4619614274605046
0.4878617170730982
0.5471616321475334
0.572906912364659
0.5867940921329801
0.6112400904973544
0.6676414570387303
0.6904272823143294
0.407404974102838
0.3060407257163134
0.3361258872537183
0.3382064539560511
0.3362079811410017
0.3314115359833204
0.3243830187247783
0.3156921786222464
0.306753767376859
0.2985931294483375
0.2920206773236675
0.2883504351491839
0.2899358144888501
0.303977190013179
0.3356680048113019
0.4988224734837809
1.549387481848053
1.554277063974012
1.586870325317237
1.675712839459529
1.781192841264971
1.859706500538181
1.899164545529434
1.907091518517121
1.893879889072551
1.866669319249123
1.829474976728526
1.784429274911391
1.732535639230231
1.674002004980123
1.608416464824975
1.53486978605283
1.451991593431279
1.357739131610915
1.248597097153546
1.117475766624996
0.9492871881937526
0.7176816317130612
0.4116526885903573
0.1645250990103379
0.4576967672977583
0.7850463587306681
0.7781302748836469
0.8147559875961526
0.8277655324645561
0.8333744885542602
0.8326101583357969
0.8275110622487436
0.8190322561912667
0.8085444130119614
0.7980610734470783
0.7866887797364459
0.7731811183117335
0.7517605618617513
0.7249474997046614
0.6043725039297637
0.5616696908602989
0.5667965999425355
0.5765997532674653
0.5770800722786026
0.5755553658232383
0.575803271785076
0.5850311347530206
0.5896181231137338
0.5464472928365003
0.4245309936313194
0.3984498033075548
0.3773724570038726
0.3638388591055561
0.3519991443784405
0.3405838323849816
0.3286241282956998
0.3180866130530525
0.3101744576868077
0.3054368407887572
0.3048234657633026
0.3099261899917872
0.3251893084266441
0.3559780893915016
0.4317734013254024
1.251040790284885
1.329780106737508
1.431806586558515
1.542637216038238
1.654598912684946
1.750661529528715
1.817321625272703
1.852113924948198
1.859783435735692
1.846558166691381
1.817314760435055
1.775083617897855
1.721359150780614
1.656449426215709
1.579697734613691
1.489575805910475
1.383620098892896
1.258127554057821
1.107570921159821
0.9242870744570624
0.7016472243401732
0.4503581545161442
0.2396803628105104
0.2373513309361787
0.6283204574775502
0.8155127871148156
0.7855862058408953
0.8125011857980047
0.821699832322734
0.8263795100095703
0.825156281158046
0.8188767276656789
0.8076123630656423
0.7931453767721335
0.77956815058502
0.7650286815091183
0.7492488544006815
0.7284817890061777
0.705444413786844
0.6490849245809738
0.6065233906918881
0.5896115963613875
0.5837582235129894
0.5793573667949343
0.5753202670831636
0.5705110142842464
0.5638351841043037
0.5459428270490924
0.5025260132047041
0.4454476037425553
0.4226433784081212
0.4018791914027784
0.3858263730978295
0.3706438541196438
0.3560420849050371
0.3400980717535478
0.3270916438343756
0.318868723311056
0.315380505415061
0.3169912984970603
0.3244635338069801
0.3396924069956363
0.3643499980871366
0.4021742318783457
1.139317569062329
1.216657338504754
1.329673268803248
1.449788228725476
1.564824662464547
1.666354555072816
1.74566345391855
1.797497803224645
1.821709589074082
1.821370628854802
1.800233277002124
1.761232260403375
1.70600511934218
1.634897909493211
1.547083424963511
1.44064140452639
1.312591843612867
1.159062165741609
0.9762759505649865
0.7642027839183017
0.5360899855303364
0.334995753860402
0.2447498647268781
0.360837291782813
0.7089108550546064
0.8280946880185487
0.7960851075650008
0.8153852136808694
0.8215917166836606
0.8249922639609808
0.8228661198514496
0.8146938181703467
0.798856382510298
0.7781884117527648
0.7615204053017959
0.7441552234664761
0.7264872615921268
0.7054748004733814
0.6822916038576045
0.6456785263184159
0.6161041490042922
0.5995029555406166
0.5894216279649355
0.5811913939933357
0.5734942913371299
0.5650310261094491
0.5544985331119382
0.537346893123385
0.5073055496215793
0.4702249596981534
0.446915013555423
0.4255999877393398
0.4074304528195196
0.3892134600788147
0.3713891808201595
0.3491234928076152
0.3317390125998687
0.3224248178168824
0.3194442759982617
0.3220697015429554
0.3301509116307371
0.3440426995718761
0.3640210649601073
0.3904204429718305
1.131237760386007
1.191402184193722
1.288562744913004
1.400072332384973
1.510123721153464
1.609475980339744
1.691304247165101
1.750420720636712
1.784299998283915
1.793108051109531
1.778541246026578
1.742499140305607
1.686226854046398
1.60996091889619
1.512888986509666
1.393301155409595
1.249013124467322
1.078466051172287
0.8833612607790802
0.6738989069474672
0.4763106643140962
0.3375115220272811
0.3154617947659777
0.4495733889496221
0.7359652830699279
0.833020449522516
0.8048235334357585
0.8194597127525682
0.8244010008852396
0.8275931111540217
0.8257246966812267
0.8162534141270448
0.7936046201648835
0.7629455106554334
0.7439874942749881
0.7249294937342499
0.7074653207718959
0.6885557552378423
0.6684747629826758
0.6427853019050588
0.6205580081677663
0.6046643280805793
0.5927372003101805
0.5825456549782089
0.5728965039062914
0.5625607500388866
0.5503653582437424
0.5341305610255218
0.511579153955374
0.4855338194900378
0.4651850894333664
0.4457997027042711
0.4276661224382926
0.4075261394402699
0.3872819698968118
0.3546331316851748
0.3303378687408725
0.320444171897499
0.3188572756013374
0.322868819359741
0.3315119525349576
0.3441770096087769
0.3601884753120308
0.3788825808963332
1.181773085168662
1.225369858529289
1.300244877744059
1.392644312666158
1.488962753276045
1.579120580748382
1.656068888082171
1.71462209250619
1.751279190849914
1.764351507456544
1.7536235336302
1.719605148786698
1.662794199588143
1.583229354075759
1.480411206052536
1.353629395384016
1.202847901324307
1.030451806911336
0.844087135283095
0.6600551195765774
0.5049504151131707
0.4117749470592701
0.4097504819142525
0.5165791884694076
0.7443969180381103
0.8390869789098483
0.8184170249495458
0.8315084894539996
0.8372994544482749
0.8415106954965024
0.8403755795684119
0.8280859318171994
0.7917147984373593
0.7415428379570332
0.722996412404173
0.7040426208120287
0.6885800014406576
0.672695324394416
0.6562038782797011
0.6373128704077731
0.6200618932842794
0.6058874616225884
0.5939923968686063
0.5833108603253661
0.5730253675577816
0.5622725085256066
0.5502474665184631
0.5359007611172588
0.5184685423653563
0.4993095392036044
0.4824964905063871
0.4660478678141196
0.4498091080161872
0.4295321336572294
0.4095729381329947
0.3562176067847196
0.3173015618213395
0.3049250351899223
0.3047687094202874
0.3108287247070254
0.3213600326137315
0.3349943907784325
0.3506625611630212
0.3662157318164587
1.265290770719659
1.295691570332677
1.349801427139713
1.42016044980631
1.497383255077735
1.572670376804367
1.638991435941992
1.690986124157884
1.72466204287718
1.737305427188137
1.727372226333595
1.694176075942971
1.6374774382315
1.557202455382272
1.453485938467474
1.327178128613746
1.180916364696709
1.020729459930378
0.8577195503702585
0.7086054592881197
0.5934059181785486
0.5298405078704659
0.5283071357366944
0.595581727416795
0.7512198007751986
0.8192166368288524
0.7999687925817464
0.8074832680104786
0.8130826775770801
0.821942534663629
0.8365330882936738
0.8507749215712861
0.8238028434697415
0.7204217882039182
0.7022111652246109
0.6831190550916129
0.6702820865898265
0.6578491997417412
0.64502430026285
0.6309174468447709
0.6173460899126257
0.6051243158369916
0.5940656565263767
0.5837136302158051
0.5736098077879341
0.5632435372249779
0.5521561677701101
0.5398842820784612
0.5262383787618754
0.5119568377017246
0.4988442840202606
0.4858688394547898
0.472256545994663
0.4516266319456547
0.4321907750213663
0.3229519069018575
0.2939443549062549
0.3110363021320547
0.3286046511282399
0.3401527064799105
0.3502117955242261
0.3599288458892034
0.3706134382797066
0.3828621718971483
1.365434442222268
1.385640021444532
1.422388428070251
1.4718833586885
1.528444611688888
1.585620283142582
1.637340953703399
1.678467831328712
1.70486058798511
1.71333164305504
1.701611178618976
1.668274399578835
1.612634499044212
1.534717226067812
1.435472898710648
1.317330045627574
1.185053653393827
1.046614124420577
0.9134285626888994
0.799160250887288
0.7167731519788365
0.6749924090796595
0.6768575426061944
0.7240841927071242
0.8373228769478538
0.8945296355851968
0.8939022069431142
0.9032711110097082
0.922426560986667
0.9497524465576359
0.9898604501977054
0.9981685267517683
0.7220228994674803
0.6154565198358997
0.6503963214173494
0.650647124375479
0.6479060298132054
0.6420053400665418
0.6338649186100527
0.6239368796622752
0.613506391241789
0.6032824032679874
0.5934295275312855
0.5838643332821858
0.5744206462141842
0.5648854285912298
0.5550887328636002
0.544927901309757
0.5345351992804936
0.5245609351671998
0.5162823662494117
0.5100893384115587
0.5069919270910968
0.5064243725110854
0.5431590433134451
0.4275803486842898
0.1311965111646097
0.14065571544913
0.1833506603929927
0.2127408281942738
0.2406263151403953
0.2716600666122098
0.3056950841058436
0.336816850732871
1.470439963813563
1.482710708892578
1.505378595256426
1.536682288359541
1.573538760524786
1.611818329091923
1.646981117644019
1.674668371347141
1.691031050523367
1.69286612027896
1.67769509277715
1.643844387820611
1.590548658623
1.518122535252169
1.4282598994786
1.324460916185264
1.212443969588971
1.100221380546149
0.9974442444216268
0.9138743845008512
0.8575419771208048
0.8339789318991006
0.8479048966755519
0.9057110819038591
1.005022870634909
1.074770907460277
1.114746741859497
1.144768564779844
1.166104253549586
1.151681728206206
1.033032059679644
0.7111738491571554
0.436079521258096
0.5876029337231121
0.6120245289570528
0.6257110321093818
0.629864989040981
0.6288810638144636
0.6243910901029626
0.6176068633495422
0.6096281147148551
0.6011515667433567
0.5925193530481344
0.5838725418223994
0.5752585301335003
0.5666830691769424
0.5581875656035878
0.549881927007035
0.5420497856759469
0.5353430101438008
0.5308684435792564
0.5298348235059573
0.5340055948420535
0.5475857285251848
0.5743531698719593
0.7277070508040772
0.4220014994591557
0.07463695616010843
-0.0553793492122259
-0.06863428767463356
-0.02867340915414807
0.03844029547157374
0.1117874493431507
0.1650527243397616
1.571010458641155
1.577040855248094
1.588389681726907
1.60445195972904
1.623830477058194
1.644252795793841
1.662783321214018
1.676202854013749
1.681368525160111
1.675477769516354
1.656270484231712
1.622225699297797
1.572783556336853
1.508599427537588
1.431810084062462
1.346236617938426
1.257372900121527
1.171978006842596
1.097209971860937
1.039553745399896
1.0041385421923
0.9949054133176497
1.014787146913536
1.062727469899743
1.125527323380242
1.178475451629962
1.208222005852951
1.204848832138699
1.15036773605575
1.006752546402781
0.7371707282541157
0.4155456081768327
0.4453286048950473
0.5974748946525223
0.5970778288325403
0.613234577377889
0.6186025483962108
0.6197182659270863
0.617325309155857
0.6125841600678564
0.6063389628089063
0.5992163533441427
0.5916202844655311
0.5838136541796399
0.5759854341618772
0.5682924936132999
0.5609241065750862
0.5540977744071524
0.5481080755025379
0.5435400508663832
0.5412630770277911
0.542457511344475
0.5479798499161003
0.5641841960655339
0.5658074258077408
0.7187646231897209
0.7271612439973262
0.3743018930927426
0.08601498277433459
-0.05645116271491819
-0.09003768206137054
-0.0620776798595909
-0.01266844320634706
0.02447152209384844
1.659325902409959
1.660452224372588
1.662799938972615
1.666456970263089
1.671112614732393
1.675858799229356
1.679168531123442
1.679057774207956
1.673349981000799
1.659958890072344
1.637157679720211
1.603841503146881
1.5597888409514
1.505899874435577
1.444355489629243
1.378610767565896
1.313134934644308
1.252873312927629
1.202549926569622
1.166072396553124
1.146236327069433
1.14445650456188
1.159641624392568
1.185908650325431
1.211939336495006
1.225041132772796
1.207711513475198
1.138770271219331
0.9967294834378723
0.7706716203990832
0.4980834362631109
0.3230169135411819
0.4909880158072497
0.6089212206816623
0.5934883557922646
0.607765648953475
0.6122231688799084
0.6139238576818128
0.6125663536855314
0.609029967275482
0.6039058307019809
0.5977238032441683
0.5908894195649876
0.5837248512500872
0.5765084057918688
0.5695000537062065
0.5630066895384112
0.5572857731525718
0.5525264150852047
0.5492153313510093
0.5480112662294578
0.5498312657129731
0.5544337157992474
0.5686265422517366
0.5548829443826637
0.6710691225128804
0.8222194198849536
0.6220594079800164
0.3341767996012935
0.11161845022931
-0.0107464044704475
-0.05533463672349486
-0.05853806454021739
-0.05147427985076227
1.728572845187793
1.725928963214275
1.721311954331274
1.715247425601442
1.708140765032832
1.700060124628291
1.690613844795738
1.6789664036742
1.663982769459008
1.644454137401869
1.619357915593714
1.588120220086688
1.550852771730307
1.508522743306385
1.462998226119771
1.41691444940678
1.373344098392452
1.335329027950798
1.305400654476248
1.285198018199275
1.275123025556723
1.273770928063663
1.277046832241761
1.277674669621472
1.266004862707016
1.230384525956831
1.154623732446296
1.021795940265914
0.8254641008114882
0.5883001234412589
0.3818857839582698
0.3224686549811834
0.5190905019857888
0.6140055346005828
0.5942004122383963
0.6061140308969277
0.6094842446865201
0.6111411865212295
0.6101809136176596
0.6072290966566205
0.6026848254981567
0.5969915047846155
0.590538464166951
0.5836765394240426
0.5767455053657552
0.5700919182624928
0.5641754975270603
0.5592588693404814
0.5552721456148476
0.5525994639834954
0.5518170434479729
0.5536260787330634
0.5570929333658748
0.5687599379036988
0.5508137241893298
0.6424602087464418
0.8215145861933912
0.744902010564342
0.5339445787292453
0.3082984034444916
0.1346876701960457
0.02685272239473273
-0.0292716767345223
-0.05282893713364001
1.772734072860561
1.767358443296872
1.757676588824068
1.744495880777715
1.728700807814217
1.711051020042718
1.692025594848289
1.671757997897763
1.650080453268821
1.626662607602511
1.601206756554169
1.573654442998092
1.544357987796137
1.514169879454795
1.48440869568216
1.456682975197453
1.432595994686041
1.413396017017918
1.399640856047691
1.390887223809112
1.38533906852407
1.379430348884783
1.367549939166791
1.342230357739597
1.294581056040926
1.21431763177879
1.090831198075151
0.9187176675317299
0.7084706753788708
0.4978678032582301
0.3530406156516812
0.3483710288992523
0.5340615784742819
0.6157465975053595
0.5959456465973226
0.6055666566379665
0.6080543661896268
0.6094571441477394
0.6086176347324785
0.6059577165343837
0.6017484486265341
0.5963647439134617
0.590168802708348
0.5835051152452898
0.5767272095227133
0.5702342704160459
0.5647361544687967
0.5604759926661455
0.5568653218216837
0.5542399199783347
0.5533797647881323
0.5549105837989012
0.5574194825120314
0.5667221319230279
0.5492129518964014
0.6238140450259542
0.7903059920033427
0.780366851015503
0.6483415170404223
0.4636067065071544
0.2857340439541754
0.1473997034714034
0.05718730264408801
0.01188463078298951
1.786526806401241
1.779435710216883
1.766564496264825
1.74888918869403
1.727601733804434
1.703932699784575
1.678991390088721
1.653659561362812
1.628563440876515
1.604125171432846
1.580669775906672
1.558546995792261
1.538222148562863
1.52029593700151
1.505429863445636
1.49418023803962
1.486771320287523
1.482850406051908
1.481252410967416
1.479773338673206
1.474958996788073
1.461988075442303
1.434787387589038
1.386412177587205
1.309598319343414
1.197832864391448
1.048067052189065
0.8654677612229431
0.6688723568468198
0.4929331762649753
0.3830402171964716
0.3854165797563563
0.5396290622167071
0.6196466704873987
0.6042975264119069
0.6127021942085755
0.6150417122405059
0.6161949770272487
0.6149657935682965
0.6116445795795632
0.6064953797318645
0.5999244837073491
0.5923412843705319
0.5841282521402095
0.5756986613618065
0.5676746096101054
0.5616675063039088
0.5582539580629559
0.5554424166977519
0.5531970261551927
0.5525345729862846
0.5541422840625961
0.5561404831873875
0.5635098132124136
0.5484414747092562
0.6073606402082375
0.7478544398090097
0.7676659114416692
0.6933325408883001
0.5605562180670786
0.4096786842693499
0.2743090080539939
0.1751396783737455
0.1214897609026486
1.765441773755273
1.757681601236002
1.743557440184507
1.724112490774879
1.700695926925525
1.674813283583896
1.647974229068011
1.621566649742223
1.596779536714091
1.574581451474351
1.55574151623731
1.540864082458054
1.530403009557129
1.524628827172826
1.523539222663207
1.526723482666361
1.533205426627117
1.541290265784726
1.54843288794008
1.551146030864159
1.544991129496382
1.524723134896326
1.484648093322639
1.419221250550067
1.324007085057622
1.197322696650651
1.04266563617268
0.8710718171272225
0.7016759312639914
0.558879391559882
0.4674371952006582
0.4518052654906825
0.5462902446875932
0.5980485763991785
0.5829660297703241
0.5866595179641749
0.5877753761797579
0.5890754391474908
0.5894268750361177
0.5889538389666635
0.587721154120737
0.5858756688602558
0.5835817770595177
0.5809639437343697
0.5780500842723757
0.5749972587046227
0.5739364172880044
0.5729937186445809
0.5626401436665183
0.5535562488670022
0.5508413942421448
0.5523532156810941
0.5539852366553055
0.5597410907868337
0.5479835515750199
0.5914861594730719
0.7007164270713298
0.7309912662637689
0.6947007403518742
0.6090687546072551
0.4979129962223972
0.3873898199497547
0.2998483511912591
0.2501758222917533
1.705864284859905
1.698551903247374
1.685240169592956
1.666930085225483
1.64497023703162
1.620939070512869
1.596508333183297
1.573312143672797
1.552840541771157
1.536365138947435
1.524890727909034
1.519115982616135
1.519383919401387
1.525609964611312
1.537188569231051
1.552891586473135
1.570777592475392
1.588131122791342
1.601451230480602
1.60651714453245
1.598571754954039
1.572666764566431
1.524205995197916
1.44973623877206
1.348061966489003
1.221648297804178
1.07786874558054
0.9291923928200202
0.7914600971664271
0.6804086936013046
0.6084157032552077
0.5861251041984596
0.6415060416945363
0.6730774222939685
0.6670368633900519
0.6679875645810964
0.672520634854583
0.6745156346096486
0.6704432355929979
0.6607338614510483
0.6466609485022591
0.6295053524794598
0.6102736508123291
0.5891772668159544
0.5653032621140675
0.5396549776629235
0.5233195831980862
0.521678483129195
0.5456892121618107
0.547883065632213
0.5452034856400286
0.5488483150321152
0.5510542394558583
0.5557909217715387
0.5476494935920853
0.5767974745605351
0.6541539668593471
0.6853846521445315
0.6736045134975827
0.6258135872558089
0.5547580586131104
0.4778345690702525
0.4131704626135212
0.3751643238032672
1.605271976768405
1.599628996542861
1.589382260932679
1.57535859145736
1.558719640679639
1.540886121745357
1.523429120131423
1.507950213343158
1.495965805163602
1.488801964304771
1.487497121171456
1.492705255082119
1.504594327085101
1.522742510277785
1.546043744903277
1.572639696417138
1.599895933308008
1.624438808395228
1.642270334134927
1.648982146729337
1.64009207032907
1.61152417780747
1.560248481441268
1.485082541513536
1.387586897352265
1.272805631433835
1.149391375678311
1.028677573258998
0.9227732410358425
0.8427183942721455
0.7983888718889315
0.7998313012069719
0.8488668458625689
0.8893643291741125
0.9148925954647307
0.9333541105835064
0.9448265981550223
0.9425178933604619
0.9222544664417159
0.8845991845321761
0.8326350289582636
0.7700808412711476
0.7002611865631527
0.6254470224000811
0.5469503128299187
0.4673538641398909
0.3952871979955491
0.35759783543812
0.454807056546198
0.5333208245850291
0.5345420716391176
0.5434463433690887
0.5476180143874583
0.5520822508767912
0.5474217082926554
0.5645094257202851
0.6134087452715623
0.6410700656206766
0.6446243124801887
0.6251354491079736
0.5883531182286035
0.54430396184048
0.5050477080664026
0.4812330276132185
1.462511423764697
1.459894726525887
1.455203958458763
1.448923887209848
1.441797426308243
1.434811871229177
1.429139475133659
1.426051043754158
1.426813749389861
1.432575987139786
1.444237412044106
1.462304897332584
1.486743987105861
1.516845099861434
1.551128795268353
1.587313042755366
1.6223596644834
1.652610562928966
1.674019655498909
1.682483813112957
1.674273568108905
1.646558922614969
1.59801021075912
1.529411509674677
1.444139294831162
1.348265133519602
1.250051607945474
1.158844875889191
1.083779392841184
1.032907700277237
1.012575815639582
1.024809290922769
1.060919380812562
1.102554877365411
1.138904665878725
1.163375689802314
1.171996307869183
1.160142736501402
1.124801201029944
1.066249099089473
0.9875927809965913
0.8934337180972199
0.7888354708498093
0.6790665183824423
0.5705751970764323
0.4738379453225749
0.4083196696914047
0.4055454632716536
0.4842132262223023
0.536653730466551
0.5361281158135136
0.5434713117409273
0.5469122272437226
0.5501821462110388
0.547930164426661
0.5559103787461152
0.5823173447072736
0.6044043290323916
0.6166098677876164
0.6167401022653396
0.6061130207118327
0.5891876495759445
0.5722916371252595
0.5615079456808134
1.27816069775963
1.280087066676496
1.283721125266949
1.28898893931038
1.29592310932321
1.304745200402528
1.315889561032366
1.329981348859217
1.347772680814515
1.370032969505327
1.39739164452668
1.430145479799132
1.468060276748326
1.510206781954257
1.554869003357295
1.599552356611965
1.641104197227792
1.67594417785561
1.700389848851683
1.711056136982923
1.705304382677538
1.681710812927034
1.640505133692556
1.583891406188972
1.516121761020792
1.443198157365574
1.372181330732823
1.310268543080304
1.263901037760832
1.237938461363308
1.23445886878468
1.251046168584272
1.280807324801686
1.316535240106745
1.348774311852085
1.36798567195165
1.367404264300141
1.342837152413995
1.292354046490983
1.216534891445562
1.118437312254576
1.003087353812673
0.8770668842733048
0.7487949300846347
0.6297334126051916
0.5359082021333474
0.4868153603860358
0.4938536009878157
0.5299168950217923
0.5430712534899516
0.5416787953613644
0.5455575042541263
0.5476521749919436
0.5496343983833485
0.5489324993451246
0.5509948915291191
0.5617908234161801
0.5778305901741431
0.5937392316480788
0.6060634380135447
0.6134189192186447
0.6162778341327924
0.6163707766679899
0.6157343356206403
1.054990148411024
1.06314579342977
1.078163175139047
1.099133721031347
1.125018140139788
1.154877459846952
1.188029518964094
1.224131271627556
1.263176356079782
1.305393676213687
1.351051061052412
1.400200080157804
1.452421941862383
1.506637101666203
1.56102667201566
1.613091301223111
1.659847789601407
1.698139069838011
1.725015712811747
1.738141451535141
1.736178296237266
1.719108634834366
1.688443459838272
1.647251552550663
1.599946634129602
1.551815073626133
1.508351522202857
1.47453169197763
1.454106294494276
1.448879549596497
1.458028843905838
1.478073883681655
1.504186329156626
1.53123735031617
1.55199081755074
1.558257850478197
1.543337496307629
1.503289139309821
1.436884069189198
1.345332927561922
1.23211667235741
1.10285093162746
0.9653173100595936
0.8298119823890057
0.7094142478096657
0.618697325851304
0.5683580504034311
0.5546751644445527
0.5508398874618514
0.5459010104311284
0.5463484031023221
0.5478361233983439
0.5490156519366574
0.5500298170478295
0.5502787821878478
0.5489516668190082
0.5499967678623174
0.5604449680987263
0.5766903684827799
0.5954017267993618
0.6137740797289216
0.6295922911163909
0.6412236391152115
0.6476083672608701
0.7985390490026062
0.814754468281276
0.8444551221635589
0.8855612717232919
0.9355290366907777
0.991804662604
1.052183081551973
1.115041720457339
1.179410505935003
1.244856695027744
1.311217020402942
1.378260932404322
1.445383176897877
1.511404121761236
1.57452489575771
1.632451077328541
1.682662198378257
1.72277214583273
1.750910646798955
1.766061444011175
1.768308842477383
1.758958770936379
1.740508268948966
1.716444184092313
1.690870829766351
1.668003149229247
1.651598188849916
1.64440070158922
1.647652413676891
1.660739076881525
1.681184424876708
1.705212283586197
1.728529726120101
1.746372738371888
1.753085426761339
1.742608361386951
1.709815123776989
1.651739889790925
1.568010862421972
1.46073685225324
1.334264910156144
1.194989279314802
1.051241878981083
0.9131027289233034
0.7915269511264651
0.6958331668002682
0.6294288453690563
0.5866696616637761
0.556628270800606
0.547315374980078
0.5496922305020492
0.5499116692329228
0.5506289011095091
0.5510343466229579
0.5518900441637257
0.5487246299713313
0.5438085810521444
0.5494434585941284
0.5640811899918254
0.5851896737690131
0.6094043733816717
0.6328119629274815
0.6514842053829959
0.6622258185465524
0.5178310689229418
0.5439876517727842
0.5917517402983311
0.6574968191217003
0.7366879703520528
0.8246617144408296
0.9172853997805591
1.011389511810688
1.104886645170643
1.196581769412541
1.285787537552812
1.371902559922604
1.454078556361126
1.531049093297996
1.601152411121912
1.662537264956543
1.713489656998175
1.752788014271192
1.780002070210513
1.795681175370377
1.801406113947297
1.79969596593307
1.793774996500935
1.787220394821834
1.783528268379204
1.785648283686806
1.795543094475941
1.813827557886487
1.839552119754666
1.870226793555093
1.902169543024771
1.931076757414557
1.952455333933503
1.961721169957771
1.95431610340259
1.926017694069704
1.873585818970285
1.795554964501547
1.692774264321329
1.568525432709124
1.428297686067785
1.279321567697563
1.129890893915904
0.9884289956610486
0.8621994230040163
0.7557527756698399
0.6700138292774306
0.6038598981315189
0.5588340475165126
0.5484652458999246
0.5521640084649366
0.5518006064594374
0.5523543015434884
0.5524317335767807
0.5537459691956732
0.5493844557743326
0.5402505499198142
0.5417696392049864
0.5540092833420781
0.575260312981828
0.6019244513906891
0.6290021798120511
0.651170509182871
0.6640723513676215
0.2262502645498985
0.264071594099658
0.333010391071177
0.4275420016107254
0.5406521706135008
0.6650832334339307
0.7944332174665131
0.9238053633289836
1.049881412782483
1.170559662670694
1.284431501948548
1.390320735850652
1.486989704232008
1.573056417807494
1.647135289554138
1.70814138436407
1.755629090188461
1.79003996965442
1.812799658388858
1.826267019721412
1.833561206058181
1.8382847055405
1.844157454563112
1.854594881668006
1.872282423398209
1.898798095561308
1.934324365932625
1.97749325830949
2.025420790434598
2.073981105333737
2.118293401183065
2.153261946675816
2.173984842791272
2.176025387872091
2.155653386473759
2.110070394418903
2.037715423489816
1.93869916119061
1.815240570267528
1.671889122085146
1.515347465321806
1.353761806866198
1.195455321736101
1.047354594478272
0.9137572370657362
0.7963209529559842
0.6958161486539922
0.6150732467963046
0.5611617865955987
0.5495963816429185
0.5541573535508213
0.5535749473397472
0.5541573390159269
0.5541158734917898
0.5558626566209277
0.550338164996693
0.5373433956350769
0.5353738542287004
0.5454077584338703
0.565977388284411
0.5929260079749966
0.6204418420992208
0.6427722885195112
0.6556407554583056
-0.05741890737563393
-0.006738651252045572
0.0855939428025401
0.2119464701594173
0.3624553438336038
0.5269259563353883
0.6965193251356012
0.8645384164287824
1.026271045100782
1.178385379776417
1.318344495858777
1.44402258953328
1.553537299631092
1.645340479254519
1.718550570670644
1.773349800296075
1.811222169035995
1.834923211545106
1.848221620031554
1.855525022075883
1.861483533232182
1.870601729861157
1.886843964904726
1.913230425740682
1.951470797614162
2.001698977842403
2.062343631370128
2.130159599097705
2.200451967331574
2.267510555915497
2.325194280376191
2.367523072246676
2.389160326356004
2.385766337621917
2.354238154989871
2.29285618921049
2.201405284811395
2.081361120405282
1.936158004043776
1.77141561482087
1.594875729943548
1.415733260619827
1.243152688573265
1.084222949969783
0.9423830802559512
0.8178068561946595
0.7103168710341814
0.6230462594815741
0.5636551950637101
0.5506076410685781
0.5557699768062416
0.5552442791062453
0.5560373488584052
0.5560859511894686
0.5582845590529512
0.5513916888161845
0.5344195323558507
0.5300062392154069
0.5390995576086308
0.5590827333631252
0.5842789837763976
0.608381699352043
0.6266871031448623
0.6367478305877752
-0.307836532877335
-0.2441773617552898
-0.1280906671108172
0.03076379124768666
0.2196993678970323
0.4257119288715618
0.6376850388619462
0.8470414942751281
1.04721528744006
1.232942666481072
1.399859995021349
1.544320952956358
1.663436153838953
1.755488501073654
1.820550632407379
1.860875190788667
1.880791420537515
1.886159929249454
1.883613731862515
1.87981268913811
1.880852784590902
1.891862650466043
1.916717555240664
1.957769271425444
2.015580014930484
2.088758510209899
2.173967519015464
2.266107397461998
2.358700614488136
2.444488308815397
2.516136476139332
2.566879378244053
2.591005373539948
2.584196456755443
2.543751851618732
2.468704649303173
2.359847546772613
2.219731454544942
2.052722274950125
1.865139536541925
1.665354708868686
1.463533777822746
1.2705774342679
1.096003590230496
0.9453313589759736
0.8187578180617484
0.7132055396717119
0.6274069822306226
0.5657477228523435
0.5513656700222641
0.5569007660550946
0.5567780106578971
0.5580247275932789
0.5584641458989754
0.5610811730690972
0.5526834369419381
0.5322383300640252
0.5278861294832141
0.5385958280291503
0.5579467482409809
0.5777440780527424
0.592528431704971
0.6010693865626815
0.6047797099175978
-0.4919758353058212
-0.4169249829862625
-0.2799106574387332
-0.09214645896922791
0.1319418772287306
0.3778508875690751
0.6327433272710166
0.8856065729563626
1.126825230834831
1.347967418018601
1.541862742997787
1.702555477931027
1.825712427331986
1.90967954979075
1.956384658064386
1.971364422893043
1.962917182080213
1.940817461923992
1.915011153047826
1.894532606772179
1.886761112057422
1.897063755054478
1.928753319802018
1.983129684048262
2.059391459916074
2.154508873874899
2.263301776127803
2.378746892749174
2.492589321321018
2.596196938727612
2.681370220708958
2.74088050626424
2.76878276471506
2.76066888702791
2.713927840166665
2.627947564973031
2.504165576012898
2.345953630610094
2.15843318264165
1.948381653204306
1.724348776738331
1.496914428094917
1.278646348685788
1.082864950539022
0.9203598734290115
0.7947338850413694
0.7000914567382713
0.625842694140787
0.5670737307509797
0.5517618777344285
0.557277616163262
0.5581122602483254
0.5601877843165628
0.5615351112800602
0.5643218828548585
0.5544723222351442
0.533459532418546
0.5348207610346218
0.5504664691283649
0.5665420513032388
0.5734273449699787
0.5702620984353339
0.5623496764312272
0.5561440394095022
-0.5682273862980026
-0.4856227187487667
-0.3353982785105259
-0.1293513764898584
0.1199193740950275
0.3999771649432966
0.6968685099232315
0.9951424197043516
1.27974226143476
1.537411601412993
1.756933494243915
1.928904234252767
2.047226141854861
2.111215588499674
2.126279093549315
2.10280867330048
2.054169265793655
1.994637570714698
1.937692036440114
1.894733568036895
1.874237879110203
1.881403930120339
1.91836859867819
1.984780106185712
2.078140120961803
2.193631254113276
2.324068815545636
2.460342679861215
2.592516918511512
2.711087587780483
2.807686750189704
2.875172940235135
2.907573810346842
2.900243449800039
2.850250128138553
2.756804072511052
2.621510131639778
2.4483097360759
2.243121633432423
2.013368299960639
1.767714882134887
1.516357521524226
1.271923629651061
1.050212583626735
0.8686395647113442
0.7397994781905828
0.6613727047592892
0.6123196440379617
0.5672876538049147
0.5517159977160275
0.5563647675202744
0.5591307607839717
0.5626565535827749
0.5658579847726221
0.5680532335622706
0.5572422389767264
0.544835597387019
0.5620305610524577
0.5830549680410073
0.5860795014065885
0.5671557288614744
0.5362512310226996
0.5067995458010207
0.4888259409222773
-0.48580666358681
-0.4022866358660527
-0.25388097979686
-0.05043569444007989
0.2053976928883897
0.5092847356079857
0.8458290725322657
1.190913900870114
1.520399579798058
1.81457037479908
2.056108606531061
2.230502829660068
2.330507474476953
2.358727016030008
2.326398350877536
2.250262500692948
2.149397308865438
2.042696426561751
1.947028272121299
1.875956799328181
1.838895636549308
1.840662740684963
1.881665453343608
1.958984320865745
2.067725467858153
2.201075375564717
2.349528326371352
2.501699845572162
2.646459513633349
2.774499998208064
2.878321031715865
2.951494917566608
2.98823931179113
2.983561775674001
2.933799892406293
2.837334213742263
2.695244336924823
2.511625289492594
2.293321888196428
2.049072598720314
1.788410027118498
1.520986003651809
1.257183017154177
1.010571168038698
0.8009846005923414
0.6530252957743534
0.5822044268110809
0.5709287502606402
0.5630796967066238
0.55096091357943
0.5531187188589071
0.5596096689990858
0.5656792788842882
0.5725075958824818
0.5725084844235627
0.5646274589544836
0.5833025917649068
0.626524647622168
0.6404717432846962
0.6089873504308623
0.548547456758638
0.4839513408168494
0.4331984810369056
0.4050402720628612
-0.1837803467819809
-0.1112318158657252
0.008669631271311082
0.1772858545615061
0.413872940524154
0.7263764585592924
1.096537727063619
1.487496774474199
1.861838689078446
2.191096406241384
2.446822354625913
2.60834366417511
2.67088879298465
2.64444359817362
2.548292690249383
2.406085884924039
2.242404836574879
2.080310444728755
1.939538459074083
1.835332260124268
1.777822278696163
1.771614703070453
1.815468265676359
1.902936491772735
2.025022119501176
2.172281423669825
2.332252509374257
2.491571949490736
2.639514538918805
2.768678817746717
2.873357173865061
2.948191441494704
2.987814921020286
2.987018372390539
2.941219096038948
2.847332602063194
2.704992345867919
2.517671777028088
2.293020526025321
2.041898601037289
1.776197021139826
1.506257798079107
1.239341364433862
0.9812679132727813
0.7432928904886776
0.55251729140606
0.4524749871470831
0.4680452743122214
0.5371107951025282
0.5477894875808629
0.5456901965866302
0.5591250172539241
0.5697066550581775
0.5833415406573961
0.5793159391960785
0.5940471001375209
0.6834608144102123
0.7413930065623336
0.7089505689385827
0.6137607957964526
0.5037178144244023
0.4101733573057114
0.34560290780398
0.3121434619075584
0.4125096740544421
0.4449466412449629
0.4910961785164847
0.590037888552589
0.7835469237404049
1.081948687521266
1.46697704484582
1.895713549671104
2.314956217886488
2.675647439678734
2.928610751407249
3.052516383158145
3.053645298104223
2.953364015805592
2.779231374743472
2.560753338900445
2.326914821594946
2.104037119019279
1.913931582633296
1.772768497260561
1.69085849930672
1.672857505988357
1.717203743640676
1.814475068126203
1.948377176294644
2.103361788658381
2.263326000902641
2.415594985993196
2.5535934852271
2.673323894835967
2.770675376043723
2.841194414146981
2.88035159318045
2.883319324025429
2.844858744441508
2.760084345594422
2.62627326318313
2.445145483283547
2.224428716021158
1.977366797805369
1.719566470596949
1.46411946456515
1.216930438996706
0.9749200549878353
0.7307598127412838
0.4898077580083027
0.3010007441996977
0.2681256478399879
0.444295723026863
0.5369941368254953
0.5326516119177105
0.5573570700872517
0.5751207679526117
0.5997792365250981
0.5933835525008493
0.6887962230708393
0.8818559550495924
0.8820838906082034
0.7421001628300592
0.5705619532149454
0.4255553775587694
0.3209359494034104
0.2540423389191991
0.2204688397244374
1.399513592720247
1.305946161206147
1.215726205981729
1.236559915688271
1.379840403454857
1.626100604303191
1.976238781954033
2.417699297530877
2.890542112439528
3.26862723755613
3.484214508161869
3.537051413687628
3.453082553650939
3.264149394015086
3.003366587289174
2.703961329060915
2.397662164383966
2.112687729372519
1.871936882188912
1.691799944352245
1.582012007237547
1.546731192461187
1.585583578797038
1.690781213391022
1.838171337731688
1.990419602208731
2.130312822226534
2.25518636379041
2.36797718764749
2.466793207159265
2.547118538386743
2.605193984953732
2.638174717830096
2.64258764892374
2.613312235096976
2.544070792733405
2.42957022848806
2.268800052589758
2.068139493956428
1.842115291843293
1.609817872498038
1.387839145650085
1.183070378442331
0.9884474197881384
0.7823980903774466
0.5354112393479559
0.2439752908888365
0.03205421999296677
0.2521528522032216
0.5086743543609179
0.5165333649047301
0.5549540489758676
0.581380126421647
0.6192154654721789
0.6234802751495118
0.8770601989109731
1.121774836975825
0.9375468466480836
0.6732733105079765
0.4660935606094338
0.3258104304567079
0.2325703392788978
0.1716684307715594
0.1391716954222151
2.892254528257762
2.457865116888426
2.202888727228896
2.19754771996976
2.297122032337271
2.433812438804787
2.65379687250168
3.051371156359343
3.599177882366881
3.94193143410157
4.067714303390407
4.019442533922684
3.835490111792734
3.551383696376463
3.203028146879042
2.825620126657995
2.45144397867292
2.1083680369564
1.818978970791146
1.599691499097561
1.45985552759063
1.402060711831713
1.425076086125178
1.527399784673304
1.694630116156423
1.825551835514003
1.914178835150156
1.988719012610595
2.061592248456698
2.127304741806905
2.179106873712978
2.214671909605533
2.233519237906525
2.234111424083694
2.212564931947762
2.162936825982302
2.079030788623419
1.957622223473971
1.802217280717355
1.625220664922242
1.445450322908009
1.279766351654999
1.135304567803834
1.006322722204746
0.8739329148594561
0.7053209399101292
0.4486193150689166
0.08610245108253145
0.1438617204530415
0.4926743053232286
0.5190630240493191
0.5574787870969141
0.5834639029589693
0.6209103705282593
0.6415036256603398
0.9834782897973153
1.087644627746343
0.7407114049794713
0.4864072596079577
0.3312953434454701
0.2327479948191914
0.1631410642096548
0.1103341137039906
0.07390097704205602
4.909325635848962
3.866912364398589
3.569234654207696
3.584362839564267
3.609096611816806
3.593200913999644
3.576225183141031
3.860569463331983
4.392627018783585
4.599266067956347
4.605915329749391
4.449800454374659
4.164014293066593
3.787352849950047
3.359641837062841
2.916643830495927
2.487883839306842
2.0973189462715
1.764973566473556
1.507395900507535
1.335918738362159
1.25383589072949
1.255577767096745
1.332399069929417
1.497431958695453
1.586058734783622
1.590156419877367
1.599328184307232
1.615959689872829
1.632317112322291
1.642167618084568
1.644783802047728
1.640338330868045
1.628432967333159
1.607742021517905
1.576197013061493
1.531593128719261
1.47265919635853
1.400397033427332
1.318516372033296
1.234943061662169
1.156502917451168
1.085994150798696
1.021275017105905
0.9554093565303281
0.8883729892873599
0.8539379901746593
0.8349723239368473
0.6568819088629589
0.5504021325845428
0.5704202354328508
0.573699670174581
0.5738829912732772
0.5772336086517178
0.5936492844788569
0.4984101891321476
0.3592985704417728
0.336268322623995
0.2927917411748365
0.226778120660544
0.1694936141296435
0.1199435935939985
0.07713402888982357
0.03120062440212803
4.602282754470584
4.266637823218248
4.151685806778764
4.096881854247682
4.057892861449527
4.043411090005169
3.947509724477724
4.247898160290537
4.878975911976376
5.088918077777433
5.029186588761883
4.779675352696413
4.399615868581231
3.942918604791065
3.455191826411344
2.969905584339693
2.509447844448658
2.089643929731441
1.724816012878352
1.43083614056176
1.224101296454236
1.116222770412643
1.109136034513519
1.200222349475275
1.402256780685903
1.49057350709384
1.464146203693996
1.467979889987023
1.466537555712527
1.464214615309215
1.458728935477455
1.44978225244458
1.4369184332592
1.419779033189341
1.398020755627851
1.371348925445502
1.339598453019057
1.302644618462955
1.261091242959099
1.214720503491794
1.166795122606825
1.119095471645937
1.072111185597874
1.026144252562016
0.9815794559484374
0.9397900057761966
0.9102845346658375
0.8855940568433962
0.8012761716673025
0.6623022091296327
0.6217827310092633
0.5900201259858906
0.5636898293886048
0.5331686969607931
0.4942029278930566
0.3661212117119976
0.2910901892564194
0.2680098857584371
0.2386046695898728
0.1983619479236695
0.1558788768732301
0.1120174940899546
0.06823409615545761
0.02313185444977911
4.178713240189099
4.042818555350449
3.968678116950046
3.92499982186866
3.901679685890182
3.916526471391105
3.830500107509272
4.21833060015995
5.048547902435646
5.347057097966843
5.271257210557718
4.953682952824995
4.500582197494428
3.991032256005296
3.475703342570506
2.981546786807621
2.520253156964555
2.096771447498567
1.71669158027996
1.392346811678913
1.145882381671173
1.005639556416609
0.9953463390911762
1.126214414709984
1.404297671151636
1.520160908403667
1.494951022860242
1.509312397606573
1.514291936731667
1.517677958219503
1.516891255333303
1.511693100980682
1.501576529983716
1.486084281361096
1.464603882964061
1.436391268109283
1.400776906889384
1.357088571692759
1.306245119844506
1.247588166974577
1.187851537925828
1.130341494768696
1.075133101387364
1.021568594168769
0.9690975279846834
0.9171946780224998
0.8678028163179248
0.8182122288884117
0.7512270889870486
0.6756309096078996
0.633911806748709
0.5958148045876869
0.5613178681389577
0.5243176210178198
0.4843822006317283
0.414738011571765
0.3548784556467625
0.3086441779861233
0.2614890695059845
0.2127630620966543
0.1649264448334428
0.1178106694664638
0.07156226597444308
0.02520165084024956
4.080486398113271
4.009356213187581
3.964748565610512
3.932543938648017
3.912490865511596
3.928829951838721
3.829327994526277
4.163214390935493
5.044869598590023
5.381442611046698
5.286013096719876
4.920774527097521
4.43210486511571
3.915061528373658
3.416344538890387
2.95223093504844
2.523894349054267
2.126676684747324
1.756570921441538
1.417641509395896
1.131336097399675
0.9423157071448883
0.9079805700013445
1.065105848824056
1.401365866681626
1.515043387161584
1.481334211019793
1.497195190259087
1.501496331444242
1.50417778944493
1.5025879834514
1.496839167451596
1.486584310250036
1.471494674117106
1.451040241136602
1.42446400308995
1.390924248544163
1.349021422994841
1.299654883372241
1.2384437231891
1.177798972664631
1.122299024455323
1.069839656196574
1.018575513875136
0.9680852073713884
0.917807944848643
0.8679466238788922
0.8167001854502731
0.7570701044872383
0.693779202163971
0.6455338714849292
0.6007423702976532
0.5586985482104665
0.514998830614118
0.4687061107599561
0.4094112543136456
0.3543569668847831
0.3061259901704232
0.2587053447893837
0.211159628075368
0.1640471602323408
0.1172150208105279
0.07080367282581226
0.02446349819381162
3.998921990813915
3.948011658253892
3.913319296488557
3.889179914655209
3.875747180286133
3.89824913249526
3.80711489835118
4.121549296667481
4.964544547421498
5.224958794175087
5.053374627040728
4.656361745915424
4.186685078464866
3.720695061952468
3.285944815344755
2.887667856133411
2.521639382898234
2.179012564760585
1.849222813509326
1.525098607089893
1.214297626534335
0.9584375960379089
0.8456696477475484
0.9774966745962071
1.376027889903089
1.51259362483693
1.4754496302135
1.496922810620851
1.503495285163611
1.507531384605308
1.506695891283971
1.501607059381321
1.492201586702955
1.478318473002302
1.459455182893787
1.434681817042154
1.402703227937161
1.360793549606962
1.310060834877373
1.237447004555685
1.169344658052994
1.113815605997112
1.06344223198672
1.013478276211424
0.9636910913268292
0.9135546053277112
0.8629896477294123
0.8112651965619969
0.7559320999748557
0.6994332015875717
0.6500030175823864
0.6029603037868111
0.557722798540578
0.5116669565290827
0.4640446006218309
0.4104962368910261
0.3584320005124993
0.3092736081660371
0.2608418378407525
0.2127485238304809
0.1651295015748025
0.1178443089515662
0.07112745629363437
0.02433188034428222
3.9432597029404
3.891622329223544
3.859039285459176
3.839462200233906
3.832344984563812
3.861020954315632
3.790120053618258
4.119990121222177
4.826176207226678
4.861769145620965
4.569035709056743
4.186741511660768
3.804412456273576
3.443016485553496
3.107234313203787
2.798111346197511
2.512820952814806
2.244161373514279
1.980987134090738
1.709040990502418
1.415250777276359
1.106432627988411
0.8559560603375334
0.8488163402050274
1.289405021006691
1.501560762000208
1.467302840697158
1.497225607118838
1.507208497706449
1.512623812576236
1.512355896390163
1.507819983663909
1.499425460367736
1.487314099828763
1.471155708046625
1.450058765924426
1.422408545601543
1.384059053281415
1.336902562676241
1.243381444297817
1.162045850048337
1.107240991202286
1.060594693212869
1.012091212378666
0.9629002300658354
0.9128012900213825
0.8617803526719314
0.8096279491777525
0.7557728463307615
0.7017754935476684
0.6515665478003256
0.6033268642612901
0.5565111421940795
0.5093758685706182
0.4611920007000184
0.4100554371213547
0.3592871553030949
0.3098099270975025
0.2609811187330121
0.2126552481331741
0.164832814452356
0.1174047107799625
0.07106244342887319
0.02418056106456978
3.910404558246473
3.822399126942059
3.785536474620757
3.770430998563516
3.77182969679013
3.809707188356878
3.789993018797192
4.211482736820951
4.531901246571763
4.220496627363173
3.882615029362861
3.614445065684885
3.37373463233322
3.138787076413361
2.911621624100355
2.697587975507999
2.497638288310029
2.308320329674112
2.122692434405432
1.929294899224767
1.707771146326461
1.425155995371439
1.065681430056393
0.776835909338179
1.10052296949089
1.470603817447073
1.462767752054068
1.50328653996372
1.517291052636792
1.523369159771826
1.522966562655158
1.51852849871655
1.511024519579481
1.500907917245186
1.488002187462996
1.471364698721407
1.448242008058263
1.411650200777436
1.359125937282269
1.177039074901846
1.080722018763194
1.05346887754253
1.030536982456867
0.9918116575465966
0.9483668034200687
0.9025748032414206
0.855103696482325
0.8062303181892236
0.755949291468355
0.7051160818146291
0.6556418813051319
0.6067542501178745
0.5583492115458825
0.5097896110678214
0.4608780950971063
0.4107687709511433
0.3610144916683616
0.3120158162195437
0.2634414534353403
0.2151745791554299
0.1671318256028504
0.1191545366062574
0.07309019921662181
0.02493726127477381
4.017634142670861
3.788815775535205
3.718229885126656
3.693978708740094
3.694507653603023
3.729134083453109
3.777211643421285
4.204103763248003
3.780376447431436
3.333701789331845
3.193208134269591
3.110598889539574
2.999251028558578
2.868131530140321
2.734021409334428
2.604084033320798
2.479812748874615
2.360409120384713
2.243655874319574
2.12555485363607
1.998727654309268
1.841767738465304
1.582285766716435
1.121144641551067
1.011336700501094
1.451258475768562
1.485767044475781
1.524668618076062
1.537203610986963
1.540439678149669
1.537886919815126
1.532494805215144
1.525593922791764
1.518071113905404
1.510586619076645
1.50393492967314
1.498103382270465
1.496534591286355
1.517056082220835
1.38675875659
1.072895147670051
1.060016007493229
1.069420830944605
1.029214880348462
0.9761167756562777
0.9223562281527778
0.8670724974509253
0.8092599498843466
0.7500776072026178
0.6928314462682075
0.6410087535235491
0.5944817056368333
0.5510502752854091
0.507399304579624
0.4608672314670733
0.4104914004884947
0.3585680839418842
0.307266289826835
0.2572753592125198
0.2082412540123772
0.1592448237037388
0.1110885807446739
0.07127642351466133
0.02666492331324404
3.187898994339953
3.432004638445051
3.513153971488002
3.545893555027426
3.555945047919206
3.554730831580907
3.585496933006187
3.366795099139108
2.737222396118088
2.743509347480111
2.838660559180648
2.825980343255859
2.761964503689368
2.687895068341801
2.613749126661543
2.539966416301252
2.466523168808358
2.393840968723162
2.32208563386731
2.25014231392566
2.177833075756658
2.120230627740778
2.118875292861256
2.087345107387435
1.712090931752134
1.559411316165921
1.58380565583976
1.581059347778598
1.573749370843853
1.565645203149165
1.55692381523691
1.548498934168397
1.541009601449206
1.535289502642139
1.53248699087849
1.535129226219761
1.546038112356361
1.580830571446071
1.608145820146546
2.0048334746276
1.930529707208544
1.535206606395294
1.317049022792894
1.192171358034683
1.096620051507864
1.009830846736767
0.9240689621288146
0.8369416592591619
0.7514605229404391
0.674791374294001
0.6134237315710435
0.5678592396371444
0.5320065788579403
0.496617502737437
0.4542149661108734
0.4028396141976981
0.346172093400507
0.2893740869347278
0.2353810211792599
0.1843863714381516
0.1354903384200871
0.08933368096972083
0.0494646248154744
0.02025913886496679
3.306811677504034
3.404985744447829
3.446120864811647
3.45816497830041
3.445256417926919
3.399426701190586
3.323400693810687
3.047060553166039
2.88322895164187
2.839074754782706
2.815499782557465
2.766815157329673
2.70994517986534
2.650173244966763
2.588972396757629
2.526741790013377
2.463906608505777
2.400971045230365
2.338500454844054
2.277042584247816
2.21751105685903
2.162754500389232
2.125247629281008
2.081410811358867
1.957740612998616
1.745575926960227
1.683577780525516
1.639802732350458
1.611729593526484
1.591382535847787
1.575643224099216
1.563360780346408
1.554211313327042
1.548475930737171
1.546865319641595
1.551442254804169
1.563210562064331
1.599210203352194
1.589019781841182
1.924928348006392
2.236967341857625
1.991909468119671
1.683344545386829
1.44928481872863
1.277965261204524
1.139780548115876
1.016793553774908
0.9019224121267008
0.7956888498202548
0.7027951667365309
0.6275429465758484
0.5697987250673758
0.5239624106627161
0.4815454693392353
0.4353691855173734
0.3827182831460052
0.3254428960846397
0.2674486420485607
0.2118684989952203
0.1600429557818766
0.1124369122162431
0.07028630406975729
0.03675201431284038
0.01729477922077599
3.291826057134919
3.349917161072899
3.381758421622052
3.390722886331137
3.376612664276774
3.334666948451086
3.270751353598591
3.128588284418464
2.993913075597001
2.914664319266881
2.857370032120657
2.796948557627722
2.733411114930296
2.667542871268552
2.600534085860514
2.532968148698679
2.465211720833234
2.397515532937576
2.33004941206953
2.262887304311636
2.196190580738593
2.129960731001101
2.065620214492115
1.991871094402985
1.888359262853721
1.775304315267116
1.717438452122283
1.670424642875285
1.636198260338305
1.60994912638329
1.589747578104831
1.574474300131036
1.563592809083303
1.557016802735818
1.554913946361182
1.558413619178016
1.56630715185736
1.592746414758442
1.560005853765076
1.75694521632724
2.167386060517237
2.168215938412371
1.956683598568225
1.706101036680988
1.484690096187296
1.299073443098389
1.139229705357886
0.9970820851774267
0.8700248640926971
0.7590879179856564
0.665724431636017
0.5891458995120353
0.5254153829418939
0.4686830357028618
0.4135840615896159
0.3571886198152694
0.2994097718097979
0.2420326600098671
0.1872703793507146
0.1368984261886613
0.09235808484570719
0.05537383739204872
0.02836918908516799
0.01388234181347057
3.271768905568392
3.317683655348517
3.342809084556631
3.346676662602265
3.328841595329686
3.286036463911423
3.221899062517159
3.118154962311463
3.014588398458227
2.935361472074378
2.867604092928286
2.80084031209924
2.734092574824252
2.666994179419214
2.599716233016396
2.532332658167583
2.464910815107814
2.397503831855603
2.330136817591238
2.262771265146845
2.195363801128643
2.127598783193343
2.059426136716498
1.985755314709351
1.898694843971933
1.808975838957859
1.745838468920395
1.693778112151041
1.653799928064894
1.622678989462234
1.598806965729726
1.580982340082276
1.568436734712891
1.560745097352165
1.557602651311568
1.559400070012792
1.563890030899165
1.582318823399162
1.548011913456958
1.675063056698921
2.036671298163772
2.157807776820506
2.075249467747358
1.886040081540186
1.669699078663985
1.463758777673995
1.277795002636172
1.1111591102188
0.9621720235060309
0.8303913975779054
0.7158352305577772
0.6176775170754232
0.5335954045063969
0.4601075436310084
0.3935874792022305
0.3312930704508763
0.2719084819029547
0.2154919585967671
0.1630220310080031
0.1158928142825932
0.07562250173179634
0.04374022789953383
0.02159872359537507
0.009946438103697946
3.265561192560657
3.302874102292474
3.323034390969098
3.324069232037619
3.305314529488966
3.264763403080481
3.205012885350706
3.121106874983863
3.033044820783718
2.953811906435834
2.880407293026956
2.809168802772341
2.739291275858554
2.670148430522545
2.60149770565193
2.533144225554717
2.46494910505745
2.396781529684076
2.328504207408402
2.259936816880739
2.190878623963623
2.12095792556159
2.049951323634134
1.976081815945576
1.897320053954886
1.819612768623467
1.756793218723337
1.703680339122208
1.661099725484439
1.627334579186318
1.601258056673705
1.581808816558449
1.568146843993566
1.559637178414677
1.555663768240291
1.556117808534519
1.558499361801474
1.571570435797472
1.541797498283799
1.640087843631065
1.930600239607464
2.078322830154016
2.082334456527617
1.974138742384948
1.802555131524104
1.607952018310965
1.413444061061651
1.229262935055452
1.059416855810545
0.9056763588369021
0.7688999164695337
0.6490946720773132
0.5452612738245547
0.4554776558100599
0.377282598527675
0.3082214727633189
0.2463669142982512
0.1906499514662109
0.1409123358371171
0.09770106341948261
0.06191634436808992
0.03442950378425216
0.01576368110012409
0.005991741643888201
3.274399265157816
3.304193523036833
3.320555688265816
3.319962061734789
3.300679675416287
3.261100641957914
3.203274839511593
3.127597795704634
3.045667568164816
2.965882586638605
2.88920646111499
2.814968838971688
2.742808411893384
2.672135874370257
2.602509722835934
2.53354108392595
2.464907197710227
2.396323109830037
2.327518837104935
2.258206345269785
2.1880955689616
2.116843917444772
2.044299811878747
1.970092452858906
1.894468945299998
1.821368591556563
1.758194598800086
1.704025611032485
1.659702786270333
1.624330193024917
1.597017146323343
1.576763803517193
1.562656226641284
1.553902864223092
1.549687436709861
1.549550682606316
1.55107206844277
1.560813201464231
1.536616261879061
1.614709592384386
1.843105185303916
1.987150786864389
2.038764962026447
1.997420775299031
1.880768369427968
1.715975343438383
1.528137373510229
1.335237254611319
1.148554657166624
0.9747273077806372
0.817412466139211
0.6782339677193119
0.557299395853056
0.4535561206565348
0.3651404256929693
0.2897889051796094
0.2252962945910186
0.1699213927599839
0.1226153366224745
0.08299786590669907
0.05111367845433668
0.02710182282028598
0.01095760935380427
0.002525443216215034
3.295239672932123
3.31925479787769
3.334778980409942
3.335098800925034
3.316249948595374
3.2763543857316
3.217205359229144
3.141692025211921
3.058799622366572
2.975897354531599
2.895727217126375
2.818795603495823
2.744815610319834
2.673066674031258
2.602866675903873
2.533615919429971
2.464829851129745
2.396097072036691
2.327032232679129
2.257232140843012
2.186279066650112
2.1137561368418
2.039483840773973
1.963618808825184
1.887358854507772
1.814236459451439
1.749440631690721
1.693875547189316
1.648368186061335
1.612317433318877
1.584805909871874
1.564749155226709
1.551119831757424
1.543006936465479
1.539485900803537
1.539830426152814
1.541786487013335
1.549495272919847
1.530085862572528
1.588073836489199
1.769277838319762
1.909268861818068
1.988049827969236
1.9913436982569
1.919070341073719
1.784988641166423
1.610003206040944
1.415100717290805
1.217226735186932
1.028114360578928
0.8548112199171034
0.7007987792714143
0.5670873735273265
0.4530600798477211
0.3570747858095997
0.2769307448933415
0.2102834711737319
0.1550085844012116
0.1094498371407916
0.0724888134258605
0.04344190011665214
0.02187528765436379
0.007462593708041669
-4.919256153217631e-05
3.318558853533693
3.342475469948403
3.362745486184885
3.367611447529843
3.350498493189145
3.308995565841028
3.245045773059395
3.163338420021536
3.073709648468285
2.98466019627733
2.899976349949053
2.820295731249403
2.74489350538468
2.672593326215287
2.602323498852628
2.533235026528237
2.4646900036321
2.396175116983926
2.327207503883156
2.257253321404168
2.185701887355198
2.11189825842238
2.035406425201269
1.956386425393024
1.876512071059925
1.799897357249894
1.731845707263711
1.674207755107522
1.627748454007846
1.591732806987934
1.564941059547956
1.546028119089812
1.53379115473669
1.527227073795587
1.525381706249311
1.527367142645771
1.530989303724935
1.538640156849419
1.521345191699854
1.563446546767726
1.72071698191469
1.862103720524132
1.955506661734019
1.981814448876088
1.934212963198945
1.819196835125614
1.653792265450403
1.459424390904732
1.255960940899338
1.05834712048454
0.8759607814800313
0.7135698973309426
0.5727406338117177
0.4530440166713622
0.3528903876818825
0.2700783712920015
0.2021931504568909
0.1469242945454262
0.1022962519130966
0.06677792862083369
0.0392700907637375
0.01902130338148292
0.005540436945201073
-0.001460205734269149
)
;

boundaryField
{
    inletLower
    {
        type            zeroGradient;
    }
    inletUpper
    {
        type            zeroGradient;
    }
    outletLower
    {
        type            fixedValue;
        value           uniform 0;
    }
    outletUpper
    {
        type            fixedValue;
        value           uniform 0;
    }
    sideWalls
    {
        type            zeroGradient;
    }
    topBottomWalls
    {
        type            zeroGradient;
    }
    frontAndBack
    {
        type            symmetry;
    }
}


// ************************************************************************* //
