/*--------------------------------*- C++ -*----------------------------------*\
| =========                 |                                                 |
| \\      /  F ield         | OpenFOAM: The Open Source CFD Toolbox           |
|  \\    /   O peration     | Version:  2506                                  |
|   \\  /    A nd           | Website:  www.openfoam.com                      |
|    \\/     M anipulation  |                                                 |
\*---------------------------------------------------------------------------*/
FoamFile
{
    version     2.0;
    format      ascii;
    arch        "LSB;label=32;scalar=64";
    class       volScalarField;
    location    "5000";
    object      p;
}
// * * * * * * * * * * * * * * * * * * * * * * * * * * * * * * * * * * * * * //

dimensions      [0 2 -2 0 0 0 0];

internalField   nonuniform List<scalar> 
4096
(
1.273468885201453
1.265300246151452
1.248730851173907
1.221107221896217
1.178366264141933
1.116470823493633
1.033166946614466
0.9289812149841693
0.8073709913512833
0.6744843083905158
0.5387585787531654
0.4102790288023833
0.2998120155727647
0.2176001323454843
0.1721406434420437
0.1691867519733345
0.2111356168685242
0.2968576659559597
0.4219405424189618
0.5792940339470359
0.7600476479550318
0.9546035039622526
1.153611733270245
1.348654150644736
1.532595320705936
1.699697196311111
1.845566765362123
1.966956158306821
2.061507932028446
2.127610017028131
2.164409670435472
2.171889636674734
2.150893362404809
2.103058569618141
2.030680790717842
1.936548798906762
1.823791958474925
1.695774354116089
1.556063486762099
1.408486812364702
1.257266344015906
1.107195123620597
0.9637973468754535
0.8334030068033343
0.7230720693647502
0.6403230840154591
0.5926540541281461
0.5868845463242686
0.6283937797532307
0.7203794497947328
0.8633115664676555
1.054774323468813
1.289810802136178
1.561663753176765
1.862543376402596
2.184026334680319
2.517026396158252
2.851590630700003
3.176668642055071
3.479908020597898
3.747749614787631
3.966240102791916
4.122617135268764
4.207168205600068
1.312128344216936
1.310279830020601
1.303643246318268
1.286164005482752
1.250765882805886
1.192072330127504
1.107948018953443
0.9996920427912512
0.8717851960332239
0.7315882885479081
0.5888164734698349
0.4546269648793556
0.3404015772656075
0.2564491797978852
0.2108672695104499
0.208746785092147
0.2518091607070515
0.3384525539559027
0.4640997778671224
0.6217352869988446
0.8025960176330519
0.9970394793586651
1.195518376988191
1.389413983358244
1.571504964823367
1.736083043106382
1.878831163158099
1.996513328615483
2.08674038902611
2.147962830883943
2.179567287273318
2.181913604648427
2.156264327424028
2.104636395014368
2.02961402589496
1.934153135380281
1.821408756957535
1.694621057150875
1.557089878800466
1.412249453808525
1.263829714952732
1.116066070712842
0.9739010961815128
0.843112452482385
0.7303035277823154
0.6427083532988018
0.5877904249281231
0.5726527806567348
0.603316594340932
0.6839601225332889
0.8162399339658161
0.998850881589016
1.22750736741646
1.49546195751967
1.794405029972697
2.115222157601707
2.448129851496821
2.782385119381117
3.106103679503598
3.406271286210604
3.669249684012089
3.881901827722409
4.03302252051428
4.114658195836421
1.386952338194056
1.397519189473157
1.409728768249072
1.410425404340129
1.38758058991911
1.334248399394623
1.248596931653275
1.132980295661851
0.9936149042614856
0.8402338211071154
0.6850530193135728
0.5411854834861758
0.4209809031867672
0.3346571726586845
0.2894040439424248
0.2890049567815902
0.3339218061339359
0.4217045355595977
0.5475256161279864
0.7046369431959604
0.8846919475437299
1.078160081809157
1.275160561055665
1.466612443833984
1.645074097933183
1.804881405513629
1.941782826122775
2.052420869827323
2.134304767120235
2.186092962831012
2.207729837595093
2.200328777160553
2.165928986781609
2.107229353465498
2.027324983391094
1.929455521869479
1.81679638146341
1.69233609388417
1.558869809962536
1.419111831567763
1.275904057407961
1.132479433950832
0.9927294476005228
0.8614194499419083
0.744294098287005
0.6480199676952944
0.5799283062754268
0.5475502634261209
0.5579726086259815
0.6170662749786998
0.7286426726597914
0.8936070298235571
1.109286033713844
1.369312834773408
1.664451064216969
1.984053275013707
2.316887763180413
2.650672372956143
2.971702564478128
3.265341703427929
3.517762707990347
3.717840817821026
3.857760853067437
3.932632278465799
1.502371944411573
1.53190513020397
1.570156318010255
1.593443969203511
1.585617144619053
1.539073760287941
1.451644302963801
1.326208821299751
1.171395675898912
1.000698440717165
0.8300471325462754
0.6750868545623026
0.5490456417101287
0.4614909778779905
0.4179586561905024
0.4202524178538509
0.4671221647519376
0.5550555596970028
0.6789880277067534
0.8327352892300205
1.008961525881834
1.198851848074724
1.39232412521889
1.579484855505814
1.752369500705184
1.905316048022184
2.033790373842443
2.133890388917083
2.203040804950007
2.240510502300826
2.247275536637036
2.225590416698084
2.178572906517013
2.10983923174119
2.023148396270339
1.922068925602257
1.809729032463703
1.688704227904086
1.561057907329925
1.428514363383588
1.29272553788595
1.155590232916335
1.019587802983969
0.8880889645556981
0.765600497238359
0.6578905304120828
0.5719352544262926
0.5156379881730322
0.4973032733201108
0.5248870361725175
0.6050506581132665
0.7420037284103915
0.9361298242609596
1.182709049526109
1.471721683398343
1.789739614469841
2.122682755889479
2.45586608194673
2.772247631884936
3.054124010857414
3.287650961426418
3.465797495841215
3.586853663392417
3.650711960153286
1.671371720418136
1.723627882146123
1.787145422050781
1.830032136379015
1.837072750427285
1.799099701207199
1.710572873834217
1.574181017761558
1.402268205763001
1.213567026648064
1.028444969491798
0.8649801469286397
0.7365658197716944
0.651110567583873
0.6115665911832024
0.6171967687317508
0.6649180813084106
0.7503066766902226
0.8682307770260997
1.013243353998073
1.179572567055081
1.360273812885781
1.546092161719459
1.726274951699742
1.891668539259746
2.03616901851887
2.153634452855163
2.239092918682153
2.290451244555574
2.308363538819346
2.295346932120299
2.255099061547071
2.192042001219955
2.110871436270346
2.016063788279232
1.911445272010921
1.799932800481731
1.683484352746766
1.563228945659404
1.439718023931706
1.313245245865392
1.184201097498087
1.053446345965879
0.9226948701180782
0.794887853291509
0.6745176056177202
0.5678265981979382
0.4827823501916327
0.4287376606308695
0.4157450594334203
0.4535720090417648
0.550451186379381
0.7114040142033016
0.9358380535897316
1.2149226177741
1.53146777829739
1.86511698190933
2.197041858538737
2.504428825338992
2.765680673959901
2.968825750137627
3.11360159391603
3.206947898235217
3.255451693444776
1.926525987292633
1.988598644616272
2.055376782675288
2.10655776788109
2.128931308918315
2.102162507351029
2.013564454560445
1.867389870834873
1.681590870592505
1.480452464748457
1.288129716110042
1.124058324083832
1.000475610764736
0.9223748600889882
0.889303778639049
0.8977996829203089
0.9433527446670089
1.021339661528728
1.127075166657709
1.255731277015438
1.402776615458732
1.56413639752324
1.734265722693876
1.90345941558899
2.060525743442215
2.195847976656525
2.298866744217171
2.364287780771746
2.392102021299521
2.385143492686616
2.347720456606684
2.285162648520318
2.203394791746186
2.108272385013305
2.004884168671777
1.897071308805235
1.787259111772059
1.676554009208063
1.565001772451464
1.451915297005637
1.336220366872743
1.216806231604034
1.092892810420181
0.9644356397525632
0.8325822832615233
0.7001664132641728
0.5721751544370886
0.4560591135175833
0.3617050508557257
0.3009178523494061
0.286407756336592
0.3304773997117989
0.4435375056946131
0.63182860782838
0.8927478338789629
1.208213669497067
1.545232934260596
1.872971612857864
2.160112218816547
2.385339658998953
2.545036101832846
2.6467506117615
2.704226381448487
2.732695329428002
2.339860191252762
2.338657146936856
2.352664144156139
2.403199529716524
2.444463455759868
2.427843703954704
2.33918096081828
2.190035319490102
2.003239153366492
1.80546049415309
1.621918130742179
1.471286082475651
1.362983832481596
1.298174561387709
1.272951993677507
1.281734976833098
1.31955462922738
1.382730415336792
1.468043753493437
1.571311930117294
1.687493625290551
1.813985345705232
1.953350175026404
2.104713705361271
2.256700242204458
2.381646830326711
2.464081206837164
2.502755792540864
2.501307190478503
2.464623037301118
2.398782298626571
2.311055858286317
2.209098570787116
2.0998264345513
1.988569570912129
1.878731524292545
1.771875439749269
1.668043986395819
1.566148061937553
1.464335229733596
1.360315014080073
1.251658607516497
1.136110101091035
1.011953288015892
0.8784755187124565
0.7365529746595717
0.5893372426189296
0.4429375838772587
0.3068733223032624
0.1939772945584574
0.1194972103408868
0.09950009574764784
0.1492260528227397
0.2819758544236615
0.5066870213719911
0.8169300221948925
1.167495948866498
1.480632940444705
1.720983605555142
1.886212168823483
1.992379469011063
2.050704188897888
2.069899101264322
2.069319145314657
3.039945278155421
2.754507208109124
2.64937592968538
2.706889722719289
2.758913738391815
2.738407359441505
2.651912091632167
2.519619135252396
2.360861845391382
2.197068705001278
2.049487023254003
1.932543247784685
1.851426074445716
1.804103227524524
1.785045752632869
1.788511461998797
1.810455250694634
1.848962770301848
1.903157333049526
1.970472058455701
2.043984970318578
2.117440539241453
2.201287603617001
2.322104725082557
2.478838161642365
2.585472432796311
2.638357337039682
2.644568337357358
2.609389499220346
2.538889282102036
2.441532410856008
2.327237620394382
2.205452431448339
2.083631112062515
1.966615800886135
1.856757036368806
1.754395538426957
1.658404939869868
1.566649230955208
1.476324348473896
1.384211044698351
1.286885743070105
1.180939778265913
1.063258450457712
0.9314142325454595
0.7842301242865957
0.6225558281642927
0.4502421419596377
0.2751596292189727
0.1098794748809375
-0.02857334083619214
-0.1203811489803281
-0.1457191062845575
-0.08688327593881712
0.07304978351722217
0.3522314523190345
0.7366564936469795
1.006837373221124
1.150926054022299
1.230192965575767
1.280745711752167
1.309423022430295
1.306953469631707
1.255821214060394
4.136958752986643
3.211442585659824
2.982517281441128
3.006813129867434
3.012449015786487
2.969718066727307
2.904246780322233
2.829035960525562
2.748747634497667
2.669457756936835
2.598899661093913
2.541078497663221
2.497308473891161
2.46652783849943
2.44661330538499
2.435473920503537
2.431678486817904
2.43468157052444
2.444548390411487
2.460584931428092
2.476757801029467
2.485076118000473
2.486152367688461
2.563720500028131
2.713172642973896
2.784758998270582
2.805556690512177
2.778085835744026
2.705875679685229
2.598089569527955
2.4677146418153
2.32794212791045
2.18932955785196
2.058700695258965
1.939404757102645
1.832154293938737
1.735879560767213
1.648369958882157
1.56668446026161
1.487393113998418
1.406721235302501
1.320655359855853
1.22505832848075
1.115837014945407
0.9892118880616471
0.8421535019227628
0.6730738767612735
0.4828704350648453
0.2763585319392152
0.06389588463498466
-0.1374616606804968
-0.3044308646256519
-0.4106591963435172
-0.4322818430569064
-0.352951148536825
-0.1586528497280499
0.2151831340137321
0.4055974003781303
0.3957568674996751
0.3844188768524862
0.3829434549798241
0.3965873306239494
0.4176690573771052
0.3052727900320522
3.583470049716493
3.294658388188262
3.19595018184342
3.132956585686608
3.076681233866069
3.021345357958559
2.968356500149866
2.917472680982303
2.868124072563965
2.821339440443795
2.779889452295212
2.743294383387938
2.711957993503106
2.685646333399226
2.664111392130939
2.647011711675581
2.633976546156824
2.624639467588743
2.618564207736149
2.615497182378381
2.61330361648286
2.616208069953317
2.590198370345801
2.67379902865871
2.863278611697853
2.945915335414119
2.950951333179558
2.890379739034163
2.77725061123383
2.630133350820943
2.468640901430425
2.308406369659797
2.159179118514716
2.025507242643182
1.908347918476979
1.806521690673767
1.717676239049866
1.638817050116122
1.566559195193409
1.497228106669043
1.426890649992761
1.351365064605251
1.266242219598781
1.166946452248491
1.048869518825435
0.9076285655193619
0.7395368902697783
0.5424424719214884
0.3171636643213381
0.0697234462222589
-0.1858012357497579
-0.4249806155494155
-0.6135898427081523
-0.712599545325877
-0.6837083350295293
-0.4828156376363023
-0.0296511061241207
0.1733814796326183
0.111627275238088
0.1132920921255536
0.1028219034404204
0.09431459912564419
0.08423804615556039
0.08715627277969581
3.285565355760035
3.192483691086736
3.140571547904843
3.091126648997623
3.044693056215809
2.99475955043974
2.941555171938306
2.885392450984727
2.826802931524909
2.769297388779948
2.719511420503988
2.676766044090732
2.64193502920971
2.614361582572637
2.593361269402019
2.578178755323254
2.568170554747872
2.56284603533424
2.561684198290068
2.564449841230883
2.568737224439811
2.581998362714535
2.55777805638007
2.6721226800604
2.938787087519922
3.05963614024869
3.058433999611679
2.962388144651705
2.805537566047284
2.621956171143306
2.437374919898741
2.266637835406467
2.115918976967917
1.986155240599148
1.875683423082076
1.781738732852312
1.701146140953524
1.630576697021935
1.566603956141279
1.505678079175529
1.444070490616225
1.377813993001401
1.302653870498533
1.214024668124357
1.107071468069897
0.9767451974754041
0.8180280280781732
0.6264115070767071
0.3988986670039164
0.1360485718319162
-0.1542433111513365
-0.4510266716261581
-0.7143637031892475
-0.8834708645023153
-0.8819328441898515
-0.6246896507997052
-0.02248523477939488
0.2440757628435412
0.1844093358195115
0.2014502637191267
0.1947935093622207
0.1832547733566102
0.1578943731308154
0.1525712159678933
3.212267053960515
3.172600945923615
3.140442239500606
3.096108152882122
3.050747352198333
3.002018273655972
2.950870667761573
2.896199304074732
2.836296911441039
2.776148923992894
2.727899619084908
2.687063287761196
2.654404368144021
2.628538303119645
2.608606963739174
2.593844591012873
2.583693961526187
2.577790813298541
2.575758978049824
2.57766556481438
2.581052956368694
2.595222726328491
2.5631781350048
2.673068963869667
2.990130694459771
3.133685073612468
3.110528252385716
2.969080452946071
2.771132129624777
2.563766118026628
2.372054517443752
2.204961957474007
2.063135636172986
1.943963406041193
1.843940723015246
1.759527629848832
1.687362460620445
1.624249260803625
1.567077388675983
1.512723834742187
1.457952736376591
1.39931731420016
1.333068675138181
1.255078098471746
1.16078367698647
1.045178875746744
0.9028717278732299
0.7282710469379171
0.516049968730105
0.2623335188532942
-0.03224747336101676
-0.3555679915334655
-0.6715166668385534
-0.9059655890842054
-0.9463622918788118
-0.6727642716729413
-0.007842750290874192
0.2388506289147837
0.1667585584208505
0.1839270387475528
0.1751660185698249
0.1612311389483905
0.1330340982821806
0.1402860050046192
3.214125982484549
3.174282940587913
3.14225860687315
3.098504990551784
3.054174007191636
3.006940341904015
2.957895348785113
2.903039586197825
2.835441763938267
2.764097513699113
2.714823735432605
2.674291547870495
2.643424592226175
2.619541707872508
2.601339805954249
2.587903013249154
2.578704242216433
2.573531289922404
2.572256863728008
2.575361140780717
2.580666153885596
2.599357135901199
2.565117263275042
2.692234046525018
3.05476323707482
3.172297234680758
3.082695817997394
2.885024706756131
2.662280840612667
2.456055992911638
2.278795638124549
2.130185302046172
2.006224860627655
1.902558484147874
1.815296714683085
1.741066098125948
1.676894338582331
1.620083934988383
1.568095764844194
1.518438601914498
1.468560651540548
1.415741916163569
1.356987885980599
1.288927372354547
1.207722354670513
1.109006407258755
0.9878795562841535
0.8389967953157654
0.6567929810250954
0.4359450641464035
0.1725823725055874
-0.1317660532914295
-0.4587284876633576
-0.7495309202661001
-0.8798982160660749
-0.6763964119728363
-0.005549139048956139
0.2451236136784939
0.174480083308848
0.1945380255884057
0.1856683618938958
0.1688601849116493
0.1351623146835234
0.1337645082464842
3.290109429474156
3.196359821522839
3.14452609467557
3.096652767782982
3.053326549367361
3.008317803093138
2.963269142679605
2.908956843324684
2.827404143639044
2.735371846008045
2.690140726897015
2.653551407822453
2.62727606535559
2.607280956201452
2.591960609473796
2.580447997147658
2.572401516392395
2.567906810593038
2.567266255333564
2.571592180596888
2.579721015370015
2.604957483398711
2.574070658662833
2.758239494738929
3.141964591884181
3.138075127941845
2.936887146067036
2.699233176977532
2.488869337718314
2.314962173458117
2.171493870043877
2.051782944772543
1.950853785721328
1.86497566180014
1.791142013803614
1.726802070807597
1.669729690239874
1.617937324796729
1.569594716948163
1.522941753198116
1.476196494225365
1.427460525563556
1.374622016978403
1.315257362841565
1.24653774907121
1.165158755198816
1.067329777702233
0.9488830210428483
0.805565943049087
0.633479113027803
0.4292908497791736
0.1897073986169603
-0.08776139442714746
-0.3908571024719284
-0.6428963915752037
-0.6292431264427593
-0.0340480053758803
0.2458820090207592
0.1870654253138836
0.2106678349703001
0.2023753171862365
0.181908153753051
0.1410918799573711
0.1182120229148633
3.592274995136983
3.303759319111692
3.206046623818349
3.146236593070218
3.095247815732518
3.049619126478555
3.021635276468135
2.990758328852543
2.89118900347961
2.711299446793977
2.66126787536678
2.626783871516186
2.605251438170474
2.589887789890758
2.577995503190534
2.568662701382169
2.561704405085306
2.557542177200427
2.557010349998895
2.562025032709428
2.573511335695011
2.606907454820788
2.598898427439455
2.903814764174652
3.169301658078585
2.932462038109866
2.651064762372942
2.441971493205757
2.289694643107719
2.169076233176312
2.067370139076478
1.979184765801702
1.901797114425031
1.83329857313505
1.772036818679921
1.716501434522157
1.665328250251216
1.617300651670535
1.571319139456783
1.526348037939457
1.481352707153903
1.435233633411824
1.386757860255934
1.334487331091438
1.276708950912082
1.211383551557467
1.136150088401206
1.048444912818823
0.9458231310430126
0.8265742121260459
0.6904632850932862
0.5380701574672101
0.3642911912529149
0.1442301678290611
-0.1559000968898211
-0.4338400218524394
-0.1338186765674956
0.2315143121964431
0.2117964835657708
0.2418607024981407
0.2372669667052403
0.2159527494428223
0.1670681567046542
0.09533198136653186
4.14247183831196
3.210780866086603
2.979408539348761
3.005300006030264
3.015953743746874
2.996062470809591
3.010212256158423
2.998275271454658
2.680504339557932
2.552086652452554
2.575713162236855
2.576343140432676
2.57222066612407
2.566951753059645
2.560625079832652
2.554096118438522
2.547994195530977
2.543254823682649
2.541225261798202
2.544173117781832
2.554743355644293
2.586760269595401
2.615327341013572
2.971463835870109
2.853003959978113
2.486464763588416
2.300284672826737
2.198052498657212
2.118642914230375
2.047513892376661
1.981764494801601
1.920373442499355
1.8628831862741
1.808919903367048
1.757975174433
1.709450143768217
1.662757996342532
1.617374293620671
1.572835889200436
1.528716694465197
1.484597700463493
1.440036380502113
1.394534926477911
1.347506492483495
1.298241903730821
1.245888874159019
1.189471467891275
1.127987364850966
1.060603558041279
0.9869752697639674
0.9079970608003012
0.8278566999490788
0.7559048972754741
0.6918575267056672
0.5591475146196687
0.1674590604054128
-0.1532283655000379
0.2240308756961319
0.2623436007423294
0.2899262976255718
0.2824553334885996
0.2483999123082259
0.1513517176604909
-0.01434837708516714
3.023657986520308
2.725520340288642
2.609719010875439
2.662021501955953
2.712526226277027
2.680388576381678
2.512793670129414
2.142348675301952
2.067242522385277
2.462031592575021
2.4919944321896
2.528414145430365
2.540929660648583
2.544970840165663
2.543412033165893
2.538852959244264
2.532451647311098
2.525291654973365
2.518532268453933
2.512676985463288
2.507771080380289
2.506269905545962
2.528079615779638
2.400242142082885
2.079330171104592
2.072093525868352
2.092031476074543
2.062014589447206
2.017221893051699
1.972052210851756
1.927349231764652
1.882504074747901
1.837656386737643
1.793046817814778
1.748743343816182
1.704705194656184
1.660867097697993
1.617170306176656
1.573565154281052
1.530007056725776
1.486452688354968
1.442856907756206
1.399169390079444
1.355331011747536
1.311269882025162
1.266899982001056
1.222133004626077
1.176921266322755
1.131323163675589
1.085473212910119
1.039334779862265
0.9932475958036128
0.9542805286201673
0.951909237503349
1.026571060945746
1.027827569705068
0.5279168510898836
0.3641832792468043
0.3941715870774102
0.3925815262219884
0.3899490638961705
0.3934534548793506
0.4003717805836008
0.5221638692669639
2.301071932086741
2.287806391960092
2.284259840549828
2.312841884966305
2.318546365307531
2.229935705472443
2.021604818537633
1.831966612666456
2.151437131933884
2.483099208049238
2.474267175955689
2.511490807154211
2.524657640296882
2.530611018597825
2.53029229585518
2.525802590044805
2.517789730309585
2.507173924032611
2.494982851565317
2.479721045749574
2.458821830072176
2.424814243889374
2.37626315960805
2.203046952662839
2.111132112039414
2.087148882991865
2.068396381081315
2.034720378548298
1.996758502691842
1.95700312646889
1.916124885327751
1.874418023045902
1.83214732832196
1.789498841095205
1.746590368363665
1.703498654019838
1.660278349373074
1.616971244000301
1.57361108367126
1.530227053869476
1.486846665487221
1.44349838147594
1.400214222132151
1.357032524939138
1.314000829814786
1.271179143676314
1.228644254419295
1.186496773163649
1.144871464577546
1.103939954236022
1.063893206859323
1.024953249687552
0.9881743291436975
0.9572554456317386
0.9446606733243976
0.9147672259136156
0.7965665724845152
0.5785841034885859
0.5224519792780308
0.4874583787397144
0.4741719128700073
0.4779094132168696
0.5024330938174109
0.5751388669238665
1.874678709365038
1.924497034171875
1.968317662534251
1.984690005512282
1.958350100494894
1.880391476891301
1.802889629014763
1.887311008664674
2.320262117507984
2.51343956784379
2.480524567790764
2.508141563299396
2.51739774663371
2.522381130953258
2.521651616638073
2.516320951523021
2.506054146924831
2.491977368622855
2.476505129173761
2.457277325727188
2.432836988854406
2.398029131243741
2.354592525978879
2.264601714130559
2.185767616673757
2.135276947908564
2.093974345522515
2.051367579107595
2.008463518710509
1.965259285166594
1.921895291162572
1.87840227316786
1.834836707938417
1.791251165341724
1.747676727044881
1.704125601732533
1.660599152984764
1.617093802895751
1.573603917642185
1.530122955998769
1.486643795842888
1.443158715016532
1.399659416391224
1.356137144747796
1.312583414080541
1.268992143560423
1.225364634215184
1.181718856779895
1.138102959165895
1.094609991709131
1.051404013754409
1.008774039631787
0.9673702835623389
0.9273314955492702
0.8882630144760566
0.8307752411991322
0.7318153260287339
0.6244037431236787
0.5791805648268368
0.5488443113523718
0.537669753113
0.542923709561047
0.5675527526820059
0.6131490188248914
1.620525486177152
1.661694542939559
1.704487740501615
1.720725236912147
1.709967134834217
1.703305702414463
1.770563286955053
1.995767058142076
2.398590343188631
2.525653182962521
2.489788933135281
2.509864813890555
2.515965604193817
2.519541425902828
2.517926126876465
2.511388401333342
2.497825590088218
2.479176991887998
2.461235519579853
2.439244507488668
2.412276639748656
2.375755950588141
2.330211499935483
2.259742484243904
2.194105094252103
2.143271956334318
2.097919020543745
2.053164098887186
2.009059076224002
1.965257993627559
1.921636278568023
1.878079858660115
1.834547720388535
1.791030729213689
1.747526471479895
1.704033390788506
1.660549666642335
1.617073421974412
1.573602828213207
1.53013606872815
1.486671221854651
1.443206227352834
1.39973880153255
1.356266317485732
1.312785794805529
1.269294027287717
1.225788073841486
1.18226605186186
1.13872725609133
1.095168132555421
1.051576283289722
1.00790768819632
0.9641503365695346
0.9197933170040307
0.8739338386994714
0.8184687416396748
0.744630381953359
0.6691257543518128
0.6243950719518128
0.595001424526725
0.5839556681420979
0.5894213095778429
0.6135539809920874
0.6552989986009118
1.471393615000547
1.496230757733545
1.529122044661698
1.557567267364045
1.590154493978578
1.660463683215914
1.812978447040906
2.072954434962685
2.424074777881671
2.530068729048811
2.497324322488312
2.512700390287793
2.517221691669749
2.520183137651012
2.518514155642964
2.511687265073972
2.493675162189278
2.468468417041454
2.449881120709317
2.427439038927282
2.401400252701442
2.367047614693055
2.324221961200686
2.261257282952301
2.201046149234282
2.150679955761229
2.10319002454529
2.056521447212944
2.011109971727576
1.966519231327907
1.922419376680987
1.878570292763664
1.834859323672215
1.791232264340239
1.747659907721232
1.704124012194456
1.66061251908706
1.617117203599696
1.573632099230477
1.530152412129975
1.486673737865293
1.443191577501644
1.399700769880419
1.356194821572089
1.312665078033467
1.269099451713118
1.225480457542157
1.181781894122696
1.137963069704615
1.093957258768306
1.049658093438934
1.004883471516474
0.9593829981889456
0.9125677118908471
0.8637506782292274
0.8100477520305844
0.7495142858713144
0.6912197018916196
0.6512250869184435
0.6252410549722643
0.6156076379864749
0.6212787734152585
0.6436406090038238
0.6812053356392158
1.399793653904484
1.41788538649536
1.450836315386082
1.500145146106215
1.576628621630803
1.699003560185522
1.882302909011704
2.128117097494203
2.430342215086783
2.535626989765636
2.510087214868366
2.523887548209734
2.52869843480732
2.531626433630833
2.529630712010987
2.521813649927406
2.494333572320572
2.456080668812122
2.439986308525132
2.419792968900831
2.39805026765519
2.36911640473879
2.332615380615631
2.269110432800165
2.209724549992409
2.161183986938511
2.111653114109866
2.061667879433286
2.013893748393098
1.967947918778571
1.923114318947851
1.878859650063579
1.834920967302079
1.791168849122875
1.74753182719274
1.703966003726775
1.66044423422313
1.616949983774379
1.573472890415351
1.530005791751868
1.486542760079661
1.443077813294324
1.399603734701858
1.356110405622447
1.312582423207007
1.268995087884951
1.225307775502669
1.181453118669653
1.137320155271889
1.092729528178246
1.047405504227602
1.000946062819051
0.952853870549848
0.9025121898096216
0.8495473319698261
0.7934475734345595
0.7352555549481702
0.6813576947535425
0.6414855655517461
0.6163548382333601
0.6083107179543306
0.616568544549741
0.6426144313477438
0.6808105946852081
1.394616797463467
1.414924382714717
1.457232292447627
1.528269038535799
1.635874805745554
1.784776264783942
1.971603272356352
2.186847303500914
2.42835602708309
2.514709763659528
2.489702316204316
2.496998266917831
2.50120290070286
2.507773663428147
2.518489016067323
2.535767867230867
2.515395565572092
2.443113503361127
2.432441734014029
2.4154720640639
2.399133239333158
2.375457816724487
2.339597407225239
2.233896762298678
2.155425685344177
2.124995898096977
2.090951250077499
2.049263296599628
2.007083283063524
1.964683379188575
1.921835372049644
1.878625422793637
1.835236558838711
1.791778393810878
1.74829441168814
1.704798329460742
1.661294041607346
1.617782143956018
1.574261783500592
1.530731520064268
1.487189589235417
1.443634119239827
1.400063466224644
1.356476193486075
1.312871691690904
1.269251272791832
1.22562023477006
1.181991290433848
1.138389513288913
1.09485827087753
1.051463806592168
1.008297325171831
0.9654928120190136
0.9231957493617973
0.8816680867856157
0.8409731040710935
0.8016521090316204
0.7665325001115286
0.7399452357968813
0.722077600423547
0.7140647637094443
0.715468148605701
0.7321598285358496
0.7679658420091265
1.446970187144965
1.473084390092324
1.526749892826798
1.613765344403195
1.737730158074229
1.896495565056419
2.080824148345229
2.277869478665456
2.488433393470835
2.585034787260058
2.590303090783204
2.59895056807832
2.612827095671004
2.624980032840678
2.64105899815564
2.651842261273935
2.465562644752234
2.373411662229349
2.407254703435081
2.409682249222605
2.410656267830137
2.412422099736225
2.4161883640262
2.344173438707887
2.266787632208618
2.222336065858359
2.156424867400104
2.078428342254484
2.017033655000135
1.967811853554082
1.922526256898701
1.878025608566792
1.833848635560444
1.789984955044569
1.746351773616315
1.702848081005159
1.659410924408246
1.61601215653379
1.572640846478332
1.529292175099662
1.485962825894452
1.442649167530132
1.399345985640964
1.356044013523497
1.312725123147496
1.269352603485459
1.225852114122905
1.182075156732024
1.137729901095616
1.092254876127732
1.04461257672054
0.9930328488726501
0.9348817282281304
0.8670155630652125
0.7869933164992486
0.6949601179203161
0.5964250713235842
0.5038773648698748
0.4327875817353378
0.393820712874334
0.3914452472423811
0.4226705627912699
0.4907857467663129
0.5818555545346824
1.544613604088454
1.575615448792985
1.636969821902552
1.731552005261693
1.859815874521584
2.018399906629063
2.201627741194285
2.404233950078212
2.612653770963442
2.749594457266075
2.823892804800433
2.869669207486089
2.893981874238311
2.87079479158291
2.746173239351008
2.463495474433251
2.263681213315917
2.369102619285576
2.394463089580621
2.410314668594149
2.426659176523359
2.455916298093271
2.467261516912741
2.769025466239175
2.935907490633985
2.630462119975321
2.364136901410515
2.185120758704457
2.069668661129092
1.990946144953112
1.930070852257262
1.877230719064923
1.828315591130257
1.781643757012764
1.736375995409542
1.692016464808803
1.648271235843183
1.604973328656877
1.562024999742928
1.51935947224927
1.476919231807004
1.434642950255594
1.392453499146989
1.350240336928822
1.307828580390993
1.264923180843498
1.221009400752841
1.175179850122066
1.125845761348432
1.070288528130924
1.004054855918863
0.9203676496891129
0.8100796224632442
0.6631472686265754
0.4726898264078524
0.2416303043685735
-0.01094464158383782
-0.2498610422079128
-0.4339129191548957
-0.5299314278246066
-0.5225252569461958
-0.4204057279280402
-0.2632075824929874
-0.1283363714581622
1.671768295253358
1.704677873470284
1.768038650708954
1.862359002310263
1.986583430788993
2.137745989952728
2.311100968667606
2.497870669764798
2.678577060963315
2.82494141675501
2.925194204696085
2.975111720471437
2.963668425686695
2.861045868500383
2.639392687096158
2.356045838098014
2.294378227487065
2.376099200887655
2.391459406851748
2.408862456067933
2.425956112119494
2.455579541452044
2.455533120167507
2.682009990607333
2.924733067311276
2.780858282471264
2.529072345272023
2.309307592617065
2.148528837915683
2.034443224782123
1.949724764351239
1.881755497288281
1.823205453587645
1.770224310000004
1.720798137871151
1.673809373184912
1.628593269078751
1.584728526181761
1.541924356594135
1.499952435082787
1.458603238933994
1.417653457715201
1.376832773809047
1.335778455288891
1.293964241512834
1.250585320673514
1.204374349499432
1.15331798319406
1.094249404519393
1.022332762726957
0.9305686914891013
0.8096720420946172
0.6489726736848334
0.4391579991284219
0.1772588031840814
-0.1271918864965668
-0.4481687978171863
-0.745521840375749
-0.9748379641670709
-1.101079200327277
-1.111275327191765
-1.023877477339444
-0.8924689335638549
-0.7926010788257448
1.811076997754574
1.842824897920382
1.903026132894874
1.990909700184693
2.104633643382341
2.240865265138542
2.393778325737691
2.553281094449685
2.704947128910388
2.834243472948879
2.923296442496326
2.952704165119759
2.904203156159923
2.766815825427173
2.56219925079019
2.379858029937115
2.356458125280334
2.386926888928769
2.394640607916438
2.406767190187438
2.418509840417046
2.437290281804786
2.429035827540608
2.513488647852619
2.689951282842331
2.70068663974871
2.568862753792275
2.389036107594614
2.221531683852529
2.085184243206734
1.977954181353043
1.892063904556423
1.820428614947048
1.758168172519858
1.702270377351597
1.650918488440803
1.602978120060421
1.557688283465495
1.514486070634654
1.472902654321824
1.432493661880903
1.392781914640167
1.353196458350175
1.312993234117002
1.271141671603876
1.226159268168775
1.175875948150404
1.117119065661234
1.045341934256684
0.9542923079444556
0.8359448288771336
0.6810808898850089
0.4809905615188191
0.2305955982015654
-0.06736186122867445
-0.3985108194804024
-0.7357566212327687
-1.04283768828566
-1.282614195279528
-1.428137342960038
-1.473330342211056
-1.439182235475055
-1.370354412738387
-1.317676813327307
1.945600939318289
1.973923606533715
2.027227120257899
2.104161480335068
2.202313156137657
2.317728147534994
2.444162806597002
2.572742045119158
2.692755071097405
2.791773373019933
2.852769404626724
2.857437634711023
2.794823614989075
2.673007400844368
2.529167123357455
2.421527733456414
2.390017003923765
2.390704376049913
2.396396149925223
2.403514680585007
2.410686019201469
2.420736627243856
2.415486099789322
2.428466215546821
2.507587821206413
2.555913795680172
2.51416266531108
2.401660543412214
2.261667169513882
2.125370740750491
2.005954333232924
1.905145482161206
1.820051995295098
1.747000421603835
1.682957852785955
1.625742306779988
1.573829382069044
1.526114447336625
1.481730909939527
1.439924420470873
1.399959688147945
1.361037966297048
1.322207902575483
1.282255382741238
1.239559827850543
1.19190767667329
1.136263128430322
1.068519223267106
0.9832982040928405
0.8739425630878516
0.7329209893722063
0.552913458399531
0.3287448272540481
0.06001822717724674
-0.2462217515546456
-0.5739525815993235
-0.8989710195991978
-1.192640118722911
-1.428242780419648
-1.588589226206795
-1.672392922382413
-1.695977987960725
-1.687512790206736
-1.674836301820857
2.060089524894472
2.083671512395386
2.127855669118729
2.191066130887988
2.270599169529098
2.36233904799562
2.460513314472776
2.557755928862834
2.645218019965513
2.712071918084451
2.745733442839876
2.735725874555944
2.680906057786245
2.595540415472194
2.506678263372875
2.439081972127102
2.400171385410691
2.390872337390936
2.395900559946533
2.399584273158823
2.403787336799425
2.40865868486166
2.407692852665436
2.401903978050775
2.416349105670643
2.441165786737458
2.429883759422736
2.366023115604605
2.262768394589492
2.142882759013783
2.024142232217719
1.915676760579633
1.820146191047402
1.736904530874563
1.664180686442805
1.600126756717226
1.543155647619681
1.491957806949771
1.445415116917514
1.402498355016516
1.362168345926438
1.323276709199476
1.284456639584388
1.243995304690533
1.199683865752137
1.148650167698953
1.087196023576203
1.010688897513709
0.9135967995726492
0.7897958212497518
0.6332942988041455
0.4394608182281996
0.206675481038353
-0.06194220144320877
-0.3573313020623369
-0.6644826474513816
-0.964058306875803
-1.235605755217558
-1.461818031593942
-1.632743650344932
-1.74830515739011
-1.817476470677276
-1.853815668402046
-1.869503294940343
2.141635524084919
2.159994461396833
2.194255005376998
2.242837212281968
2.303107961589685
2.371304754117014
2.442533277653711
2.510828466060878
2.569173334080124
2.609788142359972
2.625675576149491
2.613623337328681
2.57741729986295
2.528029906602802
2.478231682498352
2.435081021584995
2.399487594555039
2.389221173017001
2.393452385392577
2.395193753555832
2.397674455210477
2.399878079408052
2.401402670105061
2.393445479661609
2.378130864924734
2.372498120752154
2.35699526180341
2.312978434209339
2.236564005630206
2.13689966266664
2.027357777993525
1.918885242948657
1.817884641104994
1.726936104805171
1.646308266405564
1.575190440246386
1.512404939957644
1.456716734840057
1.406913888268431
1.36177988956721
1.320019419286013
1.280161717893058
1.240448990430782
1.198713426318469
1.152250675724514
1.097709087349177
1.031032595915151
0.9475175024258726
0.8420607791466143
0.7096759171747287
0.5463128435152861
0.3499242533406997
0.1215792082295757
-0.1337108436625367
-0.4068298343743519
-0.685314782125328
-0.9550289089506641
-1.202445584830524
-1.416983350256449
-1.592658739331071
-1.728352673070609
-1.826457055635624
-1.89057518621603
-1.92359335995052
2.180029529431217
2.19338909856866
2.218211188191219
2.253079024562528
2.295718473183664
2.343043511764669
2.391246351898601
2.435930777174094
2.472399491618455
2.49640910141042
2.505525278659557
2.500449707406333
2.485175521099195
2.465020453179833
2.443354610662359
2.420204885200377
2.394821339357279
2.386608741535893
2.389751747147433
2.390510602617234
2.391980231130247
2.392825026611209
2.395324192547015
2.387633766006302
2.361551924641284
2.335999164794193
2.306756464024846
2.263683777725546
2.19957949294407
2.114991935782851
2.016601894226783
1.91295325809753
1.811185006208611
1.715827206237621
1.62903688798117
1.551354159632522
1.482405866544166
1.421361909352525
1.367157172037335
1.318555197856087
1.274122705810159
1.232159242027005
1.19060713331261
1.14695904151485
1.098182149546401
1.040686872009394
0.9703816672064796
0.8828672369195525
0.7738188374242246
0.6395710402802863
0.477854473266177
0.2885516436301708
0.07426599338599366
-0.1595197517575566
-0.4048473046558104
-0.6522413087907758
-0.8920222264561875
-1.115618526059434
-1.316468125201581
-1.49019463319477
-1.634029061745484
-1.745861419265279
-1.823580748339117
-1.865161105190852
2.167993467186332
2.1771746610745
2.194159073359561
2.217801467190342
2.246349379038632
2.27755667199738
2.308840845935838
2.33752823411682
2.361280874897768
2.378735301613686
2.390085141060997
2.397047850519526
2.401811775527287
2.405335848493158
2.406289514546322
2.401741084483028
2.388814831050978
2.383364194282209
2.385322643535392
2.385649251119911
2.386517339490969
2.386665656151133
2.389408704114317
2.382043710373986
2.352841469454198
2.316857155980241
2.275584345834688
2.226087693864605
2.163846731804695
2.086805842275684
1.997004884712124
1.899423281712332
1.799784435686164
1.702882855644985
1.611920533340566
1.528590217580504
1.453462744982264
1.386368413572078
1.326647256155075
1.273263699598703
1.224827521705329
1.179564980051815
1.135272259544984
1.089275827936114
1.03842453276824
0.9791419383158071
0.9075709397964034
0.8198438282269667
0.7124981212838277
0.5830137101201726
0.4303778621187443
0.2555313687427994
0.06154023911600198
-0.1466101356486873
-0.3625986868206081
-0.5796043722393434
-0.79115427122462
-0.9916959634114271
-1.176677122976017
-1.342123537616653
-1.483989901192291
-1.597752394696214
-1.678631645762145
-1.722466916501616
2.101345505237513
2.107652819503207
2.11929468819064
2.135436963894885
2.154894373166904
2.176287918403724
2.198242569040292
2.219656365424249
2.240030538119415
2.259725811935523
2.279873062568021
2.301717000638773
2.325523153181063
2.349658271708701
2.370518511517662
2.383264022644834
2.382443039225457
2.379658749144269
2.380500154288518
2.380687006709551
2.381197562721275
2.380999705327713
2.383710642191656
2.376811038600493
2.347234748844777
2.306174391856881
2.256840412147537
2.200156495200181
2.134923726135018
2.059689065434012
1.974593460657283
1.881889114276747
1.785210167163523
1.688437406729064
1.594849801088906
1.506771242425901
1.425580472015663
1.351866122111327
1.285575167351628
1.226099787416943
1.17231075975086
1.12256569601381
1.074716241314736
1.026132372405915
0.9737641781589228
0.9142644731549513
0.8441881092456551
0.7602714501406759
0.6597897467209592
0.5409698918790337
0.4033754348257954
0.2481383157431226
0.07794362540976178
-0.1032536013928763
-0.2907279683140392
-0.4795743103487894
-0.6651951708964853
-0.8434874682220072
-1.010641886853242
-1.162669795813573
-1.294962768084361
-1.402238333389701
-1.479064014682794
-1.520861653547999
1.979110663571765
1.984208420269734
1.993653043117397
2.006885739869724
2.023218181833779
2.042008436558663
2.062845315037404
2.085737220626133
2.111235205927093
2.140348126770372
2.174116727842607
2.212872205220962
2.255450965890291
2.298756910310631
2.337842861517835
2.366242098553587
2.376103556641649
2.375604791326503
2.375480937802227
2.375671309776636
2.375973062064837
2.375617731063146
2.378212968856671
2.371888940286276
2.342900690474119
2.299460814746875
2.245322482442258
2.183110587812085
2.113868534176032
2.037541399043985
1.954064977943373
1.864241296518342
1.76993299490923
1.673694969243675
1.578227103801883
1.485941514887707
1.398729633710776
1.3178751044306
1.244028448797461
1.177194217271994
1.116725350978028
1.061340635744084
1.009176305670293
0.957870465776273
0.9046803739998417
0.8466460598666468
0.7808093183306143
0.7044621781263892
0.6153856570164236
0.512084493344923
0.3940191918903556
0.2617511554040514
0.1169637848920467
-0.03765133500931872
-0.1986548092353432
-0.3622179174942625
-0.5244419790452848
-0.6814973592354509
-0.8295385031572944
-0.9644835626028323
-1.081843248441517
-1.176796295747972
-1.244623176313894
-1.281457114264697
1.80359558840019
1.809385623510417
1.820187434978982
1.835595140079684
1.855220226429113
1.878862940071688
1.906642144397485
1.939064911451273
1.976969427250314
2.021259311802476
2.072409197969677
2.129847854614271
2.191423233547224
2.253114376564469
2.308979702102361
2.35118222812376
2.369964504687242
2.371280078166496
2.370375386695426
2.370629559511439
2.370813755631194
2.370397918933419
2.372873455305319
2.367067037305488
2.33889600860826
2.294478572348662
2.237774741788615
2.172102673821092
2.099689537770209
2.021585973419807
1.938092271910518
1.849440515359173
1.756337854638687
1.660154351886836
1.562791118812806
1.466392519107637
1.373049475207996
1.284560934131523
1.202255783031112
1.126859151095448
1.058403870431158
0.996207809252672
0.9389325789088641
0.8847081004398097
0.8312849391773289
0.7761977088860598
0.7169611252127941
0.6512865769538559
0.5772132482959764
0.4931152490055978
0.3977679866541288
0.2905256577196446
0.1716146816970107
0.04239485443235801
-0.09461030163014851
-0.2359222838598133
-0.3774238905000818
-0.5146814747869645
-0.6432357452036446
-0.7588357544449661
-0.8575888095822809
-0.9360358681668355
-0.9912293183478921
-1.020922085112248
1.58045504480195
1.588968093267062
1.604874031780327
1.627695749261158
1.657014574579571
1.692641291596876
1.734696906369736
1.783593450675106
1.839879064934406
1.903920019282879
1.975450126035787
2.053085543553399
2.133915804798799
2.213220005581204
2.284280430511612
2.338252295539731
2.364089175763575
2.36673259590486
2.365242637058222
2.365576713152189
2.365701671082655
2.365271584363124
2.367660186419233
2.36219728213652
2.334703491834949
2.290071646451996
2.232324430031733
2.165030528819917
2.090911000402788
2.011574699626957
1.927608963959007
1.83904544384745
1.745965733227712
1.648950881129031
1.549225844614797
1.448540975523788
1.348927190098549
1.252439911393353
1.160934424893086
1.07586497738517
0.9981038536552203
0.9278157392667653
0.8644444164212318
0.8068287158605543
0.7533801639966727
0.7022224067544588
0.6512912991213538
0.5984989657878645
0.541887658863249
0.4794440845756348
0.4088142544080839
0.3276437513427388
0.2344188689339489
0.1292063009921454
0.01389396212094106
-0.1079340394722484
-0.2313453642211367
-0.3506530351589897
-0.4602416677847801
-0.5554381688251925
-0.6331241277948157
-0.6918427084395673
-0.7313750676993471
-0.7520401444364195
1.318786452904292
1.332092188174632
1.356861488988693
1.392208699066732
1.437226212012795
1.491210025715962
1.553753601872636
1.624706976040725
1.703983796266787
1.791222239649621
1.885362261076247
1.984233153218169
2.084214391391475
2.179970263084789
2.264230196638489
2.327610691176403
2.358502394724851
2.361983684818022
2.360112384475909
2.360520547463838
2.360628365771276
2.360206482411732
2.362557133109419
2.357222266729254
2.330087403908216
2.285669278647672
2.227975045192845
2.160594048667402
2.086290900311468
2.006701390264247
1.922380421929789
1.833239428155113
1.739141964078965
1.640361248768748
1.537754195079448
1.432700891605996
1.326950133294621
1.222478141400849
1.121375051001115
1.025703451745627
0.9372760952717416
0.8573772183658949
0.7865478116269623
0.7245708598999144
0.6706573376752198
0.6236260105834521
0.5818629268432354
0.5432302372851185
0.5053372762039913
0.4656336573147924
0.4203286662308351
0.3651415493476557
0.2969018735686746
0.2145287959339355
0.1193214126665919
0.01503883816629817
-0.09234852386280448
-0.1955202168095487
-0.2872399076611035
-0.361986832715041
-0.4172314584669804
-0.4538027690518066
-0.4750362645902054
-0.4848999389892582
1.031300251818154
1.051425328872634
1.088673907692312
1.14130134268251
1.207331965421008
1.284961764481573
1.372786614562146
1.469808811721553
1.575193469231466
1.687831695094281
1.80585506985908
1.926244558923204
2.044586646940359
2.154935757461265
2.249709878987055
2.319564702146588
2.353227269619197
2.357031435660912
2.354996120677892
2.355464298419426
2.355592880602882
2.355197116506622
2.357561695723657
2.352140693768527
2.325003360765655
2.281090045567062
2.224353095863799
2.158220562357201
2.085083701008999
2.006086101550585
1.921434902768894
1.831013266722685
1.734900042539536
1.633578953071642
1.527885194433572
1.418873428701064
1.307767505415675
1.196044220814037
1.08558758256311
0.978772725267254
0.8783321964323979
0.7869494324052864
0.7067072894440113
0.6386944443634128
0.5830432282261764
0.5392950867577225
0.506483435144912
0.482478730224861
0.463610098679243
0.4460297498597772
0.4244688559352121
0.3933895516814189
0.3488086601263327
0.288609653478438
0.2131626393141843
0.1260953629017364
0.03424024125033708
-0.05353772408273404
-0.1283074931635225
-0.1833596627264241
-0.2162391556655847
-0.229743100805787
-0.2310617261229407
-0.2287673359364395
0.7346246548067261
0.7634436938189449
0.8164592884396689
0.890528455582927
0.9819238791990116
1.087122705808655
1.203354997676902
1.328691658339112
1.461631821522833
1.60040818476045
1.742335015939076
1.883424692157303
2.01831085451116
2.140389031635957
2.242018241229281
2.314587054321174
2.34829473805874
2.351855394276588
2.349889039571837
2.350406787585826
2.350600322648085
2.350261917589333
2.352684561285072
2.347002416016188
2.319570685658091
2.27650006015495
2.221682059056759
2.158082068359367
2.087105990961131
2.008877194688126
1.923186330845783
1.830293437706423
1.731096459161315
1.626789677464478
1.518419288840835
1.406658627924445
1.291911966342391
1.17469103004103
1.056121270051708
0.938383428200012
0.8248599569649882
0.7197820318877393
0.627351254772707
0.5506650788718059
0.4911087168187641
0.4487397431779017
0.4232051131602111
0.413302725970645
0.4138272868038771
0.4152642446358166
0.4120764436329468
0.400497683882166
0.377401282026821
0.3392275961475063
0.2848005409375624
0.21720932144423
0.1435257497123602
0.07321871674423942
0.01603783792485744
-0.02041954810736576
-0.03324390383382193
-0.02608732723679693
-0.008977277288106518
0.0051807854425701
0.4498049806780893
0.4888449078396482
0.5602688076822473
0.6589724162008311
0.778746880348372
0.9137670335893965
1.059682528247113
1.213720225487822
1.373876332835313
1.537808792271007
1.701989951951157
1.8613566271885
2.009454984649005
2.138998514217219
2.242589275554683
2.313155642403376
2.343718856780001
2.346423809898746
2.344761381576618
2.345339549259124
2.345660769549023
2.34544646278156
2.347952226051239
2.34193135666082
2.314090228374992
2.2725166653839
2.220998214423917
2.161225551606383
2.092612381577355
2.013962227590119
1.925232375436742
1.828000976252497
1.724710565068758
1.617557145295486
1.507745153939865
1.395342512303576
1.279633866599992
1.159778300550625
1.035610313154366
0.9084407521061706
0.7816468876860314
0.6607194831495409
0.5524172993756764
0.4630032072348898
0.3962792253790902
0.3528487205436922
0.3317081283462492
0.3329084450568557
0.3544069170803331
0.3680427207914836
0.3721994527101016
0.372456017879882
0.3672130001992881
0.3506916480533764
0.3202446090874285
0.2782052301116545
0.2304876169313123
0.1848968266159172
0.1495982900060314
0.1313560459394271
0.133257790487239
0.1524138625754408
0.1791854260189531
0.2000253460159736
0.2030351758956187
0.2531324202296016
0.344364420234496
0.4691898070923585
0.618351423016229
0.7834133257626475
0.9584448918654146
1.139892783759282
1.3251963239407
1.51132157163384
1.693852520012595
1.8666781334498
2.022334908194948
2.153080739292025
2.252283313775315
2.315327263411316
2.339414567765223
2.34070465040053
2.339537490298478
2.340239927437803
2.340786585821607
2.340831029779948
2.343400942085248
2.337060963502308
2.30905530438562
2.270610619901922
2.224684038419495
2.169629764242395
2.1017251889652
2.019219371485075
1.923967933865339
1.820226026067412
1.712419812509479
1.603500177712255
1.494371162093429
1.384143734541596
1.270803197407692
1.152023378434118
1.026049747581228
0.8926703539118183
0.7542342046714849
0.6164344018579737
0.4882264022884997
0.3801303845762412
0.3008344710076764
0.2536576471469532
0.2358288245874186
0.2428341997707696
0.2797016194395429
0.2971175773180444
0.292988023428161
0.29537349520618
0.3000384156812145
0.3026594666971157
0.3011128393834239
0.296087025658039
0.2893960545338251
0.2833745349244793
0.2804639578647966
0.2826948131173215
0.2908611566594796
0.3037171508404082
0.3182660766219743
0.3282368165619917
0.02660333487599966
0.08740112055534735
0.1975655281044029
0.3468680804136463
0.5232266000814496
0.7161688849156095
0.918338342041477
1.124852339387661
1.331787135481567
1.534890252275808
1.728822575657507
1.906701336240837
2.060624493695158
2.18334520300512
2.270150488471304
2.319938461711425
2.335016917933499
2.334679088585479
2.33405986303012
2.335058950287483
2.335989121245232
2.336552364192141
2.339031808376425
2.332166779733056
2.305394938165335
2.274280589178932
2.237203155575395
2.185564522016809
2.112993135929619
2.020423086656372
1.914425597436408
1.802844957618959
1.691522302745854
1.583138008067999
1.477522058447778
1.372528590820859
1.264928667897061
1.151159346050077
1.028008199258269
0.8934292349018325
0.7476927969449833
0.5948900711639719
0.4442984606746844
0.3103018649178965
0.209159367423904
0.1524918180739855
0.141689119241633
0.1707953232008837
0.2397315924569204
0.2695584936047906
0.2610452450384344
0.2675755627370023
0.273303967208969
0.2802677288010912
0.2874402360445719
0.2948163902455914
0.3023530956472145
0.310095462429973
0.3180729699148563
0.3262494204855208
0.3344368270831966
0.3422228119504755
0.3493013302175361
0.3539551852397317
-0.04002570354606104
0.02930507520754773
0.1535546560295078
0.3200749275399821
0.5164677923185885
0.7326539629379422
0.9596175945631307
1.188826395230693
1.412817773567307
1.62517094567828
1.819569375049939
1.988837537974763
2.126146171952826
2.227242471175148
2.29176635531541
2.323423437351754
2.329570184119257
2.328355638579107
2.328043359714552
2.329708224574446
2.331292159466015
2.332903541894847
2.33473490590699
2.326334706266235
2.306438273169603
2.291566520533337
2.264924005619156
2.209049238979165
2.120993865458526
2.010532725095831
1.891044329979152
1.772828136906076
1.661070523658648
1.556620954060807
1.457548161933789
1.360454509804596
1.261309007479345
1.155906504645084
1.040162335938788
0.9104970686629432
0.7646456521795626
0.6032932975174488
0.43273515597171
0.2677880454746752
0.1322382992573711
0.05277606301672881
0.04607800232432278
0.1095290695875311
0.2303406037455027
0.276876559550975
0.2653568673095998
0.2745167589168946
0.2799392324613423
0.2855335407945999
0.2900230330845426
0.2937652449503074
0.2971932157347191
0.3009704483188759
0.3057648218084353
0.3121056494898656
0.320168369277289
0.3296189758570345
0.3394368718084981
0.3478749793683247
0.05102510144146981
0.1239775177988435
0.250583148312204
0.418012764741969
0.6207131724790305
0.8534788317639467
1.103748527034303
1.354159301673741
1.589877659268033
1.801190710132336
1.980074431606806
2.119600716520839
2.217438240140633
2.277407040778087
2.307713417126007
2.318547993528036
2.321139551609565
2.321778789747149
2.321027877556418
2.3240372167576
2.32677892273166
2.330614333288403
2.33043374776056
2.320708295879421
2.324907555381381
2.337435175014468
2.311846005972855
2.232566745055911
2.114366874995478
1.98089389826549
1.849924443244255
1.730006114346206
1.622749621026206
1.525976748473007
1.435931159699435
1.348423330902595
1.259266408372501
1.164343287116324
1.059521049471553
0.9405672753972342
0.8033042257520491
0.64450961416622
0.464470491774698
0.2721056824947748
0.09176551535698196
-0.03438183544422613
-0.05988534457777799
0.03382149296710572
0.2174807050997864
0.2749780362022399
0.2575146387693077
0.2702095644849571
0.2769398835611556
0.2837497772980316
0.2891754519621531
0.2937815896279251
0.2980159602303381
0.3025171748269205
0.3079328678477113
0.3148711048819779
0.3237360025188193
0.3346833989356074
0.3469408211798368
0.3600139428060529
0.3580347000129517
0.4238658399619138
0.5288237922390243
0.6697264924124514
0.8596093200070523
1.100675980436186
1.372792929097176
1.643509460655504
1.885436768847161
2.083401544346835
2.22409101389516
2.302591890064909
2.328373164188335
2.321240450446658
2.303426735315609
2.293884900593744
2.306585927329423
2.315037903109412
2.312368638424844
2.31780785202485
2.32269822929333
2.331320165302782
2.327464816011489
2.331449108072335
2.394370963948856
2.427482968007909
2.36734729370595
2.235699277546705
2.077916434095972
1.925670452270825
1.792021012932783
1.678325535036428
1.58087654682635
1.494652606912627
1.414863844081594
1.337325952030475
1.258355396811053
1.174522164171201
1.08236151045938
0.9780362391026222
0.8569540969721726
0.7135548807690563
0.5420870819660706
0.3403958190673068
0.1198614397326594
-0.07829465442490874
-0.1747334697825475
-0.08710420341305783
0.1831938561116291
0.2720541450708352
0.2487639690488175
0.2674668966412007
0.2762848793408915
0.2841248638580213
0.2896332741810366
0.2938103042395583
0.2973460491955939
0.3010793210411177
0.3058673419056109
0.3126365311919186
0.3222613612012947
0.3357645026778823
0.3531198847748477
0.3750779753678818
0.9542990623515162
0.9838598729645077
1.022715348717024
1.105393614481389
1.26554079679267
1.502326109852159
1.787351904275862
2.075259567185299
2.320849381504385
2.491417856915637
2.56068785289393
2.534812667449828
2.447635517658227
2.343034262781681
2.261905202671019
2.235334630657392
2.281918285309723
2.308220036372955
2.301182160539561
2.31035376523618
2.318851606584469
2.336363819891186
2.330980961152935
2.408295555765364
2.55970305604311
2.546415507813293
2.390392831008619
2.189031047505956
2.002158885577132
1.848076364836486
1.72505112724471
1.625377745323061
1.541259102311517
1.466521652383693
1.396626283808893
1.328180083010579
1.258449718258788
1.184995983583394
1.105386021056937
1.016877348613799
0.9159247984925055
0.7973529577289704
0.653228920297017
0.4723991739660277
0.24468584571
-0.02016973524645067
-0.2490439801424891
-0.2704413300167744
0.08525629341584073
0.2613389924508827
0.2370145877599873
0.265086731774113
0.2771906638985576
0.2860577101105181
0.2912435816174164
0.2944218171612087
0.29662112966343
0.2989008331700403
0.3023382657265498
0.3082333301479148
0.318072805719215
0.3342850821427814
0.3580205477427728
0.3938621912811461
1.936720141990095
1.842952741145641
1.751341884342157
1.766765029803152
1.893860879929932
2.09935464434215
2.363385470198504
2.655873131480706
2.915746365992249
3.036392144100677
2.98425278559975
2.802368529939339
2.560656127369185
2.329283142381104
2.169840191601722
2.130823236470212
2.243561406224505
2.301365578516015
2.286461207911795
2.30022549653706
2.313357821514783
2.343239180854701
2.351631461783949
2.592108637566053
2.780326042221672
2.593765110708565
2.31627490993079
2.076790853741078
1.896136931446243
1.762929970781417
1.661702564311567
1.579995480927848
1.509440334885769
1.444873252133564
1.383086198955246
1.321911166187767
1.259691784444718
1.194989805398172
1.126404218969098
1.052417941282817
0.9711341723012716
0.8796146015298684
0.7723512401805136
0.6383051897534013
0.4565014835008569
0.1959211411910517
-0.1495587556126704
-0.4228343762239796
-0.1121509217899297
0.2317333512688473
0.2271772542732989
0.2665836685861042
0.282315981054218
0.2911719269121872
0.2948447642447825
0.2958523577609418
0.2955530412864052
0.295117192138019
0.2956931282005125
0.2988231544014465
0.3066407587414673
0.3240761249096974
0.3562080598176258
0.4344501536643969
3.42225486163249
2.988741030176623
2.734845711645916
2.730063108227127
2.827360069220281
2.949446358544654
3.116464725242378
3.379077207870036
3.683056659753281
3.696689674635033
3.460997340872797
3.080676956764818
2.655008756993193
2.275272606257559
2.025240380088074
1.977826476414716
2.190426103379387
2.294314400612866
2.267114979181821
2.283797838086193
2.296767754876018
2.327510486727263
2.352264973227982
2.678523063427021
2.742711663593868
2.393646463519883
2.117862676983811
1.92473243347144
1.78891053578607
1.691001640011451
1.614735928522864
1.549380606724043
1.489342499359825
1.4318934216533
1.375529905808153
1.3192671894813
1.262372454534112
1.204227092146256
1.14424339619755
1.081845825024121
1.016489873511732
0.9474915046462994
0.8731286240847448
0.7885430406220028
0.682306258099425
0.5276118346688077
0.2589031191107669
-0.183456748434711
-0.2106414648291436
0.2139326968204271
0.2436260463739189
0.2821142647781425
0.2960663369685551
0.3013673628645442
0.3013003831815678
0.2986085901173196
0.2946481482810946
0.2904637373380911
0.2871207597668811
0.2863522592942186
0.2911406208428109
0.3096978448795481
0.3494196371345835
0.5306209928937269
5.432102341144161
4.390307637058057
4.093144526344983
4.108723794756671
4.13457386548616
4.119619597755979
4.092318551672869
4.283437036685575
4.562046178026653
4.373494449845479
3.929632306822535
3.344189531693583
2.726012207775048
2.188431803724278
1.842229050107113
1.790331320272816
2.126894072695322
2.286973534841223
2.242882356528725
2.256869573791861
2.255452105333973
2.254133565894074
2.258397016425367
2.150614464765563
1.969684402272886
1.925119337111506
1.87618445872575
1.790866924530824
1.7136732484888
1.650102130777915
1.592869796065601
1.537581053738435
1.482986039701692
1.428787179894312
1.374797208237274
1.320849644653925
1.266822975086562
1.212629505709595
1.158194674994277
1.103473016907501
1.048546496967416
0.9937339094659586
0.9392260380237099
0.8836245223710989
0.8242238414054396
0.7693199786503259
0.7568910815488977
0.7325015721001613
0.4396495841243096
0.304371666026859
0.3285777576667565
0.3293861932746757
0.3248669233967047
0.3187919406427845
0.311162071428577
0.3025964881446613
0.2932812777030936
0.2831894660096035
0.2719180522866437
0.2584631207439267
0.240026957602743
0.2121070562061448
0.1485708769429535
0.04976529678930503
5.123195871096868
4.7877524707815
4.672810209663502
4.617768385976584
4.578703465990516
4.562149723536946
4.480831575736152
4.732534856538749
5.118448022466574
4.903608853440447
4.33359332116861
3.574622501185669
2.775690591302862
2.086174619253883
1.649519391325848
1.598935254249807
2.065133121419914
2.283041904271225
2.222236897248743
2.234314215171964
2.220678081659884
2.193405662586211
2.146429096941951
2.004073665714399
1.882531935952641
1.840775097888956
1.801190251887363
1.749626695623694
1.696681675550152
1.64363429138008
1.590338614019464
1.536768353825914
1.483065174029119
1.429340657156561
1.375652708589673
1.322033420957408
1.268511599301779
1.215123409581244
1.161920033633447
1.108979278643664
1.056431637585044
1.004502709836372
0.9535378447537376
0.90390468646968
0.8561577787578829
0.8123661083786925
0.7836330512431545
0.753151531037675
0.6522198172506725
0.4668239041093793
0.4154223369612561
0.3792195255846603
0.355630774447755
0.3375370828900118
0.3219283331766041
0.3074251568994364
0.2931653542722848
0.2784720858720171
0.2625776251113396
0.2444837749247191
0.2222257807229783
0.1941469105008349
0.1503175619583351
0.09401932609835838
4.700577624016223
4.564889526388738
4.490860812441722
4.447056208281475
4.423825542517498
4.435618070769988
4.363366420449317
4.72268667746335
5.334545746692366
5.221261083525616
4.620514020203048
3.74849369490161
2.807867852242532
1.992982300772901
1.48378897728499
1.441083398747411
2.01952101004529
2.285017058560657
2.211620764770668
2.225177121067757
2.208159047079555
2.177197389011984
2.129845709291236
2.041698118715266
1.951167108750724
1.886291533231384
1.825686488250154
1.764447232117293
1.705384073315157
1.648335157316767
1.592708592497805
1.537896284002281
1.483543814907536
1.429454595437827
1.375516134210586
1.321659962858821
1.267844783491126
1.214047131707874
1.160257429360786
1.106480115410571
1.052736282416369
0.9990561374613559
0.945438777074874
0.8917591870073113
0.8378672704504644
0.7835585370216325
0.7305340744076307
0.6712626856782939
0.5877228665491537
0.492156889562949
0.4446177843640881
0.4052777869705295
0.375734292382762
0.351495621986867
0.3305469237635276
0.3114274043573079
0.2930070216445581
0.2742713795874555
0.2541402327308763
0.2313932494185046
0.2041347303576501
0.1711099582165741
0.1263361960229275
0.09322635430193633
4.602508041305795
4.531524388368616
4.486987216547345
4.454676003559472
4.434882323198766
4.448694363818664
4.361725209127022
4.672055920677234
5.368207922124144
5.339477811053228
4.754642056736644
3.841284042177782
2.831619814052497
1.942877089613769
1.383524828152441
1.347141527599107
2.001287484539979
2.292957769362864
2.212472949461213
2.22776563690592
2.208333715342774
2.172643637612026
2.118119690224531
2.031372396848545
1.943393465305677
1.875494866955755
1.815603078800988
1.757622543286652
1.701351128077436
1.64609772460768
1.591509340198338
1.53728199867103
1.483257154470823
1.429349658335337
1.375513324908929
1.321721366151372
1.267958675101022
1.214216433788374
1.160490067483723
1.10677806419699
1.053079993193192
0.9993897546195041
0.9456770652235424
0.8918339962917836
0.8377179259029722
0.7829908512033912
0.7277597602336916
0.6683410224951106
0.5976287001698551
0.5226374112374332
0.4702702500747085
0.4262791190374173
0.3913268851771092
0.3622344619154828
0.3371894227649295
0.3146228405106241
0.2932189649408541
0.2717661529820596
0.249067453692245
0.2239368052833892
0.1948306624206342
0.161125233410826
0.1178894638085049
0.09303897262748564
4.521333964000475
4.470530763241956
4.435894542858646
4.411661680288876
4.398480821681868
4.418870975251039
4.338176020536679
4.632669664579427
5.327153515215626
5.292374297145995
4.713235214524017
3.836224867784305
2.869819416946988
1.988438979416562
1.392774622033341
1.328001240624656
2.007969179396254
2.306218625029632
2.226661656854418
2.245250107747613
2.22652839562184
2.188555211249377
2.129778431876272
2.030435153411647
1.933015863976054
1.863902798864601
1.807226807708557
1.75218123032893
1.69793011628604
1.643909367165893
1.590085189420336
1.536344064428484
1.482628482806185
1.428917106157853
1.375202598872902
1.321482176545567
1.267753118089716
1.214010948053397
1.160246714034205
1.106443897677515
1.052573996527943
0.9985870235783245
0.9443970462603568
0.8898537229572379
0.8347670379891408
0.7788160096264475
0.7218773608958271
0.662637937812236
0.5990871205750582
0.5352294373328157
0.4834648384399653
0.4386997358480629
0.4013637062498762
0.3695797683289458
0.3419408239533024
0.3170178487097469
0.2934886445099342
0.2700907158157683
0.2456060982830229
0.2189137453247378
0.1887725090541778
0.1550189928753951
0.1136479689633827
0.09133634794767402
4.466116556529702
4.414536609147978
4.381983088308399
4.362323142905621
4.355411949869975
4.382424182430064
4.319486705989712
4.633672942108857
5.231276880725098
5.054986478524118
4.468515716611011
3.731058536390908
2.953593027148253
2.196634046737003
1.581125389458483
1.385311347541235
1.995473610817459
2.318751416570317
2.254419235847329
2.279700732325983
2.266303200443945
2.230046286881409
2.17199477990329
2.039992686058427
1.916460405034915
1.847220153078538
1.799312993936594
1.749447712590709
1.697819758585598
1.644893420904918
1.591458048439076
1.5377711941614
1.483943146235975
1.43004173840238
1.376111327686578
1.322177506002506
1.268251043812329
1.214330407555862
1.160399304950342
1.106421522664827
1.052332961990304
0.9980286181487608
0.9433476340921098
0.8880571784118018
0.8318784055027098
0.7744900448622292
0.7157770951305226
0.6555043165640956
0.5937747240684899
0.5335185901326094
0.4812975340570056
0.4359544679033008
0.3979403452938622
0.3660540141468068
0.3389734740829043
0.3151724677331063
0.2931292430873721
0.2713532536059436
0.2484106362176242
0.223052554613612
0.1941516371762832
0.1616927299043142
0.1224419121569937
0.09374181912002649
4.433760418180615
4.345758932291695
4.308895023959056
4.293711691216563
4.295240390066347
4.331860937434874
4.317412154345107
4.726762337402999
4.978720234645222
4.540586388770512
4.030409545410725
3.557201428079166
3.087384952578788
2.589536235344084
2.049098291978533
1.606154728624344
1.892830442018938
2.311907152746322
2.29503373712309
2.330122979731256
2.323507439811334
2.286129600181854
2.217242462019619
1.96025632138021
1.810077836149619
1.775269669307917
1.759889659382373
1.721274134712675
1.675413678228904
1.627029173338264
1.577367859198872
1.526697660295991
1.475275775901461
1.423324887319074
1.370998595803803
1.318389962052474
1.265553301106303
1.212520929682753
1.159312964274512
1.105942878904933
1.052421503006638
0.9987589153016271
0.9449654148587442
0.8910495243563219
0.837026707299215
0.782919725290815
0.7288491885898893
0.6748139363492882
0.6208540430810747
0.5682234882996238
0.5198504222843301
0.4750628311623908
0.4340258218840289
0.3961856875384716
0.360936211810641
0.3275429549620398
0.2952553743363587
0.2633094365477789
0.2309267440567283
0.1974072360483979
0.1622921446594427
0.1270650307550065
0.09267415488286042
0.06438003421402343
4.541513849260962
4.312641407678869
4.242025692731657
4.217713557427959
4.218331287180626
4.252130730613488
4.303019135945549
4.721293444067771
4.265695143558433
3.766830150349826
3.556828988282543
3.396238578602795
3.214890473685359
3.031599934496294
2.788886317250099
2.283023896113805
1.887097956195564
2.318614270697508
2.371447666162947
2.414074102430197
2.42715241788651
2.430732810723748
2.459718270498805
2.260530622554793
1.683757649620504
1.692650558002968
1.781508141138576
1.772383292381144
1.720168794982158
1.661836767311256
1.604931793107157
1.548806351049847
1.492855910849481
1.4370608222081
1.381505225960348
1.326225662514581
1.27122623346876
1.216495050452678
1.161996478495451
1.107649195917602
1.053291721443964
0.9986256655742869
0.9431265014837111
0.8859304427428383
0.8257772669432638
0.7611909526661016
0.6910880777600928
0.6156355055952645
0.5375522573640554
0.4631540826859847
0.4001104369868835
0.3518675771202723
0.3190174786663298
0.2996251943376929
0.2904501892454356
0.2879360566209282
0.2887292047959154
0.2896671371220308
0.2873733567674433
0.278323172939837
0.2618410436332195
0.2474072737408466
0.2419138592677966
0.16369454756792
3.712278406288694
3.956285968686726
4.037406240286082
4.070167639529466
4.080440797655428
4.079136897735415
4.111599409178234
3.891957539936339
3.259167485759733
3.260306688815336
3.348108096015414
3.327384872863296
3.262695289842681
3.232396932035395
3.300426273706791
3.288390698235993
2.694453862010277
2.496260024038706
2.532697662724789
2.5382916500679
2.551072036139209
2.592266614407327
2.636154495376688
3.070283961394338
2.719205584549493
2.284308920634168
2.131128333896187
2.046828082907767
1.953494037010179
1.85519123803796
1.76149455789542
1.674305287277772
1.592480060460008
1.514797546552966
1.440515506406965
1.36923846012457
1.300735108644869
1.234786760368431
1.17105822169423
1.108978376819508
1.04760521587246
0.9854443715731467
0.9202138081268033
0.8486233902826292
0.7663940891377501
0.6689529503678506
0.553329595246341
0.4213690390374993
0.282954662739327
0.1557400021220635
0.05883290770821671
0.004633340431294491
-0.003964638484463943
0.0281831491985402
0.09184380110847593
0.1763201073325493
0.271057298872863
0.3660472220351392
0.4517597269640453
0.5199955977339324
0.5667528229310123
0.5935741803336012
0.5977114101054434
0.5695028939148226
3.831581544400631
3.929634112651795
3.970744318678745
3.98286387228439
3.970237832561051
3.924737435829875
3.850071167646341
3.575419629547096
3.414740095093776
3.374727018951057
3.356568422646643
3.315174883753677
3.268408052445458
3.225855979195881
3.204281150491158
3.161258451602716
3.005232168347562
2.747933332171966
2.68178266794844
2.645009086437108
2.637109177557494
2.671755897593981
2.644655371152224
3.079094431710463
3.452963061238806
3.158030307018616
2.819244318907886
2.562904134188576
2.360204543231593
2.185673531103993
2.030808677671522
1.891964134510871
1.765886912837082
1.649883076255241
1.542232473632125
1.4420101432271
1.348656001035664
1.261576513265774
1.179861303038091
1.102093244644716
1.026198587913724
0.9492991267656861
0.867590277037647
0.7763814956996646
0.6705820323087427
0.5460107140530877
0.4017491426631822
0.2430662770537303
0.08320537672649563
-0.05828696744475589
-0.1611357128524497
-0.2107953468655914
-0.2021220065543347
-0.1389931325153292
-0.03160240940849452
0.1065821977674309
0.2610554677040708
0.4175706788298569
0.5630537750492161
0.6868024012913349
0.7817669745592444
0.8446952003628786
0.8765070048329828
0.8871131490160108
3.816863423214716
3.874820201213498
3.906615614379811
3.915619079341269
3.901665073254404
3.859883409900407
3.796437806342006
3.654466534512203
3.519878541567212
3.440515166856142
3.383219924108567
3.323590480307306
3.262644893436915
3.201827674006602
3.142639261752074
3.063291147090579
2.934274201184285
2.801363045937072
2.743083140324896
2.705557799279731
2.689351649608415
2.714225958804954
2.637082234306758
2.986613278622035
3.7320304788981
3.776609485280654
3.500758076884202
3.164864436109148
2.861108379749055
2.600158522451987
2.37315500910718
2.171511274430003
1.989495786806037
1.823628846511621
1.671991586327148
1.5335378947015
1.407425672272023
1.292497220781683
1.186966745113676
1.088278986331467
0.9930715894677002
0.8972075045553778
0.7959235454441104
0.6842394221518686
0.5578351165272206
0.4145392303215515
0.256266686118248
0.09069924617331078
-0.06845624925710958
-0.2035033189005118
-0.2967334114675338
-0.3348095221342755
-0.3118338442302286
-0.2300149124661887
-0.09830571109002005
0.06988178109152474
0.2589423210260492
0.452940069144333
0.637124385968307
0.7991969360975615
0.9302852678439082
1.025905389610835
1.087243748498764
1.119367275086991
3.796966164479292
3.842757357210832
3.867835845623236
3.871732087464922
3.854011266732498
3.811354018318666
3.747520367199348
3.643994741361128
3.540623993290352
3.461497252248139
3.393802794690069
3.327198469762554
3.260858034305127
3.194068716262766
3.126261167662167
3.048250286816866
2.948804834742597
2.850406880794192
2.789069162335768
2.747608013522928
2.723879572459809
2.740990490097848
2.645373507632701
2.974240721184763
3.830988997241188
4.101642839936302
3.985845779400969
3.693802751714096
3.360218742509856
3.040837407994486
2.748589506954326
2.482276165267616
2.238901337216462
2.016685676436426
1.814879617465684
1.632946187115021
1.469865326532415
1.323726350933456
1.191597263029293
1.069595474404279
0.9530847134547518
0.836971729017908
0.716145987524635
0.5861554532001861
0.4441905251782614
0.2903100146142245
0.1285958283384756
-0.03230465080866918
-0.1797627333986266
-0.2989945268524976
-0.375723316873398
-0.39898782078241
-0.3633489536114677
-0.2698778109969064
-0.1257747978063292
0.05702221823952432
0.2636966002958064
0.4784467105201449
0.6861707769341243
0.8738333549460016
1.031539678695159
1.153341569157504
1.237071434329931
1.281976635192707
3.790825182449271
3.828035627215146
3.848150176529998
3.849193179597572
3.83049100670998
3.789989721303866
3.730296610261779
3.646300944685678
3.557958544278178
3.478135235962142
3.403746782403439
3.331032908065281
3.259025532487281
3.186599004905447
3.112910425140583
3.034589178298976
2.94887877621184
2.86750781739278
2.808094959410218
2.766238486764849
2.738970206813439
2.750828715972314
2.651413327286205
2.973421569324786
3.83101741711477
4.214880322428495
4.253011996668403
4.072417247097757
3.781139027062803
3.449657106723074
3.114311679855369
2.791308841062313
2.48808915111292
2.208768953478771
1.955708498901043
1.729602017424757
1.529354117939331
1.352147823309731
1.193729904117595
1.048836747371657
0.911697215013567
0.7765968622672558
0.6385276742358044
0.493947914820463
0.3416164381122933
0.1833513324744317
0.02445234479499371
-0.1264794145855809
-0.2584321087585453
-0.3594522052482762
-0.4184135763116453
-0.4267952573523365
-0.3801745643341353
-0.2791326278796292
-0.1293511740985804
0.0590992893649364
0.2730616604637862
0.4978676095831371
0.7188924826956156
0.9228912076206878
1.098991713779458
1.23914308693426
1.337741728464509
1.390824851672007
3.799673284250727
3.829391656795019
3.845719971821519
3.845133415294851
3.825883240403067
3.786315768842038
3.728440531226866
3.652520716408141
3.570040719405005
3.489218448918202
3.410811144083251
3.333882104659047
3.257738767701093
3.181366823461358
3.104063203151305
3.024857987328452
2.944232085801898
2.869402417757566
2.810213313495377
2.767264733744243
2.737674182493597
2.744544525611802
2.649806773882047
2.944249053330076
3.739154286275956
4.187629510659027
4.356321393756796
4.302367419224152
4.090221521978679
3.78256777707155
3.429136932051919
3.064218006540666
2.709761426767474
2.379114866367971
2.07951006997228
1.813519062571483
1.580082068614814
1.375431213414424
1.193985194166578
1.029204451480548
0.8743999740774211
0.7235072079892096
0.5718340538801707
0.4167585812831248
0.2582955149321396
0.09939906263904749
-0.05413226270934565
-0.194205660867024
-0.3113678325223102
-0.395958807222009
-0.4393217753657301
-0.4349540748099355
-0.3795004997523761
-0.27345564929288
-0.1214156452756465
0.06821906177866786
0.2840506735990054
0.5128309566293298
0.7407192464006953
0.9544348867695478
1.142122509628445
1.293812096819175
1.401577287759407
1.459795851730557
3.820490022206793
3.844451146368941
3.859957248461676
3.860301415371669
3.841505588525959
3.801646590566213
3.742452017660788
3.666675426692248
3.583136745580598
3.498959531572515
3.416563031815662
3.336010215365159
3.256482773580611
3.176703901661544
3.095762601853866
3.013465374644452
2.93164775389927
2.856366442550395
2.794964471025402
2.750008457600202
2.719094870066638
2.720019350363205
2.632929110251516
2.875274489074713
3.588531780228106
4.092273540544115
4.368798159264558
4.42278151601098
4.287772184157001
4.015381318440009
3.660299445588933
3.26953343609927
2.877938868887303
2.50817791505433
2.172673016298313
1.876038979124733
1.617343060948655
1.392004003519669
1.193333096764319
1.013789493401791
0.8460320031169092
0.6838233880324173
0.5227951307341978
0.3610277013048344
0.1993651272955639
0.04138563833468495
-0.1069972621686473
-0.2382447347177656
-0.3440856489105987
-0.4164532896552559
-0.4483709220122584
-0.4347463632644324
-0.3730546210360994
-0.2638593406791592
-0.1110808482632915
0.07808429869338589
0.293624497254067
0.5234891240320337
0.7545347011539415
0.9734720364468141
1.167685245510841
1.325904213701002
1.438852436694111
1.499985482118332
3.843772631595288
3.867645013539805
3.887912342806573
3.892838937947344
3.875845189225117
3.834480036260759
3.770613476886697
3.688791349767718
3.598649769932921
3.508381499593468
3.421326015929747
3.337466364160546
3.255215020441589
3.17240149647309
3.087317996982344
2.999589556076563
2.911769127771301
2.830741043551492
2.764445806723298
2.716524590538477
2.684869612430217
2.682437064937553
2.59545281899354
2.782511828645196
3.457727004801972
4.010733864618789
4.356080567719542
4.474379659903208
4.386762411557156
4.138963030507217
3.786898596331299
3.383851488084623
2.972186212178401
2.580494539237446
2.224664940580096
1.910713380916403
1.637828254667712
1.400940997397646
1.192705345605449
1.00500597958046
0.8301485699997331
0.6618248532939989
0.4958665117386775
0.3307387563635432
0.16770363642737
0.01061501395295061
-0.1346213225160809
-0.2608155230244536
-0.3603490889907399
-0.4259992041093343
-0.4516692308515279
-0.4330143641448883
-0.3679701050215116
-0.2571703975809894
-0.1042017084796353
0.08438407200385598
0.2993505712523767
0.5293358067585803
0.7616004392445759
0.9828501696351275
1.180061383471893
1.341318522935451
1.45668558669464
1.519036077455435
)
;

boundaryField
{
    inletLower
    {
        type            zeroGradient;
    }
    inletUpper
    {
        type            zeroGradient;
    }
    outletLower
    {
        type            fixedValue;
        value           uniform 0;
    }
    outletUpper
    {
        type            fixedValue;
        value           uniform 0;
    }
    sideWalls
    {
        type            zeroGradient;
    }
    topBottomWalls
    {
        type            zeroGradient;
    }
    frontAndBack
    {
        type            symmetry;
    }
}


// ************************************************************************* //
