/*--------------------------------*- C++ -*----------------------------------*\
| =========                 |                                                 |
| \\      /  F ield         | OpenFOAM: The Open Source CFD Toolbox           |
|  \\    /   O peration     | Version:  2506                                  |
|   \\  /    A nd           | Website:  www.openfoam.com                      |
|    \\/     M anipulation  |                                                 |
\*---------------------------------------------------------------------------*/
FoamFile
{
    version     2.0;
    format      ascii;
    arch        "LSB;label=32;scalar=64";
    class       volScalarField;
    location    "5000";
    object      p;
}
// * * * * * * * * * * * * * * * * * * * * * * * * * * * * * * * * * * * * * //

dimensions      [0 2 -2 0 0 0 0];

internalField   nonuniform List<scalar> 
4096
(
1.97298738510063
2.018298781597809
2.100769613534493
2.211667623749761
2.337902480255285
2.46380811779267
2.573501108509977
2.652683043358208
2.689725440913908
2.676418097589599
2.608544345762449
2.486145367626826
2.313328828861973
2.097645404844011
1.849196317521132
1.579672958148162
1.301485177314693
1.027048557629964
0.7682131275728526
0.5357615253095084
0.3389060102339187
0.184773033095879
0.07795493979042648
0.02027971530223515
0.01095068695943636
0.04712532434878166
0.1248694541226043
0.2402923354858892
0.3905743812500885
0.5745639456144608
0.7926821581711316
1.046072312941608
1.335196029665448
1.65825096668852
2.009821400903462
2.380178100387391
2.755603260564206
3.119802688193769
3.455871207625814
3.748011126553318
3.98264126673895
4.149069417964453
4.239825580335689
4.25061175845365
4.180086767329361
4.029925222758824
3.805267606240275
3.515161881030021
3.172510497948411
2.79334621702435
2.39555465219452
1.997269203773878
1.615184677309035
1.263061340059952
0.9506912326149402
0.6835097286308747
0.4628645195066796
0.2867815300652928
0.1509768652498249
0.04988416956303525
-0.02243915030322522
-0.07156603295561886
-0.102108369529287
-0.1172840332221096
1.988392952885994
2.038038255484145
2.126980576930964
2.244058167177426
2.374243618051226
2.501517880836947
2.610791518523058
2.688753865339703
2.724513201956979
2.71034302724845
2.642279593043654
2.520335670168968
2.348320092507068
2.133357180575094
1.885199229532491
1.615420483598216
1.336589545139433
1.061499496652541
0.8024797638624996
0.5707596238781165
0.3758466384393531
0.2249370859508481
0.1224560703003328
0.06987106901181114
0.06589470818850282
0.1071010275197241
0.1888672979499008
0.3064658626503483
0.4560894248153208
0.6355796386605639
0.8446204776522588
1.084218229604603
1.355511394576031
1.658211135117998
1.989051687847831
2.34061081572484
2.701086199301243
3.055353196182664
3.38693327260254
3.679923527490721
3.920076255316653
4.095202186521687
4.1955399640039
4.214092487705816
4.147236925449971
3.995706187429495
3.76539106645272
3.46734302418637
3.116906639839274
2.732290448130811
2.332862338783771
1.937347246266909
1.562123850424954
1.21989036847813
0.9189474076532249
0.66319202753035
0.4527180698953827
0.284779977361739
0.1548487264242011
0.05755391310766812
-0.0125804597633921
-0.06058991143344377
-0.09064276525450804
-0.1056906855932411
2.021899012500702
2.079975834775166
2.180961015018569
2.308233626386731
2.443848144976332
2.572138347431427
2.679673024976452
2.754679790717673
2.787523789352214
2.771525237167538
2.703334282568842
2.582890900279288
2.413290829027916
2.200667703007458
1.953968817932907
1.684479858805474
1.40508260588785
1.129346605611734
0.870569080988962
0.6408308412234509
0.4501213878631979
0.3056264152484603
0.2113094518413406
0.1678843258541703
0.1731831630433436
0.2228425058528727
0.3111885288419902
0.4321947401540778
0.5804147555382757
0.7518398437627412
0.9445787287733252
1.15904886494639
1.397314046108899
1.661595734448182
1.952383922729768
2.266592202910991
2.596546449299939
2.930072701490922
3.251838347001053
3.545594169294485
3.795746430912779
3.987307412197205
4.105969530531963
4.139213451309021
4.078973831623938
3.924547971565469
3.683681062454833
3.371380095712548
3.007513493511637
2.614211250818117
2.213427493343562
1.824759252819641
1.463733867963419
1.140861994263866
0.8615955252878823
0.6270499018253111
0.435159832460952
0.2819194355127148
0.1624551981102029
0.07180293146692909
0.00536667051801695
-0.04086584714080398
-0.07019422690276918
-0.0850039338866974
2.083639595717266
2.154537331034843
2.271011051597219
2.408126936457109
2.546687461268038
2.673232465939812
2.77614529977645
2.845094659836517
2.872340060729706
2.853179173701287
2.785385060546024
2.66867061200236
2.504767281515221
2.297984746957105
2.055768857908019
1.788797286643232
1.510402902686553
1.23541479217975
0.9786738655818319
0.7534962014435448
0.5703554940650191
0.4360515105492684
0.3535243415990298
0.3222404382308665
0.3388945094294843
0.3981722711752242
0.4934556429504647
0.6174764124890529
0.7629736702063062
0.9234875778089757
1.09450097282923
1.27476993087473
1.466803169395714
1.67561751015872
1.906164501155479
2.161364704433867
2.44075865333489
2.73859504721588
3.042563640870185
3.335516308682382
3.599117129992128
3.814325529347967
3.959531085471796
4.01337177805594
3.961614724849054
3.802593165017066
3.547502952468097
3.21709217180118
2.837426336113482
2.435906301845664
2.037743316137432
1.663158545670248
1.325787374469037
1.03255702373102
0.7847974012921175
0.5799780138838531
0.4134599978482462
0.2798974124940686
0.1741854649024429
0.0919935517957897
0.02994260632918319
-0.01451014207085217
-0.04333459465585935
-0.05805808070901944
2.194170263059048
2.279568876754444
2.406924704132484
2.545592468578388
2.680717338929377
2.800933705893287
2.894305423546047
2.951918025790379
2.969466488031065
2.945501142147164
2.879257973101636
2.769851531584777
2.616885371664057
2.421888346754163
2.18988324296099
1.930369018248725
1.657133163192861
1.386758928411271
1.136235297687414
0.9203764832623255
0.7498195240352301
0.6302041885643109
0.5626059847952732
0.5447203712884005
0.5720934597142288
0.6389086567711653
0.7382726123421555
0.8622985074399752
1.00231230025675
1.14935674703253
1.295394300865064
1.435805921871973
1.571921055465035
1.71069458104924
1.860572231844127
2.031546197582132
2.234193513380022
2.474714137457396
2.748434713483297
3.037402113272766
3.31668278301773
3.561063604238726
3.73784388734023
3.814308394072255
3.770826089149047
3.606643943162641
3.337433700223703
2.990283692350434
2.598354257381886
2.195170897944102
1.809221492672192
1.460271810515855
1.158374245126795
0.9053417701292236
0.6975198095391291
0.5285923934209869
0.3916729709238114
0.2805326258881381
0.1901828333030744
0.1170967678314691
0.05921637322331406
0.01571658327485349
-0.01354246681641011
-0.0287287282112292
2.394294001510747
2.479728300275078
2.592844554890498
2.716842935604084
2.842147544218363
2.950183246106143
3.025745146201251
3.064109537114176
3.067007147362649
3.036826935152697
2.973855028194199
2.876155468929042
2.740812349413483
2.565954630603941
2.353244896900171
2.110090025492684
1.850341746308822
1.592566922757566
1.356259757674971
1.157602747623808
1.006587272272943
0.9065889519475925
0.8559488597364091
0.8502878742707427
0.8843516713523144
0.9527209836308849
1.049398384654364
1.166930491266885
1.29599285830201
1.425795031259308
1.545080377782135
1.644375918728737
1.720677643017223
1.778956872453829
1.828522468034998
1.888095935546477
1.982659544625954
2.135621226650409
2.358365350870044
2.637972500104572
2.935774766042258
3.210360898426188
3.413730044394027
3.505607551939326
3.467916714452682
3.302564446648646
3.027468360810574
2.674291937191116
2.283206473950194
1.893950022307329
1.537170846945146
1.229995253815241
0.9767869814893352
0.7731824058449606
0.6106986757896998
0.4801833350158539
0.3736695243229761
0.2850010206049341
0.20982834624872
0.145479261714039
0.09094489336144808
0.04688796111276031
0.01531745416990197
-0.001546099376838866
2.763553903712159
2.7754709179809
2.81711427576684
2.914583136244994
3.027725205515085
3.112849785197256
3.157376740787301
3.167684489756702
3.152274982965077
3.115496645979032
3.057467546597364
2.975261811807345
2.86411959495669
2.719208301440624
2.538461295022911
2.326072001369474
2.094762921356007
1.864340091965727
1.656141810158819
1.486589315128361
1.363657405280728
1.287522178164329
1.253593433089094
1.255821654543505
1.288913414910156
1.348896467125606
1.432013428334058
1.532545663353006
1.641235196106362
1.746228934218094
1.835806413732516
1.897277736692999
1.91958498461852
1.890742971486514
1.8218572095953
1.74563628185975
1.701940634668493
1.730765102265202
1.867171657776967
2.123159956950109
2.450207406362915
2.744163793821346
2.946126006698361
3.031272873439147
2.997155326327994
2.844265570990934
2.58506804168672
2.251702233184509
1.889620202727267
1.542679795123656
1.240460672737698
0.9943867381273005
0.8017777166664631
0.6527611158695505
0.5359489598501768
0.4415363495795901
0.3622677307318259
0.2932302993584676
0.2312653855576783
0.1745166867270633
0.1224474660117685
0.07635525388159027
0.03987750714094331
0.01877153872076575
3.436108330766954
3.154831326397798
3.060753324863628
3.140387682935804
3.230669412611488
3.270134730172264
3.269443401407021
3.247756719744178
3.214414482248128
3.171774577698518
3.11904494775772
3.053463004002432
2.970487398805066
2.864562643964709
2.731324624768748
2.57134447102979
2.393846839543671
2.21655165730179
2.059150735267466
1.935079318745846
1.848811287438059
1.7978288188999
1.776288729524367
1.778248134538102
1.799537268308792
1.838170983356991
1.893220044129963
1.961890058510915
2.035879118383302
2.102482092051198
2.153523078978827
2.183446776633482
2.170819432935888
2.046833810050946
1.845854618479858
1.619920406814735
1.419306277851811
1.29333478748336
1.294909473548898
1.481261743855196
1.860187974599324
2.136690799241958
2.271926308581659
2.315586559130499
2.287125244975632
2.172272579255965
1.969565059871564
1.705922470780415
1.424717013820442
1.165714139790252
0.951116129838307
0.7846182887332549
0.658593913366634
0.5617909653750451
0.4840427249771214
0.4179473241518374
0.3587761061885695
0.3037434118767568
0.251222333006095
0.2001395675805788
0.1499055945819531
0.1014544279809245
0.05872391536349314
0.02823585975478008
4.524921424457059
3.598629197705849
3.370853385928212
3.399146453676085
3.412826758464502
3.383983468120732
3.33973248621767
3.293225691224377
3.246395382123735
3.19852471154666
3.148885254697227
3.096596110097042
3.04025814177821
2.978054914690755
2.908438902839557
2.831153303219374
2.748773861507794
2.667822188610895
2.596207354507668
2.537803498553427
2.493780151873831
2.462984260467791
2.443241387088298
2.432425743061067
2.429078291622178
2.432631368458456
2.443149128663175
2.459914352046282
2.477378191220146
2.487235605998565
2.482557785078754
2.492809830288263
2.453513858722144
2.22638819649956
1.898538834645999
1.52639882823396
1.16677308085198
0.879454209933233
0.7221815170584316
0.7564746593399863
1.121265781766307
1.328981428693239
1.306748083443133
1.281072273310154
1.255642312483146
1.20862522025691
1.128131380198745
1.023054673623225
0.9109330885927929
0.8065266009944796
0.7161511484285988
0.6398546167264967
0.5747119756997672
0.5170276446704619
0.4637418021414753
0.4128250649562015
0.3631263602924287
0.3140669241587511
0.2653515012973079
0.2166358596394739
0.1673132878311194
0.1175292728634597
0.07271104226198828
0.02702246575924288
3.971099272487892
3.681539356820129
3.58246037937197
3.519259380273195
3.462789968650417
3.40721822682296
3.353802603055423
3.302281652119775
3.251930577848849
3.20220972847335
3.152847673760055
3.10372277764526
3.054791796733253
3.006050157448087
2.957607447425023
2.909454998710935
2.861719698342196
2.815980454196761
2.775289330026045
2.739285332247972
2.708445658092834
2.682572061654231
2.661437613246204
2.644707286946511
2.63200670708744
2.622951907549604
2.617097683214409
2.614084979010754
2.612026025846846
2.613422246027739
2.599047364817455
2.645123492954029
2.643772467412887
2.391018138262836
1.979793342021914
1.481558967005439
0.9728977294788996
0.5411508505131587
0.2794693405032981
0.2965630244318321
0.7608184640611855
1.007702893723981
0.9327791675990859
0.9290247035392903
0.9078618891416564
0.8810589322149315
0.8452947261770086
0.8011159216283369
0.7531890458001268
0.7049707300137723
0.6567459093604632
0.6083512005118672
0.559870395403594
0.5113172599958756
0.4627278964736427
0.414118003494604
0.3655036233107584
0.3168940440648088
0.2682890557540885
0.2196561002524901
0.1709248214495477
0.1219092456963023
0.07386191464157357
0.02505693063162571
3.673399794505144
3.580157311718692
3.528870740186211
3.481006590716811
3.437350002311121
3.391761124859549
3.34466405545234
3.296731525299753
3.248306211945257
3.199406369620956
3.149904652887018
3.099566759281193
3.048078360972782
2.995035918190903
2.940196082347989
2.883146762089888
2.823987514795228
2.76612659888281
2.716165826572394
2.673368406925036
2.638593743391275
2.611159885905145
2.590369520107047
2.575453454440257
2.565754437853659
2.56075961002023
2.559940095869197
2.562943989941415
2.567658523763829
2.578846808956758
2.565953589954967
2.656404039749149
2.747262179583554
2.533285060489785
2.089399957559743
1.499191419054499
0.8686447764517171
0.3271499502373646
0.02052751401312879
0.1087639141989666
0.7664973641639227
1.101918419401266
1.029305389288965
1.041586188677705
1.02079618469025
0.9865756840734463
0.9367966617773309
0.8724935965663375
0.8040898232209764
0.7393184417874841
0.6788219649524371
0.6217633749898598
0.5675246286162484
0.515302489521993
0.4644606508625427
0.4145039760830433
0.3650969014517809
0.3160250350995702
0.2671540513104257
0.2183898345594381
0.1696962316972537
0.1210328154649539
0.07296508121732237
0.02484264875429182
3.598852088727845
3.559053218489889
3.527166212203524
3.483590716611486
3.439624058106678
3.393278466133136
3.345742972247444
3.297581036624317
3.249089679440067
3.200338025184375
3.151290946366652
3.101823479814311
3.051749755376391
3.000698120964684
2.948390363253364
2.893150934366223
2.832899658670897
2.772573766589479
2.724305499353134
2.683520201768955
2.650993247397683
2.625317195227503
2.605630623399168
2.591159619337942
2.581340458514822
2.575794364156067
2.574149518225616
2.576377684287196
2.580371726454516
2.592941207753877
2.571114512977804
2.660488758750235
2.826152939400366
2.667621240421839
2.222417635513473
1.582762678937046
0.8796691467777951
0.2712135607518933
-0.05984444957310356
0.07079778628561936
0.8004280739538606
1.099795563001756
1.013593646306105
1.026933447917859
1.006282832566792
0.9723539215219099
0.9229149458979751
0.8539760828977347
0.7830137357973859
0.7216218649560295
0.6664557170989922
0.6138539382293244
0.5628436674715561
0.5127100279924168
0.4631469407653341
0.4139347201730413
0.3649453695945539
0.3161008084142697
0.2673515975002391
0.2186598887170551
0.170020824434913
0.1214047012909734
0.07309008541686028
0.02482903653283156
3.598935031118126
3.559142625724551
3.527193217802878
3.483619302330416
3.439678548476821
3.393383459406919
3.345928238412995
3.297894070408428
3.249609700245141
3.201192392856977
3.152673982490733
3.103999187240718
3.055088805189727
3.00560743649855
2.955438736549669
2.900039093332046
2.832029955174274
2.760458651679176
2.711178415609936
2.67067722381013
2.639933776918975
2.616232479706723
2.59827458390544
2.585139042278243
2.576297765335592
2.571530389954188
2.570724428268911
2.574296817346394
2.580384203890971
2.598213622615651
2.572168945601164
2.683219231830073
2.928440896806357
2.800244357728339
2.351969059475568
1.712841567931616
1.015753867963852
0.3935422175899319
0.01912575696035461
0.1069121874620164
0.8272177208107563
1.115011133734698
1.033510525789211
1.050581592996116
1.031734193009731
0.9960680550811074
0.9424012564907017
0.8549743870129386
0.7692033512850596
0.7072462579684295
0.6566221368621289
0.6075318119863093
0.5588851670766307
0.5102093328983182
0.4615615844058699
0.4129187861748283
0.3642828953798946
0.3156582689118717
0.2670491808804059
0.2184509515436902
0.1698797595691416
0.121318578849082
0.07305753367034135
0.02483696406443778
3.674010198441745
3.580736573132822
3.52914857791431
3.481145144872375
3.437399587942965
3.391761974241838
3.344662612227506
3.296824921677525
3.248695225093825
3.20045884555773
3.152217994126595
3.104004794209215
3.055931144637587
3.007978179634387
2.961389244729869
2.906294710396744
2.824010984805128
2.731562187338008
2.686356500611261
2.64977689991872
2.623633595501783
2.603824544328705
2.588758070547124
2.577564466462434
2.569906868354063
2.565868526054841
2.565781903565077
2.570758027892257
2.57993642696065
2.605478459779589
2.580501875919337
2.75944966030115
3.06773975312614
2.883105484897884
2.41285660042835
1.843446689366435
1.262543385939786
0.7133355410901455
0.2857086137497147
0.2097984890082032
0.8234457177959656
1.126083304525929
1.062352031818278
1.085465938344927
1.072225649496578
1.038248866809646
0.9850900127321591
0.8629997570170056
0.7488997825249842
0.6873438728022224
0.6466408026158582
0.6036353064826981
0.5581536613969593
0.5108228252740776
0.4626480158394434
0.4140669896265304
0.365310168680842
0.3165045783700151
0.2677134245470859
0.2189490229921388
0.1702300367005683
0.1215370851332585
0.07344999488212109
0.02515394631755557
3.969431490271189
3.680919545610307
3.581822774055386
3.519019510482904
3.463065696662209
3.408149875804016
3.355583353685532
3.305190176155018
3.256369857612488
3.208780956119162
3.162432726637418
3.117506030832912
3.074583735742913
3.036025393960359
3.012841540690384
2.984883936987092
2.886244345840236
2.706574421791831
2.657074277359814
2.622697454373571
2.601362387059206
2.586207226324243
2.574584987465396
2.565589028495234
2.559045642179445
2.555371344255969
2.555442129266351
2.561255106396775
2.574104323002185
2.609246112234417
2.605966375984491
2.924447597858496
3.153950056649608
2.792650332697295
2.336649701872854
1.929121102411893
1.566079192061466
1.20875370859762
0.8126202017939306
0.4685155777457581
0.7385722628050336
1.12015028209158
1.10383290017804
1.135873048228487
1.129393684982911
1.094145433126792
1.031035374909184
0.7888365054915868
0.64955326881955
0.6205435323842681
0.610244379942555
0.5771956274119485
0.5367851222989846
0.4938001339334008
0.4495085128759777
0.4041467969394422
0.357935851189926
0.3110898713611973
0.2637804226320615
0.216109590615332
0.1681206767968965
0.1197272528994636
0.07229589011925658
0.02399530606763712
4.531915711386176
3.601960924415565
3.371678328896182
3.398992102455885
3.41206351757552
3.382408966683785
3.337040232507142
3.289193324386337
3.241061564688409
3.192507572008168
3.143506124347168
3.093251026615911
3.041663662794853
3.002090189648652
3.012287444897395
2.998903032963776
2.677135354762607
2.546939513057442
2.571434124633254
2.572030824371168
2.568084514969834
2.563003416135961
2.556943549395624
2.550757783588059
2.545082155493809
2.540812992084814
2.539310337412608
2.542948643576641
2.554741743646942
2.588835695107607
2.621362146488819
3.002394746345349
2.870126947319505
2.426493662915915
2.154064258835373
1.969277228806219
1.826096493851673
1.7180544664488
1.565138442053991
1.142148784664655
0.7394973172110955
1.126240786567366
1.177615332396561
1.217092151763942
1.229719032593229
1.233012084513228
1.264420075248714
1.070742257809296
0.4992000280442476
0.5210350956355267
0.6232869028430968
0.6260396303614186
0.5817759716583791
0.5287994041484414
0.4762560711027324
0.4243748347903605
0.3729221546984789
0.3220040140979776
0.2716705182953487
0.2216598617625047
0.1713531752149478
0.1208945970834903
0.07568575499545177
0.02900105626896594
3.468437779661753
3.177897752541921
3.075468573984843
3.148196662415687
3.231528512871005
3.262821636563233
3.252214988166148
3.218833846321795
3.17247243232311
3.116574786420646
3.051963038399018
2.977453239645561
2.888390450328123
2.76737811878654
2.551990380926903
2.155398030470786
2.065156548791343
2.456560736773238
2.487700560238137
2.523858221687751
2.536500203802436
2.54068794999905
2.539380109762414
2.535171045921122
2.529210822544347
2.522437268006333
2.515911910420272
2.510101590651942
2.505082387951519
2.503137702494151
2.526146472188136
2.388278909985453
2.051972867873176
2.035409497715795
2.043254985776444
1.998414376037336
1.948378160442401
1.944388853425647
2.03743982781207
2.050039885587735
1.478083692337718
1.290398831758241
1.328483153342093
1.335005990572958
1.348235546098361
1.386510879542202
1.432685145069199
1.819297654209625
1.429375220495011
1.040872725967916
0.9346747825226394
0.8813286538368399
0.803589139066289
0.7107304323479913
0.6179791610488587
0.5314686494048992
0.4524088404474564
0.3803401700157464
0.3141860130873523
0.2525879139947949
0.1943974648472002
0.1399761174156346
0.09269082415655158
0.05873638719856947
2.828922420271188
2.831741209632475
2.860250962062674
2.942637248455759
3.038716632633724
3.104097111008997
3.125686238969455
3.109795942962104
3.065348306354704
2.997491127040312
2.906911450983246
2.788993351075781
2.63014981578418
2.404793743988777
2.102008791054621
1.855249495763331
2.148490300519918
2.476602772261925
2.46966732318042
2.506535037827851
2.519824152025689
2.525892037229445
2.52581637784605
2.521721332083932
2.514265155569795
2.504052099490502
2.491864430563668
2.476071918234021
2.4538933974515
2.417268463084067
2.365134336429455
2.180211631113278
2.079950117437285
2.055291254823083
2.037043869087724
2.004379242177029
1.969778447078744
1.940074151000684
1.930495330710138
1.90065241393879
1.761956775531628
1.526253335941454
1.468974192751037
1.437403252876795
1.432234278157552
1.464891132879507
1.443828754740672
1.832112922879543
2.140104791570073
1.868551257789648
1.579066081366318
1.36131939646086
1.177024153486722
1.005598974681615
0.8476082509809952
0.7070532866766039
0.5849673140081586
0.4797940496405389
0.3888976754666125
0.3096841727591167
0.240522914577888
0.181718661222289
0.1362931702244251
0.1100888806770422
2.503386378955042
2.5785661741659
2.673564124726914
2.773312905953227
2.86923473735662
2.943069554455108
2.979735813731581
2.974769652887088
2.930312791675053
2.848992975259457
2.730445886616528
2.570473944947351
2.364524459232096
2.124454034517853
1.920424348986722
1.921896028060878
2.3172406917415
2.506018100491286
2.475645478774723
2.502764790478718
2.512095579934178
2.517121972462924
2.516606083473021
2.511771064681865
2.502392030889381
2.48896704872112
2.473488726016726
2.453507567037492
2.427288272419526
2.389261168850976
2.341481157824728
2.243394073743968
2.156350051018937
2.099631948603093
2.052526467962595
2.004805508587005
1.958660275212133
1.914553486898736
1.872306812492828
1.809614588558969
1.696275008402835
1.577957213858484
1.528921132712173
1.49799373093385
1.486055297404847
1.510700596854091
1.441499338495894
1.756342263082333
2.435851737863973
2.482661091540339
2.236142641572258
1.923230541273354
1.625462579849084
1.358955357080208
1.125222369572648
0.9240037655993254
0.7535702510077905
0.6106164814285793
0.4911751389286161
0.3917210613942935
0.3100581502857955
0.2458546916310327
0.2005928875106776
0.1764593273887457
2.356207975637619
2.428370731414431
2.531163641631782
2.635203375207757
2.727107418059205
2.796847920180761
2.833688406821543
2.829854787491747
2.782074199677773
2.689736322249529
2.553244310610237
2.37610837659704
2.174037706959141
1.991723246652656
1.914441252351442
2.039665099097567
2.395940588108734
2.5175015530609
2.484645021566723
2.504047702096102
2.510106872185392
2.51356662449594
2.512046489477485
2.506154003503872
2.49419944006869
2.476816095380565
2.459049498475563
2.4362805342435
2.407196692284305
2.366870204744592
2.316095294765906
2.237423332749059
2.163433148504594
2.106236213413955
2.055210935688785
2.004928955688188
1.955441195261578
1.905849052838719
1.85496194624878
1.793370600075021
1.709402657709825
1.625212403939042
1.574757776135575
1.541630387400435
1.52388564358444
1.542884508108346
1.454635993470498
1.757806550567782
2.570028298103965
2.834031193577646
2.713824098806861
2.406828843352635
2.051370153899226
1.713123282830426
1.414064421961228
1.157971208750149
0.94245119503282
0.7631945793374652
0.6155991056692862
0.4957035713235011
0.4007710133979006
0.3294332023439211
0.2812977239845175
0.2561654899639373
2.305122216665182
2.358519293401015
2.442330236851834
2.532924782044577
2.613086510964546
2.671789065554244
2.700093115539116
2.690461306747539
2.638095153160831
2.541937659366935
2.406030942761742
2.243355703631069
2.082529153403911
1.972260784518614
1.971928924721499
2.122330892729292
2.421299104170807
2.521379078339876
2.491913498652096
2.506467135935378
2.510774052256732
2.513323429079915
2.511392051801245
2.505329456619397
2.490336738184986
2.46758116644636
2.449526318502802
2.42653708215395
2.398290477073148
2.359715343162437
2.311031662691677
2.238284346791922
2.168025883517569
2.11076187995164
2.057296980271569
2.004231553721016
1.951638697781324
1.898408214157413
1.843363341801024
1.782887230404659
1.713826320006619
1.647566416079928
1.600699857856937
1.56890446926377
1.549213025031337
1.564811197947259
1.470886383380983
1.786652491428452
2.63094883274265
2.9862467258437
2.965682405847537
2.717487906313844
2.371941093698946
2.01228036199973
1.678901370783217
1.386230822867942
1.136564362179331
0.9275556119049309
0.755534120351897
0.6169157349360664
0.5087817826643483
0.4289734303864852
0.3758895982506029
0.3483058314158657
2.306300008839475
2.341733163663283
2.400537695324777
2.467890489614574
2.528744862850279
2.571359538811374
2.587025962086848
2.569315170119018
2.514746945745608
2.424565397928387
2.307121252344547
2.18041141461768
2.072899404919053
2.019107004450001
2.04920459985561
2.181274233412334
2.427483737865082
2.526743584469587
2.504564669431584
2.517297620510977
2.521419947365164
2.523111883867788
2.519755219404703
2.512730891576438
2.491294088936297
2.457940846870813
2.442819830685486
2.422585277338038
2.398862786208011
2.365629202930531
2.32322888645759
2.24640197006878
2.173344574445278
2.117746107426449
2.062574173560185
2.005325741659802
1.94808558583339
1.889883738947019
1.829596237450829
1.766012995894723
1.699554687808169
1.637604718062353
1.589967057503417
1.557474280147238
1.537456788936424
1.552143055425561
1.470704124372545
1.82255953245138
2.618262511169423
2.969832098351064
3.004613200516143
2.833341365762658
2.548081179623249
2.218745174988295
1.890575405651751
1.587876743461152
1.321085220822628
1.093065974933771
0.9031665588588528
0.7493875320426855
0.629408155878591
0.5410105068002706
0.4822649861909285
0.4517224069869411
2.335937940211347
2.357145587225299
2.393218242263287
2.435673996892621
2.47388918582896
2.497905855896178
2.500055318845375
2.475568241635997
2.423391998334496
2.347650157068632
2.259095434929872
2.175173557658993
2.117065435213774
2.103459956141032
2.145026908046574
2.247774287252108
2.429180196865052
2.50501328036064
2.483506439723888
2.490235222798553
2.494188611129482
2.499852242948893
2.508219810809444
2.525063330184028
2.512384363132027
2.449388442766962
2.439761890064529
2.423445120439951
2.405458917045823
2.377298928978782
2.335326522248877
2.20538643319294
2.109727319751018
2.076399179917775
2.040910340171925
1.995204127850797
1.948451003303324
1.901691088543525
1.855035026149027
1.808503516799016
1.762573998464365
1.720651409814394
1.687109345648642
1.662360557084241
1.642586200917002
1.641262553509388
1.557656576535637
1.842283945993168
2.476757187854664
2.780587845007004
2.861664240017456
2.779598483841009
2.583442767249579
2.320615924025468
2.031822185386934
1.746406089216717
1.482316102104694
1.2488850591526
1.049994776055484
0.886470166425529
0.7575823061887972
0.6619361285986741
0.5980383280798494
0.5647103677493491
2.380233909310698
2.390745934921723
2.408566750352796
2.429079322522876
2.445810320990821
2.451975036967434
2.442224993281727
2.413996528075565
2.368539706440704
2.311717902743452
2.254082528660954
2.209361263158116
2.191033088798299
2.208199851708882
2.263519684216905
2.356999635123671
2.506098032168834
2.581515220498478
2.584705082329596
2.593378457069082
2.605452158744592
2.609280329339176
2.607400259377157
2.609646809622673
2.471573181688762
2.392249146274365
2.422541322490894
2.425761800234022
2.426458256258256
2.427224288412833
2.435379382171478
2.339786895140109
2.198276068055399
2.159408502935556
2.104480392610467
2.020369686286335
1.939989380089946
1.860210511015691
1.770973510267607
1.669028122687281
1.559805770023563
1.45744263899308
1.378716138285677
1.331974733988335
1.304888710374553
1.278047876771878
1.267934778768647
1.557187962267028
2.11607637118238
2.431306432331446
2.586722986038676
2.603593071760027
2.506160360414264
2.326626117020235
2.09888535766457
1.852524365863477
1.609766559721992
1.385304785047057
1.187747854467609
1.021453348555535
0.8881070240787039
0.7879014861081454
0.7203752872856568
0.6849827462829876
2.430719790440088
2.43344855706243
2.437605836667821
2.440943610491012
2.440198464443907
2.431868868341503
2.413456487161753
2.384709296522435
2.348470975382004
2.310872449966574
2.280600590725296
2.267151501923596
2.278628259183432
2.32050199111283
2.396798359636054
2.512170672258311
2.661081224212082
2.7666803168422
2.828499744368385
2.868132264961772
2.883182587533647
2.841315692585236
2.692151397686756
2.408979059731133
2.282053483200137
2.398556861739806
2.417839868691837
2.434727456223944
2.452247976766908
2.48421174283533
2.503433004216162
2.831812956070991
2.938856358327324
2.597156662744894
2.317994498301009
2.111022245604264
1.933661314434328
1.749219694416895
1.532696657849868
1.277944533030901
1.002039964106441
0.7417153357283844
0.538533381391571
0.4192423380717355
0.3854341313498912
0.433544051256344
0.6070865737941546
0.990255154518985
1.557929974139215
1.983432435066625
2.240376759221371
2.354217212083702
2.350828198199556
2.256483508855106
2.098949020710572
1.905091674017623
1.697992348124986
1.495376277738263
1.309551389982113
1.148286397104437
1.016012313078624
0.9149662724410017
0.846114474749019
0.8098054037507842
2.482056249275344
2.479394451788903
2.474021773434673
2.465247262067721
2.452135598926515
2.433899367982116
2.410590060190713
2.383843362084592
2.357300837641199
2.336421365962363
2.327635978274142
2.337145718656566
2.369990844884341
2.429888299808609
2.519057177243303
2.634924258174706
2.761797137270254
2.871899559052573
2.949794843350646
2.984207055728718
2.957229597058666
2.83742055517845
2.605603364471691
2.336718245447859
2.31833311126342
2.409460779754814
2.42091258571243
2.439595669558422
2.457948641577307
2.490204702537982
2.494048702049517
2.739655665116475
2.969419647524975
2.791906525196228
2.504321172035437
2.228769834423735
1.969026894018112
1.697387493564537
1.392150049224566
1.051249566285358
0.6959069370170732
0.3652731106238365
0.1030956758374205
-0.05660865123821698
-0.09425862656644267
0.004661061382708521
0.2567433805162631
0.6513071711335076
1.127460501009532
1.561322665906274
1.88035342337386
2.072305551478961
2.150056094985145
2.133769922898624
2.046042989248488
1.909967593164043
1.747154848770819
1.576032033142191
1.410978777958958
1.262346375405021
1.137060378630394
1.03945280126718
0.9720640752388446
0.936269208197486
2.530864214753855
2.524784653964194
2.513416702696989
2.497140230349444
2.476631162365979
2.453030040288775
2.428203085988203
2.404984962238157
2.387200217677718
2.379325546968108
2.385862917308465
2.410693541711113
2.456641847506406
2.525016299276211
2.614292885814131
2.717706931957836
2.822657758019917
2.915018768225917
2.975794921679349
2.98306302460403
2.91655188739298
2.766830949247057
2.560874868189372
2.391234662189202
2.387153311507354
2.424101846809429
2.429921064866583
2.443094881001568
2.45568959449013
2.47602670586703
2.468415172825603
2.557927593835244
2.741268912959102
2.739610115690743
2.571259919968884
2.321291998874288
2.034130922734002
1.71637635867463
1.365307947426653
0.9876722757912423
0.60589048145838
0.2550550370601776
-0.0252357150988764
-0.1993113918894628
-0.2405358548480828
-0.1351310276437285
0.1093431502087528
0.4557673401094902
0.849986194371496
1.237812768161764
1.564081767957613
1.798199858660229
1.934669996231509
1.982517702244083
1.95743775103673
1.87779397128702
1.762300077698564
1.628310499094286
1.490647430832349
1.361065335527589
1.248286805428177
1.158402229157816
1.095401799217349
1.061660104823323
2.575001106459971
2.567093887989777
2.552602536179165
2.53262186027276
2.508851579711486
2.483601456095169
2.459760783795966
2.440697619727728
2.430034612775951
2.431290601165052
2.447461526729747
2.480634068348039
2.531587901475536
2.59915725246465
2.679301433526888
2.764626725476997
2.845264055898738
2.909266115693625
2.939940386069142
2.919370957867529
2.837578002419021
2.704447983408945
2.55827305405458
2.455062734942684
2.429584785181223
2.432583888525255
2.437473721531923
2.445205692828626
2.452887611939838
2.463837461203001
2.458382033795396
2.47206600537141
2.560767521538038
2.611300849975627
2.54493451962476
2.367743381598776
2.11101929926929
1.798233507970037
1.444905953515347
1.068093358917169
0.6920021615411518
0.3479069934356277
0.07057244578621802
-0.1072262650335635
-0.1614338831414891
-0.08461179474455985
0.1080853388466909
0.3826152855452681
0.6999834863568257
1.025800576419612
1.324028273501267
1.564901208700511
1.732805735819331
1.825833181545038
1.851340382976203
1.821803894393778
1.751949315039694
1.656785878179573
1.550229782751644
1.444237861345523
1.348417240003543
1.270010080305618
1.214098172124221
1.183869898168718
2.613061804483778
2.604539279561352
2.589099792256374
2.568259147195418
2.544264142720215
2.51997369985386
2.498655685603432
2.483708622802705
2.478331395142683
2.48517858661888
2.506036914515837
2.541515454148341
2.590688418045809
2.65068386421831
2.716440483722152
2.780942947319527
2.835652909129198
2.870352769077724
2.873598953033815
2.836584393910938
2.760004943575783
2.659318538591458
2.561177496588954
2.488474857789252
2.447110696569327
2.437488824645036
2.442495353336402
2.446456597804253
2.450960453623491
2.456407812829613
2.454895969810301
2.450029152682169
2.475052184195504
2.511238800806313
2.492107884064169
2.385098908117228
2.191072151209614
1.92558798221552
1.608104965821993
1.260888375584559
0.9099933276180816
0.5849375423038227
0.3170169637803932
0.1346688379329166
0.05696168540826271
0.08768000943545637
0.2139190901515435
0.4115511141338425
0.6535028543648576
0.9140535387403131
1.167804822657251
1.390907630678187
1.565731750680379
1.683768022553857
1.745085524769906
1.755993219509896
1.726551368953049
1.66854604170065
1.593969898504586
1.513945178423911
1.438041252710766
1.373928059857405
1.327273441731045
1.3017726207446
2.644034569602972
2.635740976520019
2.620846751247664
2.601050588817321
2.578784755803806
2.557011447945266
2.538934032769037
2.527653986246428
2.525817219626677
2.53528829322043
2.556865795132561
2.590027097815958
2.632707951254555
2.681199462849192
2.73029020759743
2.77363987223346
2.804188056502281
2.814766648061697
2.79975988104745
2.757876148290334
2.694751903221645
2.622447855676795
2.553930572948956
2.496435526038603
2.452344558583054
2.440547007009914
2.445327043217454
2.447135158142121
2.449806834352791
2.45247483596209
2.453145939794446
2.447093958681291
2.444888357456076
2.458871182639858
2.454313891533662
2.398149293483987
2.273641551172055
2.079601750032461
1.825059294235208
1.527603770658162
1.212478038573247
0.9097217946272443
0.6499187831632071
0.4587361171935198
0.3519801531566918
0.3329772162361571
0.3936423734435178
0.5185171469840946
0.6889774633161649
0.8856290863282077
1.089221264210877
1.281126742519521
1.445332262955276
1.570927595528776
1.653269348804226
1.693479580630465
1.697010142120602
1.672013816838412
1.627894422348072
1.574147947974327
1.519505981454825
1.471358187532748
1.435406745422666
1.415486729324065
2.667090419570734
2.659537529037292
2.646075723760923
2.628414409346973
2.608928416485718
2.590403693386031
2.575715970508871
2.56748220043683
2.567726601174778
2.577590459717363
2.597096849880028
2.624980183452463
2.658618407772085
2.69413388576912
2.726700715408225
2.751028799894285
2.762038693539548
2.755902730109667
2.73144738175496
2.691214208519002
2.641138274283303
2.588242085279999
2.5375574312184
2.491459139994905
2.452983919532529
2.442647291450739
2.446746570676143
2.447450842469695
2.449069360451054
2.450405717120204
2.451835207967208
2.447415392883018
2.437423544573016
2.439719910481933
2.439654353133405
2.416980726649638
2.354205330266812
2.238711350946815
2.062303875276116
1.826612936904856
1.550723496718789
1.269279865744467
1.015209874626755
0.8135065259605776
0.6786367153036108
0.6147977071526813
0.6180665669613852
0.6791105002241209
0.7853982501171015
0.9227307605933665
1.076336637059547
1.23156290506693
1.374879727166129
1.49541306307881
1.586280524610854
1.645058294450639
1.673342887559827
1.675772900327258
1.658887845431992
1.630054073340066
1.596560408643857
1.564915741571549
1.540344857195667
1.526458076559431
2.681488490005652
2.674921596763487
2.663303131323179
2.648249368710294
2.631943283876527
2.616852576379515
2.605400632858596
2.599636609339361
2.600944937004888
2.609819082679931
2.625710733578264
2.646966764553691
2.670880896795052
2.69389467032483
2.711971541468921
2.721162649676695
2.718388195514407
2.702360717702711
2.674277573595131
2.637678441830471
2.597149151647365
2.556457169007594
2.517605600512121
2.481907347590457
2.452071622256732
2.444119876636738
2.44733184041898
2.447514665108112
2.448485751668474
2.449132038678018
2.450440323687312
2.447452108164521
2.437676032704699
2.437644530268444
2.439893372200061
2.436131583317787
2.418047746306424
2.372874708016296
2.278897408821434
2.111803052541514
1.875925525584009
1.616199828124609
1.369514670802907
1.160986484452925
1.004480569230939
0.9052292349984044
0.8623727653649423
0.8708389379125481
0.9226201227911764
1.007752952811668
1.115172342489477
1.23342996946013
1.351423193191917
1.45934929056068
1.549744896037685
1.618213101638322
1.663578494554742
1.687501412000208
1.693753706834036
1.687368853325635
1.673815716377351
1.658280130834311
1.645094452635446
1.637329401973602
2.686570717352321
2.681058966025871
2.671386135397571
2.659027374150844
2.645922548175105
2.634179484246424
2.625743999730329
2.622092408057203
2.623994387017307
2.631374108299934
2.643274693390387
2.657917181377131
2.672845861540856
2.685164920917931
2.691890990073468
2.690452751456878
2.679313064924463
2.658537533429173
2.629977776492988
2.596782734550656
2.562317729993315
2.529111381834264
2.498617464148537
2.471936370637235
2.450690750704996
2.445129547856584
2.447463290325715
2.447424680366423
2.447972492872553
2.448223419352157
2.44902865679099
2.446467101820772
2.440972385720003
2.442105502018237
2.444045121955556
2.445270050737505
2.446056423700164
2.44229611210449
2.416605068966287
2.321802653245126
2.141471262343014
1.911674489675212
1.680852579774395
1.474501747322905
1.306371622030539
1.183042901837569
1.10622754186567
1.074104356790534
1.082164286279103
1.123870720494999
1.191282859558209
1.275669250107161
1.368119585591837
1.460226285083012
1.544840132027931
1.616743009940933
1.673031818008245
1.713113736141616
1.738356511636258
1.751518929937545
1.756095222526989
1.755678637724335
1.753415751069707
1.751597430505849
2.681813552409026
2.677355232398841
2.669610040655946
2.659894458181653
2.64989969449055
2.641389722873493
2.635870424356241
2.634297458141011
2.636886792252145
2.643066902156726
2.651571677433033
2.660634756580186
2.668228508887348
2.672305568640426
2.671040607266565
2.663099427759296
2.647930619571872
2.625984332751356
2.598722556576317
2.56837263120886
2.537492862397707
2.508513780913259
2.483391823776159
2.463421497870981
2.449281998134126
2.445790672521316
2.447379585251783
2.447262701223588
2.447524593162298
2.447515084471603
2.447554298938935
2.446504742795562
2.445059399456879
2.445117116948422
2.445264590359471
2.445438402731896
2.445960317693098
2.44602970780504
2.450745748123702
2.422165827445455
2.309239895231981
2.129318761702776
1.929353245894295
1.737059966673881
1.568458952052922
1.432509002149835
1.333539384597165
1.272516542090681
1.247779454645525
1.255577976093746
1.290571581218524
1.346340976163583
1.415912287063432
1.492300342169717
1.56907750006538
1.640916749997247
1.703999127980144
1.756185326488141
1.796921745511364
1.826926665340234
1.847744176239736
1.861259787173956
1.86925846160965
1.873088031476769
2.666907945545501
2.663541735043932
2.657781819478245
2.650766573796764
2.643932531407367
2.638722109106578
2.636258445315154
2.637062715808268
2.64089381430534
2.646766671169385
2.653154649940817
2.658318970191898
2.660660488423691
2.658981873262344
2.652590536821015
2.641251827496604
2.625077258223794
2.604439063888627
2.579957590875569
2.552642517148046
2.524151321425522
2.496930491112803
2.473861248827409
2.457284905170351
2.448011280990866
2.446191069493242
2.447243766833868
2.447120288597136
2.447225658076541
2.447114694568977
2.446913853083764
2.446152101938578
2.445104930328032
2.444832199754016
2.444725313990145
2.444524140509942
2.444174320269303
2.442722034317895
2.444809181138706
2.445222773166137
2.389414250577697
2.266300364110112
2.107707220536642
1.939837849822847
1.780906594603259
1.642667606010984
1.532165496037963
1.452927016163856
1.405716363644264
1.389077457002847
1.399806580213725
1.433416993076827
1.484605119413086
1.547711193827118
1.617169267318224
1.687928821598883
1.755801389027752
1.817672501527261
1.871541401208642
1.91639490381479
1.95196176626054
1.978415021341314
1.996092430152705
2.005296814628325
2.641851151203304
2.639764622748402
2.636315183197449
2.632409607354861
2.629172769227126
2.627691737918748
2.628725305238616
2.632446891765733
2.638296930314999
2.645011986206031
2.650864698801771
2.654082167515795
2.653323731611841
2.648036385928226
2.638513045125384
2.625581981213271
2.610066063285305
2.592351432368151
2.572285958309723
2.549433227502079
2.523806815218465
2.496904024745899
2.472239808176695
2.454424742224014
2.446872348806654
2.446381415674185
2.447156267335488
2.447030017145291
2.447059128784694
2.446917423550183
2.446681430240211
2.446167876075763
2.445482309639717
2.445136090423842
2.444941511782691
2.444776183060009
2.444705442120097
2.444147665122519
2.445424596990183
2.446900213273006
2.41913768632768
2.339589468239155
2.221048928423817
2.081987150848736
1.939555055947677
1.807052873963126
1.69374706923513
1.605393954192317
1.544830008436553
1.51250023101417
1.506942670936737
1.525252442085707
1.563525556480002
1.617270696988641
1.681779618297053
1.752449787527257
1.825046092370498
1.895880520339191
1.961893482657494
2.020639721040151
2.070205628755742
2.109102388725375
2.136185513019004
2.15064587819124
2.607050045986772
2.606676381952133
2.606304398515408
2.606495794170296
2.607907281793563
2.611111526240119
2.616409270262563
2.623663785983226
2.632178533681715
2.640662882326892
2.647369687783362
2.650470286377885
2.648615861725352
2.641478689549487
2.629985952988532
2.616003700418605
2.601439944769778
2.587258879554176
2.573160034485192
2.55733015373984
2.537119207680453
2.511149692255304
2.481956107575342
2.456967880550074
2.44609828825072
2.446399183844761
2.447204214745187
2.447005776045175
2.44699588354201
2.446842836866352
2.446601297270072
2.446188844369099
2.44558964996464
2.445154093760435
2.444902640981671
2.444697136952194
2.44461901957001
2.444268138940012
2.445308852475681
2.445269765813717
2.427146501857049
2.372310959161283
2.283170516178657
2.169922913216088
2.0458676097265
1.923701480553266
1.813695103737993
1.723170830587754
1.656608719420474
1.616000782646225
1.601294673487559
1.610859287350362
1.641928736366666
1.690991384532611
1.754106959013381
1.827151028185359
1.905992424569185
1.98660933321372
2.065153959979543
2.137985740980943
2.201703835892433
2.253215292029899
2.289872598488663
2.309699414481956
2.563450954966864
2.565545908895492
2.569600574139051
2.57563843397681
2.583550822062937
2.593050793591547
2.603706693984856
2.615000469415892
2.626296173671265
2.636682216147265
2.644818718123112
2.649026428377701
2.647763905492111
2.640371011013361
2.627717368027874
2.612354529255037
2.597754284677356
2.586467742898986
2.579096418386229
2.572992185723685
2.562338183592332
2.540946258982053
2.507342428224456
2.469889646715344
2.447880647230471
2.4464954747762
2.447571422327614
2.447093089621912
2.447032458875528
2.446898620595183
2.446690623833247
2.446332869583724
2.445641167135639
2.445065909492767
2.444818514452481
2.444617445514257
2.444565777682008
2.444267324925593
2.445389674079675
2.444169294222852
2.427233626706525
2.382412881594449
2.309773851874687
2.214593288614619
2.10610335984232
1.994975418830144
1.891172317542304
1.802707904239894
1.735178856841042
1.691783760635841
1.673610566738002
1.680051019290596
1.709239412525499
1.75843713029067
1.824319630203227
1.9031629657889
1.990949417494048
2.083415116199985
2.176068420007755
2.264222258872915
2.34309438363028
2.408025936087892
2.454845962983244
2.480365935120065
2.512720929888831
2.518418667095414
2.52892540042335
2.543425774149041
2.560572260947008
2.578663624960112
2.596068320106211
2.611670637533427
2.625033230761982
2.636126752117949
2.644749242599388
2.650014607227042
2.650377735154056
2.644394815403391
2.631877973508322
2.614893365558616
2.598305625681218
2.588296167554195
2.586987927422391
2.591395353297112
2.593444051518465
2.582370682134818
2.549984315589876
2.500134301222699
2.458387489573123
2.446311842810785
2.447824101633073
2.447351555571443
2.447156212565065
2.446897245621437
2.446704632169771
2.446528849913208
2.445718528856798
2.444829520084697
2.444639510600274
2.444452243966306
2.444437249772333
2.444126675279516
2.445510781293315
2.443276111406386
2.424035904521419
2.380526700719688
2.313974187966256
2.228113757408424
2.129558600658897
2.026827856603711
1.928835619700366
1.843573578771975
1.777282295213422
1.734102573504036
1.716096317996537
1.723516331061275
1.755201110305917
1.808965830002594
1.881889593084843
1.970469908753555
2.070676710107529
2.177946779271548
2.287153343775365
2.392610125010186
2.488199528524496
2.567719393764343
2.625483484439481
2.657101898854096
2.457511939097961
2.468372028824499
2.488078144453016
2.514493703279786
2.544343029435752
2.573809737065529
2.599525278282308
2.619460416975703
2.633332311112408
2.642365602910643
2.648390651225991
2.652524182862771
2.654144967548814
2.651084290691019
2.641207431977623
2.624271354813157
2.603821675164473
2.593829449974984
2.596467668847767
2.607517487110547
2.619389185498428
2.621397985660548
2.600312412089163
2.5484892352195
2.486773979417794
2.453862506152031
2.446018732333596
2.445989500615064
2.447174012872086
2.447793682947944
2.448125971699009
2.448004665474433
2.445180399064084
2.443923523663068
2.444198530962748
2.444161282730303
2.444243027951904
2.443918649292552
2.445667385612393
2.442325499232957
2.419143690108374
2.372521721066877
2.305380601806207
2.221620841943729
2.126713245535533
2.027647988479622
1.932247461697154
1.848205547639284
1.782198905732176
1.739255852677706
1.722444641847221
1.732880107727013
1.769992261341695
1.831923063482274
1.915870220266221
2.018260726325942
2.134778454842084
2.260331649444565
2.389001166874296
2.514022519726302
2.627927692317379
2.723019807604362
2.792225298734122
2.830133595923514
2.401852872599656
2.419926755002776
2.452299453677114
2.494664617494251
2.540885462291001
2.584414188477663
2.619854160619019
2.644005958494794
2.656401576698722
2.659388912046927
2.657428184801486
2.655221264097117
2.655081272465127
2.655236040862071
2.651123072423134
2.639286792040958
2.618570806268081
2.608794999819693
2.61186619116253
2.618704923105835
2.626291813194711
2.631747664958695
2.626860288942428
2.588647287446308
2.522951498222886
2.473889663906806
2.450816670148278
2.44477942551524
2.445610470758033
2.447636783075283
2.448544098806423
2.446959433192004
2.443345853828183
2.443429408096511
2.443763538409264
2.443872225892271
2.444050842254455
2.443714105523699
2.445853175067406
2.441304078773198
2.413592325268763
2.362179785375068
2.291118846601394
2.204721260033551
2.108018995831848
2.007110450856842
1.909080678064121
1.821488786261632
1.751605913392004
1.705613313366175
1.687931009361654
1.700820502317818
1.744369033575864
1.816839186310674
1.915161810441785
2.035258177562609
2.172085861351261
2.319585255795227
2.47065676902907
2.617185105522057
2.750268312219649
2.86089040503995
2.941018028870327
2.984750767645679
2.351763568788784
2.379707045112068
2.428821609442127
2.491077812677289
2.556439292204906
2.615590873229475
2.661459250449913
2.689648396661168
2.6988958758977
2.69180254091565
2.675053277064249
2.657975109516587
2.64873535718719
2.649257902754202
2.652716209859173
2.647759297777065
2.62697518165612
2.616537798053149
2.619367559976868
2.621362435634459
2.623744586351387
2.625355777214575
2.630177506900553
2.608848756541717
2.551091991298723
2.497262024634397
2.461593808792429
2.443190802058349
2.436718520327623
2.437777979618257
2.442126822244488
2.44511244125431
2.443801788628956
2.443286266539725
2.443405527912461
2.44364347472626
2.443910181855754
2.44359496611376
2.446074307726744
2.440358834147531
2.408519589203082
2.352701137907719
2.277097294572957
2.185819580516577
2.08338900967503
1.9753001315919
1.868302586116573
1.770229312404775
1.689398568131717
1.63371959650252
1.609667492169515
1.621342501166577
1.669907601937406
1.753675847300823
1.868804658096169
2.010055052629513
2.171026432027388
2.344009764055401
2.520004913959716
2.688933624570361
2.840291214040727
2.964262393006296
3.0528790805073
3.100810375162661
2.316328373052096
2.357498922354651
2.427479850768751
2.51197975226198
2.596681309754918
2.670713144260227
2.726323531199128
2.758070383968303
2.763364912279973
2.743837755172188
2.706589271434992
2.664379793501973
2.633003846884693
2.623946628920526
2.63422868688317
2.643201444091266
2.626900825768601
2.614197926409482
2.616684783385189
2.620097081715977
2.623921726866579
2.626545800702822
2.63146222248694
2.616710706904626
2.568404120534689
2.518286355876909
2.472158534753316
2.434420272507962
2.412005159651329
2.409483190925278
2.422852400690008
2.439467079355365
2.444675484315436
2.443379716631494
2.442924884409008
2.443423908565469
2.443836030233189
2.443653263147109
2.446333631018794
2.439745504394263
2.405378160088176
2.347402354570034
2.268829961051902
2.172539601806727
2.062009272110696
1.942076095078461
1.819417129013886
1.702576562009259
1.601485860263519
1.526511246098931
1.487124141820665
1.490368381450933
1.539468332703444
1.633164546790767
1.766321706269254
1.931498871205239
2.119998661459312
2.321542228677984
2.524042539401605
2.714293314250275
2.879978609320057
3.0117434001532
3.103700749087663
3.152708096683824
2.309830007517455
2.367871627173633
2.46078468299176
2.565487303303492
2.665534749502923
2.750842553409932
2.813527065437526
2.847183030812059
2.84823066982131
2.816914785066603
2.758240566925255
2.683902998865999
2.614091598190865
2.574124039963324
2.579411582766601
2.612928176532645
2.623256801633686
2.612985985316581
2.613460629096387
2.61941909821306
2.624841739029955
2.629793661720692
2.63410411220731
2.623081240417521
2.591599873097453
2.546386254203779
2.480745249193738
2.41072052819945
2.362815041650539
2.354424712899251
2.382976812624641
2.424987512664534
2.445074132331445
2.443524964861631
2.441972406442869
2.443127118381552
2.443850786873397
2.444023150271354
2.446643651638721
2.439914015575837
2.406187195614705
2.350038355741965
2.271734591314368
2.171812435274583
2.0520740545284
1.916475883772274
1.771715802333666
1.627378440581783
1.495512098894121
1.389595549704528
1.322969710738366
1.30685759709961
1.348133327857649
1.447328515712225
1.598075251704191
1.789167470371787
2.007833691675326
2.240052437561356
2.468774717357609
2.675944864019443
2.84763161013806
2.977370677902935
3.064530185979574
3.110137848958378
2.356372554658975
2.432065603356616
2.541814161685333
2.656735518410291
2.764170204622445
2.854986884426022
2.919433435870903
2.95069423759205
2.946345691503832
2.906588348316403
2.83288029504061
2.729949688492291
2.612237528758476
2.511804886368007
2.4748153950859
2.524871119820665
2.600496775166209
2.609484523803268
2.606002657309197
2.617647309413436
2.626438835581565
2.635919237465167
2.638740431464575
2.642652339213352
2.646793515925997
2.592380540219962
2.48304712975819
2.366701524247747
2.289059790569909
2.27291473860871
2.316759057920903
2.392501130731657
2.441352287731053
2.44341116139954
2.440047786359334
2.44265918110466
2.444024569436556
2.444912087770297
2.447039992052343
2.441625311470841
2.413775831602869
2.364836077935355
2.290942783485012
2.189509402161222
2.060238043544852
1.905986089992334
1.733445699083521
1.553420945908744
1.380412208856506
1.231407669506316
1.124067675986371
1.074565271297364
1.095065194020968
1.190549131560267
1.355543205632959
1.573853131372545
1.824557122507724
2.087663417182578
2.338208514209529
2.552285939916061
2.716590229928753
2.83083203993132
2.902750217277133
2.939775927466631
2.499890992930478
2.577537390162953
2.67740585791262
2.784817382980636
2.891786156101157
2.980807431020914
3.037612778033875
3.058420898195505
3.045643110514759
3.001481535468747
2.924575135768462
2.810428916351603
2.65717732288759
2.481001353386114
2.340918529923879
2.339379596731921
2.513069803006443
2.599074650828981
2.593363630105983
2.614861474208392
2.629148228844613
2.645690998924161
2.648126177739009
2.699117599391226
2.753512069084047
2.644346686026822
2.464293821938669
2.306075833245269
2.210615817087415
2.186173281321072
2.230354183704828
2.328163106037732
2.41971628627214
2.441467751167262
2.436565596899057
2.441986056415522
2.444540342597131
2.446626404860962
2.447594474723095
2.445967966722713
2.431716391122061
2.396076094835945
2.330643055138859
2.229682628637016
2.090776232371113
1.915607147116249
1.710836444060629
1.488549812311389
1.265781323868642
1.063032739412178
0.9021406504845204
0.8040397164184441
0.7866772315512286
0.8622596329747871
1.031812993287665
1.277449338793456
1.562867918064615
1.852943788046439
2.111466656135242
2.313305560091502
2.453264384792458
2.538935600254256
2.584933306692136
2.607414316609363
2.822579558782609
2.82692542656721
2.858414094497042
2.945458754387127
3.048282412187733
3.123029165550423
3.157165180047796
3.157404055735881
3.132580107056324
3.086671407169912
3.017356221736576
2.915271777693979
2.764162115452236
2.54789084834086
2.282873805946825
2.104416497248085
2.3282427675089
2.572431838813537
2.578128612445204
2.612192914362688
2.63317858601895
2.657710374410953
2.66692523457055
2.803794937110543
2.870455424018012
2.646086253680599
2.411904638396299
2.25547640073236
2.171656914645814
2.14200221762564
2.160612129088664
2.236713904259433
2.365899515537337
2.434400161453682
2.431911032280966
2.441557898050678
2.445868288897801
2.449609324872571
2.448449565073487
2.454182883867779
2.463584307338347
2.44707004475989
2.393071971565688
2.293609023586467
2.144565076568338
1.946728378634591
1.706987856633326
1.438746854707863
1.16120502177776
0.8977162946977386
0.6735678917153424
0.5135977709933169
0.4403247625045307
0.4729716284279055
0.6249094067358663
0.8909725678368052
1.220333862152702
1.523152904485744
1.756675444294739
1.91544278689678
2.015368163060928
2.068000551133994
2.082566818129415
2.07946067033466
3.459868343572847
3.17010870412349
3.069080652548317
3.143906604127578
3.230254467578484
3.265759322472039
3.260812190877808
3.234660163468457
3.196903242259354
3.150063555736128
3.092296739943265
3.016019714058401
2.905257047999864
2.734869064369017
2.471259917202485
2.129276642311447
2.230061067589423
2.560844827817407
2.582287215911716
2.616496395569273
2.63710614817972
2.660855943658849
2.680350690375609
2.864446903103393
2.821658602938592
2.541348864176667
2.365096483497671
2.274197993526038
2.227008611426872
2.200803046712927
2.189269470872837
2.202865214113932
2.329462402509486
2.430050118297226
2.431851219540039
2.443622256903727
2.449015138605481
2.454390523247299
2.449826341757241
2.467272527425782
2.511444314194901
2.51875170501591
2.477500627488836
2.378888922636229
2.218014322835696
1.995915396197251
1.720736851911203
1.407280418149031
1.075730636609218
0.7504096699958831
0.4584870323190233
0.2279953883354306
0.08513552428035882
0.05257542394700337
0.1516025205927223
0.4044752631052857
0.7957216588090503
1.074508604579828
1.221991280694228
1.302227849378193
1.353368078670607
1.382444851164388
1.379470831513914
1.325174449471429
4.521531206237364
3.591816973551926
3.361767350958917
3.38934027646257
3.402769911332732
3.373607330664356
3.328871527635298
3.281755929839555
3.234338509508453
3.186277253631724
3.137035114107704
3.083771462009789
3.019661120088813
2.945143485523843
2.895969226909354
2.86244709103391
2.719211106264213
2.624051398513891
2.635884381478971
2.638469745829013
2.640065082908493
2.644495399495773
2.669615169339785
2.592999859360057
2.466725781128959
2.467531459979489
2.455796354472315
2.434834182060884
2.418951319277894
2.407848570491239
2.411697608315509
2.425996928162297
2.448310394527606
2.451776932156526
2.448222236447245
2.453006939615819
2.455858703611541
2.461696077186776
2.452103167633143
2.485290764600658
2.574254986060435
2.60874065872478
2.579694292706509
2.478680094628865
2.302006671338393
2.053904496000668
1.745909102124106
1.394126457940601
1.017377086181691
0.6374193782382784
0.2802163453581737
-0.02394127099942219
-0.2432574505056785
-0.3499847767254838
-0.325286374072932
-0.1526794786083517
0.2409756331675372
0.446220475603231
0.4345014363703829
0.4218334069858713
0.4202536664875305
0.4355850717839395
0.4592522137611023
0.3360846928164632
3.958583939108842
3.67011140823275
3.570943772056882
3.507984684961331
3.451784063643736
3.396506411865106
3.343425324010598
3.292317239191871
3.242522527875882
3.193638045668801
3.1456090530054
3.098454417330712
3.052119603483196
3.007558121721813
2.973782087576645
2.943168079417691
2.851580452366389
2.723371688514744
2.68386605691606
2.656713029805698
2.638263606095491
2.620144493006828
2.603887020868505
2.526993037347689
2.499839881321502
2.507513871566847
2.508262345393865
2.503834345657305
2.49878441602715
2.493987350115797
2.492545625991074
2.490097954961088
2.475905028555336
2.462071497227992
2.458040883105674
2.460006861648734
2.462155979209855
2.469563380167332
2.454418420543705
2.506374761812072
2.647941483396099
2.712015206311042
2.69187619757035
2.580681250278726
2.380931540083487
2.10551461028997
1.771797038667573
1.396053575075405
0.9922868909538614
0.5751528153464361
0.1648128838591548
-0.2090500788361124
-0.5071768810762975
-0.6862280158017726
-0.7048392966764273
-0.5154898075602805
-0.02897843929406491
0.1940073176142944
0.1266844145850988
0.1288615502716277
0.1175089234222225
0.1081529928026402
0.09665952950374213
0.0997850868370844
3.66348189594862
3.570274142295292
3.518710728968448
3.470729238104143
3.426998520263455
3.381365177983219
3.334238466001949
3.286300844039394
3.237917607959414
3.189131389738775
3.139794452423592
3.089510147633187
3.037782947944313
2.984437286668579
2.932128716466816
2.879122918258407
2.808842167738453
2.734105801798778
2.693732369971617
2.661338544859406
2.637018085206055
2.614895485313369
2.595657233601409
2.556341877897936
2.528170532647081
2.51325725187042
2.499957362943597
2.488443510177353
2.479261407785414
2.472298801187543
2.468630428673306
2.467052378461728
2.464463812514197
2.461937629680782
2.461690993192767
2.464455177080774
2.467458615887618
2.47759676163866
2.456608806624456
2.52822205674549
2.728730914367282
2.823159988413279
2.801868748054614
2.66514869283893
2.432493937394655
2.131748707944205
1.785846135071008
1.40783990633397
1.003381284909586
0.5766578042408685
0.1377280723779285
-0.2893389334639653
-0.6594118170028531
-0.904877961814864
-0.9425344342929164
-0.6813387033605324
-0.02452321144785471
0.269451582101658
0.2035891209672581
0.2225365244929997
0.215283611610974
0.2026629521322069
0.174622998178311
0.1694830990420844
3.588461052325476
3.548706143990569
3.516711453980332
3.47311135454752
3.429138690137616
3.382807166839828
3.335299501711138
3.287182374799037
3.238757612610991
3.190095282011334
3.141141952203558
3.091694107327366
3.041478555847138
2.990111343415905
2.938035981585061
2.88263108719248
2.815271055804224
2.745146792872189
2.698374236097099
2.660612800141694
2.631641935940802
2.606456004220573
2.584250494525524
2.555508933596032
2.533202258838558
2.518441438025934
2.506067648430133
2.495570053987153
2.486831985300565
2.479706363138117
2.474515556811951
2.470673849665998
2.467099026953722
2.464646772786212
2.464630287111845
2.467890056231481
2.472036839303895
2.485956278687895
2.45877264959402
2.550561463501298
2.819743543298355
2.937075937557176
2.888464651239324
2.702404225188531
2.430512626337861
2.115425900802942
1.778607279690256
1.424517995186788
1.049012725007686
0.6463756288116048
0.215675704462001
-0.2301843818222113
-0.6502352403327455
-0.9604798222468508
-1.035426831458596
-0.7450285544925604
-0.009632762598327195
0.2641957997901372
0.1841352280027441
0.2036741912451562
0.194257010744556
0.1790581408694241
0.1478497024528314
0.1562481448706892
3.588501248983258
3.548759488282648
3.516778983650791
3.473192382697325
3.429233973283139
3.38292454941557
3.335453592652315
3.28739718012034
3.239071430780071
3.190568690393531
3.14187052980399
3.092831218395943
3.043258565885795
2.992745567943046
2.941450158711223
2.885085866428288
2.814429909195915
2.739195539827029
2.690577878876226
2.651406989286941
2.621885046933843
2.597252227509854
2.575950306703805
2.553331419369199
2.534508319570852
2.51988095387519
2.507372194735956
2.496646188479468
2.487511867334926
2.479846855005623
2.473764707530558
2.469069580699853
2.46545146985423
2.463562754384264
2.464297158185187
2.468801245370836
2.475162974204058
2.495003916881613
2.462226485403619
2.58602106861549
2.937957894632437
3.03888909538485
2.911525450489914
2.654818939326373
2.354246865814197
2.049894160184403
1.748781140391833
1.443395970396604
1.12249632636972
0.7755442184482704
0.3950367876793385
-0.01884090221252655
-0.4450779160691392
-0.8151941706544185
-0.9863101670270127
-0.7641498782293198
-0.009657413376554017
0.2711684137108242
0.1917992353124556
0.2151063027109721
0.2057416927254234
0.1874628852541277
0.1502041499922756
0.1488961735556933
3.663192604765727
3.569989517774456
3.518384077368536
3.470398789086099
3.426673385295119
3.381068118913824
3.334012509733575
3.286221484322878
3.238114258506865
3.189823152595557
3.14135504235246
3.092570856572892
3.043322982049954
2.99336864796303
2.944144103617868
2.887557979793355
2.805780416383315
2.713214410096289
2.668215619397951
2.631997944771244
2.605773900475257
2.584399647952905
2.565976879285783
2.547988204650553
2.532290764528204
2.518972192826713
2.507192385286799
2.49674865050756
2.487497663346323
2.479370334241499
2.472447318587935
2.466764263303094
2.462433803326339
2.460162593131486
2.460923552131228
2.466481111711953
2.476053401046
2.504695756810801
2.472421613389461
2.678722160201111
3.096125650206853
3.071255268207625
2.808005763750758
2.494070998822404
2.204563589502031
1.946039209246968
1.704291671254
1.464020710476604
1.213044869288412
0.9422223077291132
0.6447079183782591
0.3148767146221007
-0.05055130732987698
-0.4356139845089188
-0.7476706804931617
-0.7369216668171228
-0.05176995568510413
0.2713035253094643
0.2045164475145324
0.2327607974009961
0.2243333588133913
0.2021131911228174
0.1569664457821702
0.131567284609631
3.960058924813341
3.671766350767672
3.572649256438639
3.509771227358056
3.453679439896779
3.398555456223172
3.345693282062051
3.29489936378662
3.245556137405644
3.197310078158928
3.150171194541731
3.104303157508551
3.0601528277134
3.019680098081722
2.993254181888341
2.96351763270597
2.866332689118463
2.69059568956206
2.641528953082335
2.607449486190266
2.585684630176969
2.569034226577955
2.554625954411896
2.540767876480317
2.528002499536987
2.516356051554908
2.505531122855924
2.495460566094521
2.486101069226436
2.477446125138398
2.469587375007909
2.462673348487455
2.457011867480939
2.453392473461986
2.453048426354822
2.458577143542516
2.471542425389979
2.510538728207386
2.501467533695951
2.870358769443281
3.197148666806284
2.900666480618697
2.528487910433171
2.237465939566324
2.015712973552938
1.829673346296615
1.657247559155077
1.485725555556344
1.307334201773035
1.117253019900345
0.9131713980795703
0.6940015543483864
0.4525257480857343
0.1603146113457138
-0.216903854730188
-0.5492727948401392
-0.1857564538880916
0.2525902170964453
0.230623096901981
0.2673267920759509
0.2633420125198975
0.2402638322349183
0.1861505393415853
0.1061236264268988
4.51852464663623
3.589214999673266
3.359324798973887
3.386832292751318
3.40009246460924
3.370742057262945
3.325851477560424
3.278677096680452
3.231394028288604
3.183811838773441
3.135792656908465
3.086057801295874
3.032696849520987
2.984894427074166
2.977997363312701
2.953895172219941
2.664374033801109
2.537816801540794
2.559993276213785
2.560210857717081
2.555579830955177
2.549332868387948
2.541405573223654
2.532222624325298
2.522569355512302
2.512824935666915
2.503094058811754
2.493461242472112
2.483981503078551
2.474699041383345
2.465692100542975
2.457111478624914
2.449263442018609
2.4428538904418
2.439121052344896
2.440883771621777
2.451488372105763
2.488054005340818
2.517663418358251
2.957709345512613
2.87709082418837
2.409849490662817
2.13621982457042
1.971005605069642
1.842899800319778
1.727943106674432
1.616915727647448
1.505102679725124
1.390043809673935
1.270539221081734
1.146800102502261
1.022492494396618
0.9067357172871019
0.7974623246440633
0.6066707682751368
0.1252101205547209
-0.2182171340889085
0.2436825860389499
0.2882613139288477
0.3220073177842906
0.3145496405389163
0.2769351966168335
0.1691485182911736
-0.01546132195930837
3.431602817945576
3.141810892025344
3.040454086157931
3.114515980609477
3.199759151712096
3.233975184899559
3.227668865760875
3.200166052863322
3.161189774185748
3.113680023681298
3.057212082987461
2.987976388709608
2.896562167810724
2.759917408378281
2.517183426819511
2.106015035825892
2.059261461891707
2.452292465547666
2.480161447696598
2.515494796798866
2.527576288310089
2.531202444623078
2.529285390953068
2.524217128911265
2.517308465135498
2.509299603901963
2.500560390040312
2.491305606917495
2.481633313089626
2.471592884819303
2.461203012361422
2.450477254255861
2.439457730550079
2.428302240860728
2.417261102892216
2.406945584873725
2.397265002264069
2.391715858530072
2.411392607982226
2.258187413892717
1.90609069212874
1.872239051526355
1.863213782257
1.802408577747721
1.729943067368486
1.658695912909844
1.58773151556779
1.515904646667877
1.443454682096969
1.370859501729941
1.298170306385605
1.225555886060813
1.16048968923502
1.136497239744281
1.202429922535901
1.186027663326893
0.6062039577756718
0.4122143713776538
0.4441064788320394
0.4407442570337415
0.4365271345827941
0.4400040156030003
0.4486773254298086
0.5873702239958178
2.747161473167691
2.750992910155693
2.781438209772641
2.866878137624737
2.967643055376472
3.040059653438891
3.071722216289158
3.069333363841847
3.041607725251155
2.992510567695769
2.920130086456479
2.815586887292793
2.660197510020904
2.425810972945353
2.107075161734781
1.851526521271911
2.146347270071344
2.471084649195536
2.464700180204789
2.500898251322986
2.514180304833082
2.520513890141057
2.521228077068968
2.518482181787279
2.513369226502444
2.506608250525685
2.498605400162673
2.489591268398516
2.479665640516723
2.468840772262605
2.457028068274447
2.444061469865025
2.42967088439029
2.413431499121303
2.394553168371975
2.371546626641201
2.341037597354779
2.294755949787727
2.230149198982796
2.018134409484307
1.898905643995414
1.856594860987997
1.818923567024076
1.764214794839805
1.704759085490213
1.643251412657843
1.580546541369048
1.517221779991761
1.453862657239383
1.390988436610052
1.329051369519413
1.268484145490688
1.21061707528794
1.159818396219719
1.131097236984955
1.082731354600934
0.9304631877497356
0.6663969514002522
0.5948281019368817
0.5499156611264354
0.5313854281471762
0.533771257178862
0.5615619994113642
0.6454378408382755
2.360813771115336
2.437703602458581
2.536116325635844
2.641395544565211
2.745661543034091
2.831566179124381
2.884921033268359
2.901782013434231
2.884004586023986
2.832670291092023
2.744292583023604
2.610177612577449
2.421152536146896
2.186565423446848
1.977317501737775
1.963030684622758
2.323491151955144
2.500250696802956
2.473714459708043
2.499769523846084
2.50944869697216
2.515385342251431
2.516860584303442
2.515232051503006
2.511170214562809
2.505216588801585
2.497705536282977
2.488828270070325
2.478651384383947
2.467127528531384
2.454085758510154
2.439234367478578
2.422128976100417
2.402126825871266
2.378270412908392
2.349098857140161
2.312439413935774
2.263240035301859
2.203518874094642
2.090437796590017
1.989452930665264
1.916436825406488
1.851802087963827
1.785280067225033
1.718479217291534
1.651360915423461
1.583994546570875
1.516418376323276
1.448777647793964
1.381280817150391
1.314205411144688
1.247960215657149
1.183375631657573
1.120773377159692
1.060242872639332
0.97986469758915
0.8532359128528824
0.7189858303321609
0.659071151441788
0.6180022774797531
0.600464208294536
0.603368485792529
0.6305444896148753
0.6838399908489194
2.1423904600633
2.217551705727723
2.326192028885753
2.439322578560285
2.544215611376454
2.631699261404347
2.691905114430549
2.717613237543165
2.705373897878424
2.653267067378105
2.559038457912326
2.422309829243189
2.254000002886001
2.093124746603523
2.017785978669671
2.116833845713037
2.411469679536907
2.511991098872169
2.485356810946166
2.502995787503035
2.509491297552214
2.514247032472007
2.515649358635101
2.514427625267849
2.510898919353234
2.505412884556575
2.498203673451456
2.48940348917756
2.479030415365144
2.466977109743729
2.452995149760422
2.436684400640323
2.417462695949589
2.394523807427213
2.366772200759286
2.332701726582564
2.290466867711082
2.236620124079672
2.172168345844653
2.08203377979355
1.995729281125603
1.922314947102229
1.854061819893126
1.786187295072059
1.71871897621818
1.651344650522982
1.583987236818762
1.516601619558465
1.449205984908875
1.381842642726506
1.314560844430838
1.247396369054156
1.180446316330823
1.113281558520745
1.045165890228086
0.9670180425732562
0.8689569772775955
0.7705921165222668
0.7096485454924454
0.6679897051597662
0.6489274360803515
0.6504114817842572
0.6753607057060594
0.7227583801356142
2.014715543978279
2.073162851763731
2.166547694717848
2.27131692520643
2.370468219807857
2.453332269472617
2.511421763584634
2.537603752827199
2.527172920216456
2.478505028291759
2.394067340369431
2.28389861214522
2.171629233317304
2.097581330173677
2.108064817460821
2.228172252483869
2.446794623430119
2.517261884840338
2.495717365956192
2.507830136260861
2.51228147612547
2.515930676899407
2.517020313182663
2.515873619861248
2.512579360665399
2.507343080799858
2.500320492782197
2.491596740548638
2.481151148835239
2.468831224913183
2.454331047377717
2.437174169460731
2.416692469857647
2.39200860380816
2.36202929053164
2.3254239978955
2.280822242816045
2.22626922026958
2.162515365334155
2.084394254831657
2.005780320187096
1.931904992174684
1.860778926345806
1.790732132325497
1.721595044514192
1.652993102590105
1.584719963222468
1.516596939229772
1.448486562485326
1.380266166814233
1.311806116249141
1.242927621363814
1.173431334222872
1.102779861917942
1.030414866379387
0.9532646709640877
0.8693681864318481
0.7894934556534218
0.7323887943522488
0.6930270448953918
0.6739985742646371
0.674201249138056
0.6953396563373119
0.7353526661310682
1.938647627112049
1.982135424868282
2.055910472625289
2.144589435718067
2.232387125832125
2.306792627854471
2.358539248833914
2.381074376127798
2.371243950918206
2.330735334905097
2.267774201557465
2.19872312312834
2.147775123761611
2.141185259545819
2.195275137244459
2.307819905944151
2.468420855771897
2.520961538329275
2.504608566774607
2.513338779583296
2.516742880234668
2.519669962362395
2.520510962780603
2.519338430506853
2.516128588078063
2.511013732874555
2.504117750450567
2.4955105659519
2.485157010055968
2.472880187278705
2.458333520460606
2.440978901735245
2.420070891892476
2.394655064327563
2.363597043160308
2.325635545877418
2.279622494955541
2.224415420699293
2.160691987001925
2.08737739478337
2.011779893326413
1.937522180543927
1.864870756891797
1.793504695604511
1.72331091931715
1.653951007313146
1.585143379547134
1.516609381829212
1.448090904246106
1.379330607419493
1.310047579436016
1.239908023761615
1.168563005818591
1.095558862028313
1.020695732749579
0.9434954004842513
0.8651241091129312
0.7927306948507784
0.7371312117672575
0.6986119304422809
0.6793740588304736
0.6785373396411166
0.6959086479360997
0.7280167775639825
1.894795837848613
1.928196303873228
1.986702165575189
2.060291446542425
2.136044636995329
2.201338700920933
2.246168727558776
2.264508180987058
2.255543251615762
2.224896914516937
2.185070024070922
2.153924938961485
2.150186810414144
2.186359079671435
2.262656396165061
2.367829003784147
2.488550946845735
2.525237077117268
2.512751135345024
2.519368803668925
2.522600010094172
2.525341834326617
2.526166531485191
2.524985457013881
2.521770409389108
2.516671591989921
2.509852616931401
2.501422018602139
2.491371342868661
2.479530958109016
2.465535722462197
2.448797010235882
2.428483775892909
2.403522986620749
2.372642281091307
2.33446767629064
2.287791994290218
2.231735578079832
2.166894009005538
2.093942378162793
2.017907799070445
1.942140028229633
1.867854361342293
1.795263270879342
1.724235698700366
1.654381554224104
1.585303920713796
1.516614597230217
1.447948640732539
1.378931597951446
1.309140322469887
1.238065095671228
1.165140105272891
1.089794849690385
1.011867793867559
0.9318714314758548
0.8523817930318592
0.7798449910694408
0.7226170817476189
0.6834847651681559
0.664513806278396
0.6645511882614795
0.680742817745318
0.7064222919467911
1.87376459459869
1.90191237835941
1.952103277762877
2.016707279689734
2.084702139347344
2.143952023827279
2.18424402161859
2.199934462449131
2.191828212587304
2.168071823253088
2.143248668485302
2.134727083681248
2.156621663100572
2.214083217633063
2.301578823070019
2.405403128134058
2.504652862701862
2.529731511601413
2.519440553195423
2.525647231090067
2.529566499727419
2.532747616835216
2.533843881212378
2.532711348149934
2.52942064661195
2.524237212627347
2.517441281099377
2.509238509065596
2.499691294830996
2.488670173858081
2.475813599657833
2.460490598544009
2.441768318166198
2.418397421694335
2.388845202883426
2.351411275145529
2.30453302709082
2.247149223371537
2.179733878911998
2.103853483407471
2.024601027532448
1.945938056029477
1.869572916858259
1.795756503923957
1.724139192034987
1.654120085861592
1.585117740990827
1.516617558788135
1.448159782319222
1.379271286677612
1.309387789006005
1.237774863894074
1.163520650794928
1.085627863573162
1.003518156045855
0.9177787532460393
0.8318235568764563
0.7531640465055169
0.6909234672796083
0.6496915463710325
0.631855704318657
0.6359419021402971
0.6564717754890703
0.6816581585458519
)
;

boundaryField
{
    inletLower
    {
        type            zeroGradient;
    }
    inletUpper
    {
        type            zeroGradient;
    }
    outletLower
    {
        type            fixedValue;
        value           uniform 0;
    }
    outletUpper
    {
        type            fixedValue;
        value           uniform 0;
    }
    sideWalls
    {
        type            zeroGradient;
    }
    topBottomWalls
    {
        type            zeroGradient;
    }
    frontAndBack
    {
        type            symmetry;
    }
}


// ************************************************************************* //
