/*--------------------------------*- C++ -*----------------------------------*\
| =========                 |                                                 |
| \\      /  F ield         | OpenFOAM: The Open Source CFD Toolbox           |
|  \\    /   O peration     | Version:  2506                                  |
|   \\  /    A nd           | Website:  www.openfoam.com                      |
|    \\/     M anipulation  |                                                 |
\*---------------------------------------------------------------------------*/
FoamFile
{
    version     2.0;
    format      ascii;
    arch        "LSB;label=32;scalar=64";
    class       volScalarField;
    location    "5000";
    object      p;
}
// * * * * * * * * * * * * * * * * * * * * * * * * * * * * * * * * * * * * * //

dimensions      [0 2 -2 0 0 0 0];

internalField   nonuniform List<scalar> 
4096
(
1.783103294429879
1.77592188964661
1.761166847593706
1.73603431023698
1.696219386846592
1.637342469469979
1.55669941819842
1.454253870441446
1.332784491237346
1.197644494633022
1.056364504355449
0.9180239848238345
0.792315297432344
0.6884041709861217
0.6138366695243007
0.5737721476338042
0.570745361620286
0.6050189579303823
0.675427218885609
0.7804756640715202
0.9193721237494078
1.09263793899969
1.302020893482928
1.549640119723451
1.836568456863829
2.161236466972975
2.518082571725702
2.896880978190083
3.283135099002447
3.659595447305531
4.008342457442212
4.31260197549526
4.557919843934101
4.732879184275527
4.829462079207625
4.843007871136481
4.771995048845056
4.61810484616461
4.386687831738981
4.087215304890974
3.733207890238304
3.341458380846102
2.930673632766894
2.519771945707975
2.126093142172552
1.763805858531648
1.442799621672303
1.168261531320057
0.9409637901417248
0.7581075388522323
0.6144620078258454
0.5035340562061819
0.4185745076507085
0.3533243334021741
0.3024845701905985
0.2619405487284367
0.2287861934743911
0.2011929323294861
0.1781679108600839
0.1592578572998655
0.1442712876393139
0.1330894151226681
0.1255955152776323
0.1216906334558782
1.821293543437151
1.820370646522402
1.815436570432794
1.800304366163182
1.767678143664536
1.711863367984914
1.630299374898128
1.523747232962708
1.396036132229968
1.253766176613828
1.105794656417213
0.9623470449038697
0.8338402240003774
0.7296522558107726
0.6570923427833615
0.6207773165771059
0.6225332730056756
0.6618257767505444
0.7366046270571561
0.8443619290517128
0.9831621800424618
1.152391288228523
1.352967583077543
1.586826441733839
1.855721587237166
2.159650808493304
2.495295499470013
2.854846213092597
3.225817754393286
3.592189589406201
3.93648836118096
4.241825551922941
4.49304475468964
4.677160112260082
4.783757094016165
4.805355290229651
4.738053093789872
4.582555146525733
4.345005263430034
4.036976728494595
3.674547846233926
3.276788138568424
2.863955939722269
2.455593350477905
2.068723638450225
1.716433121378037
1.407097756492039
1.144356411658194
0.9277286538993873
0.7536348980155682
0.6165465540967234
0.5100501297031362
0.4277006985591756
0.3636240902564447
0.3128830412213169
0.2716481562348913
0.2372172234663104
0.2079168113411877
0.1829100236168484
0.1619356715423007
0.1450231472378118
0.1322536158280628
0.1236388362379373
0.1191296464364378
1.895283369806911
1.906659929067902
1.920364888039862
1.923140727689464
1.902780935958012
1.852068422958799
1.768793440918987
1.654819025483758
1.515759674951765
1.36064823374097
1.200926874952695
1.048900846039257
0.9161343829198708
0.8121534215440644
0.7436303814741667
0.7140924814791524
0.7241051747928672
0.7718287529778629
0.853822968192395
0.9659708529605742
1.104417377623192
1.266458318892965
1.451257404036202
1.66006264360676
1.895547594164796
2.16030756307613
2.454944719580127
2.776195384819648
3.11590735976943
3.461152495330519
3.79565080748607
4.102140962565807
4.364049472740457
4.565459379143903
4.691203102162055
4.728032477314874
4.667412997930031
4.508564581265526
4.259586430329001
3.936200079444607
3.559220627866899
3.151820545934333
2.73696520507221
2.33511757065089
1.962433378474183
1.629756474979094
1.342558173806985
1.101670471989515
0.9044644696974758
0.746113357585759
0.6206957487997221
0.5220367509015476
0.4442852138412936
0.3822729658932966
0.331711993307027
0.2892787428360282
0.2526224622630286
0.2203182790677925
0.1917645739697305
0.1670057716545174
0.1464675171203219
0.1306423783608616
0.1198434216591692
0.1141590511882928
2.009616018748393
2.039795217881829
2.079250182464533
2.104238659890439
2.098490407821544
2.054200583319986
1.968892103800058
1.845022170194341
1.690685957617303
1.518755460610583
1.344490612768721
1.182875795168517
1.046559517372839
0.944685549222928
0.8825799534283828
0.8620662698533247
0.8820922535075943
0.9394105032073056
1.029212902697245
1.145744399161711
1.282962867258183
1.435375929471316
1.599249671224648
1.774002053954385
1.962712129405597
2.170863132616075
2.403725614779741
2.664344711196791
2.952131504055434
3.260870880276161
3.577425731015043
3.883575564665056
4.159867291093001
4.386143448550132
4.539606089807931
4.597775309871598
4.54569051485774
4.381589978371721
4.117203505666585
3.774269756761772
3.380089958309193
2.963350425196876
2.550426171020398
2.162443895345506
1.813606368017652
1.511058626932627
1.256042015373244
1.045693494455596
0.8748389022324868
0.7373868874007226
0.6272247692793265
0.538703694808466
0.4668583969403665
0.4074851039521496
0.3571553326237028
0.3132066795209054
0.2737328311155167
0.2375845844527243
0.2043745236970591
0.1744407418730426
0.1486896193843262
0.1282590041412847
0.1140731000873253
0.1065611092852101
2.177423803285424
2.230128999039951
2.294497345914739
2.338622560286114
2.347240210926147
2.311066425557523
2.2243455848362
2.089431853707927
1.918218842331396
1.728903626082804
1.541289605143714
1.372938004368506
1.236854551067712
1.140760687519687
1.087661880359685
1.077095043260888
1.106349073168921
1.171196673033885
1.26611171389043
1.38429940214671
1.517890814121568
1.658492399962051
1.798487917012688
1.933658949355694
2.065797928245774
2.202386299009191
2.352388085929449
2.526285125491247
2.73503009440383
2.984877464911612
3.270642940005426
3.573238766853216
3.866300447992814
4.123219130451468
4.309616542672578
4.39117197621549
4.347320579396859
4.177292656276935
3.897521193601006
3.536384163399875
3.128604095134766
2.70927331344162
2.308198105948975
1.946040698815222
1.633280016426843
1.371753226151392
1.157554903988569
0.9839651333360178
0.8436074978537691
0.7296585376738319
0.6363132040547328
0.5588195572391343
0.4933389786913502
0.4367816592761841
0.3866786381965444
0.3411024568451541
0.2986347598117055
0.2583864017026669
0.2200801829818313
0.1841762736660813
0.1519413474530295
0.1252839846873567
0.1062099049822922
0.09602017330858689
2.431443591443555
2.493758941172569
2.561014342466629
2.612935897002406
2.636333480334498
2.610850229983054
2.523692910254359
2.378885949800428
2.194022410677955
1.992934961820925
1.799309546241415
1.632190241117522
1.503582769843574
1.418461735196577
1.376587394697845
1.374913134678947
1.409440586105252
1.475891148630206
1.569226814904723
1.68270261210765
1.807410861921988
1.932711765427189
2.047347436342312
2.141877144439824
2.213538766178417
2.267792010015719
2.314615199538177
2.373627268205671
2.470788092381633
2.630291266976829
2.86370721280252
3.157188331221915
3.469996307645309
3.758590958895948
3.972630729780186
4.069953081934455
4.031683539142993
3.859873635544029
3.573316581646164
3.205172423630005
2.797492131674798
2.391865989776798
2.020365458091785
1.700903233059631
1.438026537532335
1.227140290450155
1.059330866276309
0.9249756707148513
0.8156751235677733
0.7248671059904723
0.6477050386381807
0.5806655133388937
0.5211501148151811
0.4671852515723075
0.4172322268007392
0.3700826643122828
0.3248113883875623
0.2807793353314103
0.2377161038541577
0.1959344360409768
0.1566671703228972
0.1223405408557738
0.09640838549556105
0.08221560992865437
2.843856621755682
2.84271397080111
2.856866042381739
2.907686640085377
2.949443851643657
2.933584171966408
2.845953440606696
2.698002042852754
2.512300800785489
2.315142293312426
2.131360116903668
1.979345521446996
1.868403750924451
1.799771048050565
1.769792527313988
1.77328778209445
1.805779551191453
1.864037413691817
1.944918439528556
2.043111986482077
2.149482574570778
2.251992346379369
2.338526025498202
2.395978317163915
2.413143716663132
2.37819863565422
2.303097372006147
2.22193308540154
2.17609884143397
2.207080875646691
2.351191443295604
2.620629150383547
2.964338935833553
3.273171007714052
3.485459904829094
3.575322874680242
3.540312410667693
3.381023110117023
3.110532912947606
2.762483768455399
2.384442678086002
2.022310094979384
1.707045347758767
1.450604712507916
1.250178813174563
1.095426276451434
0.9744157232245421
0.876868654467727
0.795171718176975
0.7241648494566955
0.6605066199818781
0.6020456100076076
0.5473501330665506
0.4954075988760459
0.4454549723438763
0.3968943049964985
0.3492528612662187
0.3021596193953058
0.2553492429184995
0.2087989048049589
0.1631876985036912
0.120705853273461
0.08577663125817429
0.06505217367318487
3.543365359220903
3.257870260906511
3.152675812314784
3.21017251997021
3.262295567561122
3.242095798075916
3.156195349452176
3.024784112048964
2.867042831913118
2.704113720115291
2.556961893012769
2.439843995890186
2.357916033596913
2.309236804849158
2.288464649729378
2.29011340750616
2.31043907119475
2.347846696339815
2.401733965094512
2.469505138300906
2.542825602477828
2.608650500424213
2.658213155059508
2.68517310760788
2.667300962468711
2.534932164493712
2.32387211166762
2.088077481891253
1.879731821471838
1.750062735698886
1.754048033458433
1.951192375172453
2.349325788963316
2.639703929368885
2.781798328126264
2.827836063360884
2.798335953354716
2.678434464434741
2.466609629089374
2.191025000075724
1.897066171897865
1.626352576493286
1.402127873657182
1.228266127835903
1.096788034412854
0.9959165087677647
0.9150078771019231
0.8463068872591853
0.7848450823352444
0.7276868834856248
0.6731744855973838
0.6203807021789931
0.5687687430834395
0.5180001976249651
0.4678366608303191
0.4180975710154338
0.3686472230103413
0.319377005105311
0.2701366548505579
0.2206475453069092
0.1707650367674376
0.1217208907292516
0.0776876511283896
0.04550613138587489
4.640242333573471
3.714669480463405
3.485692982609306
3.509954325454051
3.515588672622133
3.472925984169998
3.407633815254416
3.332737381025764
3.252881200272497
3.174033957314897
3.103853854650788
3.046315998477164
3.002731743885826
2.972070870522014
2.952258285487894
2.941258137224505
2.937695159942093
2.941079002917636
2.951538729114845
2.968387614606921
2.986010327694646
2.995915575302729
2.990744922795353
2.999387220086768
2.95499319270448
2.717178768219213
2.375588172718997
1.988685197109898
1.615456847489384
1.318055500222024
1.156530598806329
1.194908406071344
1.578103069038261
1.79610835320461
1.773056416070175
1.746242991218663
1.719655278770909
1.67047264358901
1.586254289249893
1.476305479367573
1.358982213229307
1.249734913918013
1.155177631166799
1.075362501556941
1.007228435781665
0.9469073724727666
0.8911970453307998
0.8379721341485993
0.7860171281379957
0.7346974648215523
0.6836977977143874
0.6328655382119974
0.582127457555852
0.5314469558214174
0.4808030514517823
0.4301829105801678
0.3795860388822381
0.3290308310958356
0.2785132175715163
0.2278182883090981
0.1763938170036856
0.1244597314402397
0.07769290314921895
0.02943651043096992
4.086766137886982
3.797938207402931
3.699227413174052
3.636242146078251
3.579987026875873
3.524690111229436
3.47177020814701
3.420997534453069
3.371836376430709
3.325264583234636
3.284060894465476
3.247759664677567
3.216761709588258
3.190839033651508
3.169740791539975
3.153118184828573
3.140584722798988
3.131743971879223
3.12613411700821
3.123381250079005
3.12154869511468
3.123170339519461
3.108788372354654
3.154948212404008
3.14992470865917
2.886137880914545
2.458794466151698
1.941449767581732
1.413443964370025
0.965616200530395
0.6950538062663172
0.715211488235204
1.201931452824352
1.46036860557574
1.381967828429833
1.378023955042628
1.355859944643834
1.327779496963269
1.290315889641895
1.244044634486957
1.193854963251402
1.14336594912206
1.092877007270755
1.042216438479844
0.9914708273166608
0.9406542460662827
0.889804555689759
0.8389384192450856
0.7880731825940173
0.7372182525587719
0.6863747837520203
0.6355397418385931
0.5847088880265124
0.533878725626652
0.483047156107885
0.432213467216684
0.3813785807523802
0.3305452572310169
0.2797155418023224
0.2288633588630973
0.1779297303573739
0.1267408941074746
0.07663529273072991
0.02573466942074316
3.788844775051352
3.69575234962604
3.643834062092191
3.594391141176597
3.54797454246696
3.498085410786385
3.444972711828175
3.388965042063654
3.330650200745222
3.273411127568695
3.223881679583689
3.181399745072789
3.146829504792619
3.119533756246256
3.098840197802935
3.084008581499182
3.074405442465478
3.069536389738197
3.068879868302366
3.072092083739416
3.077011310753057
3.08850446353153
3.075411493933764
3.167291979688692
3.257681467112254
3.03451487669903
2.573829909037946
1.961230919187088
1.306362156775716
0.7438486583416164
0.4258836521404282
0.5197259599832827
1.208088258071458
1.558830318390345
1.482889257894324
1.495730506717928
1.473973131480015
1.438147871577844
1.38603755332253
1.318727469862712
1.247134118757858
1.17934994827385
1.116047489500896
1.056349033029746
0.9996068325575767
0.9449799731059045
0.8918022112977935
0.8395550445297646
0.7878869139434391
0.7365735864478367
0.6854775141616609
0.6345162420196335
0.5836403485997169
0.5328197479514379
0.4820355611955849
0.4312755668643161
0.3805317833286074
0.3297979853854801
0.279066477318315
0.2283177020177577
0.1775605961535462
0.1267773331330141
0.07657185124006269
0.02620383890547575
3.715532807326188
3.675861693429141
3.643696313783952
3.59935537740982
3.553991060880918
3.505269718541999
3.454166781951426
3.399611719050594
3.340043708621269
3.280168264260924
3.232154888189218
3.191578364883423
3.159177216862031
3.133599938654724
3.113998680355113
3.0996245335173
3.089931099216477
3.0845526158963
3.083118489089628
3.085616501381568
3.08988271540258
3.102941973574582
3.080587441619335
3.172249706944036
3.341682661568468
3.177116762493809
2.715695801633744
2.051871010530662
1.321180189692291
0.6881350491831935
0.3436748314018226
0.4808020843287031
1.243631671182623
1.556565244055679
1.466453429902681
1.480385711902702
1.45876522269557
1.423232308548829
1.371465382444623
1.29929545431011
1.225026315826951
1.160785140045207
1.103066703815736
1.048035108026376
0.9946711123530061
0.9422269496412919
0.8903829850144862
0.8389096846064927
0.7876736024066187
0.7365934455359333
0.6856178968311714
0.6347142496777569
0.5838607512925869
0.5330424940705767
0.4822490280065405
0.431472925031623
0.3807089516672733
0.3299529456426881
0.2792012957741377
0.22844457267256
0.1776972277156628
0.1269405158942653
0.07647260743523407
0.0260541047492308
3.717386709471949
3.677545923228665
3.645516187931998
3.601748094742574
3.557390967562254
3.510116852503725
3.461040926634027
3.406241918530904
3.33915397549296
3.268111976393823
3.219023623758684
3.178731972886442
3.148085511148888
3.124462556171674
3.106570776306125
3.093521138860739
3.084806100126146
3.080220264735653
3.079650217429607
3.083548034899563
3.089995771150327
3.108586065053523
3.081655689227707
3.196661489538813
3.451138388756787
3.319672442760538
2.855865563242531
2.192786798398408
1.467906145561659
0.8194450348829327
0.4283007620855475
0.5193358203605364
1.271668382711852
1.572405092923532
1.487257215979122
1.505081483484246
1.485343655805944
1.447984571560488
1.391784568573776
1.300265356810326
1.210516385652816
1.145706481855219
1.092761267386857
1.041418789073132
0.9905381832571362
0.9396263115201533
0.8887448018107829
0.8378704694656907
0.7870058628190598
0.7361556359387829
0.6853240008808925
0.6345117811806248
0.5837170929375776
0.5329369859010114
0.4821684209018181
0.4314087071379927
0.3806557316972456
0.3299074641439114
0.2791618635945327
0.2284107942123541
0.1776699342705307
0.1269207358411125
0.07646371518536592
0.02604707770654963
3.793333842871805
3.699579671590044
3.647715316139627
3.599784304201928
3.556351962602631
3.511162231881179
3.465877284952425
3.411490866796616
3.330930205339667
3.239342035800136
3.194233293076713
3.157889581639243
3.131785094313473
3.112009425480264
3.096963107281227
3.08582220370996
3.078278350100216
3.074428608270553
3.074593088834563
3.079948584412657
3.089612755170144
3.116298775769183
3.090254644105966
3.276790449804732
3.599679957799356
3.411071059622196
2.92524055583558
2.334979567259305
1.730710467680107
1.157270641388558
0.7090447615295656
0.6276373189379054
1.267726996001006
1.583890360931959
1.517372378294148
1.541505850722462
1.527625795680771
1.492018879139747
1.436330096780427
1.308533358486697
1.189173612992878
1.124800920313777
1.082241579712827
1.037257338891864
0.9896706387615947
0.9401451424849588
0.8897390320471305
0.8389151137097688
0.7879164314774394
0.7368763896009249
0.6858625310158868
0.634900742884142
0.583994155904671
0.5331360759014913
0.4823169463936555
0.431527528829743
0.3807602068244622
0.3300082446200737
0.2792633380641336
0.2285054003445559
0.1777430926484339
0.1269546438718667
0.0767450394636036
0.02628988505530707
4.095701644546356
3.807231569165091
3.709574907769444
3.649844845712765
3.598943685724493
3.553321398690621
3.525050589533192
3.493776909758546
3.395682268257228
3.215779933442628
3.165386638165749
3.131083948961772
3.10960144392379
3.094373615002185
3.082682133988131
3.073673580326575
3.0672118051878
3.063717928554087
3.064016238299044
3.070214976290333
3.083667296139816
3.120370459318124
3.116642062661979
3.449117355740121
3.69250162074433
3.321145749794388
2.850789185591178
2.429206585801389
2.05160684907568
1.677624568134476
1.261319045985249
0.8986586711394376
1.178982084153628
1.57756979801014
1.560677014772247
1.594148260969545
1.587339163902875
1.550389100943996
1.484269907881311
1.23080752547412
1.085210394721821
1.054999903509959
1.044366786228026
1.009923397640011
0.9677701034598247
0.9229130867895479
0.876671458595137
0.8292870889927192
0.7809872926014528
0.731993396372097
0.6824844870911311
0.6325950985731669
0.5824267066000639
0.5320565281330378
0.4815428949924157
0.4309292875843808
0.3802483934363567
0.329525821071168
0.2787803198571848
0.2279991380118038
0.1771373653010214
0.1260359886196328
0.07606271824254973
0.02526644487107094
4.645520028578773
3.713846079742199
3.482436704289705
3.508242615803761
3.518639936138354
3.497685078230098
3.509057416824452
3.494798630740442
3.183064816986501
3.057063633853865
3.079614854919682
3.080531180672409
3.076350604265213
3.071112098808888
3.064878466943892
3.058589601694393
3.052949333329681
3.048850928088356
3.047478875168847
3.051366196075599
3.063663356679596
3.099290353210331
3.132823543571143
3.531431941352606
3.398282896825005
2.941550101552189
2.662236642452121
2.472231803266524
2.32348384400414
2.209677110933588
2.047752780166093
1.602919448409855
1.179906011617252
1.583833064225799
1.637748612932519
1.679027547663611
1.692222626517734
1.695585612943354
1.728320672124778
1.525589427737381
0.9277181733403604
0.9506275715991374
1.057605224791074
1.060409778455499
1.013967861563387
0.9583948693396573
0.9032983288149008
0.8489431200269725
0.7950876993738832
0.7418174667813634
0.6891759814142429
0.6370874126185839
0.5854297951528554
0.5340890602548612
0.4829742301333446
0.4320176236633253
0.3811778815189425
0.3304436025619187
0.2797893731331839
0.2289867655266273
0.1774812755895741
0.1254985643667213
0.07871435056285829
0.03014161187439331
3.524433629351859
3.225781703794448
3.10883730771793
3.159120328504338
3.206365520277789
3.169352810700507
2.996012873676087
2.624119096690704
2.565402404948245
2.967751676746213
2.995563891590327
3.032481473341106
3.044810308759253
3.048723999760133
3.047087281854123
3.042633237277793
3.036672852944348
3.030090278641511
3.023461852425585
3.017430005235671
3.012119484684362
3.010263419486781
3.034529030068646
2.892324765548114
2.54596479978591
2.532148331435997
2.542175071018635
2.496719106819267
2.445122991975808
2.440966479425395
2.537817973348751
2.550506911717959
1.951721168502525
1.755267216126978
1.795395349616745
1.80229659550636
1.81617088523812
1.856170574607747
1.904432275492424
2.308637096488709
1.900174447812245
1.492928702935683
1.380523075621974
1.322967200143212
1.239653671148096
1.140568419292805
1.041914205686397
0.9502967125525763
0.8670562692786732
0.7916935315393843
0.7230608496505811
0.6598175101041179
0.6006892022948911
0.5445963471399388
0.4906830895353532
0.4382984603961959
0.3869648526134271
0.3363316068418105
0.2860802763130577
0.2358178542380265
0.1853201384206341
0.1357394737992309
0.09111605054750349
0.05819187735223429
2.797439767638504
2.782723432899702
2.776110895384489
2.799537052002291
2.79776486214938
2.700330084685318
2.485678585519613
2.300492426174513
2.646974221310283
2.989906665740417
2.977748572699174
3.015579056715655
3.02831892054715
3.033883590758942
3.033221589309174
3.028656334985665
3.021248316708866
3.011461067867969
2.998902127406858
2.982279755736534
2.958771610898713
2.920598585556743
2.86681482681661
2.675842526038616
2.575091992258987
2.551045018939158
2.53311571557684
2.49993924396402
2.46448465539918
2.433921763202149
2.424210600242675
2.393254643412461
2.248313121804294
2.002014425064836
1.942334214592387
1.909422761100174
1.904073790434083
1.938224589359517
1.916250466268905
2.322230758430593
2.64305149735981
2.356093063007065
2.049022866555186
1.815966347172048
1.617473539308284
1.432750550651895
1.263040293644094
1.112952025479998
0.9837246007263664
0.8736611563246827
0.7797488147796372
0.6987302379577381
0.6276220509965856
0.5639093687488973
0.5055737140660232
0.4510468826861707
0.3991394917933775
0.3489656159682146
0.2998967679336799
0.2516562168836911
0.2047412666758854
0.1612049312454507
0.1253946944348406
0.104058375533983
2.365213675945341
2.412753926643525
2.451923435962244
2.460882674420398
2.424553421594296
2.336007980472453
2.25270858953527
2.345652482321306
2.812964931924982
3.021163882461142
2.984207855939069
3.012471582515582
3.020939785073118
3.025100613911103
3.0235541989606
3.017811632338073
3.008690345271358
2.996468632851419
2.980413208238349
2.959035796842038
2.930641376204862
2.890572327255843
2.841338832777259
2.742306708928524
2.655325879608019
2.598100792468551
2.550263133182435
2.501405229572218
2.453803985173416
2.408032736906597
2.363990836232801
2.2984835088411
2.179955613339309
2.056291917548838
2.005135164146096
1.97287451350783
1.960444838509305
1.98621865648387
1.913972983746159
2.243136700266775
2.951558066453726
2.994758582087446
2.728282302532278
2.390514957928486
2.068116274275765
1.779309928691676
1.526726976947128
1.310688361674224
1.129520563782442
0.9794809152522571
0.8556852157910149
0.7530796197110673
0.6670278098299204
0.5935565908425791
0.529403491955352
0.4719739587460541
0.4192726217881223
0.3698555728069225
0.3228597197860417
0.2781712758272857
0.2367281089398983
0.2007766675732179
0.1737091894742822
0.158907333699322
2.104803344957403
2.143382922216539
2.181086260547036
2.18970679252617
2.169436716426145
2.153421072253329
2.216117206393076
2.450412613453388
2.890121037311946
3.034600139591511
2.994222202973845
3.014658342972832
3.019373459059321
3.021479439275276
3.018282372520416
3.010736635555346
2.999805763620217
2.985732158746406
2.967192104533654
2.942125305951669
2.90928399070453
2.865652315168578
2.812652241355831
2.736156826618835
2.664076815711141
2.605977135301362
2.553569023695777
2.501797922970491
2.450543929988284
2.398950684863259
2.345851361690544
2.281506280081542
2.193742313356974
2.105778074294163
2.053113980089568
2.01854749094631
2.00005170681481
2.019915657954176
1.927826614284137
2.244770883987278
3.090709858139212
3.357235747108237
3.21709870277358
2.879024574220764
2.49012730404326
2.121093062907417
1.79620620390922
1.520013186648502
1.289973043814303
1.100943424957312
0.946832401720639
0.821449450911376
0.7190145642586678
0.6344257155934254
0.5633617841055518
0.5022962045934104
0.4484825497032925
0.399960694142562
0.3556165326022356
0.3152847964153752
0.2797989411348958
0.2508077331564017
0.2301971618653867
0.2192217405260514
1.950271365000648
1.972933806600575
2.001693686567005
2.024397232887079
2.050666684359614
2.115961313499608
2.267651255837856
2.536556458246964
2.920632723660038
3.041772051007437
3.00457985203852
3.019715063310619
3.021786618072976
3.021874305583587
3.016359127667772
3.0059902910951
2.992808765680989
2.977548961465413
2.95800447222101
2.931146141370216
2.896626334146453
2.852943021083671
2.801180598215125
2.736564988193162
2.672201737123078
2.613306018349306
2.557380323818241
2.502329707287744
2.447527376987593
2.391871250763068
2.334236629598836
2.270940161745667
2.19870114025648
2.129433481863297
2.080469915121818
2.047263446634966
2.026712469732607
2.04296926715369
1.944992052728263
2.275165197273536
3.152624582439707
3.509099436225041
3.465942160063983
3.182140907730242
2.797322549422349
2.400846022320329
2.036238754722512
1.719014705360603
1.451270408359683
1.229557613587582
1.048333054150863
0.901419472914921
0.7827054568968264
0.6865285458417092
0.6078916110091735
0.5425834770575281
0.4872529482789102
0.4394680545750173
0.3977627144480066
0.3616276310143801
0.3313623115746019
0.3077233769834283
0.2914345220780994
0.2828367480363323
1.875483515404315
1.892547175437943
1.923563781750135
1.97044042414624
2.045159290938039
2.168495212074089
2.357976972979367
2.617333049749443
2.94455164297717
3.047809208052576
3.015742728608926
3.027519458173467
3.028478419195341
3.028228411100381
3.022069957576285
3.010708401868948
2.998386630734179
2.986202210589669
2.969278600717424
2.942160088772693
2.906190066872763
2.861071628858018
2.807995825478708
2.746200187112599
2.682743199480977
2.621156694424712
2.561222048034525
2.502000373210937
2.442603245790087
2.381811080281978
2.31867738544238
2.252143203628892
2.182683914091691
2.118004105295004
2.068327208396639
2.034498481985112
2.013720060800809
2.0290867925812
1.944528792354691
2.312923671029179
3.135291951016652
3.480010438721159
3.486707904346207
3.276537758821188
2.949347078538261
2.580354465665015
2.21789936647411
1.887584486005659
1.599775672046955
1.356220738684988
1.154306819527386
0.9893996152236434
0.8560836901088458
0.7488576397219963
0.6625577312479028
0.5926326467755417
0.5353262452907256
0.4877899854567122
0.4481167635251947
0.4152656668901776
0.3888540308903593
0.3688502316478552
0.3552895266744437
0.3481595494458947
1.870518283364198
1.891499525559189
1.934939760888831
2.007600674828006
2.117936514323424
2.272358972262075
2.470460244587106
2.705457355017909
2.972223201650185
3.053831665138077
3.027808730917044
3.036973697709915
3.036979085830957
3.035531869860675
3.021238308591665
2.985770811754669
2.9496759292918
2.928503348870254
2.909578844352682
2.880076704394693
2.845122171275026
2.805068469554366
2.76036621574546
2.710532970303088
2.658873042210979
2.607153449090852
2.555553931183387
2.504103558238271
2.453008504771188
2.402390679025925
2.35242758699186
2.303033637509448
2.254487610473885
2.210215208886731
2.174731025350697
2.148447990290281
2.127393068933654
2.125555058423998
2.038528267377975
2.331656501531312
2.976161029227114
3.261951472348294
3.31029956418572
3.188534597747204
2.950838435147525
2.64842138110595
2.324591917777516
2.010045821408121
1.722874189668615
1.471490158888227
1.257980050191863
1.080703922536393
0.936019733343561
0.8193756332848038
0.7260144924902799
0.6514432057940169
0.5917436639112013
0.5437554302007787
0.5051350511795178
0.4742937605945291
0.4502380669285646
0.4323763195913883
0.4203711901809535
0.4140679938915839
1.92740896744086
1.956110270583507
2.014263653796678
2.107023206804024
2.237321419117425
2.402623075293719
2.594032942814611
2.798536384272107
3.00203535614578
3.060123413801175
3.041037150707075
3.049276999837423
3.051680981006862
3.05714318809345
3.04617910862935
3.054301775895486
3.079143140368026
3.104897245609008
3.118087628167125
3.091463946224801
3.045183410129217
2.984830059426109
2.910679628888708
2.825643416733496
2.737833537989931
2.653966596765328
2.575926812200436
2.501546280285749
2.426108774293803
2.343869167208124
2.250153379629826
2.143773265450147
2.030264717607039
1.924034138330013
1.842520480103218
1.794514367606331
1.767182064404647
1.739655290500862
1.726572489301732
2.015958867355068
2.572735174971407
2.865171961207315
2.988378198639863
2.968229209359339
2.832215359642463
2.615306782691904
2.353571368724643
2.077929389355042
1.810957091495543
1.566719235488491
1.352325642854684
1.169933498257987
1.018509139336999
0.89516381800459
0.7961090754078648
0.7173253657195944
0.6550155041254899
0.6058844694370004
0.5672712756603089
0.537161201281006
0.5141210066274291
0.4972081714062022
0.4858871478331862
0.4799420035355467
2.03466939541389
2.069936426349078
2.13862110957728
2.242119502175513
2.378543732719542
2.540678068471177
2.715786835131654
2.886333452952594
3.029796106613292
3.066355575695732
3.05431544613991
3.063121648858905
3.071104464167444
3.090908707101458
3.092970476553613
3.274135351913623
3.502457946353776
3.5901437353048
3.635435993361535
3.632226793821258
3.577929436033149
3.474751581280087
3.328744488677918
3.153890870615474
2.970456945461724
2.795651667758381
2.635460270408983
2.483444410627532
2.324528832035732
2.14068856898941
1.91804631220375
1.655517105956057
1.372208188510043
1.106390268622991
0.9011974753847356
0.7842114751324394
0.7562407363289607
0.811381391806034
0.9908802368626344
1.377364980387553
1.943202925756251
2.353429959976564
2.584996236675788
2.667629682323884
2.630473649950572
2.502358895344328
2.313054675159391
2.090774489684544
1.859139518738735
1.635538204435113
1.431096113530227
1.251658429761652
1.099126349681714
0.9727373302890945
0.8701238736057648
0.7881235133249821
0.7233633026639342
0.6726520374604271
0.6332145456919218
0.6028058225399884
0.5797449886224051
0.562900795816194
0.5516390158144152
0.5457194623105037
2.177291898171162
2.215482959583138
2.287704055750751
2.392030656129055
2.523303753986389
2.671985365883544
2.823702836949031
2.958804908738284
3.051477241367932
3.070896588231851
3.06374386654305
3.070409159223264
3.076825011902952
3.093207581634565
3.085862252608164
3.209882518086259
3.470786649678441
3.688981756739916
3.823586403151016
3.874118906597563
3.843260099048543
3.737795801354821
3.57058441650523
3.360931859001265
3.131095625587048
2.899204727183458
2.67270316201506
2.446467527019335
2.206143141863846
1.935009549312373
1.622747631158848
1.274179993681078
0.9141478969085327
0.583857719817622
0.3281900435267944
0.1810889127442051
0.1604963831769214
0.2779846192362504
0.5467245903273802
0.9525329492427428
1.431943431417143
1.859045674810301
2.161659013401136
2.330040616744709
2.380016865294341
2.33436578410101
2.217764767214963
2.054761618687286
1.867691640285028
1.674897705556272
1.489853848275435
1.321237553611019
1.173632959272486
1.048497030748108
0.9451294122254899
0.861513151386591
0.7949802987713706
0.7427025789123721
0.7020288640286416
0.6706994985188809
0.6469660713706189
0.6296351368852071
0.6180405565025011
0.6119395106802135
2.338942794691709
2.376058125591523
2.444905479971748
2.541512014115557
2.658946036795728
2.786760420454156
2.910542677966392
3.011505068228114
3.066402290108517
3.074473558617914
3.070578952526696
3.074807071569023
3.078460705439285
3.087910635027344
3.075704105953819
3.118565703869117
3.326379799726628
3.593043647676243
3.797172789667769
3.904041237581508
3.911228124256051
3.82809658057719
3.670660784850794
3.45903806120036
3.213730051220862
2.950914578664874
2.678470300621692
2.394827290604811
2.091668636277567
1.759874812357621
1.396903955225608
1.01300598464601
0.6333451264267336
0.294295197254611
0.03522518367226319
-0.1099857941617035
-0.1178911352269279
0.02121049573758757
0.295483223513439
0.6641048166857952
1.070747142605007
1.460778770537003
1.77944037558114
1.997776388289801
2.112727995297037
2.135861515668589
2.085062118234669
1.980305813418265
1.841213561178502
1.685265832428528
1.526603565622055
1.375523496647116
1.238602129694578
1.119239228618948
1.018391491093918
0.9353236521382104
0.8682772288446042
0.8150148694638227
0.7732339145779014
0.7408597172724412
0.7162328926560242
0.6982007184354958
0.6861172365290478
0.6797528423421759
2.504229375590443
2.537096583486581
2.597285995795535
2.679994866540722
2.777778061693844
2.880447252740452
2.975016819898111
3.045909276619466
3.075704093469086
3.07744075944261
3.075542406511921
3.077905544798259
3.079696917391949
3.084574295991456
3.075026230638979
3.085306437890163
3.221541842769448
3.453392176330972
3.667450102263381
3.80451829256179
3.845481192246726
3.792944335719115
3.660024289722505
3.464089822842585
3.222448992935165
2.949008647040946
2.652131984064686
2.334383322246222
1.994665766964473
1.632397250854685
1.252326500700282
0.8680331205304762
0.502526998653215
0.1856260720193076
-0.05084151406129801
-0.1786344892748061
-0.1791821979115337
-0.05059204786940605
0.1871657322787722
0.4966144966372085
0.8371018503029338
1.174225285054808
1.472868422594971
1.704924740018382
1.857021185319277
1.929694006815281
1.932539315722135
1.879772298029717
1.787181864286717
1.670073823453607
1.541865216721848
1.413248879640736
1.29189780256245
1.182612289610249
1.087757744586215
1.007839023237203
0.9420926958654314
0.8890236574657814
0.8468496544504216
0.8138408168585121
0.7885528784280318
0.7699569729819919
0.7574698416669423
0.750887705756095
2.660188448333927
2.686881184481982
2.735298879125711
2.800720590559123
2.876195951672856
2.952807820124811
3.020069793618955
3.066612338642387
3.081154511311463
3.080056342934387
3.079302261418647
3.080486712790661
3.081298498199499
3.08377853733102
3.077604549533714
3.082123591373045
3.166133818205633
3.334177827950916
3.513030943413545
3.645862607597794
3.70249897214571
3.674929880257615
3.568682195059693
3.395591435365526
3.168924456327301
2.900456270174383
2.599131895380021
2.27117770017036
1.921566145918566
1.556425639600313
1.185522562113066
0.8237811090829772
0.4911906217663144
0.2110923768562048
0.007157952610772928
-0.1008158824209288
-0.1021578719425142
-0.0001383736106535771
0.1872195041392297
0.4327686232193763
0.7083488020577632
0.9886739930788313
1.249775156526771
1.469820707255984
1.633544879789401
1.734902671710066
1.776235958126292
1.765670403952288
1.714439862631472
1.634758280359522
1.538272781460219
1.4350283424007
1.332897223641935
1.237417120831092
1.151947254179565
1.078029647111635
1.015847498071497
0.964695705984699
0.9234067051699496
0.8906987500103484
0.8654307557621677
0.8467585386354693
0.8341933857872047
0.8275661362352906
2.796937354380235
2.816773851744528
2.852461156380525
2.89995530438987
2.953504239255011
3.00612843435534
3.050257937223753
3.078511397950359
3.084416476217131
3.082461493478457
3.082308610675337
3.082829304451411
3.083175744898266
3.084470941088614
3.080673770957833
3.084537048343684
3.135805832333805
3.245003223602644
3.371987223283823
3.476078717156657
3.527544482347038
3.511590709945748
3.425840219250979
3.275567623804325
3.069519631150481
2.817248549654078
2.527916557137212
2.210234451504788
1.873149243091309
1.526853637747941
1.183644942151729
0.8582279934225261
0.5672593327810369
0.3280991795648969
0.1567398060091688
0.06492421791621591
0.05700550008336871
0.1280567612887972
0.2648550758654793
0.449438720268563
0.6627139292989722
0.8862665761549861
1.102768876488026
1.296030288015908
1.452675364893732
1.564393663803005
1.628881235673969
1.649132929801724
1.63184654687553
1.585702235883164
1.519895949106795
1.443038653576118
1.362431557592978
1.283692918719621
1.21068585897231
1.145673685459936
1.089618896038942
1.042547021274871
1.003911771184758
0.9729167957490908
0.9487669436930146
0.930835936764924
0.9187470672091892
0.9123686096056211
2.907708014436186
2.92106896741968
2.944918202873193
2.976192426360434
3.010670743039998
3.043499372240279
3.069811960796844
3.085321819115225
3.086662526614576
3.084746700498072
3.084868179833741
3.085041617471499
3.085166517349766
3.085808521957925
3.083617467183071
3.086152029381317
3.115306189711959
3.178661243337789
3.255159732797023
3.320269473361333
3.351459049790807
3.333160841122851
3.258219753759548
3.126486708236018
2.942452601354165
2.71326143339848
2.447556292082512
2.155047048113233
1.846474747193541
1.533648224028637
1.229326877435336
0.946842827082211
0.6994318642921448
0.4992446113075837
0.3560134712346805
0.2755256271507415
0.2584245026019332
0.3000557370595642
0.3915793544692526
0.521656616006135
0.6778208293518356
0.8473467297100775
1.017823409820766
1.177416091602599
1.315529118132359
1.42407862298896
1.498625071853909
1.538676602763309
1.547131490066849
1.529238809981748
1.49146462671898
1.440497133739088
1.382492057581154
1.322585743975
1.264663138556723
1.211341372787335
1.164112611331948
1.123583535446315
1.089752836594799
1.062279190829412
1.040706428770183
1.024626688720743
1.013773934275492
1.008047877092877
2.988498969490519
2.99658045094275
3.010893572966753
3.029387667267007
3.049328219207729
3.067731537898667
3.081813172261039
3.089312123190979
3.088545112959121
3.086971878064107
3.087182164868501
3.087188441404551
3.087213240274271
3.087448259169428
3.086467369904242
3.087191892356861
3.099559192796104
3.127996488978937
3.161766216579037
3.187726438237953
3.191625135180711
3.161058585719454
3.087852664152861
2.968821791621569
2.805257637542363
2.601951060673696
2.366296133347523
2.107621757644199
1.836650400874308
1.56493990702133
1.304239433436165
1.065774725947328
0.8595055740290497
0.6933860454206767
0.5726833018978045
0.4995117643838541
0.4728107469530715
0.4888499632926759
0.5420134134112403
0.6254592790066071
0.7315203390587
0.852010105624566
0.9785340391069858
1.102758587635292
1.216771650961099
1.313750534305891
1.388792787531333
1.439501603893792
1.466059180659622
1.470819361213397
1.457624297720589
1.43105829597521
1.395784617229857
1.356041265420458
1.31532211712907
1.276236761602711
1.240520307990493
1.209151256166509
1.182531075617639
1.160682426324827
1.143431860165117
1.130554636313856
1.121871231529511
1.117294781988682
3.03753407159184
3.042090535649569
3.05010688549524
3.060337284534165
3.07117700361539
3.080955286485241
3.08818168818494
3.091651328439701
3.09035627193002
3.089174534579386
3.08937049498822
3.089307594259955
3.089296824387323
3.089260161404021
3.08926171339785
3.088303469923945
3.087293974268762
3.088783819934477
3.088261400617167
3.079796383136733
3.055843895331296
3.008398753671857
2.930786182776142
2.81909779718421
2.672828302333253
2.494821216061846
2.29081357705231
2.068786412186662
1.838202493677711
1.60916282141807
1.391532373184862
1.194116311815124
1.023973127131113
0.8859408995384705
0.7824499852777133
0.7136810937142654
0.6780440825588091
0.6727991932121441
0.6945520842880185
0.739467337966928
0.8032754380287173
0.8812495944698043
0.9682487107469482
1.058835191000853
1.147474330524664
1.228894136373672
1.298615138619788
1.353489636946564
1.39203411859171
1.414443249415012
1.422318651081987
1.418228263413259
1.405220326191946
1.386385101448976
1.364519037770892
1.341913524184482
1.320265801374044
1.300692232866508
1.283813690055654
1.269879371780303
1.258898549013488
1.250758057334412
1.245314433682525
1.24246044665721
3.054685197717787
3.057796110812281
3.063268896471805
3.070268591831449
3.077755810401143
3.084669186470153
3.090021480662554
3.092873163542826
3.092201247886186
3.091375551887249
3.091498340802663
3.091418863571882
3.091407338725543
3.091181588899172
3.091997676718405
3.089608612306941
3.077920289284604
3.058611104951665
3.031383851590645
2.994917665107613
2.946429084584208
2.881919160774167
2.797162772065416
2.68898194116456
2.556281012919804
2.400565322082715
2.225918494603539
2.038545271145289
1.846023001398576
1.656406510497095
1.477326413627567
1.315210080445812
1.174733765401555
1.058585090428603
0.9675715785313566
0.901037532306878
0.8574508624881626
0.8349480607674227
0.8316554117677892
0.8457391088459846
0.8752724543943333
0.9180515218537043
0.9714556107300328
1.032397015277722
1.097371342893193
1.162631441331983
1.224503725508304
1.279796838755574
1.326180845566096
1.362415461395503
1.38837258098617
1.40487511434334
1.413419536291583
1.415858278925362
1.414104298960761
1.409898513692349
1.404659451331214
1.399416291048888
1.394812553340669
1.391159252894294
1.388514423083024
1.386770445805833
1.385739765642682
1.385240287512158
3.04099824682512
3.044871752419169
3.051728346605382
3.060634575606167
3.07044694525328
3.079973923830257
3.088006700847112
3.093234233869335
3.094112606242168
3.093581458490239
3.093597163864413
3.093530330937756
3.093537713817015
3.093175161831777
3.094671831340787
3.091025903516319
3.07087728958632
3.035859616107247
2.988619271404979
2.930882216312724
2.863057794258272
2.784157644532832
2.692258636314482
2.585414739643478
2.46266852611293
2.324790721351285
2.174533702545019
2.016384709085118
1.855948287004942
1.699147991109193
1.55143381394187
1.417145681818086
1.299136856484858
1.198709542284883
1.115852201135545
1.049693358693489
0.9990225642681348
0.9627151937809917
0.9399527933336489
0.9302231060004238
0.9331579464808603
0.9482960204563047
0.9748515632540343
1.011545236414173
1.056527800351778
1.1074156582567
1.161452817159714
1.215787419739632
1.267804619727652
1.315427737943844
1.357310881624245
1.392888138422565
1.422290081988123
1.446168266607503
1.465478207736554
1.481266246348835
1.494493078314028
1.505911956409828
1.51600572819114
1.524976298779907
1.532774819528384
1.539161718669338
1.543791495116288
1.54632525391748
2.998439050342474
3.005233828893216
3.017293854310777
3.033052466182902
3.050573318791174
3.067809992249995
3.082670509082529
3.092929575902887
3.096107287025609
3.09578427506467
3.095678328098665
3.095643378030442
3.095684963396421
3.095222034186913
3.097297085616736
3.092474914340632
3.065649751976498
3.019287991662036
2.958030229886898
2.885576501844179
2.804318817188219
2.715171240295585
2.617814785072635
2.511380642944317
2.395332478565005
2.27019507426322
2.137875253524886
2.001523874199404
1.865056812521382
1.732525035563897
1.607513674332683
1.492700810822553
1.38964985161668
1.298853792027951
1.21999404862311
1.152326291731995
1.095077956509964
1.04775221130608
1.010276634485733
0.982987956853793
0.966484733550417
0.961401064346028
0.9681590037886486
0.9867491519276674
1.016575341857086
1.056388169433639
1.104325490760622
1.158065784724969
1.215074312611764
1.272891876819425
1.329400306853968
1.383007052081408
1.432718247423403
1.478102072102971
1.519169331327974
1.556209086007766
1.589615132924419
1.619730836477476
1.646730851153451
1.670550751830714
1.690870134131215
1.707151948553539
1.71874082727031
1.72502394826342
2.929938118161932
2.941551540247003
2.962221013008092
2.989317633017652
3.019485354652269
3.049111175473092
3.074565458568059
3.092194566753891
3.098208437037345
3.097959939829992
3.097738836004881
3.097754990250127
3.097851183672704
3.097321001176214
3.099902553240715
3.093905781669825
3.061807357794164
3.007920466309864
2.938113218997284
2.857179463368656
2.768449860675684
2.673646995108542
2.573182104560525
2.466840571602924
2.354565446437932
2.237021020086928
2.115776628746225
1.993140572780032
1.871783342414087
1.754305316541078
1.642868657957766
1.538966484250984
1.443360755439157
1.356183125131601
1.277158628211548
1.205886315128715
1.142103353320163
1.085873032416913
1.037664920339862
0.9983246556978468
0.9689530880017675
0.9507269211591779
0.9446955192599501
0.9515834330752704
0.9716210913937164
1.004422612778969
1.04893103095577
1.103451202047751
1.165780514751062
1.233425471713269
1.303865931198144
1.374810446302588
1.444386358012184
1.511229582779753
1.574471234467129
1.633642616616453
1.68852717387951
1.738986561903152
1.784789612778199
1.825476852465702
1.860293102966883
1.888214115718265
1.908082680138132
1.918855088074571
2.839749628385332
2.857516191926057
2.88935819984033
2.931458138302285
2.97858887723452
3.024842331840806
3.0642982552117
3.091315534505709
3.100441803684665
3.100065346924153
3.099759376898166
3.099857604754879
3.100044724104352
3.099491669740989
3.102532516633477
3.095295131828943
3.059033306141769
3.001069873471212
2.927811872094856
2.844284241554005
2.753695596066132
2.657503620431279
2.556062245325161
2.449487676245317
2.338296611030584
2.223623819779283
2.107102726727384
1.990597195198398
1.875930767380821
1.764679926834225
1.658048421835714
1.556825103985642
1.461424730590428
1.372001985741959
1.288612663696199
1.211382391938059
1.140641774620403
1.076998907407382
1.021340009180951
0.974768409387454
0.9385049927982212
0.9137755861360912
0.9017021464265552
0.9031997745062663
0.9188704013950839
0.9488861655828545
0.9928722748285715
1.049820004385668
1.118070544197447
1.195401491060975
1.279220445502811
1.366831653315715
1.455709167335085
1.543705992872095
1.629157668243368
1.710875022423749
1.788038447644834
1.860011679867826
1.926109833881725
1.985381815099021
2.036480656095335
2.077686195738708
2.107114634645703
2.123103772000239
2.734032073809439
2.758344676487029
2.802493604578328
2.861877525506477
2.929318756857811
2.995899045803342
3.052426056182528
3.090544367084317
3.102799806605813
3.102033299866157
3.101694177001572
3.101936896918598
3.102282507320445
3.101784218914777
3.105249236131678
3.096673095094062
3.057212601220535
2.998484284511771
2.926709344177161
2.846090129843661
2.758469640882345
2.66406760240528
2.562791223657309
2.455195566367879
2.342666831962901
2.227054610689234
2.110202449770569
1.993660596444396
1.878617972503684
1.765960581414473
1.656363195797214
1.550374771376611
1.448499301380863
1.351281018978821
1.259387829213316
1.173670946324256
1.09517613286339
1.025095063862002
0.9646676579104912
0.9150671596522513
0.8773089002408465
0.8522147126288534
0.8404390257291936
0.8425289038164865
0.8589643786298709
0.8901246983428386
0.9361584310526136
0.9967868601977815
1.071111256237105
1.157505546156909
1.253656277480461
1.356765520676344
1.463868018299412
1.572165941018708
1.679280261479951
1.783356017222754
1.883007050829776
1.977113577327834
2.064514401738844
2.143685050091316
2.21252980839163
2.268414391284893
2.308500330645018
2.330330354386067
2.62139800954139
2.651439033554811
2.707028829517975
2.783776305562768
2.873138429155593
2.962814605796813
3.039146595811518
3.089902584894899
3.105173172766634
3.103765397031578
3.103451429076034
3.103967366760041
3.104594033074825
3.104297886996782
3.108138617816548
3.098180831583298
3.056609727030322
3.000676372948053
2.93543037930375
2.862621661607002
2.781246697062113
2.689801205403835
2.588219442332968
2.478239625840203
2.362536361929977
2.243641645340607
2.123344894299084
2.002665545068632
1.882148559915237
1.762205787168836
1.643355331217913
1.526341844831812
1.412182838747481
1.302182888689791
1.197924888338568
1.101219793988283
1.013991918472431
0.9380973535276865
0.875107542885221
0.8261198998444881
0.7916643150111852
0.7717508461608661
0.7660575118735824
0.7742040886336167
0.7960145182709873
0.831655162050652
0.8815692690968803
0.9462099412599777
1.025661432717625
1.119279845695494
1.225477032148175
1.341740812979654
1.464918986877154
1.591691949949384
1.7190412184132
1.844510068846045
1.966186922517589
2.082463610195119
2.191642037510465
2.291503279288471
2.379022040588884
2.450444872410362
2.501819830343107
2.52982635407074
2.513031583112251
2.547028754869579
2.611136187818865
2.702208616054941
2.811805538176954
2.92521227707866
3.023601141345731
3.088852207526469
3.10731923339839
3.105130434508264
3.104862797451411
3.105905965580413
3.107027548021085
3.107210551105656
3.111310210797723
3.100085926319346
3.058161996771592
3.009588827816191
2.956241320471139
2.894685775694443
2.819879389630234
2.729540064872709
2.62540834663359
2.511570350783805
2.392086046716193
2.269575302257984
2.145054838056398
2.018529209640921
1.889746303848021
1.758765007395853
1.62624162465296
1.493496101080005
1.362460798192455
1.235583098406893
1.115698133189212
1.005848771032345
0.9090266303937372
0.8278407546200981
0.7641716420299269
0.7189069156727784
0.6918538383303937
0.6818797419040691
0.6872663337198643
0.7062047328532731
0.737314059872588
0.7800335594041655
0.8347366222637205
0.9024918159219214
0.9845399469480391
1.081657051928565
1.193578578872396
1.318657712286472
1.453957410122425
1.595836346452723
1.740732156870549
1.885658702006168
2.028195258796704
2.166141966093152
2.297048890105497
2.417726781172351
2.523966112869134
2.610764958497327
2.673117631347536
2.707042708969314
2.422040379124101
2.458503486002816
2.527322270423305
2.626093880636465
2.748457348878648
2.881224658887415
3.002468341921526
3.085582267751112
3.108999929128144
3.105988717694975
3.105632603676617
3.10768268437504
3.109660674416733
3.110831279315154
3.114873183035555
3.102655584731057
3.064193060452781
3.02990967121643
2.993505960040317
2.942837500216969
2.869956797622076
2.775459347278973
2.665648611433058
2.547530612461176
2.425638919050949
2.301430062023653
2.174219416825077
2.04251363699436
1.905102484968872
1.761721184845883
1.613321911783492
1.462067134192868
1.311159835707088
1.164591103518595
1.026833175897834
0.9024660317977226
0.7957255440687149
0.7100049513433438
0.6474008008728799
0.6084233551691199
0.5919645682012822
0.5955501672637171
0.61583328986102
0.6492469455456665
0.692723154726106
0.7443650148820945
0.8038882651201027
0.8726149392896236
0.952947886288712
1.047486424326205
1.158020918445378
1.284626627243174
1.425337900950324
1.576679334333903
1.734743662603445
1.896057717303461
2.057623199334141
2.216345788765079
2.36848357955211
2.509239146440669
2.632813342980624
2.733064640879574
2.804483337658086
2.843088296656903
2.362311810009605
2.402149176384159
2.473555009428915
2.570724175484465
2.690364825139656
2.82821911521789
2.967827031492269
3.074729916147908
3.109924999780264
3.106223151681456
3.105219667895954
3.109177278037285
3.112626436588027
3.115723065292947
3.118913070990399
3.106326270591784
3.080801321463385
3.071120361968159
3.052605059792475
3.004205837160105
2.922325947631943
2.816647239861304
2.699535803610279
2.579251115064153
2.458589749330592
2.336433322707301
2.209842747538432
2.075690404474147
1.931723459734354
1.777219494329181
1.613333308605592
1.443142579028775
1.271404604832793
1.104087283085311
0.9477510085768286
0.8088383194941675
0.692932153166871
0.604084325872925
0.544346497771987
0.5135979495395653
0.5096803150173985
0.5287833396550718
0.5660033605124597
0.6160067956902948
0.6737733535060852
0.7354403508553422
0.7991860001198656
0.8658099719113536
0.9385430848862872
1.022010095867708
1.120729650501857
1.237583390461171
1.372996418394624
1.524931416535344
1.689675107068692
1.863119999233182
2.041343813353841
2.21976043099304
2.392255507514806
2.55113309060908
2.688405569300504
2.797469793859315
2.873754568453797
2.914506538974933
2.348451110808834
2.396407066302761
2.471905176416024
2.558303031984084
2.653553882702495
2.768188318105938
2.906603064626673
3.041214200857434
3.106930003677239
3.105547061148211
3.102586785724977
3.110164277420305
3.116171373988552
3.122951689849328
3.123701367996367
3.114696302872715
3.124100356925846
3.14807525276197
3.134194300362944
3.066794953409369
2.961504278191344
2.84085163017973
2.719515314803741
2.602368439323118
2.487993598109145
2.372269322985646
2.250459086427026
2.118195570577494
1.972130692533921
1.810667242270516
1.634695790311279
1.447999197212798
1.257065314424985
1.070309474304707
0.896903688182591
0.7454621659598559
0.6228484841316306
0.5333674141561184
0.4785012268978069
0.4571299628702115
0.4660083765643018
0.5002813288866244
0.5539543365166287
0.6203510944225143
0.6926315101208768
0.7645314507707371
0.8315886623803734
0.892729912799235
0.9511044845989485
1.013148240974771
1.086250602909484
1.177145665433446
1.291054640369275
1.430207659366325
1.592592155236316
1.772930497000921
1.965134772171741
2.162122698081628
2.353478139848095
2.526527444250073
2.67059924568031
2.780274808732432
2.85453583192432
2.893620173323104
2.399996270693895
2.461423084436404
2.542048347062089
2.612065458656216
2.666258959400813
2.721071640361221
2.81016426247847
2.952152591808986
3.082869242340559
3.102258284095633
3.09588660276478
3.110216675696607
3.120738818995163
3.134354751515685
3.13090152943287
3.145194916475643
3.227809098806592
3.271574319388439
3.221011312518653
3.104826461961447
2.968791308141153
2.839379380367563
2.722955091162457
2.615926090200883
2.512277486294221
2.406448585983936
2.293477980537845
2.168520271646855
2.027008655203273
1.865758669973761
1.684539124407924
1.487277306598891
1.28217898524479
1.080553872679496
0.894716647801739
0.7356408467794313
0.6110996779880439
0.5248681988042252
0.477058627069104
0.4651225950989316
0.4848661417138287
0.5310314879384647
0.5974165723589955
0.6768344142242544
0.7612138443180057
0.8419847317484157
0.9111817072160389
0.9640057305425999
1.001654720020053
1.031316103320957
1.062126884121471
1.105589756696268
1.175147523521807
1.281995627228989
1.429509154324626
1.611056464931153
1.814846586133485
2.029072963550046
2.235713259643962
2.415208656289876
2.555229157652321
2.65399002927592
2.716921420857309
2.74962678815286
2.553976230785127
2.618522357092229
2.689151615546755
2.742711596849625
2.762842304041079
2.738736392272015
2.707293912752394
2.771689345348231
2.992467617009179
3.091160963402021
3.083657342781448
3.108999317412465
3.126687343499365
3.15130402620938
3.145405105451823
3.240907719178507
3.427624975710117
3.415277267098995
3.264100230659418
3.085187681253832
2.932881594374837
2.812871328372033
2.713039631283378
2.621209980049813
2.53005073532524
2.435725659918568
2.334965621309381
2.223158709548683
2.094399610072917
1.943244252641772
1.767348399837132
1.569868105223126
1.36032610752891
1.153097698168953
0.9639112199662632
0.8059005203594733
0.6869109367395474
0.6090865764328242
0.5703180591114526
0.566354834747841
0.5924485904768054
0.6438987426820968
0.7155208715531718
0.8006941857065608
0.8908935815792075
0.9759891095876169
1.04499735755825
1.088045953546865
1.101173841104236
1.088294723497401
1.057883393754154
1.02837975817602
1.025060025707057
1.072663782097855
1.18658833427869
1.363146021326664
1.578537137900088
1.807213971158235
2.019101579528644
2.190210458576123
2.312187225145769
2.388321559983273
2.429698746123848
2.450150931680802
2.887620536984245
2.882877273181228
2.893844236418349
2.939300202766948
2.960427565831572
2.888039840459052
2.709476188321631
2.558222502643331
2.802151634432946
3.062315260733188
3.068346229060058
3.107143723234268
3.13345293691798
3.171128554459121
3.175796329964241
3.428931302525009
3.666473030837374
3.468333261485194
3.197096536882904
2.993698415478335
2.862191320844388
2.771518397311811
2.694955006046969
2.618623166994013
2.538894814084163
2.456319068503596
2.370306867960745
2.27684592322812
2.16904995038554
2.039415393422458
1.883078803390644
1.701363060160468
1.503947766109047
1.30749115755702
1.130411254989754
0.9868411503852763
0.8833215198962449
0.8194107057065345
0.7905282158307874
0.7910476166981852
0.8163445449409212
0.8632498787176195
0.9288617105536393
1.008303310328738
1.093125643319807
1.172292046769008
1.234813122965737
1.267993735668685
1.259350103822223
1.194040014649682
1.081482396801031
0.9534063438494365
0.8483584259005448
0.804327498149089
0.8546852450384445
1.014219305086715
1.24969687032653
1.483801597055882
1.675602790915922
1.813020087426485
1.903110740019637
1.95172807532678
1.965335846807829
1.962445594613301
3.536022051728012
3.240894838502559
3.129982095004624
3.185328272030585
3.22839579169356
3.169508261781029
2.970755058364213
2.633631836584988
2.694688419359703
3.045727969812138
3.071636269776791
3.110202869415563
3.135962858258484
3.172959178834218
3.193541226149235
3.533171166348897
3.630503140768751
3.268760743302346
3.010103210880572
2.864528329687339
2.782617874416697
2.725220131190786
2.668665289594873
2.604669422076406
2.535393974449013
2.465335085423818
2.395702100374266
2.323357783852768
2.242091868871197
2.144536794504923
2.024785579746539
1.881966950235431
1.723603621942148
1.565363590162625
1.424934389592668
1.314297702917566
1.237194326347924
1.190984063809915
1.170100925814905
1.169097499397653
1.184414208176986
1.214745709384323
1.259871859699558
1.317657256063936
1.380328938112171
1.435741681562947
1.476807328473541
1.499505361674052
1.48172143864579
1.348917003810771
1.134333279847611
0.8892481979594402
0.6619478130553371
0.4980269806993164
0.4444693755155935
0.5506438921840834
0.8258849934716893
1.039531187599774
1.161064660957512
1.23299690684507
1.281326077618629
1.309345641558947
1.306925073493254
1.255658667865638
4.612117269111208
3.680194115934745
3.44900548068637
3.474628627798814
3.479552612132921
3.437461593560756
3.410736915531474
3.39430902645914
3.211715855713846
3.104189010365304
3.124136021478296
3.127255539276073
3.127132543002966
3.130023268101551
3.14676198786449
3.048376732972064
2.905026419355005
2.876002373840913
2.829883385161116
2.766716090648413
2.715459955680091
2.670730878792042
2.623547882538013
2.571294619252391
2.516840740277683
2.462819615571381
2.409685025175667
2.356487651906507
2.301358083013263
2.241969175827875
2.176394497373042
2.10408311343502
2.027227588661431
1.951728734672771
1.884865620394773
1.830149254745121
1.788591903239337
1.75906882960987
1.739544169647943
1.72808324447598
1.723441264998972
1.725280360334165
1.733898476961395
1.748783521639582
1.764446319244995
1.772621862326371
1.766866216509469
1.780697124855084
1.749775996329429
1.531221523506787
1.21123239856961
0.8451630692318107
0.4873640193495675
0.193291325538161
0.01445009892059229
0.002651155618048921
0.2680815477116324
0.4261411755149556
0.4121736421032728
0.4007177344402091
0.399542329038061
0.4141723107453597
0.4367228970529133
0.3196049949542117
4.054011234563108
3.765156291895988
3.667055387452166
3.606639359966247
3.554498397799763
3.506169550920657
3.472486515717861
3.445294100823319
3.359274786260861
3.218156812704947
3.176823454073743
3.14450383249697
3.117637030644283
3.086385121415354
3.046797307151966
2.917264812492148
2.839004739597389
2.813439510074147
2.782312165063465
2.741020085384743
2.697859074554861
2.653056210039704
2.606570897084839
2.55786716662348
2.508912610030342
2.460427510477382
2.412196050909123
2.364215216715521
2.316537560102812
2.269167640665006
2.222204118259609
2.175637391426222
2.129598561200297
2.085516638550524
2.046287044183639
2.011562373814292
1.981799806758795
1.956821970685483
1.936428995231547
1.920321682478287
1.908163866093656
1.899609684272979
1.894243503684737
1.891740817185557
1.890160967629744
1.892228990952193
1.87719502512399
1.92686381339404
1.937332934980355
1.701381087127595
1.310122053919039
0.8331954716868867
0.3447681543530449
-0.07280564649715315
-0.336959261101495
-0.3596715951718048
-0.01108034445046262
0.1796830144175197
0.1225983315921848
0.1236031181170559
0.11266461440342
0.1035325514582739
0.09242672339626053
0.09524830405300695
3.755329013478228
3.661609049294885
3.609681023954414
3.561311255694781
3.51679543674428
3.469864521757936
3.423158608478866
3.374650165272752
3.307646834546394
3.231521016777833
3.189496887799462
3.151039232143479
3.116060112437706
3.078269409534395
3.037252648352403
2.965589026899266
2.901801514372123
2.85137262903561
2.803007162240807
2.754643613983111
2.708065269451498
2.661318298604622
2.613336472518934
2.561955735502529
2.510606933113384
2.46040020506052
2.410555439068085
2.360683030058642
2.310408774897781
2.259188655641379
2.206656065819852
2.152321676584574
2.096225826400485
2.041389840909946
1.994019021773804
1.95335619784601
1.920187345716995
1.893862355523009
1.873735671083435
1.859111634753241
1.849417832681142
1.84423160928525
1.843108764326685
1.845798499539689
1.850165987679247
1.861432123876841
1.846882505343501
1.940237171484236
2.045016676373547
1.850838282057957
1.430084805006179
0.8643614575187901
0.2582744884145526
-0.2635753231189675
-0.5698761971089691
-0.5304560690461781
-0.01430815071059345
0.2512738965166518
0.1954908576200829
0.2120540932961312
0.2051567498684021
0.1930046337756405
0.1662520736848907
0.1613317345197869
3.679320523214221
3.639514514437512
3.607479751702759
3.563746647610944
3.519415264916799
3.472321835878979
3.424051747713893
3.373425717924073
3.313822589231345
3.25028902986176
3.201865968714666
3.156831647057003
3.114400919794817
3.069984465688632
3.022718840840551
2.961462201672511
2.90101393934903
2.846121366157775
2.798349475557087
2.752371894988525
2.708054843090954
2.662615011602819
2.615297334419378
2.561526868140557
2.50897529272796
2.459518034205005
2.41077026447333
2.36210495916214
2.313389531606172
2.264129317291993
2.21395937209399
2.161259075907981
2.104106340100484
2.046838768129724
2.000966540888008
1.962115772009839
1.931006720189842
1.906312178205573
1.887232823130055
1.873066716467959
1.863323416849489
1.857702465934161
1.855905713687132
1.858017757796694
1.861894858359984
1.875000019082921
1.851274282344634
1.945898943977592
2.130786481515853
1.992739863485777
1.565815824979787
0.941554100689159
0.2517696070377826
-0.3478925142050431
-0.6864879595528306
-0.6053367749107936
-0.002099824740209839
0.2465308923973278
0.176757633863947
0.1940693579255328
0.1851908195123985
0.1706066468872414
0.1408490872252264
0.1488004275226793
3.677954588761703
3.638368316370666
3.606273402310646
3.562239586841615
3.517404182109027
3.469616848769562
3.420086979871934
3.368724571551704
3.313451250507244
3.256933187800245
3.207591371351504
3.160665314229622
3.11546600611023
3.069190988337079
3.021538853672701
2.966740425136897
2.905716722014751
2.84387980113052
2.796593125817959
2.752513211744648
2.710956564152697
2.667400971731287
2.621074710737627
2.561067029114354
2.505116516991857
2.45682892364643
2.409697761464516
2.362410075182656
2.31531007633131
2.267920332222061
2.220014508497327
2.167356653435001
2.103211285504787
2.035443311187934
1.988691751036364
1.950146706825118
1.920727122993392
1.897877943640465
1.880389212478877
1.86742274698263
1.85852613328245
1.853557807470348
1.852481779947398
1.85586360945368
1.861821655721326
1.880478934458061
1.851915495589107
1.970953985428495
2.242084051319494
2.131259143312129
1.68914764155027
1.047724630681553
0.3423985099075926
-0.2936220282995523
-0.690074211401978
-0.6424272902199487
-0.00345382388724927
0.253898244555765
0.1837895637562195
0.2048884284282125
0.1960744511494493
0.1785862155197736
0.1430911558932489
0.1418307253775992
3.751939766932255
3.659140638018169
3.607542607393009
3.559037658069135
3.514182304250572
3.466663817797677
3.416836828851205
3.36523450777918
3.311701522455107
3.25796470577246
3.208027718971333
3.159885197213266
3.112680918586502
3.064544651117727
3.017021066088483
2.966626310334215
2.900847456575482
2.827811424885733
2.78688360744168
2.749407356231828
2.715187819494515
2.677995578593406
2.637799827774542
2.566441051515647
2.504503227761447
2.458196588584031
2.411832458206652
2.363945791042624
2.316858194583822
2.270388303460262
2.225414246914743
2.172822406454025
2.095588643628688
2.008164796764173
1.965321713802164
1.930509740102087
1.9054206934005
1.886204148172706
1.871372480814859
1.860135426623837
1.852225849845915
1.847793028347324
1.847238740612906
1.851877010082252
1.860909574338727
1.887700013746929
1.859995339019684
2.053441364151574
2.39258468653522
2.21332347341116
1.731766830544487
1.1420353253207
0.5319667215033821
-0.05650074045738684
-0.5278279081783693
-0.6383214810765667
-0.04484758844528111
0.2550347335969578
0.1956660606589191
0.2216920348158117
0.2137604099761974
0.1925413440065508
0.1495465866882087
0.125370172938949
4.046947101848245
3.759176883507537
3.659974172937493
3.596518947874925
3.539456847274987
3.482927332769661
3.428220996489386
3.375067580790492
3.322527035004733
3.270915723704023
3.222094857607463
3.175395409173253
3.130817815655505
3.088806218853769
3.057973514685327
3.031527667988481
2.94938212269154
2.816539059186718
2.776969410354694
2.745844879062315
2.719652543557371
2.68866282001266
2.649749856583663
2.519056534473681
2.442749862206616
2.421954654460258
2.396393959407135
2.360838517424872
2.324736765786601
2.29136385714465
2.271140710201697
2.245908476167354
2.154726260737932
1.984799619417979
1.937907125432721
1.905215553621946
1.884639375862876
1.869752904720877
1.858062455745234
1.848740007784533
1.841666952257761
1.837295579801025
1.836534322227912
1.841655123343511
1.854177840087113
1.890863259594748
1.88603769257221
2.230524116837803
2.484282819623263
2.104758942782336
1.622039116201507
1.185879450183427
0.7851818856669585
0.373341160035969
-0.08986769074016619
-0.4804192183806769
-0.1728479022044488
0.2384261578797126
0.2203804993372943
0.254651609801919
0.250919940070049
0.2289076764145015
0.1773916431436564
0.1012077807435553
4.608656522098
3.680960831104949
3.451961921856527
3.479288426017053
3.491029342129288
3.458139433859265
3.407147703991074
3.351319156199899
3.294011950767155
3.238348333228409
3.187940851986038
3.141024673159688
3.089898751930943
3.03156341799072
2.996324943111001
2.973960945113959
2.812984539084534
2.711520795906607
2.729700891372268
2.732637293381664
2.732533941802166
2.735156254635581
2.753445039520678
2.652500489881047
2.493602375716159
2.472591768532269
2.434462767820109
2.369666696426657
2.310229606449713
2.267968572146339
2.272266929324477
2.255735207965773
1.956656017751313
1.834380734119704
1.857323773700311
1.857782851638989
1.85361104893968
1.848159641253237
1.841581026271591
1.834700680627696
1.828152607907547
1.82278560215524
1.819853539966508
1.822049521581046
1.83272665886379
1.867475807666994
1.900447028832605
2.310973943257193
2.17372794163733
1.693540448845116
1.394700087676132
1.186571681706581
1.013110064450471
0.8575127619497944
0.634075730364981
0.1438309610337615
-0.2038994527030246
0.2310903421324605
0.2751482615685638
0.3067613565302389
0.2996782762914594
0.2638456759790709
0.1612155653280581
-0.01456595069014689
3.532045352554471
3.244661221203008
3.145913864397157
3.220801065799521
3.303172818524993
3.328878913736339
3.307126154254655
3.258184141632037
3.196758586211733
3.134434003578664
3.078222261033674
3.023831031488361
2.951174526826694
2.823839242184095
2.590203120399929
2.244640488011491
2.320967085595414
2.659192739548674
2.682513361992643
2.719501880781918
2.744721695971125
2.781003076568803
2.804764231378159
3.136581947138734
3.199530253620035
2.835597583160132
2.565775760284255
2.38283513192018
2.237019766439793
2.083479650038441
1.849237876417599
1.453099019148473
1.374430956370983
1.750246116209309
1.77886880626059
1.812967428888691
1.824421085291965
1.827608339053663
1.825362720742634
1.820107060795029
1.812940341968343
1.804618660641067
1.795726699942422
1.786998394232695
1.778566530629675
1.773258011346946
1.79457082589746
1.64342067533501
1.278455173340149
1.248074929326838
1.245402862053866
1.186949091481791
1.120400932259784
1.093286715136762
1.15270755584212
1.134395111995449
0.5781194573019369
0.3916795323657977
0.4230809437449339
0.4197036645884102
0.4157797864798531
0.4191701289835907
0.4275844975204806
0.5600692932813436
2.853055676398503
2.859016687897646
2.892117429939139
2.978506596976443
3.076160508996166
3.139566726729134
3.155984042992845
3.13466782816142
3.090563459661404
3.036120261028629
2.976199035908428
2.903097981716798
2.794144984926118
2.618937391785473
2.376157275990073
2.194517653983875
2.424866759653189
2.675430821280368
2.681468088429195
2.718869352439081
2.744748896833813
2.781360422024901
2.789228262106101
3.032838054673046
3.234115047099224
2.998238981997854
2.670054187354636
2.372853488415573
2.097560985105908
1.79775331154707
1.449070622731674
1.178259048581878
1.454499086404759
1.769879582583273
1.76296141265384
1.797603510749245
1.809579587542123
1.814403958155195
1.813176347411819
1.807826451408754
1.799036175337507
1.787040131559483
1.77145536282024
1.751070697380893
1.722886304995237
1.678724369500388
1.617290404170155
1.412058051135495
1.296942071212415
1.260360323969413
1.230720396925784
1.185569843867476
1.138147826969617
1.095241070159953
1.071772420678908
1.028546401423332
0.8850771149402392
0.6339078656835482
0.5663263466501277
0.5235529115502946
0.5060022726531069
0.5083399906740478
0.5348937518578191
0.6149100965763445
2.466477590262329
2.54520203221291
2.646166494605957
2.753042385084751
2.856214450840252
2.937392021893634
2.983160004480115
2.992794354111773
2.973759883004123
2.933841280864392
2.875294692978267
2.792729845303399
2.677591617504376
2.535174250425417
2.415303225638861
2.422432877916969
2.611260224472802
2.70394709206446
2.698454776247414
2.722822411419779
2.740435329071996
2.764010199914113
2.761896151426761
2.847728343027826
2.990225625878551
2.904129692427781
2.644435685771965
2.313144302558472
1.959707574187483
1.606655182739151
1.319301218122186
1.260744030062725
1.617424969828881
1.798311396912669
1.770417898244667
1.795480679702478
1.803564995285762
1.807224812866488
1.805457197078423
1.799274736547367
1.788830934396952
1.77401183898297
1.754239546561326
1.72833254084301
1.694418666780309
1.64759456209478
1.590277553745695
1.480184907854598
1.380782968000094
1.310860520156895
1.250357789920738
1.188571350818199
1.127738798339628
1.068286408533722
1.010526130585844
0.9337737509242059
0.8128219898972501
0.68463942822538
0.6276191301805287
0.58842686323506
0.5717447945545262
0.5745402527266849
0.6004681035632397
0.6512741342717225
2.242872814232897
2.319915745018714
2.431660255681463
2.548329696602222
2.656559066247242
2.747312079601907
2.81216711787368
2.846854079397716
2.852049669792561
2.830386470274305
2.783710117050484
2.714184284585366
2.631050501798723
2.560694455691912
2.546514104272502
2.613750893997347
2.702922644747351
2.715804922029996
2.712434079271707
2.726075100867102
2.73689194779005
2.749603353855677
2.750917754826508
2.755134218983236
2.780133436629323
2.718418154853894
2.518424193074806
2.214477455479612
1.869249657985777
1.554946348355176
1.36504560858183
1.399577169675753
1.697535471356327
1.809975952707804
1.781233634660073
1.798335176487969
1.803063219820908
1.805023008872461
1.802236461502396
1.794994575352688
1.782994119042985
1.765796323576057
1.742623460097312
1.712251627374054
1.673115549836035
1.621986335906794
1.560154994192348
1.472875042085755
1.38886350872366
1.318357880096307
1.253383555983449
1.18890612105597
1.124960891500574
1.060847442826423
0.9958315133202771
0.92126604811069
0.8276763572067712
0.73380649209307
0.675732424469831
0.6359919852017037
0.6178365932225008
0.6192676998773071
0.6430606851465048
0.6882312004502362
2.106840943179752
2.167621750174106
2.265449836902854
2.376909390596049
2.485472899657382
2.581512691323685
2.65824145826658
2.710722688193916
2.736561943879705
2.736084088866983
2.712697577842714
2.674951342435148
2.63940578065852
2.628894341429528
2.658307841187753
2.710317323393598
2.729474702448117
2.72011994699121
2.720798525346394
2.727993212480714
2.734701350029214
2.740757110845525
2.747286748789223
2.726406995653505
2.66441232713073
2.559241975444844
2.374070470390184
2.114544586633095
1.829193869515597
1.589606844458975
1.468081489035447
1.511792993184465
1.732239607347152
1.815874785498585
1.792036916891209
1.803792983131662
1.806433367938342
1.807065758059751
1.803477240226226
1.795472763573659
1.782445270821215
1.763753794068139
1.738559270418961
1.705793849483655
1.664347551443103
1.612482479052571
1.551149013316301
1.47538669856409
1.398773714269093
1.32698831246906
1.25785461913567
1.189449081429713
1.121362410610908
1.052746173759568
0.9828968458670948
0.9087706929559322
0.8283926369976019
0.7519874566190146
0.6974345849244442
0.6598373288567601
0.6416808390665114
0.6418764051573941
0.6620308415407229
0.7001634389126311
2.021543659261598
2.068077437207709
2.148080199919351
2.247098660934042
2.350720295275064
2.448119407332591
2.531749519687905
2.596378425410593
2.639248315828379
2.660954051905398
2.666414023059195
2.665332941541581
2.670461464800837
2.691239567703014
2.72382571525264
2.746853335764509
2.734200423181581
2.721802544799543
2.724842124673076
2.728887078902868
2.733547436488904
2.736245420647091
2.746057977922266
2.719087172786014
2.61136901537606
2.458846745995542
2.265078740954582
2.041503300389132
1.821275099806784
1.651065571475436
1.571222726887011
1.60276503978713
1.757673212137616
1.820725608381009
1.802592007693622
1.811009118236738
1.812762773728745
1.812802975082831
1.808981317835166
1.800765548183785
1.78735117681438
1.767947005155613
1.741647543360797
1.707450946265421
1.664471668452012
1.611787579130815
1.550252506099917
1.478934486838995
1.405014116027138
1.332224233696621
1.260612091261872
1.189538834395293
1.118542615250795
1.046901363073361
0.974173755236874
0.8997017680246265
0.8244359921619909
0.7550901960795928
0.7019203303974735
0.6651157503210534
0.6467539708949328
0.6459594304770375
0.6625260134238438
0.69313004851641
1.969883408353212
2.007038532999609
2.07344294530923
2.160571367797299
2.25748877136308
2.353664222951489
2.440754630070321
2.51329037943993
2.569149790126526
2.610005681468104
2.641088590876484
2.669395214380599
2.699957802497914
2.73137098074435
2.754252334703953
2.756571834125709
2.733117674964146
2.722004488980079
2.726062691434993
2.729126695844364
2.733170206553886
2.734833583695247
2.746061412150882
2.717034018561655
2.589334587014487
2.407005513525073
2.202270187650644
2.000452324822376
1.826519218482515
1.70487438266603
1.652960590847069
1.678249752936468
1.784914817732534
1.826997755898618
1.813449409796873
1.819870019494561
1.821962216234118
1.822455109266383
1.819307104737838
1.811732687565768
1.798817572411839
1.779657464933943
1.753241665766746
1.718493612464193
1.674498441173679
1.620621169770534
1.557638095030472
1.486336004374067
1.411663626020183
1.33691341964465
1.262993462632169
1.189651774787688
1.116214660793372
1.041779010081031
0.9658266379937452
0.888545155239735
0.8121658235646858
0.7426852408806022
0.6879767898746705
0.6506146891435747
0.6325292967413133
0.6325849395392401
0.6480377086168373
0.672519790857335
1.944265870557042
1.976602904535456
2.035726169709148
2.115793613176352
2.208084179954704
2.302760312772139
2.391221112498517
2.46791522320433
2.531277074260559
2.583699786471437
2.630082149124716
2.674631481445818
2.716974375797224
2.750459141263907
2.76548760021207
2.756899879206635
2.729709330205744
2.720715421908158
2.725509814820309
2.728891477427287
2.733407546192022
2.735209455346963
2.746761371175036
2.717291855979035
2.581849228043256
2.385611532779839
2.174749841760352
1.982973915731711
1.83227578835306
1.735914904520909
1.700824492265293
1.728214311365451
1.80909611295851
1.834677364147618
1.823515121906669
1.829925089301375
1.833629283217418
1.835743848997831
1.83424577333906
1.828205878039913
1.816681053626643
1.798684613703181
1.773043861071993
1.738439862141938
1.693665777492947
1.637953292271711
1.571985980728514
1.49743880462452
1.419330331651579
1.341471386487078
1.265135168125538
1.1898783004126
1.114450920639193
1.037295503191309
0.9573035105537441
0.8746064527855938
0.7921632207906667
0.7169503816741019
0.6575539643694281
0.6182656641540869
0.6013174918322447
0.6052700332216685
0.6248795937584523
0.6488995153067213
)
;

boundaryField
{
    inletLower
    {
        type            zeroGradient;
    }
    inletUpper
    {
        type            zeroGradient;
    }
    outletLower
    {
        type            fixedValue;
        value           uniform 0;
    }
    outletUpper
    {
        type            fixedValue;
        value           uniform 0;
    }
    sideWalls
    {
        type            zeroGradient;
    }
    topBottomWalls
    {
        type            zeroGradient;
    }
    frontAndBack
    {
        type            symmetry;
    }
}


// ************************************************************************* //
