/*--------------------------------*- C++ -*----------------------------------*\
| =========                 |                                                 |
| \\      /  F ield         | OpenFOAM: The Open Source CFD Toolbox           |
|  \\    /   O peration     | Version:  2506                                  |
|   \\  /    A nd           | Website:  www.openfoam.com                      |
|    \\/     M anipulation  |                                                 |
\*---------------------------------------------------------------------------*/
FoamFile
{
    version     2.0;
    format      ascii;
    arch        "LSB;label=32;scalar=64";
    class       volScalarField;
    location    "5000";
    object      p;
}
// * * * * * * * * * * * * * * * * * * * * * * * * * * * * * * * * * * * * * //

dimensions      [0 2 -2 0 0 0 0];

internalField   nonuniform List<scalar> 
4096
(
2.987124492789689
2.982220498841649
2.969033385133972
2.939398922071117
2.881870223614661
2.784546764363345
2.638931442314159
2.44376676526985
2.208563706027608
1.956580041409144
1.726028898018381
1.567448759923783
1.535758285455282
1.677861821923978
2.018631531995093
2.545437543091781
3.183625105677312
3.359905085646361
3.277609668907322
3.274800486029964
3.243996253425977
3.19715770031535
3.132458534358102
3.053609395462026
2.968683751414464
2.884886553709954
2.805314922644296
2.730373368727441
2.659336911486818
2.591124835260666
2.524787610839453
2.459608381050175
2.395104980450494
2.330976036421613
2.2670445435903
2.203212030983475
2.139426451456531
2.075661590393061
2.011904743038915
1.948149751496655
1.884393193439726
1.820632193770503
1.756862786399771
1.693078006507971
1.629264463031416
1.56539625624644
1.501424201101341
1.437257728575483
1.372736526068655
1.307589744245865
1.241386470565158
1.17348837264683
1.103058985611908
1.029166078350455
0.9512666651451288
0.8699206235573466
0.7883698641747734
0.7137426711731649
0.6546956910182461
0.6155828402667783
0.5986669331410094
0.6025438359600087
0.6220101619374797
0.6458851720715078
3.004741194332296
3.006963403013867
3.005865122629904
2.990907802993152
2.94882079163455
2.867300613676405
2.738085128499651
2.559289224676872
2.337827824509454
2.092056471551503
1.853800704344012
1.668199268704941
1.589180854283174
1.668992950154123
1.943801343000279
2.423214665299871
3.096142340664945
3.324316253973594
3.242045601830471
3.242326814024124
3.212197873568255
3.168151239911115
3.108174971983354
3.034956783554064
2.955981521170338
2.877562464019568
2.801910758504204
2.729342399469102
2.659530867614563
2.591804828484774
2.525559182925666
2.46029263237878
2.395644307933047
2.331371711746694
2.267320675429145
2.203397141555277
2.139545494418342
2.075733441545433
2.01194215528877
1.948160141114316
1.884379372152934
1.820592767807255
1.756792221130044
1.69296623905661
1.629096600872631
1.565153090781225
1.501085117639029
1.436808882667363
1.372189064834063
1.307014890980257
1.240976313618782
1.173646494236085
1.104519284123288
1.033071466211551
0.9591589199663914
0.8832725639749022
0.8078607671954141
0.7390420071723943
0.6847471593359263
0.6476223414305796
0.6296274327784445
0.6296637508650061
0.6450160167569037
0.6693572692113815
3.04240532956989
3.058276616278847
3.079352762920105
3.089841155754656
3.073686334421399
3.018767232103847
2.917529006558096
2.767116427343376
2.57061369698181
2.338930078657675
2.093091993842165
1.867209299369678
1.710795281231419
1.686098169574195
1.857574860621209
2.283453618940884
3.031504110342521
3.308089474527721
3.218829542331473
3.224624661173861
3.195669756243356
3.153333743160002
3.095249858249242
3.022269752014145
2.944328308704683
2.868771232189124
2.796255897724072
2.726079850012666
2.657877736748692
2.591101097441289
2.525359931532426
2.460328569302568
2.395766733850058
2.33150693611801
2.267437641611654
2.203486684510584
2.139608235255801
2.075773333621362
2.011963373617204
1.948165753579525
1.884370866142156
1.820570065442308
1.756753936058887
1.692910244342928
1.629021444866136
1.565061023067081
1.500988154182509
1.436740038187276
1.372221556205849
1.307291842415116
1.241752786347234
1.17533289227771
1.107725066459935
1.03851605385232
0.9675246279180507
0.894300910663845
0.8199554296835276
0.7512720003135898
0.6985173571294144
0.6619695072228231
0.6437190862888071
0.6429264679837832
0.6593978135872526
0.6898331648070772
3.110283353109272
3.146091148911453
3.196304603895894
3.236986625073392
3.250856159864489
3.227622908030374
3.160348390424705
3.044958258055911
2.881402843972252
2.674044673313842
2.432218310781681
2.174190393832275
1.937086906482911
1.789821093678803
1.836577654852088
2.199947770785951
3.004381839563542
3.305822020966002
3.212483986755209
3.222841609988556
3.195894299301541
3.154195937376658
3.095392784812502
3.015701201154461
2.932670155177177
2.857861518475113
2.788398682093611
2.720942225130206
2.654786336960422
2.589365547676669
2.524464537236678
2.459915329982355
2.395610847061288
2.33147592146726
2.267458901745028
2.203523672483729
2.139644535934889
2.075802885564758
2.011984867104829
1.94817963733422
1.884377954578574
1.820571224332445
1.756750449316772
1.692905164237722
1.629022318156616
1.565084866426738
1.501070038339575
1.436946977446024
1.372673212954812
1.308187718281393
1.243403443501931
1.178175674855759
1.112329273052459
1.045365154173187
0.9767590777405106
0.9035973665343929
0.8240213810886233
0.748241827488017
0.6940521778431683
0.6566980318294179
0.6386422262835076
0.6388347857610216
0.6588795672414431
0.6968106835381085
3.228807257079035
3.287382542642148
3.364231626287691
3.429726299354651
3.470742567228179
3.478465267481382
3.444312993380374
3.363297860050836
3.235105632072026
3.061630661046683
2.844467014003721
2.586387648291884
2.302488193547648
2.047080549489728
1.947842389727708
2.203370260020769
3.003732819994145
3.310099966123226
3.220724435829911
3.235822974736362
3.211923740912326
3.169991444795611
3.10850027577749
3.01183416945274
2.91541466020331
2.840968789487734
2.776744759265768
2.713342911338477
2.649984952412287
2.586363590595652
2.52261749666327
2.458794860155111
2.3949343893405
2.331064967546539
2.267205025612881
2.203362373351612
2.1395379769919
2.075729208227274
2.011931909157653
1.9481414357392
1.884353005260148
1.82056197135613
1.756763749031847
1.692953916403077
1.629128553383774
1.565285142831046
1.501424524937683
1.437554145944254
1.373692022282868
1.309866918342742
1.246116527864787
1.18247004222284
1.119021859943354
1.055364734393236
0.9908008398886737
0.9167097489539171
0.8237153996142762
0.7303994932428943
0.6725545735202914
0.6330108668849624
0.6149178717590484
0.6163249663267557
0.6399866803946423
0.6849253274951128
3.438334646030134
3.50548098615835
3.584276926009687
3.658796626432802
3.720791328979597
3.753434778677792
3.743576288444608
3.688594966762744
3.592008722502805
3.457275401941285
3.28448066621212
3.069389426287658
2.806204102781826
2.50634776990227
2.256427422425562
2.299562725232761
2.992211189769358
3.315697252484893
3.244133585221977
3.266334919381074
3.24919908064423
3.210267022151974
3.150527654690231
3.020460210033678
2.896820335615848
2.822837989744499
2.76811389110224
2.710307951985831
2.649781315624823
2.587308100183959
2.523921640482509
2.460081865176601
2.396044210367384
2.331952198103844
2.267884091806428
2.203872929037444
2.139924880932389
2.076032390616138
2.012181904560535
1.948357695194724
1.884543476500665
1.82072315139442
1.756880678972788
1.693000608386117
1.629069232356748
1.565077689922692
1.501028889091728
1.436950079898331
1.37291121348781
1.3090438375594
1.245572324916104
1.182868615545285
1.121722782319213
1.062444108052833
1.005124292352738
0.9289679792479774
0.8089322091885691
0.6815937414401053
0.6246985784494987
0.5856968462784629
0.569042742152732
0.5717981799724754
0.5975801300743286
0.6481266343255982
3.817553067949944
3.819024548208271
3.841183327662428
3.910748399207188
3.988353767045287
4.0312274595681
4.027767556733675
3.985238977833647
3.912813550092153
3.81546603530835
3.694612136191107
3.549548919531676
3.374002429412189
3.145055935063343
2.835754280725884
2.562236278801245
2.904625030845331
3.305119157936616
3.281272918257417
3.312844074208489
3.303359515744972
3.264277457482757
3.195066079755571
2.943907669486389
2.792918602814937
2.751211484117441
2.727724667473006
2.680937951866228
2.626478932141175
2.569105736964951
2.510118787491554
2.4498443433475
2.388575717546002
2.32657245719028
2.264033303689856
2.20110201531394
2.137885355104548
2.074466085659353
2.010911031415311
1.947276596493253
1.883613310311296
1.819969885096383
1.75639681545964
1.692950254440165
1.629696464118392
1.56671660260233
1.504113166888799
1.442020094352737
1.380617867671996
1.320141355324788
1.260863757875412
1.203094896984811
1.148030916362079
1.099771310405064
1.072526085368322
1.026697518289097
0.8823688820485829
0.6318981644637347
0.5639035366461751
0.5212349096849891
0.5036339183341948
0.5059076736605296
0.5322957943922085
0.6118804839804224
4.499343286050515
4.213783864459351
4.111925801609105
4.180600725479667
4.256988837490928
4.279891190873356
4.260259266003445
4.217560281361445
4.161470020481643
4.094877698992201
4.018630952829107
3.935837147952091
3.856290526611471
3.783938049390437
3.645719433117057
3.242093421382179
2.905957870117434
3.307591440736968
3.352234198216021
3.391572824966567
3.402383457196036
3.403951123732416
3.431237785982935
3.236251576899003
2.673067787843848
2.676365524340401
2.756874376146508
2.739473661333888
2.67746170085336
2.607972812619678
2.539362221669979
2.471599193268541
2.404393027562079
2.337825055464017
2.271947363827744
2.206691712892392
2.141932978250205
2.077541414690267
2.013400528952576
1.949407729649073
1.885469923849452
1.821498094199964
1.757401953031414
1.693083562375205
1.628431523153034
1.5633184699255
1.497614196510568
1.431236435588108
1.364234670173007
1.296774124677408
1.228839491199104
1.160659265804959
1.09942421230217
1.077024983057422
1.13985065535262
1.124562138324264
0.5750236800648985
0.3910319168378977
0.4210780197756947
0.4178021845119655
0.4137736262084035
0.4171083491183827
0.4254303414361131
0.5571289012673325
5.594991153808966
4.667986303785666
4.439293157014557
4.466456695439874
4.478735708229465
4.448246961714379
4.402158401179329
4.353737041828327
4.30515197743912
4.25598610162692
4.20557822100019
4.153588213035107
4.107254595859549
4.100394675899732
4.182028178450006
4.186490482183737
3.645935871773239
3.467438536702368
3.500771078263227
3.507478567079461
3.520336572028492
3.559432856344207
3.603914545786814
4.012027588362438
3.658606061932188
3.245303580934809
3.101219996527084
3.013883752257745
2.90886695229375
2.793764140152907
2.681660502918359
2.577289579758119
2.481222671039926
2.392831281961461
2.311109122573788
2.234893528578469
2.163007951151668
2.09435262841661
2.027933463068188
1.962849405006268
1.898260909578043
1.83335151700574
1.767286400729613
1.69916846793606
1.627996353393526
1.552638512523193
1.471855485974471
1.384413973966815
1.28931388472217
1.186133357119528
1.075766551281019
0.9624439883286655
0.8555470571598185
0.7537485873674635
0.5740706106546215
0.1184350021123997
-0.2067446595711289
0.2311547077533197
0.2732721563596397
0.3052130173174601
0.2981247742795979
0.2625047324413882
0.1603960594336407
-0.01450859414258143
5.04273433309755
4.75321706370671
4.654454654915485
4.591819502681487
4.536139425866803
4.481599176170824
4.429494958044462
4.379634361759041
4.331413713141454
4.284468012018176
4.238717785897099
4.194238779813186
4.152059664120201
4.116262997321662
4.100966886260677
4.066782581694703
3.928362995918842
3.695982192605368
3.637819260901291
3.607027525415815
3.602420748885261
3.636470029661689
3.615202156494511
4.017617240230138
4.346161588816247
4.06216950278172
3.739630230395057
3.486208896469911
3.271898173061754
3.07658735944792
2.89857742883272
2.739916020188875
2.600792975270434
2.47960951461086
2.373934963334384
2.281096459906817
2.19845646779585
2.123529807049782
2.054011668190266
1.987753067546061
1.922707949062412
1.856866190911626
1.788178685530787
1.714477775316208
1.633400863654266
1.542337915244159
1.438443571955975
1.318777309413842
1.180656705155426
1.022303277113352
0.8435823221923376
0.6452296143338653
0.4219800848418592
0.148219057159299
-0.2075426284782213
-0.5215659383417889
-0.176247632211564
0.2394685319741489
0.2185320141717066
0.2533141015244704
0.2495360059736672
0.2276900861026536
0.1764570389927435
0.1006770093074231
4.743948742541377
4.650553577423419
4.599074967740874
4.551011106039598
4.507146217589706
4.461363826454734
4.41412792387113
4.366176257172665
4.317963028588186
4.269679939965458
4.221482455267605
4.173630785256092
4.126852917049883
4.08149809331487
4.037547319512968
3.973805821461911
3.861281639659255
3.743566965818546
3.69453812023615
3.664528375888785
3.653686453865213
3.679488947123174
3.611992368815722
3.928392206225986
4.602104862414812
4.632510945410723
4.359047163864228
4.017644648584057
3.694862515391311
3.406922868141539
3.153778619631581
2.934150332538553
2.746261778326293
2.587254217976907
2.45342420920111
2.340700422374745
2.244980007409895
2.162291881669999
2.08884541852628
2.021013431998406
1.955278669665983
1.888159769821698
1.816124986481447
1.735499858862778
1.642379298704431
1.5325660050967
1.401575305422181
1.244767980097066
1.057674309294017
0.8364689366857311
0.5782320498715088
0.2805433986116184
-0.05717981824111711
-0.4176204873671656
-0.7111905671293304
-0.6998233833586586
-0.0494234724268865
0.2571101312439691
0.1936998805462004
0.2204803277451495
0.2124957475915711
0.1914609488069342
0.1487256560922936
0.1247152966052904
4.669341589390351
4.629521087528782
4.597610875031139
4.554012385575435
4.510030251310612
4.463686985379042
4.416184446045321
4.368103221159284
4.319765011763883
4.271267761367585
4.222618214145762
4.173744304865057
4.124640352180551
4.074810875160916
4.023512867465256
3.961309131934033
3.874650027901765
3.787544925286912
3.737392734255281
3.705578897468619
3.689662363892331
3.709702920912652
3.62603024967123
3.922683630265211
4.697884202240703
4.928448475879541
4.78436120647286
4.45977212776459
4.08793596282259
3.731777084165883
3.413047617676809
3.136697139039687
2.901844313497744
2.705306502715001
2.542722166530306
2.4091092609514
2.29922943327154
2.207804206971011
2.129616535543907
2.059536519254769
1.992501028756689
1.923465884976619
1.847342246374258
1.758926974419804
1.65283991377555
1.523488760042491
1.365092772016453
1.171806103407437
0.9379914393219317
0.6587714347159001
0.3314514801489417
-0.03998989834976152
-0.4322577079970122
-0.7773934397049924
-0.9372968760666791
-0.72572353752703
-0.00959676322174126
0.2569393722558653
0.1816039240397205
0.2037071040279122
0.1948363498423505
0.1775387803864978
0.1422851625024717
0.1410984371895216
4.66918530447632
4.629405818807039
4.597435436284261
4.553810320715352
4.509790969534985
4.463386488439305
4.41578106936763
4.367535042380085
4.318937621184248
4.270036327829036
4.220749620044265
4.170844521216726
4.120039829252661
4.067755107027463
4.013898154411861
3.953622917254102
3.876862702707263
3.802058936950678
3.755711360703899
3.725936168316174
3.709258428739167
3.726564744665653
3.640467222255443
3.934012238821645
4.712170751919206
5.02582028705026
4.990021518662279
4.734649355973418
4.377649705518123
3.999421064481204
3.642649743005638
3.325292127956999
3.052526250417392
2.823593093329979
2.63493013061463
2.481539996467624
2.3576526452356
2.257088775611471
2.173467353453818
2.100318643427333
2.031138062363159
1.959403987187919
1.878576201449796
1.782089788416162
1.663361470959797
1.515831398254927
1.333075218680298
1.109052793020522
0.8386654727442153
0.5191165116452788
0.1533037800530885
-0.2426007338468255
-0.6259377428224638
-0.9134239510577371
-0.982647476207927
-0.7072827619651658
-0.009668815083723248
0.250303773221468
0.1743203075155814
0.1928406439187915
0.1839214951692094
0.1695434355810288
0.1400263083294619
0.148034045985578
4.744138997727793
4.650947318049949
4.599405994584168
4.551412133400811
4.507643463547184
4.461938008587812
4.414694977305055
4.366573479354117
4.31789520890713
4.26862911271021
4.218521389958142
4.167064073450391
4.113742846838862
4.058420855472438
4.003785384807374
3.946570315315737
3.869052154589109
3.794473516303509
3.754645182049691
3.729160327214259
3.714573162857064
3.730417202859611
3.650043895204387
3.921082381967281
4.643154939644362
4.976485618824854
5.011461631129472
4.834646429508171
4.531576612164718
4.174693937693272
3.814362158442097
3.479595671710508
3.184069770549814
2.932166704840955
2.723052067827867
2.552967377551574
2.41645125317613
2.30701439211956
2.217541912543921
2.14054991754856
2.068358013873815
1.993213139556457
1.90738974925432
1.803288874512458
1.673561845275142
1.511295758652307
1.310326893179142
1.065820500899151
0.7754125919791076
0.4414606421853615
0.07509732158371284
-0.2978205254819145
-0.6309070660357307
-0.8562724608934492
-0.8911766235648348
-0.6454395847910899
-0.02374672767763931
0.2553426636131474
0.1928616419849977
0.2107565879422663
0.2038563923262499
0.1918992094530285
0.1653704962211709
0.1605490449911103
5.039233029480259
4.750799128170231
4.651627751039519
4.588622170278403
4.532342298566683
4.476946962892674
4.423702840736985
4.372374971408583
4.322283728460821
4.272985128758298
4.224336100678157
4.17619725215082
4.128365619973202
4.081760910245151
4.045443090355771
4.007867750690647
3.902291735458196
3.781866644743992
3.742296017763565
3.720240038777218
3.708661739766763
3.723098811178227
3.654376174240838
3.881524239953992
4.499110870914805
4.817636074314546
4.896036252856483
4.789497801073423
4.554645497765444
4.246653459782256
3.912107035201236
3.584493965261269
3.284302205928843
3.021802378954531
2.800229392921428
2.618264313554048
2.471681680081185
2.354387585902701
2.259086706017649
2.177736719531018
2.101881725824185
2.022918940438896
1.93233650728034
1.82195644118167
1.684222875092869
1.512595059588613
1.302145245081006
1.050529892941201
0.7595726918383721
0.4376460437920485
0.1025932724841435
-0.2161351723933904
-0.4786181276105654
-0.6403737311068182
-0.6584263356450315
-0.4836216559979281
-0.02672185846275294
0.1832682127866
0.1195850860220712
0.1217299499181058
0.1110775505243828
0.1023129685230888
0.09152480114074804
0.09456440893796156
5.602048006346786
4.672487449645725
4.442558140104764
4.470206273834689
4.483691591353367
4.454568325510555
4.409846396347818
4.362688176851896
4.315076385315225
4.266390586936327
4.215435438692598
4.158376649569086
4.088212382200521
4.008123074309463
3.956944083069172
3.914129378288254
3.776244643033398
3.687829739059589
3.69100096069797
3.691454421430816
3.690515019930063
3.706262767574758
3.653744304442903
3.825845276625544
4.309004215949936
4.590398004439446
4.692022163991103
4.641689582100313
4.473285964378783
4.224924523982428
3.934205910886791
3.633130324803151
3.34520482818699
3.08518144218565
2.860402524972003
2.672603785617768
2.519526491048834
2.39615355593163
2.295611409477272
2.209836556528419
2.130094173742654
2.04741332911534
1.952988762545467
1.838595585486483
1.697070450832992
1.522930473572967
1.313224706039055
1.068718692324744
0.7954365591671226
0.5063229998542091
0.2222883069759266
-0.02859867793125224
-0.2148095579644258
-0.3074309842783807
-0.2852879163187043
-0.1288997922149557
0.235866460148044
0.4249463781054603
0.4120274636480935
0.3996447636690972
0.3980827190128495
0.4125654957250379
0.4349833914522445
0.3183381877048569
4.539182549069797
4.249677678724596
4.14902270780101
4.224260258414091
4.311028278497153
4.346936051033939
4.342300695990642
4.316179182162317
4.277744399069006
4.228670981355941
4.165762759526443
4.080180150610719
3.956977939990152
3.777949711847167
3.523438164448585
3.216188309326776
3.310350271780773
3.607645960420053
3.627899173361746
3.656484124253246
3.668233005522689
3.685855779077891
3.650406046514154
3.767497494360467
4.110504100324049
4.339728189077727
4.446063466027675
4.434666043794813
4.32173482029735
4.131196975882906
3.890757936927198
3.62753150055179
3.364435815090089
3.118244218558481
2.899272193082986
2.712105060759487
2.55673413892914
2.429703051123042
2.325103121557366
2.235397583513476
2.152111304789264
2.066436585482437
1.969805815681084
1.854481974271574
1.714221245080447
1.545063745398891
1.346292866321712
1.12153963628329
0.8798566463891662
0.6363450970566805
0.4117153436615267
0.2303125451764542
0.1170123486485442
0.09496851813623447
0.1871315628066895
0.4181481038315346
0.7774886297409672
1.032021549190048
1.16547733372172
1.237711446611086
1.283750083191386
1.309658478860469
1.305819231482518
1.253926497252772
3.89888397579076
3.903503088212143
3.935450763769294
4.0230507094464
4.126432159418794
4.201615679528663
4.235849290859859
4.235449191839815
4.208594595398002
4.15838210306602
4.081793150065138
3.970142334718991
3.811217995353622
3.597423174983292
3.353174472884756
3.201148170383843
3.390954847640857
3.609851217010701
3.615973803465175
3.643507730190786
3.65530005089576
3.669692679962207
3.647638346515167
3.717972829304318
3.935956857075147
4.104821399267916
4.198459726835604
4.207020850335512
4.133780715106567
3.991509951098217
3.798887617811399
3.576887263991475
3.345448963347927
3.121005269396977
2.915180613614107
2.734558378068661
2.581157997725239
2.453252839589804
2.346276354998998
2.25369288677066
2.167798686760808
2.080465996959154
1.983863435947653
1.871192084956101
1.737472678676585
1.580399874825491
1.401231495594041
1.205590848186735
1.003938395818782
0.8113834175842417
0.6465983131663333
0.5299984079056901
0.4819131901645924
0.521329946864452
0.6630619553249543
0.9053296699985889
1.203639543741853
1.476485714073749
1.685577864494166
1.826401575502837
1.913829841802249
1.958466622266703
1.968851342097128
1.964177340673413
3.571860680116512
3.649731378870294
3.749983761967738
3.857849567081811
3.965203614237012
4.054328371932813
4.110624172650694
4.129826390279635
4.113762873636499
4.064219409229082
3.9802075040794
3.859289758217226
3.703748770311618
3.534098123873433
3.407765184274218
3.412022519210183
3.558820375528255
3.630064356295622
3.624323090995892
3.640482664300201
3.648043610006606
3.657672633157444
3.645232779136144
3.681644857366046
3.802434713223843
3.910646487746511
3.978133463171926
3.988889773198548
3.938326898190507
3.831064536450512
3.67824727794167
3.494730656564663
3.29633536334813
3.09748522497037
2.909544382237896
2.739980450290401
2.592256192805073
2.46622781319274
2.358823138008895
2.264835807790982
2.177746406304696
2.090538655650286
1.996511415522601
1.890097577716211
1.767690986197023
1.628450886429107
1.474999363582485
1.313861550290645
1.155457355871733
1.01349889935036
0.9038208874721525
0.8428780869456284
0.8460360369268961
0.9249173302318358
1.08199077124777
1.302852145018564
1.556202486626866
1.811831700904663
2.037964191241
2.212470871122476
2.331288400328718
2.401955150826942
2.438425771510481
2.456008341081998
3.423198472486663
3.498978533768057
3.608855045455782
3.72385920893587
3.831179724297125
3.921449127024039
3.98458647922129
4.01339412861094
4.005162043343162
3.960203896203513
3.880875550661576
3.773706884440965
3.655061208889299
3.556980049431651
3.52163220439433
3.566594058189107
3.630624744088121
3.635125283692855
3.63093815933165
3.638918065902494
3.643205222773435
3.648873946548834
3.642881461923162
3.657809081426625
3.711409740011059
3.765941009258711
3.800500411681918
3.800105108230851
3.757151733703296
3.671204200267265
3.547705267000191
3.396143946666119
3.228018948162243
3.054877420974258
2.886697609494097
2.73080842211937
2.591399763254117
2.469547621598996
2.363611216674683
2.269858562627951
2.183213090364672
2.098056701596527
2.009054673695752
1.911977551569214
1.804483751054707
1.686797760433661
1.562182931343642
1.43708588161768
1.320850242958384
1.224975285949283
1.16198643549494
1.143964107979871
1.180544279476478
1.276040789119832
1.426227619098818
1.617779580422614
1.833531020550738
2.057415141968683
2.268552115883686
2.446661342968808
2.580908857144278
2.672193620251058
2.728544636993124
2.757357811926774
3.371222186988667
3.429109140943241
3.521698815130661
3.62584371833945
3.724983808386357
3.80886484386495
3.869402018230181
3.900032331709969
3.897198475354842
3.861497394398664
3.798619981816492
3.720910057612753
3.64839435795958
3.604898565935962
3.604206303585186
3.631096922268207
3.642250304694679
3.634378163905882
3.633527109232074
3.637114547215373
3.639474266817624
3.64242945873732
3.640468119074662
3.643445696431712
3.655052172234323
3.667320579335996
3.669151344592107
3.650432114218507
3.604222051186972
3.527911857564365
3.423249466049727
3.295544254690308
3.15240398928924
3.002303874066479
2.853241685821705
2.711679877172809
2.581891842219961
2.46573243173526
2.362776787815121
2.270735774930889
2.186055782928389
2.10462722148349
2.022541623993821
1.936841423872073
1.846197442240797
1.751433133214461
1.655804446115462
1.564955203451692
1.486507508213221
1.429297994917196
1.402289543593122
1.41315103169158
1.466514912984275
1.562276894440027
1.695045251533849
1.855894399938585
2.035167455214483
2.222464109086709
2.404671397808069
2.567592375696032
2.700550864295571
2.799400155844614
2.864936555428865
2.898983778581202
3.3725026411038
3.413172487629572
3.482191753661719
3.565252088156012
3.648009767166176
3.719564969709633
3.772165197676371
3.800447235830241
3.802025631813364
3.778823928601455
3.738122850581516
3.692398049084686
3.656500524913648
3.640908515582864
3.643372060876939
3.64782752139143
3.638758386736074
3.632473419016176
3.633354799273904
3.634919317012618
3.636261403372715
3.637578841305687
3.637957970547899
3.63514164422343
3.622944559000943
3.605500879368762
3.579880112508451
3.541589325264936
3.486308304869617
3.411434554827005
3.316895162095908
3.205184793279396
3.080826672855393
2.949507642792768
2.817117006095987
2.688875832972519
2.568688885296158
2.458788159857431
2.359676964452222
2.270339586773178
2.18865825740609
2.111970588567434
2.037697620802707
1.963968532113578
1.89016244881965
1.817285804016844
1.748113008460681
1.687043263890569
1.639661658915086
1.612022879899333
1.609694668557359
1.636643815942648
1.694201650196001
1.780596327852372
1.891540891983549
2.021601008890783
2.16498340895015
2.314981772808834
2.463495285821895
2.601401631686864
2.720186598021553
2.813675752496225
2.8783621238788
2.912642039476363
3.403408430236883
3.430417441440597
3.477777341997723
3.537515466235416
3.59969375230268
3.655145174678501
3.697004836813592
3.721142302381119
3.7265690447435
3.71604213751964
3.696102789083296
3.675535321351791
3.661798862863488
3.656669719863494
3.65470497949461
3.648071573921802
3.635040788907383
3.630628387369782
3.631944503484855
3.632579803796919
3.633363955758909
3.633766128368686
3.635367080167228
3.630208758752569
3.606083973217877
3.570236898301104
3.524899388457444
3.470092477386497
3.404513426318877
3.326772696938596
3.236395808224498
3.134328100772798
3.022946456190277
2.905710239402566
2.786611200479737
2.669568599092206
2.55789027675885
2.453888081025165
2.358698593295891
2.272322147789155
2.193859552601646
2.121899180756368
2.054987671291099
1.992105771114419
1.933068195576839
1.878774570157891
1.83125803220286
1.793505994544126
1.76905796169519
1.761415829440088
1.773344649451648
1.806218002656988
1.859656010865828
1.93169388731535
2.019433514607636
2.119672247936471
2.228967709035424
2.343290420329171
2.457793661999912
2.566744288295708
2.663861428592466
2.743110371838402
2.799576273229791
2.830040115622467
3.450064156896011
3.466711768213564
3.496432054512086
3.535058052918302
3.576682307220633
3.615075781076453
3.645232230287767
3.664363728833831
3.672340868398142
3.67165746051506
3.666653355649728
3.661732457698188
3.659050479132943
3.657228388804797
3.652783486276346
3.643808143507979
3.632230244880794
3.6287692114924
3.629982630335722
3.630184525610394
3.630654177631457
3.630586396115073
3.63271834688414
3.626953233886357
3.598143706168405
3.552885179513331
3.495864385007587
3.429904291436909
3.356144017428183
3.274719971066399
3.185555435153455
3.088982711402161
2.986083341714108
2.878740818247633
2.76945763812389
2.661019281944481
2.556100903110655
2.456910935734812
2.364949534301733
2.280929872882656
2.204871769375945
2.136338228722298
2.074755379111022
2.019741194087049
1.971369927671256
1.930314531748647
1.897833263783095
1.875593972364405
1.865357978098124
1.868578375620526
1.886009827176964
1.91746743453223
1.961863418415896
2.017529682783628
2.082627759931352
2.155352029410663
2.233826381462338
2.31586267527092
2.398709279370359
2.478815925943981
2.551778041615494
2.612702340375423
2.656990749847016
2.681202015218754
3.50368264294928
3.512605833078809
3.528721113504124
3.550101099232691
3.573807074854881
3.596478455432522
3.615286266733033
3.628756679624214
3.637086656592422
3.641827050071917
3.644975622236386
3.647767820526329
3.649842019024762
3.649569308463568
3.645593056025195
3.638281878028609
3.629500067530992
3.62678565833146
3.627744535888088
3.6277594313742
3.628054259848497
3.627775903358034
3.63004027637538
3.624467764418565
3.595186848358533
3.547070304219528
3.485410761844085
3.414301512039116
3.336402746479685
3.253095995237828
3.164907756353432
3.072053377783563
2.974934470916308
2.874456245678434
2.772109522937813
2.669839404199811
2.569774224878914
2.473913859397379
2.383874341488851
2.300757168750336
2.225165537448861
2.15734233476872
2.09737208035656
2.045379023521875
2.001663997741281
1.966744997252947
1.941292133967293
1.925971738997721
1.921236782201658
1.92712305271219
1.94312781116875
1.968240842159949
2.001142275640301
2.040483443816464
2.08509681475166
2.134024557750661
2.186382514072283
2.241136332529935
2.29683045738445
2.351328537157336
2.401695524065934
2.444395093884133
2.475851151364025
2.493195810821553
3.558381409983067
3.561660368654038
3.567677263083397
3.575863798682575
3.585271801019952
3.594744800578222
3.603310066259509
3.610568397569896
3.616789086360015
3.622587540635751
3.628331954902821
3.633652107503825
3.637465185005953
3.63862936978857
3.63675938656802
3.632441211136171
3.626628292552997
3.624670327565291
3.625354416143757
3.625312412834533
3.625516721310102
3.625173886452137
3.627362538081974
3.622321534238746
3.594904075544985
3.548361273232497
3.487571844976241
3.416878555955874
3.339626847347179
3.257878480512281
3.172517372485196
3.08372410247655
2.991560611012511
2.896418494612897
2.799223581305304
2.701394000844933
2.604624692666206
2.510612678728946
2.420834293275659
2.336442893081164
2.258294375567365
2.187056498956955
2.123335559821441
2.067761398735629
2.020997210573276
1.983670302099901
1.956244735260365
1.938873666016104
1.931278457369555
1.932702674165277
1.941976738516652
1.95769603275376
1.978464437684187
2.003113086727902
2.030808649701639
2.061021433420819
2.093379674217123
2.127449255345061
2.162479636364861
2.197184510733509
2.229652667840877
2.257481329294718
2.278158787104172
2.289613487055074
3.610066900135866
3.60934624906468
3.608151485867436
3.606746818217024
3.605426835048855
3.604479824457015
3.604213086276244
3.604983340609713
3.607121954024999
3.610723356707874
3.615422398738647
3.620373032343298
3.624537303741076
3.627128745633595
3.627855689882795
3.626743242324262
3.623708168787136
3.622451075097956
3.62287955132907
3.622847902240131
3.623014007044246
3.622686141112202
3.624715870654373
3.620307761391012
3.595901772281487
3.553635509229038
3.497599621922725
3.431934753168907
3.360070888942119
3.284079401766197
3.204696971918466
3.121891505085705
3.035519188764216
2.945774222166714
2.853359153113607
2.759393018155385
2.665170242971329
2.571918947020248
2.480674139576385
2.392301380242305
2.307625297545947
2.227575926094123
2.153272835598102
2.086003877097307
2.027098018688934
1.977725350460598
1.938677542488963
1.910189203502161
1.891854612035298
1.882673646723374
1.881225754465461
1.885928783059047
1.895307048238861
1.908189163112871
1.923785905371969
1.941642124365133
1.961487405131055
1.983024629182131
2.005709491708699
2.028586977584637
2.050248636707906
2.06895129729859
2.082897323635147
2.090624564247955
3.655797807063301
3.652360795675081
3.646238345984646
3.638177491271553
3.62917623002529
3.620341581323229
3.612728427177954
3.607180977091817
3.6041872769653
3.603776710079108
3.605523150577627
3.608697566272641
3.612514213804179
3.616308485145117
3.619501615022306
3.621373000330652
3.620805588648222
3.620150307578074
3.620352279128364
3.62036490128702
3.620527314147206
3.620254197421529
3.62212766418686
3.618241293280533
3.597170697350582
3.56044793197938
3.511613300643843
3.454611733043676
3.392398691404777
3.326326230074304
3.256501295159677
3.182507208001039
3.1040443535126
3.021289857209868
2.934891083902844
2.845695287276598
2.754432710094295
2.6615482709567
2.56727035123843
2.471865840839073
2.37594400452754
2.280671912368453
2.187821088212208
2.09963240093951
2.018536861372874
1.946799359039896
1.886165898607195
1.837595784130536
1.801145429217984
1.776035572130259
1.76088216497284
1.754020113973893
1.753822366053027
1.758928162677863
1.76833427136355
1.781347849641403
1.797433204721466
1.816006810442375
1.836247074043613
1.856982354802091
1.876700419989322
1.893691037661442
1.90630146084759
1.913255234677637
3.693398374561659
3.688216458642226
3.678902270277504
3.666445033534072
3.652180282643131
3.637603239747487
3.624143898278617
3.612954001234631
3.60475905809721
3.59981574407899
3.597983767973745
3.598869728297765
3.60194928479178
3.606570575630469
3.611813172396245
3.616275526694606
3.61789831813864
3.617780613271821
3.617781401834935
3.61785755914051
3.618043449459452
3.617845050060307
3.619632241586158
3.615930701156809
3.597724363932817
3.566479564763291
3.526405950381895
3.48111768613848
3.432034059572209
3.379147450748011
3.321944009892709
3.25977338996458
3.192234884473038
3.11952933131266
3.042140193737189
2.960327098800731
2.873783088899846
2.781671244027495
2.683026163612954
2.577313899597877
2.464913798828327
2.347371997308349
2.227382771155121
2.10852730518101
1.994836462446077
1.890262044234978
1.798152603504242
1.720834795198043
1.659389398389761
1.613672142343496
1.582564479050051
1.564368786580403
1.55721935319448
1.559388612980002
1.569420856479118
1.586091853434684
1.608244833241009
1.634581921159
1.66349482492876
1.693000148784884
1.720811104466031
1.744541921684171
1.762013677287564
1.771606051602847
3.721230833036267
3.715012107493417
3.703777638765573
3.688605540895272
3.670947579141128
3.652435051179809
3.634655504180126
3.618952749340482
3.606300561491127
3.597274748057944
3.592105017499564
3.590746846159593
3.59289953529583
3.597923994392976
3.604668460112647
3.611257329886644
3.614917526438099
3.615348126689905
3.615160703745023
3.615312745650232
3.615547491797609
3.615446806219741
3.617348200794044
3.613830504225273
3.596165987310193
3.569216345172149
3.539819748017646
3.509131678483535
3.475284144780684
3.436975156800788
3.39402680622523
3.346245424741295
3.293292294739285
3.23520860957021
3.171727024604491
3.10167927407297
3.022861640037112
2.932531043809965
2.82825996763976
2.708755340785099
2.574394373889744
2.427411871796281
2.271773050626703
2.112791517725
1.956554117629515
1.809226716989644
1.676340198870605
1.562177262775451
1.469379292529532
1.39885676665498
1.35001474537168
1.321211149445453
1.310286619034718
1.314987700933674
1.333168440684753
1.362762106651086
1.401601964244524
1.447205395464358
1.496626152501287
1.54644244234506
1.592904210824026
1.632232617609413
1.661044620319615
1.676839156466044
3.738080548418776
3.731326290054857
3.71908348661047
3.702440398097645
3.682857614944381
3.661982767838651
3.641449910807245
3.622708913018869
3.606919420704931
3.594916579834589
3.587222047754086
3.584052016064358
3.585277104034943
3.590313267740306
3.59795022188691
3.606141620920845
3.611801696643448
3.612857347037028
3.612482807205983
3.612720441606261
3.613043207879152
3.613144369444346
3.615844716781214
3.613996529474178
3.589521861137508
3.566977396127013
3.552042716784149
3.537786539419288
3.518823216800191
3.494027324631912
3.464896489083864
3.432986348362529
3.398949277597289
3.361798658508833
3.319123102181433
3.266768908988459
3.199424793602091
3.111914323612698
3.000444917357577
2.863402814705834
2.70167191370201
2.518610986423094
2.319796556453274
2.112563402616441
1.905345512653034
1.706854920188032
1.525197790059294
1.367069754499068
1.237173374288215
1.137964882206028
1.069774749622485
1.031255363332926
1.019998710309268
1.033093521142685
1.067430331630598
1.119712829776833
1.186284324696125
1.262928846596977
1.344769153932136
1.426322840761395
1.501731961540546
1.565180803332288
1.611499061486438
1.636863363108762
3.74311679520727
3.736185085737592
3.723600892374614
3.706440037704895
3.686143202846658
3.66433821553403
3.64265491297253
3.622572711057253
3.605325420326132
3.591861821621126
3.582835533342798
3.578587188337401
3.57909051684321
3.583852385326343
3.59177052361453
3.600956948357343
3.608543892164018
3.610304302675733
3.609732512539954
3.610019646958009
3.610371551252708
3.610615419304389
3.614452034133399
3.613957487553452
3.574425676101289
3.564020990825122
3.566513961571949
3.565821245006839
3.558280172197295
3.544467754395897
3.526556165841948
3.510102832552891
3.50034081202454
3.492423194519394
3.479265134731072
3.451312601462012
3.398886666970893
3.314366436237165
3.193319440835043
3.034718220413781
2.840706108695605
2.616255133125102
2.368803984201143
2.107793457117333
1.844000412986595
1.588665579177584
1.352522698035837
1.144888804594687
0.9729512606276238
0.8413319983223482
0.7519756292701915
0.7043867858980655
0.6961668522017073
0.7236569361419987
0.7824113377289889
0.8673492572055984
0.972676864279946
1.091783713757408
1.217239573999253
1.340927502852141
1.45434343762457
1.54915945250038
1.618066159721563
1.655717341003216
3.73589445261196
3.72906699058289
3.716678339335368
3.699799618924192
3.679863595162745
3.658483775907717
3.637264646114875
3.617645289392151
3.600804052194375
3.587625613152629
3.578705038694702
3.57435067376017
3.57455581291018
3.578930290016285
3.586601555461143
3.596100964927164
3.605248823597345
3.607670414049412
3.606880447853543
3.607057102485162
3.607080930919282
3.606732840858737
3.609357363540241
3.601129236893876
3.57345418552063
3.577479436117065
3.585408339756184
3.588002384755011
3.586932002971759
3.582606824254893
3.571958486982828
3.569105151697792
3.589428837179861
3.62095322575377
3.646861944251998
3.649165113884933
3.613295601334491
3.530133036678725
3.39600009546417
3.211705782840256
2.981540779542803
2.71259001260748
2.414292038426594
2.098008750367334
1.776426750692208
1.462768924770883
1.169926820936741
0.9096544782828595
0.6918923439338747
0.5241952215095168
0.4112332727634686
0.3544576111659866
0.3521379608306763
0.3998675799836794
0.4912986419938617
0.6187072956230576
0.7732568786730465
0.9451441460644471
1.123759438315402
1.297851938726555
1.455881648093669
1.586823457868522
1.681311963561407
1.732724269596169
3.716368219620983
3.709918247804213
3.698245829427933
3.682425304230664
3.663895231358458
3.644264996950874
3.625101332051777
3.607745394984448
3.593203753740207
3.582129675021087
3.574873250328194
3.571550126830677
3.572077700064861
3.576156070695508
3.583208899940497
3.592319964846472
3.602190829108219
3.605012810989316
3.604073915477908
3.604076504569052
3.603663433426209
3.602501847699104
3.601462781048531
3.594663534229974
3.590640007608159
3.591044532784828
3.59212984705052
3.592351512771523
3.591966025136997
3.592532180594864
3.58455945742522
3.598235535259956
3.660126404483645
3.742998190831496
3.815573378927183
3.850554908565138
3.829637987680341
3.743996797824377
3.592332895514773
3.378553276630606
3.110031027058355
2.796545583262385
2.449637953836488
2.082111930575029
1.707558930689144
1.339909311147819
0.9930442955985058
0.6804575675217335
0.4148726212982214
0.2076352087692368
0.06770114128967898
0.0002765897307477294
0.005629563631597048
0.07885153041801388
0.2108558448510566
0.3899332970713439
0.6029462096717177
0.8359656818665973
1.074584124323174
1.303939033866907
1.509240177858238
1.677085600698957
1.796866464820047
1.861593958607361
3.684903258568854
3.679164517978065
3.66882882078423
3.654951886523295
3.638953803386349
3.622415850709657
3.606839490746478
3.593425577953727
3.582936209423332
3.575680103374579
3.571616415877494
3.570519785301615
3.572121994637724
3.576167355185441
3.582379958723169
3.590392366301262
3.59967469695794
3.602430986084777
3.60155942811721
3.601560262423215
3.60117942704675
3.600298130028816
3.599250557728384
3.595804264531786
3.592188504043501
3.591181307598816
3.591034737617482
3.590720268427722
3.589688919101694
3.590568721267068
3.579617279140919
3.60611394671425
3.715058287831976
3.854851092819669
3.974682566708567
4.038892891942305
4.027755320824784
3.934339457863079
3.760696515522639
3.514751789099155
3.208014683988419
2.853849320118797
2.466125236533935
2.058307529402702
1.643170121315032
1.233168298603281
0.8411972559905798
0.4812662938316216
0.1686678239266317
-0.0806357731166409
-0.2516267983477429
-0.3329332720530959
-0.3200587452415506
-0.2175179569584169
-0.03809963324769224
0.2005134141300356
0.4791725149858228
0.7788035097558605
1.080452611800141
1.364970020357918
1.614432845045641
1.814331301798691
1.954684042009476
2.029780617222552
3.642282089888289
3.637718036919392
3.629559898193004
3.618768171886589
3.606643034995073
3.594632543033228
3.584091114909939
3.576040419466819
3.570995761106717
3.568918518399241
3.569329140120357
3.571554818141251
3.575009900339226
3.579374747857407
3.584596736937507
3.590745110583939
3.597800203740848
3.599869107396189
3.599255265940388
3.59926617593109
3.599001490546945
3.598425488025293
3.597656079626173
3.595970026911882
3.594147708260292
3.593227087205268
3.592534084972262
3.591828553076559
3.590490019368997
3.591798251775296
3.577264803218265
3.611147614789446
3.761328068093744
3.948511954566958
4.103738430804233
4.186967658926207
4.178489399332977
4.072643194559037
3.874219428888648
3.595657507131407
3.254043179008585
2.867784606709583
2.453533553937435
2.0243051170273
1.589549237722553
1.15713006583396
0.7362292941134218
0.3397643365420543
-0.01471680986039302
-0.3059295222170169
-0.5113452292422398
-0.611209970270375
-0.5939646246613806
-0.461505507282405
-0.2304851772133253
0.07302073281283884
0.4214877395371542
0.7895914915329401
1.152205245016962
1.48477963614998
1.767454953231309
1.987540840940281
2.138681406986842
2.218505211477941
3.589723082932071
3.58699280593957
3.582193802533069
3.576043523400507
3.569508299266361
3.563662920880358
3.559521087144782
3.557854323426987
3.55901016898745
3.56277389824978
3.568369250764964
3.574681579256369
3.580662979421899
3.585716859746175
3.589822330875692
3.593323196684157
3.596524997377118
3.597302750712123
3.597139549734653
3.597185037930561
3.597145096272078
3.596972742040175
3.596677841739309
3.596222687968948
3.595569953798177
3.594811772218852
3.593894525011979
3.593023519900676
3.59146959276017
3.592469775113886
3.574487685522594
3.620037283005442
3.796254755655646
4.000631548559739
4.16580949000349
4.253874704365584
4.242504498684885
4.123108768952111
3.900940549323085
3.593296183447398
3.224848162229905
2.82101145731016
2.401702164134126
1.97798425911661
1.552937794795679
1.126224504560765
0.7002208315857316
0.2850054600834181
-0.0998418335324435
-0.4270708662301713
-0.6661005837934106
-0.7884136403856993
-0.773739577598006
-0.6175758768657096
-0.337200022121275
0.03201957271586311
0.450793576212129
0.8852583386845901
1.299548317615008
1.663187257810094
1.958533778962134
2.1796492347109
2.327172334870397
2.4037963044017
3.528937222848762
3.528953089974148
3.529143932518318
3.529754834948517
3.531063509132454
3.533349328642899
3.536922104261662
3.542145711500726
3.549332431377611
3.558469685605265
3.568925627964909
3.579403189148607
3.588317872141625
3.594453045671627
3.597438396217032
3.597660025533586
3.595680760111948
3.594658394286861
3.595082352387533
3.59515113061317
3.595352795465174
3.595549753947902
3.59567877941834
3.596395580259699
3.59667301137165
3.595663477915504
3.593756059022603
3.59165513594083
3.588471646972163
3.586521573389082
3.567311041952982
3.628944209141417
3.787842821710329
3.958819181063785
4.103264661925343
4.184017470827423
4.169125470528138
4.041215744774096
3.803084474628949
3.47720983280338
3.097870135704802
2.698995622565983
2.303511966106384
1.918666758502385
1.538545891378644
1.151885649389159
0.7518127040380965
0.3439201537300299
-0.05052921993325662
-0.3978331604655316
-0.6598664581151774
-0.8023779029249596
-0.7997343338853424
-0.6383792743973439
-0.3255840451036627
0.1015811519537625
0.5889906361876944
1.082761127788641
1.527469693733278
1.892179061786023
2.170310027831524
2.367860602135216
2.494460786446072
2.558610062177591
3.462254491785828
3.466231174150648
3.473576083179083
3.48373037414678
3.49576227413026
3.508539504800643
3.521130796378388
3.533210935938246
3.545154860581003
3.557661748142528
3.571032692077854
3.584511571717786
3.596220032275848
3.603929401296485
3.606210258097503
3.60299172688813
3.595028425573135
3.591876217355845
3.592982414432619
3.593126066933723
3.593669670170134
3.594384283564692
3.595241780298151
3.598516871619302
3.599777502257311
3.600553143873374
3.601598741540217
3.604321740140806
3.607968144155627
3.612201434839207
3.597830805460966
3.589428107490903
3.649648928623143
3.741189683491756
3.842676959419717
3.907676953613907
3.89326486176603
3.769688374303343
3.534703170795726
3.215388663372513
2.855303055210923
2.495448017673795
2.159425957398459
1.848949921732261
1.549022932866263
1.238315990722684
0.9009332250407479
0.5368579470272011
0.1674248956727045
-0.1683505143408866
-0.4266361372249237
-0.5733483297744182
-0.5886943789281605
-0.4567355897432107
-0.1575022070639156
0.3016127186404444
0.8608455370707867
1.394046361206636
1.827958050137777
2.15131456696379
2.377595728769114
2.52562860522579
2.613538771348983
2.655712084836795
3.392852313039173
3.402359134270978
3.419612774151324
3.442745258672208
3.468894227103076
3.494776572215594
3.517639802050611
3.536110147183785
3.550550127572753
3.562750325315543
3.574913546537259
3.588165807124291
3.601355705046032
3.611198439901015
3.614092332685058
3.608276728181192
3.594248118227264
3.588823882301341
3.590584769179037
3.590789416440842
3.591477730706885
3.591994338571481
3.591523606010909
3.593732747716979
3.607327901301116
3.601630320272053
3.59241829021573
3.587282667621979
3.582075060739998
3.550941992825737
3.443562719987014
3.271671990769549
3.243288064945985
3.264434993667316
3.3053624384844
3.340406785390666
3.329409051051786
3.231216056127899
3.037628601801579
2.775722761857636
2.489912219057542
2.219382817261208
1.982791824869217
1.776634022924168
1.58263549873451
1.377427495834263
1.142189396196215
0.8722442747456752
0.5844697263488474
0.3159171739841163
0.1091204058413084
-0.00851469144832853
-0.03552022836313178
0.0253439104614319
0.2231775747237029
0.6525675008877411
1.293190494100023
1.806735731098311
2.168360878897389
2.406812672915835
2.550343980813145
2.625918620455761
2.659243818910215
2.670936138874652
3.325128281577151
3.342171596082467
3.372706320452449
3.412690408274375
3.456380400952816
3.497712476797015
3.531811715622231
3.555985401527222
3.57022048487144
3.577247605886811
3.58179762143253
3.588602300277714
3.599501563094594
3.611430817464617
3.617604225404669
3.611982459452817
3.593037760061215
3.58546508285752
3.58780719634722
3.588373757102109
3.58951370654626
3.590179548012749
3.590554176135146
3.58728147006446
3.593457510171959
3.566838554312539
3.515005141114621
3.441133816437288
3.329895104224197
3.143255620090596
2.844676096553556
2.492177510379906
2.451847040019403
2.470411462126035
2.409230591002467
2.384661841770893
2.364565217017091
2.319143517448246
2.23714586345312
2.128550473870652
2.011724453759838
1.901548940342853
1.803507750473746
1.715697816536546
1.632078908040843
1.545138035559701
1.448751344930495
1.340772834937743
1.226224836901976
1.119287992121601
1.03730107059551
0.9889187631893365
0.9610532253908664
0.9334852982200037
0.9253037280506455
1.241646681940045
1.86021314888554
2.246457586245842
2.490922039187147
2.618777508645807
2.658037575151302
2.643922452894619
2.611243976063235
2.586777270945128
3.26530741641502
3.292466277496345
3.340202671524388
3.400732791729551
3.464382927393654
3.522275722345883
3.567786372625758
3.596905346281277
3.60864318181708
3.605762344364299
3.595052111332574
3.58590682405041
3.586343399080714
3.597449095233545
3.610428121471454
3.61124994909302
3.591122283773998
3.58171706970748
3.584332976101982
3.585822510397052
3.58789238642183
3.58933549731167
3.592211190845368
3.583915924709433
3.554449660151423
3.494182020404458
3.375977095642927
3.180488281333074
2.893800922701843
2.515086155677301
2.087398195670038
1.769952853598503
1.950756246385417
2.121825863938743
2.055632317589648
2.047237970419568
2.023018379295636
1.992928744870169
1.953802882581969
1.906083183182391
1.854630002831668
1.803015897135105
1.75155701489393
1.700140096349796
1.648954641355451
1.598129985987722
1.547903672196293
1.49821437470026
1.449376231102296
1.40484474158036
1.36916877229252
1.342759709443959
1.321576456637397
1.319932419644977
1.230601643996692
1.534071235581552
2.222730207438386
2.585176636675981
2.738007705369215
2.747873210597545
2.67033265686219
2.558543183585511
2.457131354401999
2.396289986110203
3.222518691817067
3.263067414518124
3.331962935746298
3.415125439867112
3.498556812548926
3.571781114098715
3.62745707190259
3.660478461517375
3.668423149011944
3.652876736138022
3.620766433936165
3.584772003117239
3.560883345645104
3.56084091794272
3.581187259286016
3.599301239882891
3.588050979511812
3.577505257768989
3.579546602812496
3.582920642613402
3.586512761110981
3.589542598464772
3.593704994316136
3.58026336968614
3.530170220149218
3.438022409958148
3.247196934575873
2.920706628533117
2.465507835018617
1.946256648268262
1.501257808422694
1.365528775885267
1.882987382447464
2.210347374511416
2.143527560092684
2.15301784940793
2.131084117262948
2.095092658943636
2.042869773723726
1.975246188894944
1.90301331352553
1.834013147469623
1.768601965673562
1.705450336637067
1.643327194466987
1.580655260703749
1.51622721466294
1.448772442713516
1.37863694165481
1.313456538898768
1.263454927548396
1.229434008488871
1.208539156846054
1.224325579004329
1.138081261131357
1.509561871044706
2.359810638846374
2.76018589219941
2.84881612278016
2.746908183862119
2.556331684501883
2.355501510988553
2.196097342539244
2.10629188842651
3.21094080598264
3.268454991216391
3.360438154578772
3.463971361271513
3.562867255413314
3.647383241371529
3.710026788154384
3.744755185246861
3.74819334474028
3.720487741996259
3.666202863513719
3.596507262542111
3.531605473399386
3.497961495093409
3.512755697578637
3.558914845696002
3.580145017260955
3.572585011054783
3.572355509686544
3.579454229573297
3.58568883889849
3.592197713049796
3.595436780619669
3.581557288925582
3.544975323795766
3.444926720254774
3.195087453066557
2.764054039338242
2.192840150542147
1.600429294858534
1.187017076276028
1.206174011014491
1.897995520397985
2.21027320082578
2.125785198895347
2.13862755066011
2.117184983802336
2.081497860633793
2.029585998744629
1.957119125258564
1.882395700123853
1.817397034383398
1.758512301958086
1.701738548368577
1.645790735971702
1.589252651984891
1.530916789713489
1.467030755173721
1.394280453101345
1.324579602921279
1.275352983879477
1.241974663647059
1.22129498292564
1.237809280511369
1.138574421444885
1.470923204017405
2.365863780235037
2.758792105638438
2.773402257199592
2.570557851438603
2.292854626618332
2.033915463943346
1.842202487435049
1.737992768163518
3.254445900022587
3.329664502666658
3.438558162237507
3.552351493368177
3.658562654691424
3.748320028226366
3.812221289533414
3.843867346155238
3.841216274698181
3.804598670426106
3.735071237487134
3.636343401544081
3.521796391147086
3.423886688112626
3.392046927583282
3.454467117396446
3.549406802787272
3.565263131457003
3.56084894020188
3.57497727137061
3.585880605344183
3.599315858713487
3.599177646669206
3.606532876868525
3.63575225505918
3.54182279286053
3.242122971653465
2.755092431136606
2.149975176452742
1.544562699241171
1.136565926404676
1.189603023772204
1.924628738288467
2.227756883307535
2.144897428196119
2.162566395355773
2.143150790496182
2.105874935988406
2.049853046752482
1.958376429920831
1.868637051465604
1.803664178767627
1.750410801800567
1.698664525774836
1.647343914592154
1.59547033027171
1.542025078134162
1.477287529305118
1.389083661240404
1.300676134267744
1.247812286408838
1.213097611321391
1.194512228986634
1.214577735911634
1.121574461089704
1.440444834901185
2.297477769800166
2.585380719127514
2.481029503346756
2.196550296749397
1.882812172766858
1.615573313949631
1.42555324745043
1.323916502520879
3.396636616591864
3.473849026556392
3.572921685161912
3.679235038750811
3.784894872919033
3.872544484659834
3.928169381873252
3.948400007948485
3.936218057159677
3.894404190861101
3.821765512809755
3.71291050565618
3.56363969862574
3.387530685164193
3.244766420649327
3.247997963181891
3.450910852965611
3.550446323575756
3.543569417841334
3.569120093673184
3.58743842554273
3.612378276719201
3.610243498232312
3.701452259506931
3.838911665635725
3.70071613704338
3.338358536809411
2.860415221700516
2.329885012608676
1.792251542841425
1.355292213477029
1.276896888597171
1.921888203808265
2.240371843017082
2.174414183599653
2.198765032989158
2.185228726432371
2.149792658348383
2.094485665278737
1.966754167088355
1.84738856347022
1.782714809337453
1.739876695424432
1.695253979571197
1.649682088038967
1.604394569734254
1.560206297272984
1.494260406202566
1.375125879326127
1.250810058813787
1.199533273017798
1.167146397276527
1.154685880047679
1.180655486700291
1.107821816089428
1.438805968170128
2.153928394643674
2.207385672669931
1.959200029441656
1.651325440327416
1.373811653124878
1.149821128518535
0.9895780590394632
0.902627679437404
3.71930285425294
3.723266183028796
3.754061766168458
3.840135016526074
3.9417255166351
4.015010080788081
4.047572138711001
4.046423924697791
4.020991011194024
3.976180414741277
3.910693897559572
3.815413249960858
3.671969350670608
3.458666502144026
3.186168334124302
2.997864466014457
3.25528161191782
3.519014875204628
3.523239539938866
3.562493297729115
3.589739296073473
3.628748111705197
3.638874441139839
3.899483334613342
4.088848372858743
3.792548713716206
3.383044132943304
2.998071370993141
2.645630250039368
2.291195304450247
1.891260942978553
1.543223070184147
1.8340775072918
2.234482357122752
2.217433695623423
2.251219191726734
2.244813294521674
2.208204679818357
2.143238447039423
1.891030451440076
1.748177471619989
1.721627413017819
1.715823903605195
1.687757400264681
1.654520115863959
1.625546553618186
1.617388040925442
1.58759367822097
1.443095108368777
1.195880623078792
1.136316225030216
1.103322047829483
1.098029363835893
1.132406831230353
1.110242365033557
1.518328789025456
1.841810689979638
1.55723792075535
1.256729643061037
1.036312453003796
0.8582164599800867
0.7051427240392815
0.5853280021051085
0.515402232507588
4.357417083623788
4.067357931736398
3.96583924800369
4.040001630678568
4.125480072512646
4.159871222986965
4.153572588043525
4.125958723248227
4.087011024763081
4.040082335099482
3.984731738791351
3.914926528943052
3.814659074795402
3.654251698464783
3.390142542022139
3.03127720334906
3.144107908957054
3.499958550658866
3.521321679366177
3.560253183765839
3.586980374891308
3.625857126295603
3.654243286677887
4.010820091418658
4.043838835626609
3.631173324862199
3.32100771026741
3.103629211209473
2.947986202454576
2.838991331259126
2.685624187432354
2.250204623066183
1.836079392794321
2.240839540120793
2.294338701853482
2.335814579617897
2.349315439647365
2.352689056259064
2.386902938505793
2.183582268634282
1.583673586903997
1.6019234981228
1.70189987298865
1.697060084822082
1.651553458657449
1.644184596907034
1.738105636416335
1.748643075774739
1.145426496751893
0.9478352406269982
0.9888052913832496
0.9957065958557514
1.009733774557043
1.049958298718664
1.098432693047336
1.504683176792002
1.094338326404322
0.6856773234324769
0.5744652568137494
0.5198315063280036
0.4412163734554856
0.3504836603319388
0.2681829569085151
0.2085286581624864
5.420235388320959
4.49038507372522
4.260209927213448
4.287656538855355
4.300925328769795
4.271557318013366
4.226573235932742
4.179195241319001
4.131600928634674
4.083723664402471
4.035648182031496
3.985505160610836
3.926892454366015
3.858210717687443
3.812175702792195
3.787700897357916
3.646069675443612
3.548886034793953
3.566279641382098
3.570061648186338
3.57006051038549
3.572508081799901
3.593599241189604
3.478885241438543
3.286597403062347
3.265147898324492
3.226814184527897
3.155187215893388
3.096714157893239
3.09234179430993
3.189947637296577
3.203587297477755
2.607746675361339
2.411887565554722
2.451699112182387
2.458682226103496
2.472768687321497
2.512223239511884
2.563219693639402
2.961439483615647
2.525293795126878
2.06758648790141
1.887099380126796
1.754487785029315
1.60829874020065
1.47065325418128
1.280127761146899
0.8106926744752615
0.3718916496247296
0.7751940369723862
0.8306978601692779
0.8719276082398162
0.8852535667675911
0.8886235572282123
0.921524256737956
0.717686636317995
0.1167497099109476
0.1397681468107652
0.2472285264241265
0.249840375702905
0.2025024075425036
0.1463568282327101
0.09702967898991041
0.04249094060621612
4.857629503336006
4.569127067155683
4.469978269592672
4.407083372163511
4.350989470472706
4.295873039655358
4.243025814484755
4.192248891384706
4.14291819427062
4.094688205751725
4.047600927147569
4.00183725298647
3.95749622923773
3.915548191646387
3.884744077300881
3.860411221231771
3.782571118006227
3.651011395447976
3.611397199718818
3.580106254415918
3.552605505453744
3.518734382555769
3.47592009961411
3.330033347541244
3.244574357014616
3.223024936499362
3.197326642601265
3.160237001121075
3.122918707306866
3.091252836707515
3.080648875044022
3.049046294950116
2.903714089464256
2.657881484907379
2.598215243600212
2.565368418977579
2.560256381453308
2.593383494829916
2.576478863840915
2.971964321070149
3.228080071978192
2.816711841573865
2.337052751260501
1.897892036302347
1.471606224725549
1.027744565936547
0.5401331456437618
0.1209230161437988
0.372655607116857
0.7682690284548714
0.7535855105806945
0.786726593468777
0.7799400331141434
0.7427645394406643
0.6762980687173645
0.4215578477055705
0.2751748376234643
0.244825298742218
0.2341093285823366
0.1994484215930863
0.1570615254224371
0.112002425814176
0.06731495625010533
0.02079174435467364
4.562344352835275
4.469102188109211
4.417519617026378
4.369539398350967
4.325827564332879
4.280238336405597
4.233197082315886
4.185417294761215
4.137321640559447
4.089048968074186
4.040592621780682
3.991729218639461
3.942073183280219
3.891479088434227
3.842450677210596
3.794374093960902
3.732504613397222
3.660898016761696
3.619995304123479
3.58181602891902
3.54579019907384
3.505446116702551
3.461222543039805
3.38144594225702
3.311461233886119
3.26043406786492
3.210250584821057
3.158847757520284
3.109649267588312
3.063177614946453
3.018898024771248
2.953438978121347
2.835132642488407
2.711770519454544
2.660685143802665
2.628438658614528
2.616275292775248
2.640532361940172
2.575935671254044
2.890058555557179
3.493072146716584
3.326086346967391
2.760634862971072
2.054480648408636
1.31769739583712
0.6086390241610243
0.0386432216970637
-0.1332415351456688
0.4630499727082245
0.7738300047878507
0.7103524414323031
0.7338984163906307
0.7200124200490532
0.6841637805413041
0.6281611344676132
0.4996912181711187
0.3796992726955049
0.3150103328838391
0.2722567077990103
0.2270943685861755
0.1793936023759362
0.1298093271189728
0.08003257554179147
0.02915608951577265
4.487292685003331
4.447529488615597
4.415542578605163
4.371966571630434
4.328032815222155
4.281759205746847
4.234336738693631
4.186347355853908
4.13812032738406
4.089773909498643
4.041335856901283
3.992729926665648
3.943819425724279
3.894466575626021
3.84523540922728
3.795167503657289
3.738231926266237
3.67704232888807
3.629252273286185
3.583945521262287
3.540071736023362
3.492982257638888
3.442199257022753
3.375635852478919
3.313213742117196
3.259941900557254
3.20829674056257
3.156549925823497
3.105204829377217
3.053617878787207
3.000575086541581
2.93633967071684
2.848730642479765
2.760935854101822
2.708341100209821
2.673738217258218
2.655525396676948
2.673398598361218
2.591325567646515
2.888994545922388
3.590515990887885
3.562919771051691
3.003142486381837
2.154287350044929
1.218507152614584
0.3681734366229857
-0.1942372071600559
-0.2259657712735356
0.4678842702430133
0.7615828439436791
0.6803338501704713
0.6973600870657437
0.6775945056773656
0.6399664122557316
0.5834380872878528
0.4914131419506257
0.4011708818809061
0.3360117851518136
0.282782475278285
0.2311719796034254
0.1800671045862042
0.1289474661869438
0.07818841088600453
0.02751831845316342
4.487241496889887
4.447508785793062
4.415539432359121
4.371966549214189
4.328020506746482
4.281719747106975
4.234250559348898
4.186185029250471
4.137833854648973
4.089288538593274
4.040547600903938
3.991538652708737
3.942156359280818
3.892281158399644
3.842038501218257
3.791041870706148
3.737118346679922
3.681674664544702
3.632298161399243
3.584404679773875
3.537160013489619
3.487792500288195
3.43578362665733
3.376215829229686
3.317782562104017
3.263007942873606
3.209121630484799
3.155252897833279
3.101152955681252
3.045973599644831
2.988676315777473
2.925638997476595
2.853606937500804
2.784492705978053
2.735600830311122
2.702321774834904
2.682042197673374
2.695877227592002
2.609778984351369
2.917768586034915
3.616135994150093
3.608209220508826
3.057558711061972
2.179055889829345
1.192980992590621
0.3134628098967304
-0.2394477226873613
-0.2514814163851852
0.4402116894754064
0.7451174596958199
0.6596187324359285
0.6726051387431778
0.65094821149794
0.6151420142656551
0.5630580339456503
0.4904677216980977
0.4157729395637054
0.3511640942713881
0.2931066750278549
0.2377304713464045
0.1840277792848704
0.1312074884649553
0.07928946304693735
0.02746361896536812
4.561858346333493
4.468721440274046
4.417192321967411
4.369295173195426
4.325667221496081
4.280164755067729
4.233209314035735
4.185500822300297
4.137429770059836
4.089091377324046
4.040475241740785
3.991516183067602
3.942117505669995
3.892162932392174
3.841637296823782
3.790418443618957
3.737875201672151
3.684905238592719
3.63491853876304
3.585920468266861
3.537121288627274
3.486660654917197
3.433947710291337
3.376966505507113
3.319716909041284
3.263628272450732
3.207721300161943
3.151345748133805
3.093835249448677
3.034246694051575
2.971856603621069
2.905774793575997
2.836585127386578
2.772048834572854
2.722422152796129
2.688478148094302
2.667837943676252
2.68036265132138
2.609119014439694
2.952479004393479
3.564001445923678
3.496791680190274
2.957791378278395
2.140291611911493
1.229958159937583
0.4113460575311343
-0.1300875771089963
-0.201146474030677
0.4056882221691775
0.7472006539831243
0.6763440058140329
0.6881196960097078
0.6662735228200628
0.630153999964575
0.5777059689708326
0.50998156990358
0.4379601718923167
0.3697723060252519
0.3060767662402343
0.2459539800990299
0.1887669100602422
0.1336622269124486
0.08081037040441121
0.02780731119414097
4.85853070081128
4.570255038547085
4.471015363868662
4.407906078285845
4.351475442646772
4.295882656234005
4.242380006703324
4.190701949413182
4.140103234933841
4.090007666142503
4.040089625636125
3.990153342980562
3.940055131592362
3.88967707553091
3.838970795712175
3.787836833854404
3.735916056316293
3.683560655408579
3.632352913263489
3.581403947028624
3.530481244028264
3.478886190173223
3.426485279228283
3.372382630128079
3.318475504613282
3.26548662745237
3.213104568598603
3.161299876006572
3.110153518614792
3.059679935489783
3.009980324626126
2.960895316053008
2.912638470054858
2.868573979041545
2.833179483059579
2.806755930608019
2.78566264061895
2.781762270211063
2.708561043257193
2.952577641452301
3.353706967847782
3.212153602711247
2.732279246172963
2.055616708628568
1.312363049414146
0.634478428037634
0.1521910005498392
0.007377273701737222
0.4054156547759963
0.6480878658762939
0.5748384168216786
0.5700514228379817
0.5477103008006369
0.519367566437312
0.4816601364659349
0.4351154695767581
0.3846380640509488
0.333849937851214
0.2830297710787951
0.2319368102122971
0.1805758233457309
0.1288704186191717
0.07901007556990203
0.02652755305914242
5.416977673200091
4.488038415835561
4.258575013155715
4.286575172220457
4.300453589223097
4.27187777302292
4.227954065226699
4.181963131548851
4.136006746580939
4.089637599472498
4.042609488569964
3.99486296585476
3.946228388125009
3.89639671471898
3.845131134317539
3.792492422225129
3.739219011066568
3.687478045393417
3.639667149369357
3.594879361814953
3.550385476785763
3.502694572778628
3.449387470268688
3.390074717342066
3.327998347862441
3.265869233488419
3.203801670131542
3.139889940119686
3.070640665505435
2.99171774458729
2.899626689417181
2.793975696303092
2.680761212179361
2.574638702237288
2.493244910251455
2.445589130058874
2.419568249215697
2.392925108593832
2.367145240921605
2.556850791950046
2.855422405874935
2.751296932467818
2.416980043845842
1.943713270346311
1.422234461855672
0.9478492318788562
0.611518056922826
0.5050286267248462
0.8019074466660194
0.9910110514906861
0.9657127075924974
0.9393602746330167
0.9129193240625313
0.8634677032138856
0.7787554144988338
0.668164314826189
0.5502041772293539
0.4404583761497317
0.3455132361903073
0.2649603763957041
0.1950146155011068
0.1331653537271257
0.08483691453667039
0.03261674334540593
4.329053795893437
4.040970967415431
3.942697466064795
4.021110942166724
4.111984844936964
4.153211532195891
4.155503311431311
4.138524558772395
4.112484160725137
4.081120710001219
4.045823553278718
4.007119406403082
3.964945152096939
3.918843002958107
3.8685091965355
3.814852176452093
3.761206699651498
3.713012879230435
3.674221339363287
3.642964652837928
3.611480975110223
3.569861488615581
3.51115819989357
3.435014076034915
3.346990639093796
3.252716307825589
3.152496314782538
3.040041453590776
2.904009978591833
2.731215883903435
2.512156079833814
2.249054021998154
1.963269012237869
1.694534139781712
1.486926464451163
1.3683343051712
1.337632093129025
1.378892339048464
1.506054698766975
1.757541303768065
2.081903095577533
2.173829688245514
2.05904531714788
1.821438558097279
1.543363183818188
1.304899971694685
1.188704049160957
1.279240898798061
1.602959159364343
1.855060212366531
1.984052398366811
2.027316397901546
1.997177407419111
1.876101045007151
1.662244585195147
1.384119804162935
1.087638535015239
0.8148747961446332
0.5892086730787711
0.4142192916737139
0.2818237448415863
0.1821761670423013
0.1095912686839656
0.06245853713193553
3.641340048759494
3.649163899668403
3.687084073745366
3.783323433849312
3.898110999801436
3.987813251358546
4.04031771849503
4.063061321679659
4.06626045822766
4.056784077348696
4.038289124055368
4.012506779296224
3.980136062746917
3.941509116402597
3.897380861617772
3.849849001206014
3.802768826849639
3.760567785785591
3.725337480358512
3.69418468274308
3.659209868499328
3.610692796471879
3.541485834119036
3.449808879663882
3.338257217091138
3.209646322375426
3.062626325856602
2.889930778509905
2.679950913061517
2.421159767234875
2.10888635129927
1.752922913838144
1.381981727159205
1.039966493724057
0.7730915075850621
0.6143446208494626
0.5760855202636077
0.6565610545481855
0.8484912658705485
1.121235629185887
1.412815446365748
1.620354002367002
1.705985166509592
1.701021183202594
1.663897095902009
1.658340615780875
1.743039429953271
1.949728567387887
2.24097245404422
2.514126991798537
2.706943466682298
2.787820358069971
2.747966685776465
2.584244733194568
2.308515068815872
1.954609193814351
1.570846448131755
1.203966899234129
0.8856432322326679
0.6285590067908871
0.4313155579876237
0.2867270515495378
0.1887434066176844
0.1365640620726391
3.249893852245192
3.33373455187581
3.445262097903832
3.569654574515827
3.698866531570878
3.815519180309731
3.905757088323012
3.966720872768716
4.002718653791429
4.019542639068866
4.021720845737416
4.012167087418061
3.992734299375086
3.964939510824816
3.930647052358355
3.892485010669035
3.853584693700622
3.816388704531728
3.780965398330181
3.743867788326473
3.69845992555511
3.636922989162557
3.552858579108915
3.442825416076973
3.305781649271454
3.140900989910616
2.945171840618069
2.712467504618136
2.435147683026028
2.108152105510623
1.734512649167662
1.330153289591555
0.9251232905144812
0.5592966106744784
0.2734827333858914
0.09991928605210834
0.05631696398782177
0.1431818337222158
0.3404071599924131
0.6068177928568593
0.8964055521895697
1.173111628172418
1.406753126227364
1.596919513423395
1.769398053264068
1.959106557257528
2.191969734838461
2.467775730891075
2.756475049686874
3.021934798315911
3.217720247575615
3.301848286548398
3.253196677180565
3.071512827934507
2.774525587193985
2.395604087531511
1.977811745682483
1.564140321037429
1.188306213965988
0.8702985836296129
0.6176415727108282
0.4301725883874702
0.3052156907839254
0.2405804760010973
3.025160164478072
3.11056496544334
3.23862104830112
3.380245025831342
3.522588224679994
3.656442116848075
3.77224105150614
3.86385822948658
3.930339423989899
3.974150728892173
3.998807454673859
4.007577812539428
4.00324205702051
3.988345620092884
3.965471963875758
3.93721380552199
3.905686346601762
3.87170613949221
3.834032808118942
3.789095343808258
3.731428464825583
3.654740810341976
3.553141531067844
3.421884941650066
3.25730515261196
3.056144630988856
2.81487432100384
2.529813575502184
2.19868309044681
1.823515893625261
1.413934353317946
0.9892043129851231
0.5776600108177542
0.2131584089867996
-0.0704650132426564
-0.2454202023583438
-0.2955683848253698
-0.2213170276063525
-0.04140748227367595
0.2137910702026741
0.5158072176352493
0.8451619021972058
1.183200315474758
1.518292450454342
1.850416051675152
2.185006809694691
2.522055974488032
2.849915429381119
3.149811874014204
3.401986088776207
3.577508583552147
3.645447251340549
3.586580617430424
3.40039646516708
3.103616814448207
2.725527654859239
2.302444802043033
1.871622441558714
1.465563800536105
1.108290057188375
0.8145029120024444
0.5912289463197924
0.4405267371350678
0.3618471287927577
2.890740264820347
2.962693341073787
3.08179121457609
3.224566603558147
3.374075573647191
3.519678205554871
3.652997131040644
3.767316439189087
3.858835740081739
3.926939297159076
3.973253040932582
4.000496310927047
4.011744978095839
4.010089922752956
3.99841277689465
3.979052861105222
3.95333210536074
3.921093194604414
3.880457904729572
3.827907202421088
3.758642825652966
3.667104950299223
3.547506881504896
3.394283039856562
3.2024324074931
2.967828864038129
2.68766155249542
2.361231090895106
1.991242597032324
1.585398554543956
1.157670422872517
0.7284897050154321
0.323441703777211
-0.0293786565496612
-0.3028763407293575
-0.4749768278611598
-0.5328146839778218
-0.4758221334657775
-0.3151265713855754
-0.06801385145293121
0.2485832570590325
0.6200644582645043
1.031160570185138
1.465213780038281
1.906389440403962
2.339748452964141
2.749368544010941
3.118406609966414
3.431303755254301
3.673083824144519
3.826418238839149
3.873727686668076
3.803863106931769
3.617833264575709
3.329592548760587
2.963101352825295
2.548225562169333
2.11672635168568
1.69866382838672
1.319537541811699
0.9986144261112614
0.7486437113561473
0.5767090378863172
0.4857881800621108
2.808392461318203
2.868253343849891
2.973337902321572
3.108617793742682
3.25864372164
3.411028915573061
3.556203495789887
3.686613605735837
3.796932214971396
3.884506741428247
3.949224629506629
3.992840978212318
4.018166423307839
4.028351038308217
4.026281222591087
4.014050884205926
3.992531170409224
3.961116645195871
3.917694836134746
3.858800908222261
3.779864225247974
3.675480280171555
3.53973045915697
3.366638111925961
3.150834159922971
2.888429769913793
2.57802475037252
2.221737963342893
1.826102430021775
1.402601102756461
0.9675863269002001
0.5414296998198191
0.1469751542240694
-0.1924699108072697
-0.4554154666446941
-0.6246358120408082
-0.689417664973162
-0.6466579924707637
-0.4998988942750314
-0.2568909472727782
0.07222829571428421
0.4749399641223638
0.935224105074048
1.432406075303879
1.942038378947356
2.438260784845221
2.896469880128427
3.295699279688819
3.619546716238856
3.855098038332175
3.991920142920041
4.022205372974239
3.942739759148825
3.757476586009527
3.47862177830692
3.12563664984184
2.723060219453694
2.298077026372038
1.878158385474217
1.488852869648638
1.151924726180364
0.8841494040902564
0.6969721961440046
0.5969899834063361
2.75963982069967
2.811551261403811
2.905607769471928
3.032412941222485
3.179662354593797
3.334931776827865
3.487385104783588
3.62829610380658
3.751263029431995
3.852437674820742
3.930533622778535
3.986433452543318
4.022474048983346
4.041604703557548
4.046587452636879
4.039353001010827
4.020580209486925
3.989516380810278
3.94399425476122
3.880559547836406
3.794635228247079
3.680720799480584
3.532715601683162
3.344493521122605
3.110798446581968
2.828399950144956
2.497313502986548
2.12180736785303
1.710921453055786
1.278317628943349
0.8414434450050955
0.4201684077504956
0.03516356565480291
-0.2937186813069295
-0.5489057647788989
-0.7162931541456354
-0.7859730378748434
-0.7523253491256841
-0.6136597924248046
-0.3720639513957639
-0.03392189869484966
0.3891780810543291
0.8796973770816454
1.413863541300354
1.962851610336555
2.495811460302651
2.98372353720803
3.40246744919041
3.734083588858478
3.966603294452877
4.093438632548391
4.112616542659604
4.026391580611842
3.841508731973524
3.569650933144644
3.227417384756623
2.835636447475594
2.418171192409643
2.000381284644492
1.607348758209433
1.262051189347393
0.9837849338920641
0.7871213451727864
0.6814401112154602
2.735842198233451
2.783650995015765
2.871772291469648
2.993339889576083
3.138123928745205
3.2942259254645
3.450212715335786
3.596543470332114
3.726148300903989
3.834580558286916
3.919964349847946
3.98267731366198
4.024714165980964
4.048833219685606
4.057687773020808
4.053128461987651
4.035773787317936
4.00484200633329
3.958163190910734
3.892273614734428
3.802541043655057
3.683355599166358
3.528497646314111
3.331807770743305
3.088207154196481
2.794970444480326
2.452998691846425
2.067752506764828
1.649542334382291
1.213039134603499
0.7760997418723579
0.358187465604406
-0.02127061097922923
-0.3443025150292253
-0.5953878991400097
-0.7619146840557675
-0.8341286870039304
-0.8049040972699977
-0.6699125248358242
-0.4285747773995029
-0.08554753485075695
0.3479255479084646
0.8533336498453318
1.405209573554377
1.972811821814686
2.523329805075496
3.025810193743763
3.454414402032237
3.790198640017316
4.021555388881162
4.143678770387806
4.157355293406622
4.067601283080618
3.882811386130478
3.614665995243534
3.278413152190888
2.892940048259281
2.480293478215798
2.064609263421956
1.670578833133644
1.321675413398592
1.038433126366758
0.837071076676462
0.7286453330048771
)
;

boundaryField
{
    inletLower
    {
        type            zeroGradient;
    }
    inletUpper
    {
        type            zeroGradient;
    }
    outletLower
    {
        type            fixedValue;
        value           uniform 0;
    }
    outletUpper
    {
        type            fixedValue;
        value           uniform 0;
    }
    sideWalls
    {
        type            zeroGradient;
    }
    topBottomWalls
    {
        type            zeroGradient;
    }
    frontAndBack
    {
        type            symmetry;
    }
}


// ************************************************************************* //
