/*--------------------------------*- C++ -*----------------------------------*\
| =========                 |                                                 |
| \\      /  F ield         | OpenFOAM: The Open Source CFD Toolbox           |
|  \\    /   O peration     | Version:  2506                                  |
|   \\  /    A nd           | Website:  www.openfoam.com                      |
|    \\/     M anipulation  |                                                 |
\*---------------------------------------------------------------------------*/
FoamFile
{
    version     2.0;
    format      ascii;
    arch        "LSB;label=32;scalar=64";
    class       volScalarField;
    location    "5000";
    object      p;
}
// * * * * * * * * * * * * * * * * * * * * * * * * * * * * * * * * * * * * * //

dimensions      [0 2 -2 0 0 0 0];

internalField   nonuniform List<scalar> 
4096
(
-4.391139698053891
-4.240383907737626
-3.962591730242219
-3.577355826115493
-3.110420448485794
-2.589001815798311
-2.03779443256495
-1.477471787753889
-0.9253355923603295
-0.3965315712332705
0.09516260358817422
0.5370445672804118
0.9176693812288077
1.227698289041874
1.461211530969555
1.616828414909716
1.698078035250107
1.712915611242661
1.672633745742556
1.590514837387861
1.480502387937788
1.356061753023331
1.229315051331218
1.110476532783997
1.007573996190166
0.9264133498859998
0.870727442709049
0.8424463519758461
0.8420274153700176
0.8687810082579085
0.9211300093704055
0.9967745745062587
1.092801713074981
1.20581347185656
1.332097920309777
1.467822796644658
1.609245247673691
1.752935693718219
1.89595806529245
2.03590615022466
2.170748298526086
2.298531274696817
2.417047900800276
2.523564658161792
2.614674117376144
2.686313132437884
2.733969452128864
2.753072060617892
2.739518679815652
2.690248745539496
2.603744347039979
2.4803555749235
2.322403191970612
2.13408650630616
1.921276129868239
1.691268475588344
1.452526863791634
1.214373645025785
0.986574495448874
0.7787917621460074
0.5999606784229081
0.4577080525099437
0.3579333607864564
0.3046043138813089
-4.227769079243443
-4.079856468657246
-3.808311724750514
-3.431613873215248
-2.973911839551678
-2.460530283878079
-1.915037390156296
-1.358389079212251
-0.8092220267318819
-0.2843063364291758
0.2012016939940133
0.6334986771874231
1.000530108150762
1.293282953298349
1.507177847219489
1.642735827006202
1.705326981404015
1.704260360337891
1.65155829367742
1.560672755187529
1.445306549372244
1.31843633992679
1.191587271342407
1.074371121878045
0.9742704614000943
0.8966302052153287
0.8448051550246671
0.8204093120071817
0.8236205074280174
0.8535021948189591
0.9082951636809488
0.9856155966795479
1.082535658112605
1.195633500906621
1.321122616094947
1.455057871718922
1.593626411390549
1.733468184099745
1.871875616933321
2.006762854994434
2.136436369113283
2.259276664883451
2.373422304740788
2.476506206813534
2.565479555119495
2.636564146029706
2.685374914445792
2.707236030104503
2.697675412138489
2.653032725370683
2.571071686591912
2.451470197042349
2.29608832247398
2.108981802272467
1.896206090519647
1.665495459293291
1.425878205172264
1.187229820347104
0.9597291705828292
0.7532078457303309
0.57646308360571
0.4366824474115339
0.3391219265281318
0.2870483445793818
-3.905294884199096
-3.764899643623303
-3.507887768867072
-3.151283364147136
-2.714509198054345
-2.217650212869624
-1.682429296123454
-1.131746187106171
-0.5876530839190511
-0.0700523626933019
0.403312098215805
0.8163846819414319
1.156145405999307
1.41479947977817
1.590822118812983
1.688448577320931
1.716328809396118
1.686038836844951
1.610743323226161
1.504067682465848
1.379184296998255
1.248118818489992
1.121274104210112
1.00715266398152
0.912248928654108
0.8410816144837941
0.7963347554728106
0.7790708161702342
0.7889839817667532
0.8246866029735965
0.8840320920285607
0.964406893209853
1.062831697186067
1.175858143635446
1.299566695923798
1.429803802461305
1.562680625176808
1.695064561638896
1.824729813193876
1.950157439768053
2.070205374939296
2.183804287381136
2.289693449477388
2.386167097171673
2.470839164639425
2.540478699429671
2.59098568935613
2.61756896297942
2.615160585740691
2.579054499380388
2.50569204132176
2.393448357672956
2.243235180411459
2.058764128253415
1.846416431360631
1.61478656274835
1.374024998488115
1.135074621359451
0.9088467258071264
0.7053831799076927
0.5331083643439146
0.3983270293339556
0.3051106494788484
0.2556098005738554
-3.401805034917485
-3.275011555989114
-3.046452379652343
-2.729553830494636
-2.33153002074566
-1.861702863980772
-1.340441245816798
-0.7966355953956978
-0.2590619101833049
0.2479112321405569
0.7021232978925658
1.083728890035984
1.379390283455948
1.584862026142234
1.704102711445667
1.746729165816028
1.725560177095945
1.654797353774961
1.548758303074291
1.421001237768777
1.283753363565771
1.147587425415456
1.021280810983471
0.9117851813330913
0.8242536537739701
0.7621080305047011
0.7271540732828036
0.7197467238940618
0.7389807588547057
0.7828902627644477
0.8487156734156034
0.9333101534311992
1.033474275539905
1.145754748030686
1.266044752372036
1.389952309693952
1.5137185674958
1.634805378121911
1.75174144843574
1.863672837549759
1.97004268203322
2.070416683841001
2.164300586501938
2.250871454224686
2.328652118948523
2.39520591010282
2.446936264857257
2.479076389554367
2.485953294377455
2.461589772555842
2.400642786885585
2.299559690964785
2.157696420768628
1.978061743183261
1.767414337373659
1.535654395615628
1.294691838354355
1.057073523388369
0.8346353013292963
0.6374068744241135
0.4729489189655195
0.3461778669546687
0.2596180167751571
0.2140447192971203
-2.683923084593024
-2.581155725995989
-2.405228009238253
-2.157186788157964
-1.820724440132637
-1.390844155339527
-0.888384300879465
-0.3523684555700127
0.1777452878951187
0.6711567893629033
1.096555570189452
1.429372872511069
1.659608273166473
1.790763195823722
1.834721222299827
1.80732646539722
1.725623044196544
1.606191172698052
1.46410748458186
1.312368973711316
1.161713207275624
1.020727475447137
0.8960993800071568
0.7928707213282019
0.7146097332679892
0.6634919072901724
0.6403470142470641
0.6447483038254223
0.675158301063553
0.7290500172960623
0.802966461319832
0.8927828448770408
0.994477021068211
1.104502484519941
1.21849667684414
1.332136978436576
1.442549017108286
1.54837674768156
1.648976388350021
1.743953727796651
1.833178203695962
1.916834815186847
1.995266190316255
2.068630015100442
2.136478495461393
2.197341346401775
2.248371837743269
2.285131365308697
2.301628125546186
2.290755593232558
2.245251091715281
2.159170051973115
2.029638259251525
1.858375394614246
1.652352272779761
1.423145878278764
1.185093348122451
0.9528539340706449
0.7391453497393773
0.5533390808778975
0.4012391075961983
0.2857657676928602
0.207877664879903
0.1672708825826917
-1.704032401920554
-1.652297736651799
-1.570594271436218
-1.421615010280225
-1.165459142958827
-0.7933070857194762
-0.3242717147567417
0.198701578712723
0.7230106718597078
1.200030955000674
1.579893889904754
1.838684881258979
1.978286711454601
2.01421823262405
1.967017183305757
1.858250081485152
1.70850833187322
1.536065184060914
1.356044498011719
1.180182952935466
1.017107628145452
0.8729138652662578
0.7518105881937492
0.6566551903063792
0.5892758962068464
0.5505624061623537
0.5403998890581773
0.5576033194844392
0.5999971843998981
0.6645886818086298
0.7474977960681319
0.8435070943140572
0.9464037593676559
1.051388319518944
1.153980878191043
1.251455798424737
1.343536984506574
1.430411980514814
1.511711594883397
1.586975371195977
1.656301333436371
1.720456465451997
1.780567360199781
1.837670946565434
1.89226076548154
1.943846649471303
1.990523355331814
2.02858623057118
2.052308982595852
2.054084202084391
2.025177220997051
1.95728412141733
1.844831810578371
1.68749416806438
1.491887969882573
1.271278927000665
1.042861060675892
0.8236552110282724
0.6268006651018447
0.4598823129511554
0.3257094945794363
0.2245299997326707
0.1561233400215658
0.1205064128239445
-0.3927033390342677
-0.4752001469303824
-0.5458087044472294
-0.4984229538032299
-0.3226684334235473
-0.03848977992550296
0.3550019547687894
0.8462486350994691
1.378123646650696
1.828668875695319
2.131222767646165
2.283694025601406
2.308467701802017
2.232699373348885
2.083660724046575
1.887370818764658
1.667041207172236
1.441678670637759
1.225487283616372
1.028134585302451
0.8555701530205939
0.7110350726207375
0.5960108211538244
0.5109719384902998
0.4558682956441819
0.4302896410144192
0.4333201020498621
0.4632220698054164
0.5172489798111268
0.5918630813582396
0.6831019604942346
0.7857880316112307
0.8906604302196384
0.9856279547891666
1.068034271801825
1.141386320727266
1.210213181384066
1.275157166054205
1.334807762605456
1.388228546302777
1.43575679063252
1.478657844581923
1.51856030970322
1.556999489831848
1.595055410846861
1.632999129965241
1.669889376821462
1.703118534676239
1.727988805232569
1.737512035689068
1.722750269378517
1.674076394184116
1.583592790545775
1.448435684772215
1.273798744998993
1.073678929304755
0.8675507056390956
0.6740999963652041
0.5056831866834232
0.3667638566122641
0.2562386245692765
0.1713961607879371
0.1112999168190604
0.07841940459546262
1.338044205274641
0.9094581111084213
0.6631196823929068
0.6676813126338652
0.7784438103374485
0.9278841574517239
1.162112848612588
1.575956810785388
2.145736565593473
2.525236483142152
2.703710692073602
2.72251877429522
2.617721266260404
2.422028716350169
2.167548121237005
1.884063505227267
1.596391027260703
1.322956925799701
1.075892618565029
0.8620764498122206
0.6844783938771448
0.5434210626617433
0.4376286724359204
0.3650698931191728
0.3236052840579055
0.3113714258507849
0.326762327412929
0.3679353000338312
0.4320632195481112
0.5149657067441782
0.6118525912482637
0.7187093374473563
0.8284615335954867
0.9047818564859068
0.9538425016246551
0.995059017918893
1.036809318543884
1.077123467790368
1.112767948157234
1.142758625549465
1.16777122835075
1.189159849878495
1.208409053345151
1.226874814164276
1.245606958404539
1.265148707044447
1.285261564462367
1.304555258225051
1.320052160430489
1.326804914623159
1.317824656103673
1.284727246243369
1.219544742843516
1.117818652049174
0.9821843853215472
0.8243974464431252
0.6628559551142527
0.5146257883545506
0.3889148796004058
0.2865399994022767
0.2034414520396294
0.1353175089135869
0.08138474421006985
0.04510187429956833
3.480355899702912
2.44046004679112
2.145148812716016
2.161397326036892
2.186876550626607
2.171609591902201
2.154495125180834
2.437711807705077
2.972705594925837
3.192863930683024
3.225524903116894
3.107861849251432
2.872715306042728
2.558373444999024
2.203404610430191
1.840929177420219
1.495631090460443
1.183619905909846
0.9139145005068351
0.6903136354482005
0.512996587680367
0.37971006121214
0.2866590984401281
0.2292854892120312
0.2030551773887614
0.204213892258152
0.2302469276049903
0.2796307171007134
0.3506461887670366
0.4396842149603926
0.5402441119514914
0.6444172314957294
0.7517706848002023
0.8004460726820599
0.8038213898341441
0.8098136716732302
0.8200052300516533
0.8308119657860346
0.8393482061330128
0.8452659212021245
0.8488408816708676
0.8504526111839835
0.8504449006627401
0.8491058287247278
0.8466341931999275
0.8430869469952255
0.8383025537752671
0.8317921763326163
0.8226019257400652
0.8091691633415312
0.7892528404164173
0.7600809670016
0.7189167477114553
0.6640827336958824
0.5962497259006379
0.5188136266113927
0.4392947689034059
0.3640134498839979
0.2955918601359529
0.2337399098607095
0.1764817881281713
0.1221238391297803
0.07471073610888689
0.02748183356660161
3.194731715464979
2.859678387465129
2.744590070012308
2.689340191930857
2.649753573404014
2.634571975467574
2.537825893323377
2.837688738006379
3.469595578509486
3.681819171832058
3.629326582926404
3.39486047556299
3.039688240939759
2.619105917011193
2.179782327536909
1.755873170419842
1.369182546886617
1.031908889760647
0.7496588307837413
0.5236537817699214
0.3520627561318098
0.2307714197363588
0.153934876078505
0.1145962048352888
0.1055532301367787
0.1205069094592965
0.1552682794882607
0.2084143764947776
0.2805082206076149
0.3715347300753142
0.4781582172928102
0.5945138027237659
0.7185988372721677
0.761531884077818
0.7482142361399515
0.7509077123265393
0.7514677268913099
0.7521166331182676
0.7518299484337795
0.7505023242893972
0.7479418759191432
0.7440014953821971
0.7385271395908251
0.7313581704136718
0.7223150533502161
0.7111895728134321
0.6977377467524032
0.6816744034562812
0.6626749408249988
0.6403785662332869
0.6144045524620402
0.5843727155935021
0.5500022333447903
0.5110298380057308
0.4678939744380336
0.4201942269299255
0.3709190282984321
0.3215184195103577
0.2720857699230769
0.2225647922156911
0.1729779768293906
0.1231227246634847
0.07429997596131095
0.02455396354980205
2.763225449288883
2.627467458227099
2.553282727891244
2.509639489708946
2.486379744489625
2.50128940661825
2.415548481949473
2.805484024682432
3.636839423424723
3.931682835877532
3.851167537608296
3.532137626803644
3.083422266371172
2.585810287863695
2.092445769153523
1.63424705396228
1.227608868574793
0.8805901363700867
0.5964633146736432
0.3752856052257748
0.2144412582578346
0.1088298881106618
0.05111000841553343
0.03222432934527217
0.04231286352961097
0.07207071624358752
0.1145578872945271
0.1671744457117416
0.2327449713737244
0.3179143725753944
0.4282612128949345
0.5639031752124869
0.7208826003829483
0.7743331964080951
0.761795055389929
0.769685905864375
0.7736435110260391
0.7775144193850752
0.7800740146648436
0.7812525413650434
0.7809120518107995
0.7790242967248784
0.775567366626382
0.7705051391751306
0.7637590092810066
0.7551818437664556
0.7445309105495087
0.7314340542520169
0.715361394152883
0.6955985210955237
0.6712561232045754
0.6413165871111856
0.6048613629638075
0.560997585223335
0.510435692511896
0.4523323947757481
0.393144374466376
0.3359858592538354
0.2809059181623174
0.2274980638506114
0.1755342635908064
0.1245661884675537
0.07483345350600293
0.02516979120423411
2.667060559340934
2.595886281326
2.551172746442788
2.518757228251743
2.498471012268302
2.514371796713172
2.415218370845262
2.749032047913514
3.626372214774586
3.95349486175705
3.847635927569015
3.473191248195452
2.976117742889025
2.451327946819997
1.948288681213072
1.489904613012868
1.087161671080197
0.7461789329290541
0.4703963471760733
0.2606952459759255
0.1149702429425192
0.02786077249233094
-0.009040024954224365
-0.006472643167426555
0.0235518248376472
0.06906183505502771
0.1198694586946261
0.1702230336343992
0.2224075354046881
0.2891477924438783
0.3895169922776683
0.5351304668423055
0.717419955900124
0.7710330777217699
0.7547197344220552
0.7631996016348797
0.7667220147340004
0.7700974568785556
0.7720340689159386
0.7725898235791346
0.7716592579272799
0.7692240039756432
0.7652546049838831
0.7597040379354587
0.7524892952555804
0.7434743816189456
0.7324530762947182
0.7191195693315741
0.7030468919978566
0.6836442021248066
0.6601340819697925
0.6315264357993566
0.5967801199228266
0.5543238729439443
0.5048909201393555
0.4439869831979801
0.3836568503109163
0.3282362641268373
0.2755961430431459
0.2241447058645854
0.1736476778199563
0.1237033132153351
0.07437310141851694
0.02513859994479508
2.586060965025091
2.534852570719495
2.499817819350492
2.475267454463669
2.461419582966936
2.483023785527299
2.393013490087931
2.705196814931331
3.534808485368011
3.782009218348399
3.602499281604624
3.198538707681653
2.716480583441262
2.229546188706448
1.767590515445339
1.344021343434695
0.968062865353555
0.6478468139962122
0.3899361721838536
0.1979008720157423
0.07107602085616366
0.004166846725757629
-0.01211662285872223
0.01026566953623827
0.05813869709516081
0.1182892024304515
0.1784265594225781
0.228785974999069
0.266142647512201
0.3013213480098211
0.3650348462360339
0.4960158980026751
0.7041565327596316
0.768357828251111
0.7506944975551686
0.7616433000036179
0.7662227273314272
0.7702115705904065
0.7724099482901708
0.7730578888666528
0.772148797865725
0.7697313827118029
0.7658202753737029
0.7604029564301054
0.7534305049057459
0.744806803406766
0.7343790655206784
0.7219018955046388
0.7070190606761801
0.6891818223031306
0.667582829000361
0.6410489733132781
0.6081028293874536
0.5658768477344723
0.5153566327248248
0.4435056947286704
0.376138317212471
0.3209344549031148
0.2705402445752477
0.2207318876532062
0.1714952238870071
0.1224830133916337
0.07386859426217503
0.02530441308387837
2.531360830744297
2.479119300286996
2.4459644075755
2.425762682916514
2.417931273122917
2.444849147215015
2.375521711408644
2.694448530961806
3.376134166299233
3.404404793749037
3.117289506557844
2.738876285783984
2.347680142346986
1.959894083952055
1.581568610872517
1.221771445021886
0.8925213046156441
0.6068561215628301
0.3763341208431651
0.2082252444381588
0.1035311715139836
0.05690265871488545
0.05823652606654549
0.09495482635214297
0.1539928931179487
0.2229313184428527
0.2901306035628211
0.3442206353236287
0.3746405616356471
0.3781738051311657
0.3781072173596675
0.44569132758483
0.6681220346277251
0.7615444563110074
0.745299678164435
0.759815377043716
0.7659795182242252
0.7706250301523089
0.7729911464053791
0.7735889671303322
0.7725637534278607
0.7700497545098609
0.7661134430765763
0.7607812432327009
0.7540466473358182
0.7458686506693256
0.7361795084527147
0.724839325112586
0.7116435441502444
0.6961977679680089
0.677812505787643
0.6553427021746734
0.6270140490659624
0.5885655552973419
0.5418718023577654
0.4498024564825526
0.3697541874828476
0.3153538273096614
0.2683325957465255
0.2198362120798684
0.1713299752079995
0.122751861016832
0.07470831842773573
0.02624748024953301
2.499666324495493
2.410595717157971
2.372911195119516
2.357049742927636
2.357449735348497
2.392530781129218
2.373253729788189
2.76545288297295
3.05709910316564
2.761038244413937
2.44895534385768
2.197372825986378
1.955488590358373
1.697449022234384
1.424855272389518
1.14874223904673
0.8837733897946352
0.6470949359985381
0.4549034973133306
0.3176468973920958
0.2373163092815987
0.2082660732458115
0.2200861284123071
0.2607187471439222
0.3187045927447053
0.3842060666779959
0.4488332057849836
0.5042119074209669
0.5389418388141256
0.5355127086768579
0.4808126925585268
0.4264167865859699
0.5926668234510831
0.7459208691783681
0.7409194997312812
0.7599689340180703
0.7681565752388781
0.7733145438533267
0.7756519860818847
0.7760377224689884
0.7747931744682653
0.7721320730915391
0.7681635696212508
0.7629461776569431
0.7565147737596588
0.7488868210449362
0.7401004557569031
0.7301407675112211
0.7190258409572761
0.7065776095235099
0.6922386516824388
0.6748197495172431
0.6514852876673298
0.6152189776820832
0.5639494457487044
0.3856625941492662
0.2905228470758263
0.2639359521318785
0.2404638515875006
0.2018326063498845
0.1589725585724633
0.1140983686285353
0.06925188647005742
0.02286777032705562
2.608082320976908
2.377633345379416
2.306100589854098
2.281355870225823
2.281324180125755
2.313579697835436
2.360649762477599
2.749372361778282
2.312510334025646
1.906056214455481
1.799711140610291
1.739083687140788
1.635306122607817
1.493727762982455
1.32860648314453
1.149035161506165
0.9661592277526395
0.7964763919723712
0.6570869350047154
0.5584814669421992
0.502267954631136
0.4831292922619234
0.4922574341181471
0.520349885422533
0.5594071985233311
0.6033622041763972
0.6478251171626122
0.6892739717892172
0.72366776360416
0.7411725982511488
0.7091887637227304
0.577272776987053
0.548820943103697
0.731675801140068
0.7461977237127366
0.76567423616613
0.7741464972178264
0.7786667891923321
0.7802975208716308
0.7800664600270625
0.7783692298141047
0.7754285939306552
0.771353810772007
0.7662081972838624
0.7600536254915939
0.7529592570868381
0.7450991209224762
0.7366261116246596
0.7279805147188003
0.7195403049221288
0.7116211665290946
0.7048080669749202
0.6990367278541723
0.6974708282829748
0.7182217077812226
0.5882381542660832
0.288712280358743
0.27367374886332
0.2765295858318229
0.2329859545978802
0.1794684832617881
0.1277410868621714
0.08238548887484499
0.0336952716988035
1.779030279195903
2.020983543448746
2.101408891962032
2.134801879075198
2.146569343712552
2.14759584342804
2.180928915562012
1.974374437784708
1.366345215923894
1.388711859913738
1.498951636514503
1.503894438807585
1.454809879527722
1.390526435692102
1.320069260917328
1.244015249340699
1.16475603842851
1.088499719204673
1.022673986393611
0.9706229730216952
0.932974011570832
0.9080355309729242
0.8930255372606715
0.8850791095093835
0.8818450983031551
0.8816768130714212
0.8834417833316289
0.8860151638484079
0.888986313715087
0.8982074972107721
0.9303810698279347
0.9518771027878068
0.815878094632589
0.764507465131951
0.7801320999359422
0.7850133341459627
0.7869726522416471
0.78775699794625
0.7872664127335498
0.7857472955729293
0.7832737836366708
0.7798923902534823
0.7756205124140314
0.7704723751675485
0.7645001462453729
0.7577831718521351
0.7506323129783999
0.743296372240621
0.7367365339549388
0.7318999770879548
0.7298937559585504
0.7331442021764759
0.7444739899625634
0.778832991727065
0.8062669369079627
1.19696642857154
1.133854825552894
0.7335792804968018
0.5059222765967526
0.3762862132964016
0.2829834049000368
0.207139583838309
0.1457319438894276
0.1027737114785353
1.896990010151592
1.99271098838197
2.033580256931272
2.047593498761015
2.038592928342482
1.999079498551022
1.932564499691312
1.677168743696362
1.533000915023674
1.502872180599184
1.493193704586426
1.460207519615127
1.419659263945627
1.376564576873082
1.332346306935675
1.287226810790433
1.241486213895573
1.196683405515989
1.155859364972201
1.118687596979647
1.085623821982644
1.056452275334905
1.03092686881847
1.00870520922321
0.9894449346279236
0.9728425317068673
0.9586601334027851
0.9467124798188904
0.9370295742493564
0.9305100597945888
0.9320438867192865
0.9326491770984596
0.9041660833951706
0.8316403876555062
0.816115770413433
0.8063954902872683
0.8013994775461298
0.7981372001069641
0.7953120187481368
0.7923909759878023
0.7890823318372725
0.7852288237361633
0.7807290450016501
0.7755145597100945
0.7695914298756064
0.762971967948158
0.7560791678838237
0.7490217952480741
0.743383798060505
0.7403500761826012
0.7408504566694345
0.7469694661557078
0.7598523984922411
0.7956156467073027
0.7885245962129142
1.112883039539729
1.404792096099804
1.15516582342719
0.8458450109077278
0.6155207356360795
0.4560685672437134
0.3428054581525488
0.2643470168692518
0.2211273194179193
1.877980800934708
1.933843396521817
1.966079052177552
1.978063807556806
1.969101342463868
1.93460260122704
1.880451854322069
1.752772154101084
1.633955945592968
1.570158687825004
1.528650535852891
1.484443116752435
1.436698033262456
1.385662859555794
1.332207408141579
1.276514594537983
1.2189472990151
1.16265448482332
1.113977259811891
1.072040217467344
1.037470917064294
1.009372379230525
0.9867986354841666
0.968695312251035
0.954113711423153
0.9422585541176968
0.9324895946395877
0.9242765927376853
0.9172189234754013
0.910877047248712
0.9052893544620536
0.895195776566011
0.8716518976826026
0.8399973164160037
0.8279148034917905
0.8182787145954563
0.8119594711283408
0.8071520301338855
0.8030806081628387
0.7992565889049299
0.7953616641025838
0.7911673138352366
0.7865018915465927
0.7812173869873966
0.7752429102010301
0.7684131230925759
0.7612875312775214
0.7533634532507292
0.7474510674620177
0.7449559776596683
0.7461238010042731
0.7520500733173496
0.7616954238927794
0.7879210616525595
0.7601864079610867
0.9394284582105561
1.308646711150561
1.300930904856675
1.095211752097643
0.8581967210177043
0.6604403941191306
0.5150005419972808
0.4189557383628701
0.3693799765504772
1.850208016989098
1.895403444863411
1.922491159551887
1.93089357339803
1.919709810538476
1.885749679799021
1.832684096261527
1.743073756327947
1.655073085860283
1.591813132810169
1.540486827856071
1.490549573128793
1.440566902936881
1.389688755274111
1.337774505847525
1.283373573466382
1.224553803140595
1.165558381093766
1.118086422309399
1.077541926811146
1.044507063787303
1.017429595688885
0.9952483927966181
0.97695038167161
0.9617031273972858
0.9488270116217637
0.937768210750671
0.9280493624035263
0.9192525991861649
0.9108604191159589
0.9024155650406562
0.8913099875814284
0.8736878840452759
0.8524012548277408
0.8395922145599888
0.8291712729140213
0.821590391740135
0.8156230577533117
0.8106521640111255
0.8062039299142877
0.8019307636882405
0.7975651845154388
0.7928779459161434
0.7876094877388007
0.7815775253851849
0.7742650420475569
0.7664691377051118
0.7559798458172738
0.7483777892441531
0.7456581814167306
0.7468157234542441
0.7519251455950269
0.7588550284151666
0.7773288183321972
0.7489500133489946
0.8548650152119414
1.167996389053585
1.276572330794612
1.199807282420853
1.028423551703063
0.8445429158349494
0.6921750172594116
0.5870711041284425
0.5321427799919695
1.828529450588007
1.867648148979397
1.891424690532488
1.898330500412146
1.887601948529848
1.857242943843199
1.809905072700149
1.740878413410831
1.66928522103893
1.607409510193177
1.552001254522731
1.499155933144956
1.447740432065495
1.396661666052462
1.345628624292152
1.290459986110378
1.224161910665617
1.154251490725508
1.105819904708125
1.065631594665881
1.0344502407058
1.00945994706509
0.9891683839558856
0.9723837540789174
0.9582348525641202
0.9460608189666356
0.9353404152957401
0.9256273051431528
0.9165118384820996
0.907510607381306
0.8981507569532637
0.8872246334625623
0.8733396071185567
0.8579591539770617
0.8465315122135026
0.8368389147453571
0.8291768421075626
0.8228887893224717
0.8175832719404693
0.8129023332539183
0.8085526097441678
0.8042721362098544
0.7997900848213364
0.7947441893758006
0.7888112681507981
0.7808694351471758
0.7722926137836277
0.7565767484847211
0.7456515524472097
0.7429080748895972
0.7445902743232881
0.7494691858964105
0.7550884428517118
0.768727219436528
0.7449041471952521
0.8250894166410865
1.070879302330752
1.200079851054239
1.201618445038378
1.107832849446988
0.9727982662807398
0.8427559009722184
0.7451108151342435
0.6918454128648011
1.831348375358705
1.871197516985311
1.898817036411367
1.90799858964482
1.89873044243951
1.869420786706849
1.822515586472093
1.758937235936754
1.690365530040948
1.625193827280134
1.564401223013487
1.507161095485031
1.452864854414596
1.400566017366506
1.351038754110526
1.295405042163842
1.215896993508265
1.126082877082048
1.081786095641754
1.045604970472759
1.019129253896071
0.9982320494495164
0.981157742698018
0.9667583241360747
0.9542778434523966
0.9431939694734643
0.9331074450375092
0.923681769320697
0.914605244023839
0.9055298903629631
0.8961216107491975
0.8858276874152436
0.8742054485669096
0.8620392403479217
0.8518342152112738
0.8429007436518046
0.8354631200181251
0.8292020517372394
0.8238853132369532
0.8192679239423551
0.8151299821821847
0.811250383308403
0.8073740724173597
0.8031020231444564
0.7980150893103114
0.7901285017921499
0.7819797567202336
0.7550463677976393
0.7364451218136361
0.7327123503690884
0.7350322110111477
0.7403342116057281
0.7461583657225555
0.7577376093296302
0.7405796222211033
0.8148325804002887
1.006409451764215
1.118014927333366
1.151276627537469
1.116173038250178
1.037854265915181
0.947943411741293
0.8730865075195822
0.8299256644587731
1.738190102285773
1.775261333010408
1.791913143440193
1.792318904314647
1.781960016051016
1.760231582381673
1.728532801768306
1.68729687887809
1.641872726786671
1.596198206517251
1.551053592402593
1.506676519945552
1.463799982501644
1.424611104611981
1.399738816117047
1.371529716878091
1.276179847479752
1.1020510575036
1.053850366239031
1.020197540237737
0.9988303655211989
0.9830316038250675
0.970065991349527
0.9587666927273643
0.9485195117814234
0.9389883429526651
0.9299367471341754
0.9211700557317676
0.9125064439687846
0.9037476395522689
0.8947123069600167
0.8851788664096045
0.8750660808335244
0.8648458186920474
0.8557196626179188
0.8475581625856288
0.8405414928312909
0.834544704977215
0.8294544987346693
0.8251273231209776
0.8214199782661031
0.8181774966608423
0.8151854042494804
0.8120173682946406
0.8079982607841582
0.7998353139101623
0.7919128336123692
0.7335843412666824
0.7211772519388479
0.7352230447310045
0.7481173750778007
0.75670773222211
0.7625559425359155
0.7697652122481897
0.7543273964231644
0.8099605028281994
0.9472909868221326
1.033614736326912
1.07771059216687
1.081008884662691
1.051128857489685
1.004253814235976
0.959331609866692
0.9315678162020494
1.941099595360575
2.035577762477045
2.110587507889627
2.148440542198118
2.149032551355875
2.106747446396722
2.025409551194927
1.917001507303365
1.800219791632699
1.691076336679106
1.5967962830417
1.516605965728482
1.446154355725669
1.391880694623749
1.386600032680558
1.366989175248349
1.074863249538673
0.9485300963726471
0.9715771852132932
0.9721922654281144
0.9682199695758836
0.9629850459039306
0.956511776654977
0.9494136324606307
0.9419525355346076
0.9342929193754721
0.9265036901945091
0.9185947185405714
0.9105364513427746
0.902272028909999
0.8937520557836051
0.8849342922080993
0.8758805776943847
0.8669068461743545
0.8586418735200864
0.8511550977951466
0.8446055791109853
0.8389818286990722
0.8342603039145271
0.8303930360630674
0.827348908135739
0.8251527932130933
0.8238972214176389
0.823777353256246
0.8251720587859941
0.8281021887063738
0.8512021048720303
0.7895703376942831
0.6286788139070867
0.6401747444115967
0.6664051972610092
0.6835279573092078
0.6962427960555541
0.7028763473362336
0.7036990968545491
0.7567967931403823
0.8662404753029181
0.9418537042509547
0.9947000197232827
1.023390915937734
1.028918210974642
1.018061393397723
1.001522939227992
0.9896578544655503
2.702520979399589
2.84920990910644
3.02808498088396
3.152833478710326
3.1730382804874
3.07188794541476
2.861963982733243
2.579537662641704
2.273234598245131
1.986135145433627
1.7416075804677
1.540972318490518
1.368631830756506
1.191643342919334
0.9381336158539371
0.5299599275125598
0.4729310564530581
0.8616133779673629
0.890920962795304
0.9264962796892259
0.9393363218118561
0.9440361564665884
0.9435742137810115
0.9403907170331598
0.9355584098974077
0.9297050081176745
0.9231708866361179
0.9161475815660842
0.9087415093124468
0.9010126083970762
0.8930130224005344
0.8848041099645663
0.8765104839470815
0.8683746884884868
0.860772607094325
0.853840878179088
0.8477301494501168
0.8424929006985469
0.8381667426207351
0.8347635791239679
0.8323227752597909
0.8310016018523976
0.8310899041815389
0.8332150333687399
0.8382265865725951
0.8489490111415527
0.8650352777938886
0.9640687863012234
0.8051048213208061
0.6057466823373334
0.5270268749464402
0.5136686427739844
0.5262724711918302
0.5489231668382464
0.5853806484171302
0.6545940129734202
0.7588690819245529
0.8451368832295949
0.9098430419763278
0.9557409446656441
0.984624294668043
0.9993002659007687
1.004513941434531
1.005508537920069
3.416245813586995
3.52917387393512
3.681619689796112
3.788960488013934
3.786350077868735
3.646253041346018
3.377720041790325
3.017729734438646
2.616679668615921
2.221078257832855
1.85953804394356
1.536671569821201
1.233317645631902
0.9121579587565358
0.5526576290649533
0.2811702629081518
0.5599918747772449
0.8789141581599142
0.8743165036518135
0.9106307464414154
0.9247299011656956
0.9321774025747375
0.9343563030599892
0.9334245903352834
0.9303745197857699
0.9258823712429813
0.9203647016233319
0.9140962466930945
0.9072640604741279
0.9000057303386196
0.8924418524395701
0.8846969398749126
0.8769279301970234
0.8693460529451125
0.8622182019497823
0.8557039733447555
0.8499540748461012
0.8450562024099046
0.8410865900270886
0.8380669911414913
0.8360326221590901
0.8351852222578651
0.8358242039079731
0.8385525740872625
0.8436837180834156
0.8552166579948666
0.8560462569483855
0.9512309679061163
0.9721587748972815
0.7728935800641525
0.6024246858595599
0.5112552773406448
0.4805992795237233
0.4894217448410733
0.5288489190360827
0.5942128639377684
0.6768387008554082
0.7583855579112304
0.8283476317987721
0.884607006891325
0.9275691553064758
0.9580368582491553
0.9772608221343511
0.9868018974273992
3.978509500533601
4.040371027280329
4.122289957718386
4.165458156973898
4.115731343748572
3.944025662284908
3.651973360707058
3.26630691079453
2.826839384091379
2.372718124181677
1.931173748864122
1.512286698301488
1.113367988438817
0.7399785030360159
0.4508526647229885
0.3967027901620482
0.7351730867366142
0.9061575262954478
0.8816429596969304
0.907811473569511
0.9183766993661542
0.9254725984155022
0.9284344285438804
0.9286042725686843
0.9266236391566209
0.923043724346544
0.9182531567621224
0.912545549984438
0.9061461127596605
0.8992378822094355
0.8919848295524628
0.8845495610387494
0.8771096962479052
0.8698663762003007
0.8630429969009614
0.8568100861289768
0.8513241071375018
0.8466933253113944
0.8430282471292283
0.8403041844604121
0.8384697929761646
0.8377495631414668
0.8384130143406066
0.8409284298667518
0.844965212682546
0.8546578521973092
0.8463170447656356
0.9170820890655378
1.016169115972111
0.9051907392717964
0.735736717904546
0.5994537014085788
0.5220609933327667
0.4984697973939914
0.5160788170140305
0.5613418072127724
0.6224002326928557
0.6902621258168714
0.7563576200782676
0.8154203429597801
0.8649573949835111
0.9035960172444815
0.9303503958977744
0.9445777794251503
4.354026257736367
4.370146741339597
4.381514489247842
4.353921639036197
4.251752178579475
4.051940463323808
3.751138500399414
3.364459834013168
2.918481905026715
2.442456043849152
1.961453173151228
1.495119299339287
1.065697804677009
0.7152987254949259
0.5179898198713114
0.5517628121041007
0.8197143309799413
0.915767855768623
0.8912622865560217
0.909181569023999
0.9166999161340791
0.9227067959333897
0.9256416922678785
0.9262194480494889
0.9247705106608571
0.9216911682332612
0.9173089205305913
0.9119049455030942
0.9057171242803147
0.8989523012201868
0.8918007067856886
0.8844496711993675
0.8770944154111049
0.8699407443553842
0.8632035049423092
0.8570667683860517
0.8517029698691223
0.8472439827769095
0.8438697003463466
0.8414263183672221
0.8396428102559079
0.8388072987325126
0.8392286707775962
0.8412964511397673
0.8442765474743255
0.8520337986742987
0.8413760302378729
0.8965349555624178
1.007381756789695
0.9647365195153016
0.8394445987098175
0.7037532195136768
0.6014322235746657
0.5460807678947004
0.5331896847466309
0.5514684015936435
0.5900707317463837
0.6410854013715026
0.6974625296666571
0.7530999829549433
0.8033486036590638
0.8447250764646449
0.8745102947779094
0.890724951469467
4.54614004041017
4.528460124072097
4.485622768307803
4.400634542627359
4.254175365558009
4.031687956240799
3.728739239104093
3.352351923283736
2.918697393585903
2.449325818820875
1.968622121239775
1.504795147114106
1.094644910276928
0.7869474885905349
0.633039024961062
0.6594749486154919
0.8479059388568426
0.9179176203822047
0.8983294283485355
0.910817459218166
0.916336665924847
0.9212475669973397
0.9238450028767302
0.924447108622016
0.9231848651084256
0.9203349345928205
0.9161688738371967
0.9109480064833954
0.9049096849931708
0.8982684068153148
0.8912235166068866
0.8839707715832181
0.8767113075517224
0.8696527386084466
0.8630065734900479
0.8569594640093163
0.8516926376008501
0.847365224749392
0.844331005019465
0.8421651073386709
0.8401495008500077
0.8388130169238435
0.8387096417580621
0.8402662198631263
0.8424173786347825
0.8484770852929223
0.8383892337035773
0.88279542988757
0.9820336050257182
0.9736319369637797
0.8920464479413868
0.780571673654857
0.6771490201242832
0.6033821921773297
0.5647875964718755
0.5573715362630769
0.5740615637317501
0.6079227275221645
0.6524485803753203
0.7013241937162425
0.7487053704645749
0.7895407176843736
0.8197488804968044
0.8364212435862031
4.578246391004233
4.539112984411006
4.461378288477648
4.33852519141826
4.162433710003989
3.92609222100524
3.626642384132813
3.267484177462299
2.858954445373656
2.418143619914683
1.968812883917032
1.541649551323973
1.17322852126615
0.9005109268440106
0.7505860973747867
0.7345820424788179
0.8570034090279858
0.9207183939247265
0.9080982756343855
0.9182077539098803
0.9235292034897739
0.9283713572751895
0.9311103018716795
0.9317917574892367
0.9304557578149325
0.92733438342731
0.922692702905916
0.9168005334445323
0.9099087813351889
0.9022476125645121
0.8940376851453391
0.8855086329106578
0.8769164479940753
0.8685425252167542
0.8606816266731403
0.8535993419045246
0.8475617000010314
0.8428880778591599
0.8405358705953994
0.839581925351332
0.8380277314561047
0.8366805958507392
0.8364404250287727
0.8379295997474289
0.8396858354742864
0.8444156052978772
0.8362646452884681
0.8702196769195623
0.9490358077026062
0.9526582745779999
0.9006404165281582
0.816661510856153
0.7259539266243545
0.6485012992871912
0.5952523445746654
0.5690884752060492
0.5678653531247252
0.5869625910617302
0.6206269385828095
0.6624836919863719
0.7060064083414562
0.7451146277411236
0.7747375556048789
0.7912724984948697
4.482276887802079
4.432050580958401
4.3363646035031
4.194412602294757
4.004709754745371
3.765658696405945
3.47698975127267
3.141692260483889
2.767874348962075
2.37013098127367
1.96999372877042
1.594617450524806
1.272584400532139
1.02709854970079
0.8709177839317948
0.8110177834517057
0.8661652803146924
0.90491136934315
0.8933074810226127
0.8972363053860374
0.8989365251743171
0.9007980455000444
0.9015941624005169
0.9013459509899885
0.9000565704211989
0.8978550123315572
0.8949191315748166
0.8914635861731602
0.8877081994287089
0.883847925647352
0.88003015540162
0.8763481455293789
0.8728475705337635
0.8695320146786809
0.8663659410656912
0.8632522683047621
0.8600860567175697
0.8570429084521495
0.8561659307647868
0.8542107612017945
0.8447507825799212
0.8364813640151427
0.8338448701630821
0.8350748519650515
0.8365594644262739
0.8401929175115088
0.8347063620428625
0.8575585885230504
0.9109086692092586
0.9138594453426196
0.877830473628345
0.8153160070974276
0.7409200928922346
0.6693405015873808
0.612304761960605
0.5767505364309213
0.5647190387459688
0.5742915926706089
0.6008267805434858
0.6380557491285446
0.6790326562414086
0.7170243118360813
0.7463045737735691
0.7627841761790187
4.291832014992851
4.238306528694324
4.137782023447508
3.992170604295434
3.80343884127436
3.573352001404679
3.304056704032982
2.999495550314136
2.667199397125653
2.319693902000451
1.974621477960071
1.65282538300159
1.374434742220536
1.154578955672534
1.001798126389846
0.9225997315451105
0.9394549782840925
0.9602789235914195
0.9582557031214076
0.9649796528117207
0.9762286312216225
0.9863098989715193
0.9915516927963024
0.9917452304411719
0.9876234762751002
0.9800317283971071
0.9697004355191131
0.957215517546975
0.9429997975193123
0.9273358086907936
0.9104540836039902
0.8926576181965449
0.8744422158368318
0.8565674078719031
0.8398960106567173
0.8248423213207341
0.8111910462386909
0.8007597110075744
0.8022113332636329
0.8112832820521462
0.8270978240087082
0.8303025286145819
0.8275809049656829
0.8307311795943189
0.8329140936433447
0.8360056322663593
0.8336156125629084
0.8452891967828384
0.8706402925842612
0.8652698404249646
0.8348449594250115
0.785313096462289
0.7244371190484237
0.662174935295073
0.6089927138491429
0.573231139525
0.5591927972674904
0.5667263639348036
0.5920272767610252
0.6289511114497111
0.6703190364932567
0.7090416015870737
0.7390430056530041
0.7559714132851596
4.038412420255124
3.987055170139751
3.891126041775915
3.753541114362171
3.57774359865888
3.367242205873306
3.125771230338231
2.858128942714896
2.571360301099269
2.275625641117453
1.984061427690035
1.711363692350317
1.471701920902919
1.27745129384455
1.14009211603414
1.071695356575332
1.075616193826378
1.099147124617592
1.129876099485396
1.169593784221372
1.214593614646292
1.255614376822673
1.285859032219854
1.303028919832215
1.307344384118996
1.299679524084831
1.280701141095217
1.250647083860565
1.209459302668766
1.157213872824199
1.094677867269799
1.023740010382192
0.9476517600040246
0.8711086602353699
0.7999211207066067
0.7398886713166863
0.6952699926593905
0.6682314499081439
0.6593929512062883
0.672509488221212
0.7529349693234332
0.8148491089183385
0.8165882486553506
0.8246628620568645
0.8289337546961327
0.8322450736366159
0.83305254615997
0.8345663354789902
0.8324574034877076
0.8139769100944734
0.7809981844181401
0.735597323501368
0.6821748959600646
0.6284051359049913
0.5835907922947235
0.5556549834045681
0.548799467263408
0.5628318131522497
0.5938870730861254
0.6357435615910825
0.6811460501369864
0.7229469252098744
0.7550404792181042
0.7730688024246211
3.749603736485571
3.704057699644564
3.61916024582904
3.497919877794325
3.344087654067784
3.161701567718101
2.955016883136774
2.72885463762954
2.489167795099404
2.243453488968251
2.000702057337214
1.770921941948757
1.564693200718317
1.393143785491872
1.267610479957604
1.196324086654858
1.176660824320168
1.194444891311055
1.240140199706095
1.306081661337064
1.384857411258603
1.46677427305423
1.542610066540719
1.605868627359367
1.652486082398307
1.679311833721038
1.683144252536259
1.660602381954424
1.608918542898623
1.527304333102612
1.417982943542622
1.286340712639918
1.140582066398566
0.9915233429776253
0.8524588897637501
0.7381499596576071
0.6619237776613955
0.6314195353509147
0.6464788706965248
0.7019431878616872
0.7777052095451293
0.8165046524457246
0.8159193249538086
0.8232514743556083
0.8274747027709006
0.8304528113411657
0.8336538416980998
0.826918669058664
0.8011554738388078
0.7669225751533226
0.7239958780558785
0.6731929946501081
0.6196217009130873
0.5719096687440987
0.5387575624972121
0.5259045064877365
0.5349328965558917
0.5636358120645868
0.6070979631709169
0.6587836409765552
0.7115186424308204
0.7584240544672205
0.7937278507722334
0.8133625236372708
3.4484015123397
3.410974136246639
3.341264392225612
3.241903862542519
3.116249644493588
2.967968272087392
2.800827755060904
2.618723354039771
2.425868378327909
2.227031255712789
2.027754850618233
1.834604032087817
1.655452864009063
1.499450714198604
1.375844624365889
1.291437559453732
1.249180769018032
1.250779529397179
1.294182466945589
1.373987788826964
1.482671827900667
1.610049596739128
1.744006662601039
1.872701123034125
1.985726754510342
2.073039121220094
2.124029734072058
2.128227033857538
2.078145947522815
1.972422860656511
1.816745452113397
1.622397391065549
1.404205774320002
1.1794825179533
0.9682008066060782
0.7932132069170255
0.6780561090034264
0.6397256977212447
0.676728145367871
0.7573902201961982
0.8129494678499385
0.8197379086601343
0.8172002824957754
0.8231777005334799
0.8273654537430114
0.8305349348102757
0.8353070524192444
0.823472403217644
0.7819709875349881
0.7309832430819312
0.6694293814354724
0.6021291993137102
0.5409673533337658
0.4983016661991986
0.4812193471438169
0.4905580444615836
0.5228818389243184
0.5726370926412343
0.6333714605800951
0.6981646946047154
0.7601199357004828
0.8130172971279729
0.8518518590559548
0.8731769139673595
3.153159478346307
3.125208576630214
3.073157480357936
2.99900418319252
2.905263545885532
2.794577081733404
2.66943984387613
2.532090836235418
2.38458622469772
2.229058304006866
2.068156390705916
1.905611506709653
1.746709666603446
1.59830402649525
1.46820129246919
1.364527773720126
1.295958969602835
1.271506685284802
1.297303207298076
1.375406125148148
1.503380980087757
1.67306522450327
1.869858380492673
2.075053901211742
2.269774701237534
2.435114081562213
2.549698169770194
2.592638255986121
2.550851024354459
2.424179989706372
2.224488892954646
1.971209368523354
1.68699873130182
1.395178011700671
1.119265040538381
0.8843496910820933
0.7183668902128105
0.6475520667280967
0.678349509007838
0.7691594784480276
0.8240473669393189
0.8193779951291905
0.815804714536035
0.8228061108823347
0.8281042816092632
0.8327682041691443
0.8381890843633681
0.8267667027715329
0.7825340185200481
0.712128452713009
0.6188050352095887
0.5231861002734564
0.4506487977210396
0.4164985207097731
0.4221913222774383
0.4602688334780022
0.5208480357614308
0.5950497893757849
0.6750236203170215
0.7535146410531409
0.82422609897284
0.8821562237949324
0.9235909427178348
0.9460406129718563
2.8778739739533
2.860097454717416
2.826965421746048
2.779672150140789
2.719574545537804
2.647825910948618
2.56512036715484
2.471612024581509
2.367041581851135
2.251076497124387
2.123840566481723
1.986542666460328
1.842038385491365
1.695191818700002
1.553115646649623
1.42547862267498
1.324571361685509
1.264204829701358
1.257616797994551
1.315617872112341
1.44464323209739
1.643442325754377
1.89871352933817
2.184191205387632
2.467941468846672
2.719647665691037
2.903469182029011
2.986780673309948
2.953635220477715
2.808536197688402
2.571147185410902
2.269555184423937
1.93474975956675
1.595905355395135
1.277075937340788
0.9973659183628824
0.7760447021630025
0.63948080640716
0.6166422573326665
0.7030764460803818
0.8044727872610574
0.8161537564552886
0.8098518057069379
0.8214937542095921
0.8296103659753776
0.8376810485134452
0.8430885203416996
0.8439269091947112
0.8138751740030707
0.7105554364452341
0.5667563112727407
0.4369233588177677
0.3586712873802716
0.3419846469190373
0.3774675224353443
0.448066068395192
0.5381095762740991
0.6366249511186962
0.7342887045434634
0.8235918571306213
0.8995784994184525
0.9592858389520489
1.000844784430031
1.023038265264818
2.632665284718343
2.625335914511638
2.611579554880855
2.591631307140916
2.565422200763535
2.532271270157315
2.490753265838783
2.438777288894201
2.373842467574165
2.293429762199805
2.195507470745668
2.079122612551784
1.94504483601562
1.796465270887012
1.639759075400173
1.485135087853629
1.346703338273513
1.241628051084344
1.188665319159756
1.206391300027064
1.31114315498498
1.513341116006408
1.809588380404564
2.171590263241733
2.546097451599543
2.880288090614412
3.120832207530265
3.230620151690153
3.20101753114362
3.043823703971873
2.783377015960259
2.453509780220821
2.09302263642784
1.737369772332353
1.410202203496655
1.119762843368535
0.8640682721615186
0.6481391736597596
0.5112421596062922
0.5307226342965073
0.7185288838739325
0.8061890917334708
0.7984768006875641
0.8191824444767631
0.8320793911173463
0.8454582028594632
0.8516907286078762
0.8871564543899485
0.8796542182240035
0.709208411559976
0.5033325615848675
0.354196727505052
0.2891539663031426
0.2994408952819222
0.3655364127170427
0.4661995203870193
0.5830625321975184
0.7025594358440718
0.8123604603692475
0.9056469764780125
0.9802948826463003
1.036189075863361
1.073721971436575
1.09332953568034
2.424396950282627
2.427582943363938
2.433241553972381
2.440438501807772
2.44736530938106
2.451192338795259
2.448210241848507
2.434160826155706
2.40460664799765
2.355292687801028
2.282546275095232
2.183773073684617
2.058092910230182
1.90714783907131
1.736044996436279
1.554234671410953
1.375994335460547
1.22023736715132
1.109493871564535
1.068125594638118
1.120368492466835
1.288450067206572
1.587560677576683
2.007357436134076
2.475764991910872
2.867508139542151
3.120580015168206
3.2236225151434
3.192296357183077
3.039893830981558
2.784884537648514
2.460926979277228
2.11247659808198
1.780210377114688
1.487038925760718
1.231938625876294
0.9928165254799461
0.7395769950237245
0.4716454758820661
0.3059974081264555
0.5362209146863803
0.7804756680534906
0.7847450668849522
0.8173603464235226
0.836013183326286
0.854898052081094
0.8665063038197688
0.9573760563698499
0.9390965886434668
0.6694704084901594
0.4355556484792082
0.3136792628020309
0.2858193132781686
0.3214459752225458
0.4037341655680539
0.5224118956977124
0.6625716920693911
0.7962541043422356
0.9077792393605371
0.9947113193914071
1.059054443044879
1.103555312158057
1.131203870158595
1.144839002968473
2.257414377322051
2.271215230706355
2.29629963055834
2.330182042730659
2.368834716578911
2.406945940106107
2.438528349897346
2.457494848367917
2.458010806799019
2.434715978863141
2.382969419798385
2.299195026784854
2.181365125346175
2.029667306397933
1.847382637741216
1.641935188716098
1.42596282809608
1.218066569319442
1.042639610021174
0.9282059180880179
0.904484847427469
1.000003764562493
1.243111763146286
1.661448725481292
2.229114792482334
2.615603884904712
2.793015008583999
2.84477739702126
2.814182664081213
2.697060128896255
2.494372734261418
2.232981947464669
1.955557612166758
1.700464853292958
1.486202898524154
1.307286027786639
1.138423665532261
0.9417680966843227
0.6727516872568581
0.3376436448273401
0.4425957806363082
0.7707581716761231
0.7909575658234422
0.8234527611211373
0.8413393011901974
0.8584380310831098
0.8774724325974761
0.9946725014310808
0.8726674563052027
0.5881390674919136
0.4353705850500513
0.3903029556285317
0.4033221115371453
0.4424934100557457
0.5067180764768197
0.6198081971537104
0.7823657835540566
0.9156056206436154
1.014283811558734
1.083578250600226
1.127685218656598
1.151594555379708
1.161923180899454
1.16525970784417
2.134418915845212
2.159235317042965
2.204103685103775
2.264215797679773
2.332569706863921
2.401108931112669
2.461885326783869
2.507617047579481
2.531786963315728
2.528668449436588
2.49342385893765
2.422245458029968
2.312548047349515
2.163314813892077
1.97573189094022
1.754232773904586
1.508002297101548
1.252750288773758
1.012070445096334
0.8171494170358613
0.7036021926758292
0.7054482582100746
0.8489140514106547
1.157286786658345
1.715169715568194
2.008251700690576
2.00140583365295
1.975416145703129
1.948183938353536
1.900426506292103
1.819733346123111
1.714619661739596
1.602473726855472
1.498103726103281
1.407381033264615
1.327202437195484
1.24750510622973
1.165140503763144
1.112864716662706
1.076248325297774
0.9332228795821018
0.8384952470291838
0.8480255459375468
0.84961528726201
0.8507430378736616
0.8541648144501188
0.8841622806262132
0.8055159246441895
0.6711859170018917
0.672788210841799
0.6691372388295891
0.6715994508615275
0.6827332960226195
0.6906735223233221
0.6939477509331725
0.7746986583961475
0.9359939100269379
1.045278577967441
1.121073881862971
1.164079804910228
1.177441632484795
1.170249029022298
1.155128571421897
1.143703463428214
2.057558745318492
2.094397745696861
2.160011360071658
2.245759345136879
2.340727025587332
2.434299972607173
2.517384590805344
2.58233527520317
2.622681913845266
2.633091599399894
2.609351528564281
2.548204310434461
2.44714183129816
2.304373188212261
2.119145731205027
1.892572552761515
1.629157310106498
1.339191210460138
1.041842642110034
0.7677746253904825
0.5589016717458508
0.4635948965212495
0.5316057133552626
0.8231230868798639
1.446676568154007
1.728309277443623
1.646019179174278
1.643816238316999
1.622953557123882
1.596458842238107
1.560807276351611
1.516583974374696
1.46851348475087
1.420196520466536
1.372151295525976
1.324365802468563
1.276963608264872
1.231005685351554
1.195653841129633
1.162500448986381
1.067148258559236
0.9385377207281204
0.898013047516665
0.870818690030236
0.8533511324541251
0.8373501227530125
0.8278441006930134
0.7655629864929964
0.7533163283797026
0.770280310453006
0.7784662278311725
0.783953452476233
0.7877135772142138
0.7944122719711781
0.7718878269762967
0.8513630877325673
1.043587767952419
1.15955148577383
1.218254116740676
1.227059068614937
1.197646545151174
1.149099479279305
1.102225647902154
1.073228785577348
2.029971553706784
2.08070016374864
2.168370679960696
2.277998376071737
2.394403740119592
2.505680509939051
2.602758347565412
2.678268409974104
2.726384401236118
2.742973890637667
2.725303396670121
2.67136731559967
2.57926506616803
2.446906305193134
2.272116347029634
2.05316960328637
1.789920950503799
1.485997864400696
1.152780489806437
0.8155293427927858
0.5201833516970019
0.3367871709959123
0.3568692894614912
0.6905380486530404
1.466477076444939
1.81087417840821
1.73109931692444
1.744912168249346
1.724015838598027
1.6898477458603
1.640076791499185
1.575730891100593
1.507183184548216
1.442065070731662
1.380807289031245
1.322115232348725
1.264821940559543
1.207874022850551
1.153228823836004
1.098264360375544
1.025893619084894
0.9503394474928816
0.9093420653103411
0.8771852902218351
0.8541018642335557
0.834278249764948
0.8194156613428152
0.7865625397823873
0.7655878726461794
0.7586012071703248
0.7549552432470199
0.7562914463486825
0.7600496699555375
0.7727526216053799
0.7495579187992398
0.85224462802957
1.1083960136808
1.250597434227367
1.293440500813354
1.25725374616402
1.173819172325656
1.078381252997165
0.9992659462395892
0.9537641347025392
2.058376120633167
2.125414121605691
2.234909226838692
2.363036682379187
2.492511204137622
2.612424315231447
2.714161758495648
2.79065113497961
2.837388630998308
2.852463254577848
2.835397477176332
2.785834716270515
2.702717875423675
2.584009394939548
2.426784930411039
2.227585694475173
1.983080218076864
1.691428835306676
1.355511905793366
0.9903134892587633
0.6365852207080482
0.3774321549020175
0.3423281045238282
0.678695015940548
1.501178739290348
1.809837116050042
1.717971593655185
1.73263856882989
1.711931143626657
1.678120950210325
1.628749678890206
1.559801942859762
1.488755632325229
1.427145859969016
1.371531949916581
1.318029478508003
1.265373988973985
1.212412780385832
1.159172668741696
1.102416601561728
1.033081338041913
0.9617889275484268
0.9145874961167952
0.8772539971795466
0.8498170916652354
0.8273938361094642
0.8097431978018188
0.7873889795307261
0.7726801238136994
0.7666510142362437
0.7645224116017642
0.7667790655506017
0.7707156492028846
0.7851792158191007
0.7546574622707599
0.8579421896335068
1.165426909155169
1.322337444216809
1.329925990654486
1.23187958379803
1.089534672019501
0.9526366540310346
0.8499588354754333
0.7939641338735294
2.158130054056512
2.241365582877325
2.364929565648295
2.499196456239948
2.630716639943301
2.749691635755195
2.84599460389679
2.912919685999646
2.948806751637643
2.955132727392752
2.933948461585235
2.886353957469563
2.811996031469468
2.709080563010431
2.574579223022037
2.404554531970101
2.194644318864626
1.940814524156385
1.640862035550242
1.298671192686295
0.9363463200649115
0.6197536891098714
0.4872416044033063
0.7357103360414755
1.528254262249649
1.824195384241268
1.737928392910944
1.756022330300519
1.737130844438764
1.701596012231232
1.648079653929897
1.56072396498054
1.475021414370798
1.413079822120731
1.362369176567906
1.312953320484396
1.263562239810008
1.213310874003214
1.162247607523561
1.105270573302088
1.032244457260964
0.9553493654444984
0.9063571424418492
0.8675584399681318
0.8395255044472369
0.8175088750257206
0.8002687991670679
0.7832782059399117
0.7715501168166976
0.7656725056429593
0.7639517748565291
0.7670767448624063
0.7726714181445489
0.7918230712772045
0.7579690106510407
0.8825251644443257
1.245032041464051
1.373084465475902
1.29957614259352
1.124615055734866
0.9351215748130562
0.7772060804460195
0.6677126947697473
0.6102768655814113
2.363631900389175
2.446848790666445
2.55681135198575
2.678149420589866
2.802207142977654
2.910989066289956
2.990044855116256
3.035944553380109
3.052422161539308
3.044627220048159
3.016263055871617
2.969050505498945
2.902986817170242
2.816656711892553
2.707486154472834
2.572059353894528
2.40666298896517
2.208120462347382
1.974563464299858
1.705366110119936
1.40177800671615
1.080319641125311
0.8237944966142683
0.8599312295957975
1.525292413332112
1.83442355300151
1.767123094626679
1.791059968903767
1.777825493849559
1.743968610065366
1.69101650972195
1.56889820958829
1.454743433926335
1.393035161728837
1.352116943709521
1.308804301766271
1.262928301023799
1.2150434017539
1.167377101548456
1.110311847605325
1.02397504643692
0.928142898217203
0.8826598397544012
0.8465663364949305
0.8216717094278481
0.8026356207288803
0.7877909761345293
0.7747622444014762
0.7655700706244517
0.7607096909284162
0.7599439249489525
0.7645394935436666
0.7732400001048259
0.7998023175193982
0.7684541132319942
0.9589566704826831
1.356981199951958
1.358847859196393
1.156658718926088
0.9206981949635835
0.7217725141883864
0.5735687814533811
0.4745066157129516
0.4229692835146384
2.747084509073439
2.754923008858717
2.792571960673391
2.88783842500858
3.000499996861414
3.086462830045599
3.133161438446303
3.147606619202938
3.139633308544544
3.115777844030351
3.079389440903384
3.031837536081173
2.973218986632473
2.90264804046205
2.818427905572967
2.71829469988347
2.599899546547837
2.461746581677219
2.30459922265219
2.131793136196375
1.943006759722985
1.717340218040499
1.418071063160075
1.138371661332844
1.440419254457843
1.827406116016452
1.808806334006314
1.841518028245577
1.835140952678131
1.80007029519031
1.737565300965914
1.495890466243067
1.358162485448975
1.331366880504928
1.324280080288552
1.295733357373806
1.261548153139763
1.228744855342871
1.209516455477164
1.183695248344871
1.083386117391899
0.902527952789996
0.8535175381305873
0.8192965141837123
0.798661995430062
0.7839303473192724
0.7724279866538455
0.7626021243606624
0.7552855506157935
0.7510980417132428
0.7506721578701432
0.7561349670600401
0.7684978009595763
0.8042698849484405
0.7960395108755562
1.122838366478055
1.414317268247935
1.168548175860745
0.8686987951909642
0.6461853720020414
0.4898952112304462
0.3763080112392112
0.2962102404346922
0.251659481502654
3.433752030491624
3.145751204049095
3.047489921710089
3.125629259343486
3.215725471773832
3.255445889262233
3.255266921117954
3.234627503126722
3.203553772939698
3.165678276640314
3.122391964668605
3.074348135595463
3.02170364252081
2.964145256175962
2.900973513291745
2.831269740381183
2.754150250547738
2.669166909095592
2.577353623024158
2.484300378754308
2.404039583599989
2.344201936590981
2.227376211540132
1.829125483142193
1.441557263890791
1.832636202982332
1.88283400970565
1.922777288852183
1.935512761542929
1.938793468860585
1.971049057507287
1.776730624167044
1.202749947831193
1.222579838647716
1.322363949150594
1.321313443793986
1.27147031632783
1.224638837880719
1.228131922428816
1.207918325933464
0.8760480559878235
0.7420125994027635
0.7679238704829112
0.7682294112247406
0.7647004691813175
0.7598850806022543
0.7539914939242021
0.7475619781330696
0.7416653572468017
0.7372554672533806
0.7354601207227034
0.7388157893036027
0.7501594010830143
0.7845838058159018
0.8136448916209551
1.20037409739496
1.105093650716723
0.7130357484527297
0.5027809871760923
0.384295591315071
0.2951664092640495
0.2200026495009034
0.1581706429364169
0.1145240940295904
4.523336852543307
3.594413365780219
3.364982379204705
3.392975242275136
3.406773162275889
3.378025643125431
3.333810254262649
3.287380094364516
3.240826705899482
3.193726441124266
3.145909948064189
3.09747683827172
3.048518266038962
2.99903858717195
2.948986826257302
2.898327292516028
2.847114033163948
2.795418160131911
2.742973668072393
2.689889062006696
2.644750932481569
2.644413684406113
2.740015575976154
2.754544288081997
2.184161463185423
1.996931568514167
2.034279987571654
2.040857142405424
2.054061466519988
2.091952729510327
2.139527633512946
2.52230488479609
2.115999653404326
1.701169118019285
1.557500519207789
1.454367665264942
1.311224682854743
1.122337364877203
0.8432890119032522
0.3955486475187763
0.2680703428506068
0.6496202366862097
0.6840571466710856
0.7194931806151935
0.7324591118298286
0.736885891930433
0.735881413671419
0.7318534093131988
0.7261682149581944
0.719692681521323
0.7130490212820793
0.7070091289078716
0.7015960136351223
0.6999183527753084
0.7214405146051267
0.5883340391299099
0.2652149781856214
0.255004347997526
0.2686101212544132
0.2307280131570112
0.1790024460194668
0.1279761535460187
0.08325256730304512
0.03468988611590425
3.965581924910215
3.6773066509901
3.578092456370987
3.515048760679467
3.458728088089615
3.403308547541474
3.350065099749355
3.298760317374406
3.248685151330312
3.199314158774397
3.150389777088309
3.101807557003982
3.053538839259685
3.005600378012086
2.958047312252143
2.910974286507995
2.864521566228172
2.818868366689143
2.774196917886251
2.730693412360826
2.689518790366533
2.655113072600319
2.642238274373282
2.610082504289768
2.469640036589242
2.233077887989214
2.175143497347766
2.143375751540163
2.138143429467947
2.170167378745086
2.151609309006628
2.534657723232201
2.808781364472122
2.468757773355609
2.077815720861179
1.723860987413907
1.360728191992765
0.9500130125491422
0.4897362245607512
0.1254312192259186
0.3510638942702863
0.6671830210592223
0.6655250804735634
0.7013683913259859
0.7150243306007862
0.721387006518571
0.721814184582017
0.71828231723949
0.7116765295298866
0.7023802129828082
0.6901672946581838
0.67405695165185
0.6513284010788746
0.6148399400028721
0.5627964862484232
0.3809157263855357
0.2833041479103923
0.2570562794377316
0.2354156825311767
0.1979603558689106
0.155971873052306
0.1119318310163233
0.06795460724739662
0.02245690365019518
3.668726991934123
3.575570127440641
3.524036951781713
3.476156726598922
3.432550383616909
3.387072523943932
3.340145590947835
3.29247690716191
3.244474955244861
3.196270251553074
3.14791272453879
3.099431902542459
3.050847783937786
3.002173432412711
2.953422162050134
2.904620800218582
2.855826720817166
2.807146377624989
2.75877791700578
2.711099931134178
2.665015039901254
2.621012647158493
2.578851435822518
2.516179104177659
2.402725264049011
2.284269793329079
2.234978403342077
2.203904466555666
2.191983874877139
2.215793495529465
2.150459949790533
2.458484255462047
3.082735990622224
3.010371065433697
2.58465587157866
2.036507916344737
1.455201893959452
0.8838825149042852
0.4106936577864841
0.2214222068581722
0.5196159664539766
0.6942399814319055
0.6708345861989392
0.696610641963094
0.7063323188138704
0.7116921920200535
0.7118704645812882
0.7079319403574207
0.7002003047642094
0.688730543417103
0.6731356692712068
0.6524787028855887
0.6251414201136407
0.5868834070100808
0.5397956561643049
0.4459714486970612
0.3637101793668962
0.3094473722289548
0.2638549288558044
0.2166843482325705
0.1692256965095739
0.1214976244554132
0.07420227322225025
0.02644563974916539
3.59411025792177
3.554368343148735
3.522408524992652
3.478868060145216
3.434965686434523
3.388720929123565
3.341322253107735
3.293348476681327
3.245123991716521
3.196766964986019
3.148327621957697
3.099830664037599
3.051289654262324
3.00271163488817
2.95409967934132
2.905456383298848
2.856784993237306
2.808085324211952
2.759351783723157
2.710556081214163
2.6617368607595
2.612416308513736
2.561565387775023
2.499887861327518
2.415749557620109
2.331381533601264
2.280723135717886
2.247426640796343
2.229733432596841
2.247650434452405
2.164605081106654
2.458871053574399
3.193027109999119
3.286156777704628
2.913176238195398
2.290960086732438
1.593131552824498
0.9523623184636896
0.5007127497968649
0.365562165698066
0.5976020167804268
0.7035264159564514
0.6790975397983742
0.6969156803766055
0.7034057727035795
0.7072764682920685
0.7066993148839855
0.7020294108406318
0.6931383903488352
0.6797817193127789
0.6613991222538175
0.6370186664253775
0.6053315536036515
0.5635703280768646
0.5129336248585307
0.4402599945027838
0.371863120694289
0.3166908555342486
0.2669662610800924
0.2179197699008003
0.1694317731672753
0.1211451891469325
0.07326686030010593
0.02546141140345514
3.594112952212636
3.554367315252391
3.522402472311717
3.478856270740179
3.434948377186292
3.38869749441404
3.341291386399996
3.293308094337438
3.245070894754328
3.196696302346517
3.148232022650022
3.099698932000319
3.051104754635038
3.002446591901881
2.953711680352728
2.904875813365705
2.855897880289412
2.806708097537908
2.757191549039375
2.707155311399567
2.656327345099256
2.604051202751679
2.549461845094788
2.489169468569263
2.420125993705008
2.353797659539761
2.306809804600007
2.274853218548465
2.25522084969105
2.269426462083698
2.18179761336682
2.487048277105265
3.230632103305784
3.368336375356315
3.039816798765347
2.431598048269777
1.727602639294181
1.085856040408471
0.6362639401823709
0.4692878762045338
0.620955775555737
0.7051867340436451
0.6849588624995302
0.6974071255445254
0.7017182472204909
0.7041959860561418
0.7027628226234574
0.6973251556727695
0.6874886482850695
0.6728483260233165
0.6528180874565117
0.6265968591480686
0.5933208146211609
0.5515640762781795
0.502261489649276
0.4410091837172757
0.3802035916884229
0.3247957146504709
0.2725425606503544
0.2216287294491095
0.1717468890897804
0.1224684121567824
0.0739210993854624
0.02536584471503576
3.668785979087512
3.575620822388097
3.524085009264692
3.476201749749878
3.432600390308055
3.38713601645944
3.340231232116905
3.292593382621302
3.244630440241411
3.196471665823766
3.148164532015941
3.099733894760471
3.051190159788433
3.002525139823953
2.953708167423543
2.904676670162862
2.855319174977723
2.805447931760268
2.754765685343503
2.702830541420708
2.649077304333407
2.592783497348567
2.533417406368326
2.470250153624348
2.40394017111054
2.342000415250373
2.294311913048143
2.261711149814298
2.241759236931495
2.254790861412546
2.181010336203709
2.521412437499583
3.191122887522456
3.286807946076983
2.983807462099015
2.443261199647548
1.811830726145126
1.219004474724942
0.7701145812705021
0.5476332661863668
0.6254085848410104
0.7105941884084799
0.6990743651411501
0.7101110413023545
0.7151097266487167
0.7183770451088951
0.7178132756563433
0.7129957510033439
0.7033637421989978
0.6883768269968176
0.6673592904049934
0.6395193491536078
0.60416450047621
0.5606111540306122
0.5098055309756531
0.4511054990774482
0.3912617089270186
0.3337519643658037
0.2786334518869938
0.2254069964556725
0.173804137929506
0.1233808456703556
0.07458751632543503
0.02545773275444549
3.965491911531656
3.67716557949304
3.57791415650367
3.514821907851547
3.458433675488191
3.402918500648245
3.349543709557106
3.298064566863867
3.247762792522878
3.198099752824277
3.14879804230676
3.099723539682455
3.050803760396247
3.001994694326395
2.953269736401338
2.9046154845078
2.856032552082948
2.807538068764088
2.759169185548171
2.710979430343364
2.663055798591648
2.615478987824444
2.56840800152512
2.521744133183477
2.475744443532889
2.433683628021051
2.399892765512306
2.374741756583005
2.354627656508387
2.351740656288031
2.276115901400824
2.526947871746219
3.000349054213261
3.024104562423203
2.766424551722038
2.33612762846905
1.826624063217821
1.325407786612341
0.9090240605711699
0.6487262553239408
0.6368501843636035
0.6786753212234187
0.6655791236107841
0.6669443599319209
0.665066888883757
0.6621724047836416
0.6564006147454016
0.6473422271392031
0.6345284281061062
0.6175565792050819
0.5960424634506437
0.5696493582427314
0.5381724904460448
0.5014409728736657
0.4600149159439198
0.4136041439218507
0.3653547936806065
0.3169146745402425
0.2684114043756588
0.2197656572219822
0.1710031060398249
0.1220409247554409
0.07488382465350636
0.02538498496833693
4.523940510410284
3.594883978492981
3.365352800286487
3.393325173092565
3.407171804373283
3.378530765803835
3.334482667536645
3.288290439339667
3.242057714253002
3.195375595791285
3.148095193496447
3.100346243558638
3.052262142514589
3.003898378880284
2.955233784332973
2.906158366462011
2.856411985113548
2.805449535285316
2.752208224474897
2.694804993812955
2.630367469071299
2.555392096715461
2.467065888853348
2.365362483626452
2.256242911113663
2.153883363289203
2.075257844666841
2.029048303110404
2.003412207229173
1.97695392164291
1.953974420729293
2.164803925351419
2.536483352415785
2.576320747417212
2.422804826505513
2.136976591478942
1.776427151380486
1.401048315235104
1.06791974951597
0.8338392173877708
0.7855897473935421
0.7916789250773779
0.7874416261819828
0.7980055622747402
0.8160775610288942
0.8334512060739896
0.844644265948854
0.8488399355717734
0.8460271216206467
0.8356043869736907
0.8160961341352373
0.7853503641918455
0.7411482315600751
0.6822787686179967
0.6098899845642543
0.5278865017139677
0.4443402419051548
0.3660125414245509
0.2955565137195666
0.2323069982364105
0.173967763046675
0.1198267381164305
0.07638931860455947
0.02884165293848239
3.436432133900301
3.148345506917952
3.050140594572924
3.128689998943551
3.219671789357065
3.260829032253101
3.262702813287034
3.244792827665287
3.217189258535541
3.183612675266819
3.145600556341247
3.104052855459748
3.059507435472896
3.012163684988599
2.961870417792323
2.90802651094131
2.84932139557357
2.783262117313744
2.705488941508352
2.609066201308187
2.484339725310168
2.320477453451975
2.10994962706057
1.855994942397198
1.579764959277038
1.319708327919821
1.118224983512849
1.002109769766028
0.970681644023098
1.011154293552503
1.144860573867428
1.423226876365415
1.807220277123598
1.998207936035885
2.00288656475792
1.877993068900069
1.676188192116944
1.446789726833833
1.240234013500786
1.108800341216714
1.087703142080839
1.112578867731343
1.162123361420075
1.229230641143131
1.304665832084702
1.375348250567525
1.432760464963241
1.4738803647056
1.497605483583478
1.501848424945326
1.482354657620365
1.433042720123014
1.34783527384575
1.223908423109907
1.065465961291632
0.8858697070081369
0.7050447568380854
0.5411070825063197
0.4034331174816407
0.2921919018619848
0.2025541219549457
0.1301662364964755
0.0743053027337498
0.03657362478834
2.750153800755641
2.758319307205626
2.796877526338732
2.89398603460261
3.009715784093204
3.100183582870641
3.152962937447604
3.175151260327201
3.176651416739875
3.164107520210488
3.141098650979142
3.109437804213724
3.06995192132173
3.022777820876014
2.967394409399606
2.902461961952362
2.825461069878311
2.732149047546813
2.615977713372402
2.467869191239155
2.277093688941652
2.034200094599417
1.736484162540476
1.394761127765475
1.037498178626131
0.707310424050923
0.4488158147600731
0.2941486434759366
0.2566852280756917
0.3384604441066004
0.5386074415897515
0.8330615822720669
1.162508451027052
1.421271406896397
1.559573461270088
1.588701339045704
1.543370931569961
1.463500104749224
1.389127072136752
1.35352177355854
1.369064587873466
1.425554634972603
1.512671599175167
1.617567591478559
1.727858932641715
1.831106541539462
1.917619592127355
1.98134172303551
2.018246321403201
2.024139226516343
1.99350281939496
1.920002144949601
1.798673099239376
1.629268687908891
1.419400428700438
1.185318026238927
0.948425521125282
0.7287073261604039
0.5389622554849542
0.3833487790444289
0.2601457458170187
0.1660972792817301
0.0998538764351924
0.06381049551588293
2.360731971497519
2.445369732848264
2.55835584532732
2.684741377319349
2.816254134741575
2.93517106574323
3.027179883946933
3.088876138261967
3.123972121171504
3.13765240981403
3.133839540641256
3.114783269752806
3.081407509553791
3.033619908540877
2.970396089848005
2.889648540216346
2.787934106484326
2.660119040785689
2.499258459965408
2.297131349915341
2.045984091841172
1.741842657642829
1.389001976098419
1.004039891464015
0.616723074092677
0.2658864491924636
-0.008851191086740968
-0.1757581497689797
-0.2161980183182679
-0.1271688163605642
0.07422299720839157
0.3480834517898574
0.6461900274670126
0.9265313154563859
1.149614627750151
1.301849103898905
1.394237443697794
1.450108231058203
1.494693315903074
1.547342009391227
1.618279852244424
1.713297733187036
1.830078218741436
1.959455740593169
2.08998909660077
2.21044884345673
2.311042871569545
2.383903687601133
2.422669741546319
2.421577430474117
2.375008391209602
2.278165509435746
2.128911879871484
1.930124061131585
1.691348904280292
1.428452596826918
1.160763614971917
0.9068033876587078
0.6804952541004113
0.4895753810932313
0.3365917290270433
0.2213809729443481
0.1434553867765886
0.1028752204357838
2.138214511096509
2.22491588029778
2.355364274236684
2.500313698518479
2.646633560333125
2.78468353877525
2.904294879988544
2.998558104203594
3.065556115420028
3.106604433580181
3.123840067005448
3.118818108221403
3.092069358536961
3.04307425252901
2.970285483712551
2.871079224498406
2.741673774045135
2.577167745153273
2.371951764800251
2.120800035969249
1.820849376670687
1.47432085952135
1.091260258640153
0.6910671162600643
0.3016573796365615
-0.04399867052037579
-0.3130574018628302
-0.4783714453157631
-0.5238511138870195
-0.4496588247164772
-0.2749299017225716
-0.03215265948505647
0.245942131914708
0.5339272662559901
0.806466555135438
1.045177755431754
1.245107444939503
1.412421651891609
1.557941418774908
1.692135571289939
1.824008063568446
1.961013766460598
2.104977913129136
2.251639759215242
2.393028625467867
2.519972882980525
2.623430324234736
2.695098331032927
2.727658410669736
2.714853740519398
2.651755808324716
2.535538041076887
2.366712305188893
2.150341509415938
1.896515293899505
1.61957202312729
1.336134096334506
1.062582186956939
0.8127669949236971
0.5966562283483221
0.4202362308778332
0.2863859519698176
0.19601352971252
0.1488353413581249
2.005884036175783
2.079623185108824
2.202044945923144
2.349509575737315
2.50475754011417
2.656642337977372
2.796038032464422
2.915187946179313
3.008907670402331
3.074794783515742
3.11220778046838
3.121016703639437
3.10076038451929
3.050253706625717
2.96746752813474
2.849555623100576
2.693026581452267
2.49415852424053
2.249797077024645
1.958628635579675
1.622848019136599
1.249863053550929
0.8534317447228701
0.4536252664408341
0.07536177997906615
-0.2542515949788176
-0.5093269713593107
-0.6691209922817701
-0.7222904365708016
-0.6702851044668923
-0.5271415711678757
-0.3140904053905212
-0.05268208108129335
0.2380228763216747
0.5395738675853076
0.8346596506101065
1.110859887066888
1.36245166412292
1.589165173357116
1.794223546903894
1.982914533037126
2.160591934333199
2.330105715317973
2.490502054311094
2.637406360126484
2.764297866093457
2.863675035773991
2.927908646704303
2.9499439220307
2.923972134844486
2.846139353735759
2.715312719674303
2.533793273569271
2.307721004627176
2.046914420052671
1.764073428815844
1.47351744473273
1.189738592131877
0.9260321520403696
0.6934263616576435
0.5000906933891579
0.3512742889040429
0.2496769498737292
0.1961648203328278
1.925271099434296
1.987346054954078
2.096578323116132
2.237773386979488
2.395150620649644
2.555757998115856
2.709144212570857
2.846464601347306
2.960591639638506
3.046460886833778
3.100845591358332
3.121629727113662
3.107023466701086
3.055020440132826
2.963174787146484
2.828683366162109
2.648763837314365
2.42133765174357
2.1460029253642
1.825196264130234
1.465311984758311
1.077436469727033
0.6773622947952795
0.28472781298884
-0.0785992167487134
-0.3906186819448782
-0.6315789836340351
-0.7865526127944144
-0.8478367940307965
-0.8161467939808312
-0.6995294636864351
-0.5104486138512201
-0.2631278690215887
0.02753152232650918
0.3460012404327881
0.6760731442974081
1.002460643271545
1.313078100674127
1.600395028428839
1.861508344865835
2.097112762791332
2.309652817570887
2.501424574664305
2.673058798480206
2.822804744628151
2.946664680239349
3.039047372800257
3.093634793838826
3.104340028450754
3.066288839025586
2.976723213279516
2.835702989202312
2.646489098822756
2.415532402300062
2.152076230879654
1.867477561997517
1.574388863981412
1.285895969708901
1.014648626513688
0.7720196807877573
0.5673893914650211
0.4077012309832649
0.2974149357143572
0.2388845110908857
1.877755931146835
1.932200657853957
2.031027178506786
2.164683401779355
2.320527859407056
2.485530133339932
2.647868705167536
2.797323800864051
2.925353909677871
3.025196594488928
3.091790421109225
3.121383995533509
3.110966865033953
3.057768249126003
2.959019829907605
2.812082381047882
2.614951015970448
2.36707752559155
2.070366011529665
1.730115560354138
1.355634445637701
0.9602802871656718
0.5608121426893585
0.1761332322120896
-0.1743443311835359
-0.4724534539081796
-0.7029481695058707
-0.8549145033087044
-0.9226161373307165
-0.9054580320626171
-0.8071450960478669
-0.6346741073349232
-0.3977236989927824
-0.1083409713514032
0.2193965046262484
0.5697549755572157
0.9264085267122902
1.274367390035671
1.601951866456466
1.90185872486863
2.170949908742113
2.409082328318661
2.617554493377432
2.797529457457482
2.948810450321692
3.06927440897543
3.155023789709135
3.201094522468989
3.202483851190492
3.155259745162502
3.057525875283063
2.910060652796379
2.716540189958176
2.483370680640596
2.219250404880268
1.934611210898848
1.641041348764791
1.350706369387203
1.075729779746126
0.8275126022427154
0.6160505176838768
0.4493866484049779
0.3333338019162149
0.2714679295809197
1.854623592156762
1.905140297202962
1.998380869593061
2.127326735268945
2.281409637048643
2.448103230610869
2.614929395662694
2.770735552687931
2.90611435825135
3.013415397924338
3.086614097365683
3.121034048825298
3.112925372003422
3.059042118613712
2.956429851184244
2.802582249006403
2.596004806113868
2.33708876910304
2.029081406551337
1.678867584490244
1.297285512878262
0.8988042026259053
0.5005639228739254
0.1209491503587435
-0.2220459275363514
-0.5123911916480597
-0.7372798876050874
-0.8878328404230574
-0.9591166346353558
-0.9496513833386485
-0.8609080721613795
-0.6972142507071089
-0.4659619735961838
-0.1776767276767441
0.1542802976207156
0.514342878597346
0.8858122685792592
1.252555453524378
1.600971656224416
1.921423061680841
2.208583974472429
2.460757011746644
2.678525693528875
2.863159687317133
3.015183951688564
3.133487838420983
3.215185527052398
3.256179751911132
3.252178649009829
3.199841469471521
3.097755991619271
2.947043400603521
2.751521789961047
2.517497720592871
2.253341233116716
1.968998148351124
1.675519558598889
1.38459886601922
1.108060075723662
0.8572640368324241
0.6424733575367196
0.4722863175969697
0.3532557178906976
0.289740098672162
)
;

boundaryField
{
    inletLower
    {
        type            zeroGradient;
    }
    inletUpper
    {
        type            zeroGradient;
    }
    outletLower
    {
        type            fixedValue;
        value           uniform 0;
    }
    outletUpper
    {
        type            fixedValue;
        value           uniform 0;
    }
    sideWalls
    {
        type            zeroGradient;
    }
    topBottomWalls
    {
        type            zeroGradient;
    }
    frontAndBack
    {
        type            symmetry;
    }
}


// ************************************************************************* //
