/*--------------------------------*- C++ -*----------------------------------*\
| =========                 |                                                 |
| \\      /  F ield         | OpenFOAM: The Open Source CFD Toolbox           |
|  \\    /   O peration     | Version:  2506                                  |
|   \\  /    A nd           | Website:  www.openfoam.com                      |
|    \\/     M anipulation  |                                                 |
\*---------------------------------------------------------------------------*/
FoamFile
{
    version     2.0;
    format      ascii;
    arch        "LSB;label=32;scalar=64";
    class       volScalarField;
    location    "5000";
    object      p;
}
// * * * * * * * * * * * * * * * * * * * * * * * * * * * * * * * * * * * * * //

dimensions      [0 2 -2 0 0 0 0];

internalField   nonuniform List<scalar> 
4096
(
-0.6171479525780037
-0.5246716325993418
-0.352363646137218
-0.1090302978621309
0.1929459850513202
0.5396405436408803
0.9176197734948475
1.314850295396128
1.720596154031656
2.125053939967195
2.519162722596497
2.894571419483493
3.243628867455673
3.559369353135556
3.835561380595106
4.066883561242749
4.249224150328191
4.380028550497943
4.458580138681723
4.486109597187056
4.465681981323519
4.401883408686678
4.300382200085386
4.167444682476105
4.009448420111337
3.832389515583232
3.641362507137448
3.440019021862387
3.230075657975493
3.011010049568812
2.780112312253438
2.533015323884044
2.264714578551243
1.970942571190112
1.649633124192006
1.302144040455346
0.9339352235623894
0.5545298281612827
0.176779522035876
-0.1843671551489327
-0.5133049426671984
-0.7951397182422137
-1.016752738101679
-1.167390214016994
-1.238745335936586
-1.224779746039445
-1.121777872950115
-0.9289758339563031
-0.6495600824108275
-0.2914812345627977
0.1323068004400918
0.6043408013328915
1.104091575386972
1.610437004707579
2.104492603174787
2.571656744104344
3.002217206350135
3.390686154579685
3.734304656059444
4.031168960836476
4.2786032790284
4.472485095619228
4.607798410392541
4.679996003332839
-0.5243341073863962
-0.4303595895128235
-0.2571878502170759
-0.01540015561487343
0.2814723186662175
0.619870197399868
0.9875523611711152
1.373462628451782
1.767360452736085
2.159779828573631
2.542124862147119
2.906646753399765
3.246287788450421
3.55452097174601
3.825307811832555
4.053231637908119
4.233797555652673
4.363834719852458
4.441895197021779
4.468528460500183
4.44633547423746
4.379769730153257
4.274726555098505
4.13800377642737
3.976703892925505
3.797604855693901
3.606503198533096
3.407559131197856
3.202737031939291
2.991490920383939
2.770844606048309
2.535949773465147
2.281102192500679
2.001092827005985
1.69268518132635
1.355950749444957
0.9951783574660396
0.6191298951841495
0.2405587913857854
-0.1249003786854418
-0.4602166376680424
-0.7485469669106167
-0.9747233598339062
-1.126489837483563
-1.195278084716118
-1.176324208821882
-1.068271089992821
-0.8728407850588782
-0.5950095313229291
-0.2434633047824417
0.1691033684913911
0.6260168199807052
1.107757056578642
1.594424692641396
2.068603330912725
2.51727713705578
2.932042267662788
3.30798461661141
3.642106692880794
3.931700126627761
4.173242745292617
4.362237024584794
4.493910808431854
4.564365937901322
-0.3425608456090392
-0.2463040481345372
-0.07219085246507456
0.1649746378811685
0.450385142060631
0.7721970588851683
1.120343223665783
1.484958352397675
1.856359169443129
2.225745512357037
2.585535417665153
2.929157992005218
3.250630937440545
3.544211761051447
3.804239568677246
4.025191645387229
4.201954142302429
4.330284409769066
4.407394267124024
4.432521513942674
4.407319110707513
4.335916367706075
4.224600455960625
4.0811803714873
3.91415316900313
3.731774462120575
3.541108903852202
3.347155887023831
3.152198219301274
2.955532144681046
2.753663930125493
2.540950362528507
2.310593288156929
2.055890160933663
1.771649881306787
1.455650972498529
1.109933377076301
0.7416277986080396
0.363034798384245
-0.009167949566275167
-0.3554573162974343
-0.6554503966029823
-0.8901242988481826
-1.044154882052282
-1.108039143825405
-1.079129906985665
-0.9607341568237934
-0.7597913050836099
-0.4850211857984467
-0.1466396218009478
0.2429686093571791
0.6685701395499951
1.113179760529048
1.560261751153275
1.995789061597687
2.409620720919898
2.795454097618701
3.149070376560185
3.466468710524464
3.742788623665503
3.97266401110104
4.151274669736068
4.274841213023347
4.340649469168206
-0.06076316773625393
0.03848121226198391
0.2108164494302555
0.4358055906054815
0.7003364291843479
0.9965666606790552
1.316257588779212
1.649727102491574
1.987727410183872
2.322742016371143
2.648906497008992
2.961318704906656
3.255389203551672
3.526408847097
3.769307147815843
3.978590948743806
4.148511850951569
4.273523659829817
4.349036551545222
4.372362340510398
4.343614350652382
4.266250015630779
4.147002279276168
3.995143708184643
3.821247461015834
3.635703729685589
3.447250973502102
3.261780416852345
3.081660652454076
2.90569848124307
2.72963806147494
2.546968200926916
2.349844249312786
2.130078304719158
1.880289247113941
1.595329154043594
1.273964910348423
0.9205261899151643
0.5459783074919816
0.1678569609465599
-0.1911765895095162
-0.5059308804136171
-0.751978982067573
-0.9093525726272842
-0.9663649586222929
-0.9224447971877778
-0.7876236678930321
-0.5775068935941537
-0.3072888477912947
0.01019399651286107
0.3619706947672057
0.7346232172703343
1.116799094100559
1.499865242218013
1.876484070090821
2.240185066379401
2.586307772196374
2.910671975129195
3.206389649453714
3.464067918265147
3.675348418722413
3.835951644359177
3.945094696004674
4.002742679553091
0.3423181660494222
0.441785126275708
0.6009002002814339
0.7988137274104196
1.031214914191111
1.293722121096353
1.576315740750256
1.868106980733741
2.161071554363899
2.450067437600234
2.731487384574879
3.002223655492854
3.259124364100883
3.498649660177608
3.716568595887615
3.907728286891123
4.066026048862462
4.184740409460531
4.257338702594823
4.278755075822881
4.246915244439838
4.164037659984236
4.037122585240103
3.877227357582479
3.697617042246791
3.511337372776496
3.328896601171747
3.156692916515021
2.996558642112336
2.846303909841794
2.700762058193952
2.552818632534528
2.394161023476699
2.215805347736943
2.008700034333108
1.764802989074034
1.478920828670498
1.151228696138546
0.7898075464217899
0.4120324932153686
0.04370188951068244
-0.2843594246969156
-0.5413691556148952
-0.702005870104229
-0.7514288987236593
-0.689708315525371
-0.53353081969311
-0.3102385396806654
-0.04561826139667291
0.242540012825431
0.5370636102534063
0.8271344161008545
1.112965777565824
1.401321790515635
1.696994909940522
1.997786265490674
2.297386255265525
2.589330063961504
2.860203394744487
3.093405132988285
3.277540722303793
3.41046083580513
3.496970666453276
3.542248614478973
0.9063535894265394
0.9862110664622722
1.100436241789288
1.251139936995026
1.444014891384102
1.666544537065768
1.901751599295649
2.139276730342518
2.374816015013502
2.606404767538433
2.83242347217763
3.05114866622959
3.260670798279774
3.458659094374254
3.641964769367871
3.806204463984134
3.945494209508201
4.052533541443424
4.119263667220488
4.138264124677701
4.104821998357647
4.019185035432618
3.888044223991319
3.724171312468521
3.543812370690786
3.362793780745865
3.192931989123622
3.040192964775824
2.904958899362993
2.783590570286599
2.670151221122273
2.557571892512161
2.438089863587724
2.303178506486224
2.143410126815223
1.948833134587954
1.710482108195303
1.423399669526385
1.090803572267356
0.7278224143969286
0.3622876082244195
0.03073420292246868
-0.2296203288980257
-0.389380385441543
-0.4322198437452101
-0.3571974877066774
-0.1819010329366307
0.05688262121364675
0.3176648229473254
0.567507038142632
0.7780594372457758
0.9469926635003334
1.095088562445836
1.251904407790074
1.441587580210744
1.670279792676971
1.92349835415882
2.183263406757622
2.424296818579572
2.623646424048645
2.771068328933053
2.867393898472297
2.922340953852183
2.949741544223359
1.70447226079927
1.685714029649133
1.69558233781975
1.790323226142472
1.945693567630191
2.119096390891866
2.291222106016479
2.459782966988063
2.626050785699245
2.790077267150512
2.950975307020331
3.1077549004335
3.259476482203728
3.404933908024262
3.542169159734708
3.667962854045722
3.777399582344164
3.863671377716912
3.918391865725453
3.932753706765955
3.899738915464876
3.817128651550616
3.690239295411893
3.532546858876566
3.362553069653296
3.197956652613553
3.050491404649565
2.924314785554089
2.817651205136079
2.72553262384981
2.641946052340212
2.560844968333932
2.47617490282519
2.381287046026769
2.268158092937196
2.126944914494783
1.9466356349948
1.717702431850103
1.43719927476315
1.115119003847444
0.7782629749572156
0.4668805334622359
0.2230845925777716
0.07688801667868619
0.03966231385360564
0.1102877261351557
0.2831261236310907
0.5316062270809734
0.8004701297293474
0.9966261629169425
1.084386831463038
1.089008693752173
1.058814342970314
1.045928866462614
1.098488403224962
1.245355638832627
1.465955335978424
1.693352872933441
1.889291030501677
2.037831654117052
2.140262228816186
2.198457393219685
2.217264040067668
2.215870323696607
2.851603864103586
2.514728879865594
2.368888214098015
2.432045253852109
2.547581154154047
2.648727204265313
2.737234764043819
2.823744403263694
2.911438883680948
2.999437279432507
3.086521183563433
3.172062659041132
3.255751804467303
3.337157131227365
3.415316140215359
3.488333672858797
3.55296554657365
3.604278102365116
3.635602936862022
3.639145882667798
3.607655459254991
3.537259604972096
3.430743814918379
3.299381259241833
3.16059769958227
3.030576248414332
2.918290609978265
2.825088411225916
2.747669810026504
2.681152917902381
2.620865204081476
2.562870876985892
2.50368257442916
2.439537292297396
2.365465529885384
2.274405933576119
2.156930436431786
2.002619887800956
1.80425448233683
1.564845998115911
1.304374351342137
1.059195765458308
0.8694213284228797
0.7603753299190741
0.7310307400341063
0.7671155431017473
0.8821964992519984
1.113343844995698
1.416432504663575
1.5157713902563
1.432712657762667
1.239495163257922
1.005365460242303
0.7957560395618153
0.676473064328419
0.7140436773945207
0.9331702505634782
1.117959878811482
1.232933844173009
1.307792929632852
1.360454130539526
1.391124001846378
1.388559415103493
1.334215255484543
4.412087911602971
3.436717827837747
3.18303274254575
3.209903077062827
3.237247862795246
3.235292941862719
3.228292747518273
3.226101205410573
3.228243716768343
3.232671966961593
3.238198054834423
3.244249179550915
3.250432287992824
3.256328726184408
3.261371267615215
3.264749709706667
3.265272089811436
3.26123675242612
3.250374568590401
3.229988809892329
3.197476096951375
3.151270823474118
3.092026344272891
3.022945131452317
2.95107760065572
2.882340220956263
2.819279161713898
2.761964219679125
2.709237740016194
2.659557982460355
2.611583981847769
2.564318542153006
2.516984816211971
2.468774840202342
2.418532147819173
2.364403035441293
2.303637390494089
2.232909023583225
2.149554023111178
2.053546495723225
1.950521315417388
1.853879753688186
1.77967763121254
1.73613185129975
1.712247760356562
1.687720537635371
1.663955648126894
1.838912653665846
2.121595172872737
2.04985506755505
1.776708978911108
1.381051044494088
0.9400119870982846
0.5330301479526507
0.233726963466393
0.1137020855665273
0.3048964493427412
0.4332386362692822
0.415960245469583
0.4050595395037973
0.4043106621229438
0.4187928287685448
0.4409295532119504
0.3221240944115074
3.976373382028392
3.666624638261528
3.560782107453463
3.50165579597713
3.454822241052422
3.414214909402868
3.3802058886845
3.351666977394979
3.327114849498902
3.305345820106722
3.285478400312202
3.266808789555917
3.248721994309273
3.230638230249299
3.211994110611687
3.19224518343785
3.170842128442228
3.147237472012189
3.120896233682218
3.091312348805915
3.058093248524426
3.020889989557231
2.980029451219022
2.935063704207133
2.888736272866955
2.842338706193305
2.795950099100776
2.749555011187957
2.703240196100274
2.657006118726606
2.610850850346032
2.5647670190717
2.518760360261484
2.472848305546708
2.427065210579084
2.381461169413171
2.336115592384685
2.291100602234016
2.246562580240729
2.202403260198778
2.158860541171215
2.119023633191927
2.086987746763116
2.063072522412489
2.043978246158995
2.040588306566081
1.973317001128388
2.196803678918919
2.574396084344504
2.472596733723857
2.072890546869518
1.500016852669809
0.8676060884837367
0.2886355490831007
-0.1297655618286949
-0.2776940933241176
-0.001898394579840774
0.1732398995346119
0.1201454469920609
0.1200573150187838
0.1088092301004954
0.09947553902581552
0.08862527279620816
0.09144571806528944
3.617109867020103
3.50718793565959
3.447907926789062
3.404422231143301
3.373118133857659
3.347190253883352
3.325606993876889
3.307767244871444
3.292940906895002
3.280330770903199
3.269230168453982
3.259029310236048
3.249176692058777
3.239125045237084
3.228299771702674
3.216055506521064
3.201638384022818
3.184165566540751
3.162632641077435
3.135955320084218
3.1031727242636
3.063380706694441
3.017196456494042
2.963787290707156
2.909166367866929
2.856179614530348
2.80491170867082
2.755060565331078
2.706443639990524
2.658694970145337
2.611483922396709
2.56450775471908
2.517495490456577
2.470161611101624
2.422158283836901
2.373028115194896
2.322212310587318
2.269012062759802
2.212914279275169
2.153222572222111
2.090552085888782
2.03199615746986
1.986898206567983
1.956021077184225
1.937198550643225
1.948651539984887
1.883078938028826
2.196319550673956
2.764956611797234
2.73138206998359
2.279243857765946
1.580233507108755
0.7986831210772621
0.09537848486635604
-0.374432375916526
-0.4596140618709033
-0.008711092312566372
0.2489242540905758
0.1976928452045668
0.2131404782291039
0.206131166072694
0.1936943323909
0.1667561897031543
0.1608221139763581
3.526897425127802
3.479018813360925
3.445267696265696
3.410740002812862
3.381805023287767
3.356480757333973
3.33471945597225
3.316077204363182
3.299975737961983
3.285795581528088
3.272966948038631
3.260969539954214
3.249314828760835
3.237513960767112
3.225060696347203
3.211391936981642
3.195861443788952
3.177708922955669
3.156040039710474
3.12979879351823
3.097916043135662
3.058851167004338
3.01324165512375
2.956838300760825
2.900875807851371
2.849253666718338
2.800042836829383
2.751858935206131
2.704499956848026
2.657629632332265
2.611039832206703
2.564561575953909
2.51807533435687
2.471466562293661
2.424598258895006
2.377271920050728
2.329220359879759
2.279814759342947
2.228230586629337
2.171258575551607
2.10600815082233
2.04330269184538
1.998857327873433
1.96858320336412
1.950090785497306
1.96274301047275
1.883761883078023
2.164857485666444
2.811395068894707
2.829890457918216
2.364517111724436
1.605931794500976
0.7494260572157283
-0.01687049292347254
-0.5041971284159749
-0.5374757492836245
0.003741848492585749
0.2437214881613187
0.178414841768818
0.1943250788667657
0.185219842355477
0.1702983208305965
0.1404059884317456
0.1478208499702816
3.475242070405517
3.446481519513031
3.421246524816457
3.393049078549815
3.368435273993037
3.346663412870451
3.327737631253514
3.31124721390475
3.296740166736277
3.283752751179461
3.271853269836758
3.260630856094031
3.249690551854428
3.238625608311001
3.227008632629829
3.214352102043691
3.200080918258474
3.1834807666153
3.163637636705636
3.139335363463813
3.109111413364923
3.070227505934912
3.023574395220668
2.95692808907917
2.894430538947744
2.842910765569174
2.795642249825049
2.748884597773094
2.702632700635612
2.656575839066712
2.610598397109238
2.564613765455129
2.518605815866878
2.472573742185012
2.426515416360163
2.38040666489694
2.334286432245453
2.287702695218705
2.239680731686546
2.181435715030045
2.101957104909067
2.022227347899014
1.974313807073164
1.942778026232054
1.926116538109189
1.942379299694058
1.867170301270287
2.138704570180013
2.786242333708496
2.783392570640461
2.304481274445581
1.564600176550609
0.7413168584240818
-0.01433411006741021
-0.5235004510034116
-0.572274788714344
0.004634287135539868
0.2515054969003171
0.1860796213969633
0.2053677869738498
0.1961632026466767
0.1782574689123169
0.1426050009023195
0.1409632484387933
3.462877825358657
3.430090439352453
3.404188139411458
3.378089756072335
3.356187659101056
3.337282518372147
3.320904411254669
3.306484412721826
3.29357076836002
3.281793128148203
3.270839944274154
3.260411345896081
3.250222928325005
3.23997342763934
3.229346095096259
3.217974938877088
3.205425962102544
3.191130696435735
3.174293137152756
3.153736451155146
3.127738852712816
3.092282577356174
3.049127032525549
2.963582920134164
2.889371521425517
2.83840727148149
2.793909262747728
2.748084731598789
2.702289991841637
2.65641521921507
2.610428454075411
2.564296102172896
2.518101479486279
2.471990211165037
2.426181846041263
2.381052531662815
2.337464523719352
2.295882507634121
2.256075631931089
2.196930242420511
2.089810513204865
1.977905181517628
1.931267657805164
1.901830612164343
1.890609997109858
1.912573052083919
1.853384180410992
2.13909636401267
2.694335472934622
2.560417229369931
2.069984600995116
1.450611596829234
0.7949580297408045
0.1502214600099752
-0.3823728596861866
-0.5582878491353077
-0.02737736043856619
0.2537945398643233
0.1987791886415925
0.222194846737051
0.2135930365690174
0.1918880222729341
0.1487853303978854
0.124582304175544
3.489533231042914
3.414616086866286
3.380636433584627
3.356591982749613
3.338746372672159
3.323996025365765
3.311151720854372
3.299540085052278
3.28878979254863
3.278689976796458
3.269101747695761
3.25986039708535
3.250814346275889
3.241785782312915
3.232591200956247
3.223008935614183
3.21278622311072
3.201543888461584
3.18862266240429
3.172831308328004
3.151490364595554
3.118029762438082
3.070606372677716
2.904642842065755
2.816085917055159
2.791031382150774
2.768500674304479
2.732239999078105
2.692369319843
2.650995340011661
2.608743694425863
2.566055160197023
2.523381235617588
2.481100333940371
2.439504488560178
2.398839506752886
2.360246207885191
2.327951531494968
2.315932914924618
2.285705378814472
2.153150784676047
1.929739351816824
1.874923174306653
1.844835394807737
1.83992563831793
1.869813070701981
1.854018756125019
2.212074536739102
2.449219880874852
2.088555704639587
1.669169125319354
1.284628875930658
0.902901961899379
0.4887579127533435
0.01755513349271085
-0.3892437157775691
-0.134202824493172
0.2403259631876522
0.2242516091935206
0.2548755296294674
0.2501493920798592
0.2276005021381702
0.1760427370996912
0.1004534987571463
3.671221158912973
3.446772582519463
3.374783973255309
3.341423432065607
3.32317600889752
3.31091287237279
3.301055936909983
3.292117929756218
3.283536171953436
3.275174417249226
3.267055744424072
3.259128480870986
3.251377416407039
3.243746126293804
3.236205621550964
3.228724502679683
3.221368909922619
3.214248269838328
3.207530915276746
3.201712770164533
3.196728761114211
3.195503213364829
3.214890334205337
3.092802017297247
2.819774819507542
2.803630610717425
2.802410733458692
2.759719600839762
2.709331296233619
2.660652015451107
2.612227748697923
2.562982216249492
2.513129863016767
2.46301651076879
2.412485939784787
2.361638817776244
2.318560320196297
2.318019248885608
2.408275136266661
2.422189431357414
1.883890719901208
1.706968113546228
1.742061393398818
1.748191683234272
1.760696758770276
1.796323894633384
1.842293222628736
2.201843723790589
1.808492936266101
1.400342365317059
1.244916527675465
1.132578382025422
1.003474629464513
0.8697348048180683
0.6688696674603133
0.2097419117580193
-0.1569017408062503
0.2337869314154273
0.276825858133707
0.3052775954371124
0.297532630067078
0.2616303618333916
0.1594150557558156
-0.0150392173891563
2.923535204810672
3.162811858793046
3.241144378626263
3.27334397351683
3.285880030814044
3.288965520467859
3.287312372718788
3.283150872777453
3.277541130647636
3.271205170989963
3.264692213534264
3.258152198941861
3.251754163566405
3.245554263074647
3.239670072176037
3.23422283093955
3.229599194642679
3.226360305237211
3.225442839191365
3.229121786466502
3.240092632579476
3.272239032850854
3.297525579494101
3.662070355892457
3.612050108235514
3.233814335189596
3.013184495891362
2.884402877208797
2.788680355567142
2.70458796492772
2.623306913163301
2.540473780958814
2.453945988989453
2.362777289842079
2.267616784501166
2.173516386372196
2.093576413982139
2.034817794496251
1.923799784668504
1.548064872943924
1.182710865123905
1.551872726151477
1.599097456314858
1.636779759953354
1.648880403443907
1.652041598336867
1.683134305320245
1.499647627787915
0.9567614051492596
0.973737814077598
1.06558311788155
1.0634326263751
1.024252637686387
1.015351253775432
1.088047939178156
1.085110457979083
0.5549056804087449
0.3815477040523144
0.4147412582671481
0.4130497463592288
0.4105005560231321
0.4142348811427198
0.4215347823603961
0.5498202640818864
3.118623025040824
3.204097471210397
3.242141206424798
3.262957079907452
3.27363404788923
3.278153352728248
3.278712373753068
3.276655900074551
3.272685662935693
3.267643782744863
3.262390099938733
3.257035555114901
3.251863016187607
3.246948249689813
3.242492072793513
3.238621354319085
3.235924920929136
3.235025371729705
3.236764611876205
3.243236610549429
3.255704445004471
3.289131279896943
3.283174856965768
3.584452922238706
3.854744587381336
3.617176289866618
3.318467808718275
3.087449178540292
2.913896787946051
2.769261061161187
2.634447715151602
2.49835566233172
2.354235855094537
2.198267771122894
2.029857704481685
1.851518738075011
1.66272206664809
1.443551599232945
1.1587403490178
0.8949735531727627
1.181216503932454
1.546817254552634
1.529108688946355
1.560032316350789
1.554116935350336
1.521162417776024
1.462609650706077
1.23486529100886
1.105671576927233
1.081366649466543
1.075936685874626
1.050532963699553
1.020572633182746
0.9942724622383187
0.9857322895674222
0.9577798084799087
0.8358515054407147
0.6073526233225817
0.5493817141997838
0.5128126594419635
0.4990745007316574
0.5030877298399256
0.528912031483651
0.6054289217540086
3.167748317503595
3.205795899410665
3.231785852348741
3.250742346121199
3.262641125431017
3.269265275748115
3.271905859146752
3.271599820816305
3.268703763791844
3.264383404011332
3.260109207442797
3.255720885193343
3.251619677595234
3.24780106266692
3.244510600572053
3.241702057597884
3.240233120689796
3.240600804251829
3.243204041153255
3.249486582209339
3.258840209325832
3.283106646402393
3.258606015884546
3.421861634411631
3.754380008990208
3.737886479095581
3.529824063901973
3.27976840344724
3.048110354493868
2.839932254641864
2.643186456612007
2.44470473117614
2.233937479053016
2.003384582445157
1.748601700322538
1.467655509876415
1.161345716291635
0.8453219511587895
0.5974268912157856
0.6310739360442722
1.260932842955495
1.553354963835961
1.489630272167406
1.51228826649001
1.499865832851552
1.468002750246591
1.418212566528204
1.303003888325304
1.195258091852837
1.136969761581851
1.098520655268432
1.05846052032161
1.01732637733729
0.975902921629307
0.9347559435634337
0.8740301096558857
0.7697351562952327
0.6566337149178337
0.609407609973205
0.5776054706662803
0.5659836989596099
0.5715721007486407
0.5975009967288686
0.6454658520627642
3.193570447732838
3.215453342081699
3.233255361158711
3.248017624114623
3.258534919207941
3.265254085961761
3.268595242651671
3.269106420817988
3.266163293378078
3.261515540197942
3.257864848092589
3.254170545326108
3.250992663318909
3.248089359470312
3.245738524256663
3.243406136694308
3.242586462512168
3.243580338241124
3.24616398275818
3.251416509201857
3.257943919948716
3.27458618019727
3.249951676046765
3.342687489510246
3.615168417759324
3.698041866216679
3.597960728542954
3.390728083071531
3.14516383514611
2.894070460978633
2.642935429075425
2.384916485320101
2.110018714520843
1.809172074236067
1.476522408756777
1.113531566377055
0.7403076885686501
0.4193746660546665
0.2819358291362295
0.5131694225382223
1.263356231510032
1.543692535492914
1.46201857925943
1.479171478785649
1.461397873923065
1.427929819575021
1.377521444151745
1.29510993663846
1.21421475183451
1.155676827797125
1.107753826353234
1.061191658402085
1.014948775903931
0.9680561567049371
0.9196230923937774
0.8611550675551203
0.7834420756659982
0.7040209922732066
0.6571540569743487
0.6263219619117388
0.6147959673907926
0.6205994513968363
0.6460073303760009
0.6899313060542595
3.210738020365068
3.223506123748402
3.235888896552575
3.247613059019964
3.257003733628475
3.263728745948279
3.267680753340581
3.269001435355571
3.264905897245302
3.258540033514314
3.255416929448492
3.252236759686351
3.249947929532422
3.24787215774218
3.246393521205114
3.243858302134924
3.243371678679105
3.244939386517196
3.247272062951407
3.251540382523497
3.256291360870579
3.267970703157901
3.247882718229821
3.315759630049573
3.518518827877263
3.607693154296755
3.562929057788478
3.405236342069778
3.176331227895504
2.910628146540173
2.624901782364598
2.321785655182714
1.996856623117495
1.644622673608375
1.263989198381402
0.8662747765633165
0.4885672572635152
0.2095718824730647
0.1531572219672563
0.4601457524500888
1.237113717161372
1.529983007444256
1.442948160648986
1.456795843677816
1.437276610836384
1.405389237780603
1.358799015152319
1.29365467768203
1.226430385579447
1.167966233813491
1.115020228050041
1.063972497242798
1.013652865589705
0.9627870636645959
0.9103825511075885
0.8532295873325191
0.7891714078559171
0.7276496069800871
0.6855570883621723
0.6582264256343249
0.6481321855122397
0.6541438501178537
0.6777115447718559
0.7172851773758692
3.223213350388733
3.231916397706146
3.242265698134827
3.252832728719102
3.261826895580554
3.268418804090832
3.272373589964491
3.273844595648971
3.265636995921512
3.25434821520533
3.252158740240045
3.249600233594337
3.2484766031434
3.247419401062317
3.247116983023909
3.243036007675702
3.242069566847021
3.243690926579325
3.244632236324278
3.247380373826053
3.250948732778328
3.259745875097298
3.245627156995206
3.306427849147879
3.450789651029624
3.507882810562097
3.47200772406498
3.344566496237128
3.140650691163845
2.881428477592716
2.58406173675795
2.257851129640149
1.906305723022214
1.532097832133542
1.143366890238003
0.7611603580031926
0.4268545778619992
0.2061081975367334
0.1870131656341358
0.4775483943852221
1.203573899346587
1.531649449456389
1.456614022275012
1.469693206290514
1.450096897773169
1.41793555581439
1.370969185692732
1.310101359268483
1.245048378437545
1.182901568971597
1.123987291165721
1.067107125501968
1.011163429782181
0.9547723133394255
0.8969541941349294
0.8367170006292223
0.7748445184893895
0.717833998229417
0.675806633248253
0.6493795858725019
0.6409822033711161
0.649753368361956
0.677191911410256
0.7175024511167726
3.218753927806478
3.224046086124661
3.230751092094878
3.23833553562247
3.24636686590134
3.254785771654759
3.265225065921964
3.278833848972455
3.271952971136248
3.248315650776748
3.248262234595267
3.246341602906821
3.246513586363811
3.246570201757777
3.247835143411521
3.237699944624592
3.238357116641814
3.248712696681316
3.254396935826319
3.259512607882892
3.26378556214992
3.269587797643686
3.25802453432472
3.297633260187367
3.381746877943765
3.398498534845732
3.352105214287318
3.237762480176633
3.055399309800439
2.813154575859017
2.523266013210353
2.197608065807428
1.846743128378424
1.482456392984221
1.122108113499011
0.7926066832355589
0.5313605605079015
0.3826761081773113
0.393922134808898
0.6254661554183432
1.188305043713373
1.447121959939551
1.369643951170813
1.3671582081695
1.347182822398543
1.321899321926163
1.288009999669704
1.246065413466476
1.200502072195022
1.154635753915368
1.108828382659371
1.063044505284653
1.017529617455906
0.9724851586511492
0.9282457250632565
0.8849156455729146
0.8430959137814416
0.8057697281593083
0.7775047638195743
0.7584709552872005
0.7498656188175946
0.7512323346420681
0.7687615306167617
0.806800630828008
3.239607429495044
3.253100379353402
3.272339616987541
3.291592761401755
3.30604376632051
3.313931114063357
3.322931568193868
3.332118366392724
3.259553056040636
3.222099206724846
3.237351784088083
3.24061169558036
3.244368239192613
3.248457642556336
3.25714729287701
3.239816179508457
3.230496875142734
3.229453236910812
3.217463922743103
3.212104510256473
3.215029024397284
3.217464182612046
3.212976580828228
3.236802291355708
3.281636722188831
3.272613697713346
3.216870333938735
3.108374935746474
2.942597967069563
2.721231220707368
2.452156709004015
2.147472427943456
1.822202913964688
1.494763351286928
1.188389659500742
0.9316937525683343
0.7566364898126913
0.6936932940084283
0.7668330569286707
0.9995236440146957
1.479365294509671
1.730493715928665
1.717764423693996
1.693510839015193
1.669065172553636
1.624870330527792
1.54925845066294
1.450297630850961
1.344134128648311
1.244066303127258
1.154955607141041
1.07499299770328
0.998664234363264
0.9191911931044769
0.8311393845764699
0.7327515361188714
0.6287120280705069
0.5315516098634774
0.4572206523788448
0.4167484818768296
0.414767496790598
0.4481987236095863
0.520735387009962
0.6177543082957659
3.3250189203214
3.354353198868705
3.397628272771918
3.4382081408974
3.459646739125578
3.447926285006364
3.387340641460643
3.263811814141071
3.177968422977316
3.217401634127095
3.229364125752124
3.235864163408631
3.241856949993667
3.24867612859511
3.252532413185734
3.30066086945957
3.310547047736065
3.208153249151386
3.127923310617241
3.088255450923617
3.078466033604601
3.082748354879189
3.094291317868292
3.116961400325724
3.14456325502748
3.132694375785738
3.075733138226793
2.972424313045363
2.821019307528175
2.622457780346051
2.382834208057507
2.113879013262272
1.832430980023828
1.559811578986125
1.321097018516308
1.143695122661746
1.055108328627556
1.081342974153624
1.248663923852669
1.584324558968202
2.068837567986926
2.403229106154908
2.560672370925381
2.61094439323004
2.587250061479042
2.481682949755798
2.293613830155877
2.047477156486128
1.782280526161797
1.532442755095647
1.314012485753699
1.123150199203177
0.9428502977251525
0.751745546334788
0.5328169329018827
0.2819454331312411
0.01450786828114825
-0.2353687630648776
-0.426039710821945
-0.5235953127585933
-0.5123514092375888
-0.4016690635898438
-0.233426086160713
-0.08963272009120965
3.419165915807369
3.444071740573272
3.480056482804509
3.508472946947899
3.508618666866916
3.461932830851858
3.359777578385131
3.230990481556132
3.189360983954399
3.218330785376518
3.226490106004134
3.23288506011873
3.238643087094201
3.245404535732634
3.248105614883108
3.284593519068136
3.299462758035457
3.210258164979828
3.110595586790825
3.041703956159801
3.00742876838226
2.998110121690924
3.003637230037897
3.013907387349631
3.016813943470249
2.994811537749142
2.937197600589585
2.840456393767608
2.704173426281907
2.530517369709209
2.325716904502911
2.101218335637656
1.873745972131898
1.664397736403985
1.497073147085075
1.396552417688808
1.386735161115693
1.489175803276638
1.718944910254572
2.068175559394834
2.472968726394543
2.820865189509687
3.053796474038977
3.156242576999857
3.136469291747422
3.001738976602627
2.766010579077877
2.458549663015122
2.118884699738656
1.782876718937957
1.470483732169633
1.182057185152377
0.9031442972023113
0.6139161077402787
0.2997893460280724
-0.03914997561602101
-0.3830089509811292
-0.6947341793769055
-0.9310206075359575
-1.057191285041803
-1.060971910175478
-0.9626790455226913
-0.819441587659225
-0.7114903275189726
3.495758782177351
3.508381790740447
3.523642004283355
3.526164386404371
3.499255944173104
3.432658927180794
3.334486868884357
3.243105780798256
3.215282884829647
3.222253246830835
3.226853007688054
3.230880886830931
3.234872761021567
3.23926770109858
3.240838747993995
3.253965686086658
3.254337568291697
3.194808388908797
3.109269280684069
3.031891131071703
2.97832232402096
2.948643976838398
2.934644168379418
2.924389301556705
2.906274228301399
2.871133220922544
2.810863791190318
2.721104462186807
2.601376867600325
2.454595314986578
2.287401287992175
2.110787291711153
1.940145325943508
1.794400734487834
1.694398606118763
1.660903188775927
1.712255266453289
1.860631400561185
2.104711193178221
2.419618292521636
2.756921141497772
3.067685354501018
3.300587293061661
3.41715476427371
3.404072396028478
3.267177092316534
3.025005094078776
2.705920575103426
2.343357574283452
1.967660966102653
1.598244424342282
1.240231554161277
0.8870888125897238
0.5278167268160222
0.1557958740056258
-0.2238673261912501
-0.5913737784550878
-0.9153652092320486
-1.161726128667426
-1.305591509844563
-1.343000281549785
-1.297780540071615
-1.21823174364447
-1.158780263205625
3.541113441449449
3.540730849363286
3.534434483913888
3.512881972223558
3.467887689459083
3.39928879391869
3.32071200788166
3.256785632077674
3.2272777767173
3.223036271453178
3.22661871343466
3.228753767699121
3.231288926057794
3.233631517865369
3.235483975713117
3.234474886363425
3.218887464492499
3.173441517493892
3.10534448668128
3.03200700608256
2.96826059252124
2.919709004193999
2.883234121185684
2.850899097562617
2.81434014215609
2.767090360741798
2.703821664801304
2.621182464676642
2.518834549466796
2.399782808127636
2.270474346059579
2.140874806012447
2.024227024432805
1.936191001121904
1.893313081682701
1.910863284975879
1.99984837663583
2.162869190411153
2.389672761084061
2.656326348624432
2.932052489223291
3.186085515234314
3.381407477726249
3.483129041634984
3.471373745418534
3.345436078758562
3.119428811753413
2.816122061464694
2.461386693511463
2.078978256839139
1.686164276400042
1.291663666157294
0.8969849110002305
0.5008079363429782
0.104604146772069
-0.2829334916877282
-0.6446597906225487
-0.9577691720930558
-1.200068777029221
-1.358021302777181
-1.433691372721605
-1.446804410752212
-1.428863187842027
-1.410418367312756
3.551269882345381
3.541229068862299
3.519782110827689
3.483753285874241
3.432422367742986
3.37069678412358
3.309234445177791
3.259613578772601
3.229140146833892
3.222318017562762
3.2254998039708
3.226446933836679
3.228005893229483
3.229030885867056
3.231381951215522
3.225728133632285
3.200633032446111
3.157720850839376
3.098939512856548
3.03099234273851
2.962824867209395
2.900560214205819
2.845189404810144
2.793713148785459
2.741636228867701
2.684771461217412
2.619820251510413
2.544823474939216
2.459914448355575
2.367877131106037
2.274315591991799
2.187513677773337
2.11796933687468
2.07747461535142
2.077624032475537
2.127693019135901
2.231973805645842
2.387181802680821
2.581486333658085
2.796722985574079
3.012261219956602
3.205706745343623
3.351515659548313
3.424473516859283
3.406964741880814
3.294074276625613
3.092971767813599
2.818696738791456
2.489517160423456
2.123244825971886
1.734740965214116
1.334816354833302
0.9308019372759235
0.5286185065740482
0.1354313643876979
-0.2384423524882926
-0.5794527200947989
-0.8729005180384677
-1.106686940240742
-1.275462425255771
-1.383264736322619
-1.442744391474003
-1.470553547444809
-1.481123411124174
3.52851511603601
3.513776104286034
3.485866025019747
3.4458497951289
3.396926992177547
3.344690180152255
3.295622058566297
3.254989881111059
3.227246896793073
3.220904629770782
3.223658060411162
3.223979586493831
3.224954642163086
3.225261614498335
3.227860174986844
3.221547165240852
3.193022141033658
3.149206250627685
3.092915797509698
3.027142399347257
2.956415315247775
2.885354803677032
2.816812846267772
2.751344351354185
2.687856574047744
2.624607855066981
2.560056833974664
2.493441931732286
2.425334107041116
2.358101426649164
2.296090116921587
2.245449315668576
2.213597313387875
2.208301306916182
2.236336949275419
2.301804604348901
2.404462810728512
2.538814558671936
2.694685533138931
2.859033833025478
3.017328502891629
3.153546044349745
3.250530504039729
3.291620016412506
3.263870280797293
3.161238413527596
2.985499886874502
2.74464655243339
2.45022765673824
2.115002765852563
1.751416461977151
1.37088982255827
0.9838126583280973
0.600040548858169
0.2295144529126151
-0.1174979540661342
-0.4309100268098769
-0.7020925676134119
-0.9255168280664691
-1.100014518848001
-1.228830160938145
-1.318107612224026
-1.374432799265344
-1.402772991285107
3.477859448401458
3.463109537992301
3.43641776649119
3.400591326565151
3.359667762247556
3.318084186608061
3.279628056737017
3.247273954724792
3.224397588320158
3.219150505110452
3.221385591680233
3.221412562143592
3.222041733480531
3.221978299477949
3.224605420986914
3.218549630480102
3.189642421922242
3.144897928355875
3.088030055653253
3.021653520379049
2.948594937272599
2.872244061569253
2.795909097752529
2.722040030840961
2.65192240721471
2.58591500845055
2.523995289452507
2.466311857544061
2.413652319078064
2.36779324261538
2.331639154067397
2.309066395202299
2.304445433866243
2.321860375566508
2.364101443907653
2.431629162087696
2.521871532091545
2.629236105732466
2.745864412889639
2.862559934230351
2.969242948344349
3.055115743605504
3.109152546094053
3.120872021734883
3.081554967113326
2.985745663029574
2.832270400473901
2.624189995955418
2.36790466290859
2.072047658778744
1.74660094957775
1.402296686709559
1.050177953207098
0.7011812933651275
0.365650714037288
0.05274650932950968
-0.2302103281204309
-0.4783088096716743
-0.6892858602780756
-0.8631865036528888
-1.001407223308697
-1.105469400215275
-1.176157799079897
-1.213472289076703
3.404335505648007
3.393054358372223
3.373064676437097
3.346997275312544
3.317977169967253
3.288834190760019
3.261719751209081
3.23847091432533
3.221293029635903
3.217171827920669
3.218855581307753
3.218777295273768
3.219207111896467
3.218960823184432
3.221548961189243
3.215753547434943
3.187188059903897
3.141815488261904
3.083620077482879
3.015673838278907
2.940674524418014
2.861616140490763
2.781862223106705
2.70465648818622
2.63257995384029
2.567352085052058
2.510012955864228
2.461290288517691
2.42195969288202
2.393105205355493
2.376221575375288
2.373101953108593
2.385490242909329
2.414545753295037
2.460247916437322
2.52094032315667
2.593219791993976
2.672236961178844
2.752216269721249
2.826869352262533
2.889592476974871
2.933639001202851
2.952368233758329
2.939506104602196
2.889491889152714
2.798062221584683
2.662973966519621
2.484535082364626
2.265735142755791
2.012036148996796
1.730978867809398
1.431670412608678
1.124125146215987
0.8184425574116477
0.5238964914153857
0.2481011582496967
-0.003541347999302982
-0.22793282961959
-0.4238257515318157
-0.5909149211210246
-0.7287896525243246
-0.8362141880150367
-0.9111095872998056
-0.9512469258364694
3.311662486768121
3.306057943823218
3.296267428220948
3.283704224685761
3.269806301773045
3.255632992198356
3.241851195930113
3.22905716798456
3.21804941117904
3.215032561512176
3.216155155349154
3.216089348585609
3.216418114212602
3.216095032678155
3.218678341911793
3.212967888937566
3.184362120548396
3.138274509449735
3.078920688325157
3.009809496060697
2.933992857950969
2.854613199271771
2.77509781356434
2.69887112421629
2.628903858225498
2.567437383684773
2.515982596339435
2.475491601413556
2.446569031648162
2.429647191673835
2.425068815899987
2.433028369027333
2.453368000865646
2.48529339010023
2.527128618866528
2.576235818434518
2.629160849388807
2.68194291147043
2.730430560186463
2.770484623728229
2.798083120565034
2.80938934432811
2.800771504677807
2.768765470695303
2.710060076175687
2.621669683796527
2.501379411515485
2.348344126831242
2.163608287623632
1.950370511250098
1.713929703261297
1.46131374634208
1.200619723958013
0.940143098874373
0.6874517050508782
0.4486245142882551
0.2278739826788279
0.02768306950916893
-0.1505735784326628
-0.3057463990100719
-0.4361292394508615
-0.5391371768286859
-0.6116109327315804
-0.6506348216166796
3.202167743415814
3.203525972870259
3.20609735041634
3.20969211475977
3.213771709453046
3.217415546923402
3.219485011362139
3.218875200794661
3.214667434893583
3.212778607264851
3.213315248360944
3.213352499218174
3.213657404381792
3.21333168518623
3.215985579193883
3.210104527277542
3.180726679595747
3.133704197162509
3.073649190586503
3.004385056211717
2.929452566369673
2.852372108892795
2.776550720288726
2.705074645805518
2.640537525135885
2.58495535096583
2.539764349664065
2.505842394280244
2.483577071054365
2.47297186960753
2.473706558672841
2.485095724124987
2.505971067445817
2.534564910896553
2.568477401665779
2.604777248569148
2.64022442507434
2.671541662684199
2.695646730330822
2.70980084242784
2.711672992596019
2.699316721278237
2.671048837933629
2.625260434320413
2.56025057785912
2.474215905686098
2.36549600864969
2.233049774747527
2.077004780458295
1.899077119255217
1.702710817520765
1.49287728372584
1.275563387104107
1.057054707178752
0.8431853231337576
0.6387565064603089
0.4472964989465752
0.2712327906864967
0.1124004793073277
-0.02732903590410596
-0.1455768534325203
-0.2393626684725774
-0.3054530581582403
-0.3410512160140864
3.077486861484337
3.086508786417314
3.102753323878985
3.124404945441692
3.148892293070269
3.173121770208616
3.193748997260569
3.207441786079567
3.211072483704593
3.210439976957486
3.210325723968753
3.210560569298712
3.210918018798912
3.210671157194904
3.213461272420827
3.207032579603514
3.176357285136433
3.128447991030461
3.068095534880475
2.999657554217796
2.927612119941744
2.85591113528518
2.787452428966924
2.72422375663499
2.667712926060412
2.619150800816359
2.579523400144121
2.549455167678372
2.529225314454048
2.51884768742065
2.518049241441463
2.526140706695044
2.541873595930177
2.563366542269397
2.588143006203101
2.613287500023057
2.635693380955247
2.652347554099307
2.660591526322409
2.658310449730365
2.644013213500026
2.616778084275655
2.576068950431248
2.521474324738083
2.452462763021026
2.368264598274779
2.267964213284151
2.150811407079384
2.016661266653026
1.866385099044067
1.702098105449392
1.527114495438003
1.345632424644585
1.162236383781934
0.9813616531931109
0.806879163313006
0.6419208577316845
0.4889808351752483
0.350222630895824
0.2278408290382019
0.124304693358242
0.04236185768155386
-0.01522875168299573
-0.04618262312412123
2.939576716965664
2.956495965018589
2.986986160314487
3.02779504626537
3.074441037197552
3.121601312912011
3.163444578090012
3.193926113421963
3.207066204704258
3.208029273476413
3.207136337023881
3.207694470285369
3.208203757345808
3.208179052698565
3.211109986112557
3.203811689420318
3.172342757827243
3.123851478262674
3.062962013270687
2.995948749895586
2.929110455692856
2.866475480156268
2.80939381050288
2.757703719874394
2.711098488534386
2.669705513142042
2.633823122310368
2.603759714201439
2.580020487200098
2.563327646680591
2.554348322016451
2.55333453428436
2.559836844606527
2.572546065169958
2.589285083824697
2.607164473201441
2.622884317345169
2.633123319552525
2.634931496545092
2.626040732107692
2.605023621697559
2.571265918863669
2.524768042160235
2.465841029192039
2.394795425055684
2.311727273000033
2.216480684830985
2.108811794434087
1.988704533468339
1.85672395555624
1.714272696680055
1.563653223332844
1.407913388692701
1.250530340451164
1.09503858638097
0.9447178486551079
0.8024255221131934
0.6705994219320576
0.5513912185256522
0.4468450538522143
0.3590262275043434
0.2900297999236599
0.2418400837542001
0.2160476856999798
2.79174901486955
2.816212924249474
2.860556600542832
2.920504860707919
2.990005141929103
3.061645879588153
3.127022878547742
3.177049594752146
3.202281764623295
3.205543440209175
3.203655347482698
3.204720317251087
3.205541608325465
3.206036723763045
3.209086005027236
3.20190353332462
3.171860195508501
3.121910884971558
3.058977913522314
2.994182169802791
2.935650069904996
2.88617559986186
2.844382131497619
2.807050858522995
2.771493497284653
2.73654999201416
2.701462087132724
2.666335971621184
2.632616702551526
2.602686455067566
2.579123133761895
2.564041943728272
2.558572099478925
2.56247874344706
2.574017900322799
2.590098907511641
2.60672832721263
2.61961605214943
2.624792837897992
2.619107810666486
2.600515176389147
2.568111048673018
2.521941258659261
2.462656227661906
2.391124114743284
2.30811919739714
2.214177699422052
2.109659333152912
1.994979174640501
1.870908869707858
1.738822239304695
1.600790257972817
1.459495183380419
1.318000102440536
1.179452640923789
1.046810673477574
0.9226574994114179
0.8091357452739161
0.7079881373103249
0.6206627949205663
0.5484279811837667
0.4924449911114484
0.4537609856263961
0.4331980858493858
2.639555241939263
2.67035257815477
2.726755901012584
2.804224848178406
2.895769920373337
2.992226079641626
3.082720607590986
3.155089239198371
3.196174263615122
3.202957338975932
3.199732206191952
3.201545122229476
3.20290961251129
3.204423588571377
3.207928745594043
3.206183113580633
3.179375287156115
3.123189287884715
3.057013207107842
2.997663760442015
2.951674648549154
2.91865475135257
2.89455796157267
2.873331088953737
2.849470899756511
2.819531455939016
2.780946605761838
2.73441738348879
2.683539106840551
2.633345266069626
2.589201724406084
2.555922986182432
2.53686911030002
2.533182052023542
2.543461814209065
2.564017274276678
2.589582803920626
2.614252292141
2.632386088901458
2.639325650847047
2.631826694744021
2.608176326879968
2.568016756926601
2.511960022346632
2.441124369361269
2.356738222535128
2.259930928722861
2.151754558381428
2.033382578806058
1.906362101246559
1.772791967428191
1.635348637913886
1.497148978064355
1.361493353820159
1.231561720980933
1.110139182325744
0.9994303258129557
0.9009915544299728
0.8157780756516684
0.7442763457538053
0.6866776266611686
0.6430434043210957
0.6134167642367497
0.5978428875287547
2.491353899883205
2.526162161769449
2.590993036775108
2.682243967176445
2.793025429356749
2.912970663335692
3.028980975112484
3.126139571034473
3.188076740661328
3.20022669934187
3.195173922549214
3.198011936274328
3.200191196263526
3.203347517650508
3.209031376692281
3.221753869837072
3.191928017312208
3.124260772453233
3.061110089940104
3.015178979485053
2.985918578151416
2.969495726674868
2.961608516129738
2.956137774775891
2.94523098503195
2.917627438259634
2.869393746528374
2.804189783129962
2.728925530891096
2.651886920819723
2.58195157987573
2.527366562670818
2.494154703574981
2.48486121295806
2.498146031972454
2.529272122350752
2.571206280936539
2.615939212984693
2.655695747941293
2.68384945697861
2.695480706331749
2.687571611892106
2.65886238296054
2.609453783301226
2.540303239911896
2.452801005309579
2.348575419053732
2.229547242117096
2.098115002663226
1.95730599041722
1.810779199755992
1.662652303316158
1.517190429851311
1.378428943253037
1.249813688972759
1.133934015567647
1.032396873604162
0.9458521129913363
0.874144422323569
0.8165474667917982
0.7720309044930926
0.7395135478504449
0.718060665716177
0.7069914344148988
2.358302017047227
2.39376658037623
2.461493876063264
2.560289410153075
2.684897803546374
2.824783742899797
2.9650892176145
3.088693536888008
3.177325284941578
3.197242858474581
3.189679795372681
3.193629710799645
3.196323778919035
3.200301740490637
3.208085196808656
3.229627520731861
3.185162158105882
3.124462865787852
3.085773591732384
3.062610689831386
3.050942912978274
3.046463644190958
3.04684789348459
3.053172568682641
3.058229535123368
3.026634634587356
2.961046993703488
2.870338915889636
2.764416793593504
2.655152758827869
2.555741632841777
2.478328531170023
2.431505904763483
2.418836046189209
2.438670658326568
2.484989434966809
2.548834150239113
2.61994449553332
2.688237265782651
2.744876765562057
2.782892319608471
2.797424091570129
2.785650048261067
2.746460608387887
2.680029462241573
2.587509324794236
2.470992465477661
2.333650153393153
2.179829488905792
2.014942015544253
1.845116455868352
1.676682816293741
1.515587838882342
1.36684824672937
1.234143685331447
1.119623927491837
1.023950205790804
0.9465286497171325
0.8858548512337966
0.8398877676047727
0.8063981436256442
0.7832654972619102
0.7687092422594474
0.7614378580290839
2.253465467112385
2.286052412701232
2.350151553847337
2.44783919737601
2.577381506057495
2.730375866464473
2.891633178873155
3.042323987211283
3.163587897418888
3.193914459261405
3.18304085299629
3.187984861281256
3.190227356965684
3.192740105919919
3.199873170227924
3.182774845937491
3.145703010499821
3.152950138722601
3.158926152707917
3.159304820623426
3.15998211825006
3.159383281001873
3.153604603491877
3.165836095593677
3.180853456538524
3.134951690563631
3.047010797838735
2.926184789518445
2.784953751786306
2.640366269338499
2.510749288944166
2.411626750056193
2.353032958352872
2.338696765282416
2.36649438642819
2.429491620471218
2.517324047809578
2.617870485108972
2.718936616276633
2.809479364639975
2.880196684394773
2.92374223937149
2.934778319550804
2.909886400885982
2.847481439172058
2.747956462993029
2.614008983213987
2.450807847780181
2.265732849529872
2.067697635028241
1.866230751239919
1.670491061792259
1.488358022351334
1.325731100147543
1.186160210643627
1.070864509647335
0.9790919683728141
0.9086818638145713
0.8566633167924926
0.8197627349566907
0.7947724002802556
0.7788048184513705
0.7694823277741241
0.7650840967379358
2.189978253444451
2.21790458468791
2.27329594133589
2.359921549955382
2.480928318629823
2.634708695004282
2.810203213749842
2.98775792779476
3.147312561836776
3.19043852018851
3.175673645905158
3.182076302285306
3.18411795619598
3.185571388845399
3.186926126401021
3.177031613961532
3.171445599607276
3.179817601846698
3.187094358757608
3.192433753509902
3.196538136284403
3.201497432528979
3.193854162917932
3.224075595549112
3.267841061429524
3.225077405557337
3.117567649827893
2.963179625495737
2.784125019184183
2.605626383093905
2.450363363125966
2.334573826290523
2.267296392633216
2.251388284465441
2.284708903945271
2.360784770188365
2.469406951172547
2.597785119843211
2.732238454492093
2.85969634851495
2.96830407703384
3.047425974995609
3.087827519750588
3.082065391906549
3.025336177462313
2.916717176138337
2.760048972690631
2.563770365292794
2.339757009319917
2.101676891465132
1.863294813033075
1.636938609366395
1.432271754892882
1.255543134899616
1.109443961209087
0.99355373678749
0.9051897213282798
0.840386806187689
0.7947569187282452
0.7640772098562763
0.7445854311605956
0.7330757750418131
0.7269436576007355
0.724281712224529
2.178976296024712
2.204749580710899
2.2514206459656
2.318485407314713
2.412898923959016
2.546367865712813
2.722275172395887
2.925157168168608
3.129572714931559
3.187001585885419
3.167875661852502
3.176676361112254
3.179499234887455
3.181890755034191
3.183157028840842
3.17956071060786
3.17572541969043
3.177485447834387
3.18002198705753
3.183153691872894
3.186401713767362
3.193278461056254
3.183762702240074
3.234694596807002
3.322903679896978
3.289666051469469
3.159986724829563
2.968398970928372
2.754303881189431
2.551756514785062
2.383224361753289
2.260368150894546
2.1880825894266
2.16780566091938
2.198717515577418
2.277234290781845
2.396197335745204
2.544619963059056
2.70857463667897
2.873075154842513
3.023352396278839
3.144513984669427
3.221485039311657
3.24024653334275
3.19088639549827
3.070919553369933
2.886529984623249
2.651208431788598
2.382985726514738
2.101484196497888
1.825295204757515
1.569832251627585
1.345859776565367
1.15893872908174
1.009843977638441
0.8957168055656084
0.811535227839574
0.7514980241981549
0.7100574312442812
0.682495314468186
0.6650670466899523
0.6548458910930385
0.649498347664095
0.6472372727458128
2.229397653859143
2.260965895987353
2.305955707629945
2.350453350192075
2.400206062109687
2.482507450745175
2.629589001952855
2.849097808105416
3.109722996349872
3.183481286252809
3.159355166707643
3.171701284862998
3.175873951338477
3.179473119796674
3.181245603013527
3.180384367494696
3.179262818423167
3.180767262712768
3.183177362685707
3.186700604134049
3.190572434777564
3.199403824197342
3.186262244944223
3.245656302215556
3.367944216336968
3.325808749518591
3.15759201662265
2.926188766756646
2.690566973239345
2.486051928505623
2.32505701060484
2.208110803896408
2.133712437211186
2.102507732771073
2.116764890200039
2.178652992057529
2.288317812242233
2.441065743977219
2.62529242562982
2.823858401522978
3.017807459937192
3.186839363776695
3.307290471239269
3.355252826100994
3.314138819936148
3.180654171241031
2.965136094537051
2.687901614417279
2.374553573444372
2.051595396137509
1.742635041404495
1.465484184176689
1.230651121229517
1.041476726110383
0.8956111619179892
0.7871362898719139
0.7086372452418686
0.6527976592039879
0.6133941973551971
0.5857419281514319
0.5666829580197392
0.5542107951187178
0.5469020039260472
0.5435198977451856
2.353078381057475
2.399470315233156
2.451131765482182
2.478170060146284
2.478155458483725
2.479088391503943
2.543723468303285
2.742214067578765
3.075464585946292
3.178526759837285
3.149470889297063
3.167399004252407
3.173774781873956
3.178776670155431
3.181083216822582
3.181237320413874
3.180804148410528
3.18158665656811
3.183402949889229
3.186912040070629
3.191534079124107
3.202980246239552
3.188435783368341
3.266750273761495
3.413783624449009
3.32162006204418
3.089293673030125
2.826597360577857
2.599833026975624
2.426758086502598
2.29837078945803
2.200236919310198
2.124482703941968
2.07235928211951
2.050022484048909
2.067834879490088
2.138283547565865
2.269626819254033
2.458092723171811
2.684818648089907
2.922587488690737
3.143345416439259
3.310775936204538
3.388553623631951
3.354520913090595
3.206854304919553
2.961262789874993
2.645431345814227
2.293196753055605
1.938441676760804
1.609373353851105
1.324661679542421
1.092465762325335
0.9121103340810806
0.777174427065546
0.6786374644214161
0.6072559469763088
0.554976042631236
0.5155848174175268
0.4849005428340213
0.4606876509113089
0.4422983507165319
0.4299449644110241
0.4236995297867206
2.57879615862883
2.632371727256664
2.681712573253483
2.702553121029708
2.677146682732565
2.596599858621865
2.515081078482315
2.590278916461591
2.987309817189578
3.167238301579723
3.13818733126432
3.164526394935995
3.174084726641635
3.180310220675033
3.182664452180628
3.182669995443816
3.181773116792368
3.181482139717026
3.182440252330637
3.185717183737015
3.191330623970932
3.205813450967102
3.193858813154174
3.305196082824614
3.444906452195126
3.241202101305674
2.938408061008301
2.683729049676402
2.512272627818169
2.404260749731391
2.327860811829256
2.257074529981312
2.178974061051279
2.094083390968036
2.01128833444545
1.951858263078308
1.944811608557875
2.017491165189151
2.183515850126615
2.428990032290232
2.710809673524769
2.981996608202126
3.188893599096593
3.287050907510197
3.256563411945877
3.09924172349619
2.83384698865341
2.49338980043344
2.119565354742705
1.753395454942451
1.426159042041217
1.154737961446372
0.9424113643843746
0.783119842423642
0.6663814374069364
0.5810331398800695
0.5173096457051185
0.467603734103782
0.4265099708501311
0.3906709567275638
0.358706424889583
0.3312012660703684
0.3104316866147163
0.2991428444399636
2.976087429656313
2.965391493131354
2.965120584726128
2.994149482545629
2.99281720609053
2.888058376226764
2.663185614356124
2.474912665060417
2.811128415674865
3.139355229193318
3.129563466626255
3.165856518312606
3.178822694623617
3.185219182516852
3.186450335617176
3.184931760856723
3.182265785755307
3.179965816845137
3.179208730638565
3.181434475388392
3.187711800723858
3.204656732311022
3.205812631252012
3.364277146464491
3.391536192048698
3.038403441049871
2.73222400940346
2.560684960771495
2.485229611432635
2.454740624749996
2.431954492353681
2.390028446040113
2.310954585926818
2.180166731158561
2.011080493220018
1.841753524374401
1.718264412631322
1.686463897514484
1.78591854187599
2.029664996239172
2.363255633798699
2.670161210798628
2.883819041398617
2.97670009827324
2.946650556886754
2.794953163474107
2.535079455556428
2.200755519736458
1.839455588386153
1.496885908201012
1.20372827358068
0.9715603782860741
0.797049110080827
0.6691653273301748
0.575160124534935
0.5038873385413807
0.4469089892086485
0.3983576145275444
0.3543615138440336
0.3125618036873305
0.2720642499236237
0.233904728470124
0.2017111094389209
0.1820663083603742
3.672924650578196
3.37619487580839
3.262307859191954
3.314652746794045
3.357695527074538
3.302872726159342
3.10001540837393
2.719564874531751
2.72546394245248
3.122255029756214
3.14540202336179
3.180472295011902
3.191899695774622
3.195140789759299
3.193061392236219
3.188282570772255
3.182353458977594
3.176710803702861
3.172822657502855
3.172145432554349
3.176546612207281
3.190645781946783
3.214349290718095
3.379025218929521
3.122878566202982
2.764647513120915
2.610594865353926
2.57592668288176
2.588577560099531
2.609007119175327
2.61643669901693
2.597411870212607
2.526098797478523
2.330877267088586
2.052230550040503
1.750199298905673
1.482632811171835
1.305730998321257
1.278728199165831
1.463901468996263
1.867329351223254
2.16599836214261
2.313211593194449
2.361771504345128
2.334229919771521
2.216863799424094
2.008425376087734
1.737111445479707
1.448311512855337
1.183620678103602
0.9662798626568088
0.8001559661366232
0.6771885653101223
0.5854037375078478
0.5138544973598211
0.4544291602923849
0.401810931633989
0.3527598101681912
0.3053180038155949
0.2581817783353915
0.2105982492234232
0.1633107440076765
0.1198271721225225
0.08645985695160342
4.775084291995082
3.843641596198605
3.612743799649703
3.639106830629165
3.647849029854239
3.616948928016281
3.60627531957955
3.58204795887256
3.324824731462216
3.204420378525616
3.224148437899876
3.224459369266142
3.219131593682923
3.212045461774448
3.203083472953603
3.192878584574794
3.182004623773452
3.171396412392068
3.162503768659354
3.155858201530157
3.152469590651068
3.152189258336684
3.18742704893744
3.07499271950639
2.808633761820367
2.811416663624545
2.840057426822715
2.860955015351886
2.878856986723593
2.888006438892913
2.878824455778103
2.874611738081267
2.802528011586785
2.522173685261061
2.129795470329682
1.690282380984778
1.268335914629137
0.931155640615262
0.7430537773793855
0.7711337996786092
1.160900568130643
1.389203291468722
1.369981991915176
1.343722369906248
1.31714530080291
1.268121578692111
1.184060001334426
1.074189589698638
0.9568992906626546
0.8476211027160426
0.753041981175843
0.6732747441218803
0.6052968381123262
0.5452441768871101
0.4898830656693395
0.4370433197983307
0.3854674294567589
0.334502147927836
0.2838010541209008
0.2329824981450148
0.1814393827610827
0.1294211014374455
0.08258081058320146
0.03269203842961319
4.221501816682464
3.932965245268121
3.835146894210528
3.775142209792432
3.723732584679438
3.676813157127815
3.645431438169484
3.614202441145773
3.522903582768192
3.352856812279351
3.304677316879628
3.271079704816662
3.248495605606145
3.230472797375105
3.214037325086407
3.19771932477446
3.18092995084252
3.164144457717496
3.149112097269478
3.134838035876226
3.120429571097966
3.09982892471142
3.080555870599923
2.973891333689791
2.946967281915488
2.962515298716787
2.976343748585872
2.984633746206351
2.98992102258164
2.996296797629227
2.984917372532284
3.028391267756247
3.006822809437465
2.710920433237114
2.241409677774647
1.677076179608297
1.103081422846649
0.6159106688569576
0.316645420668639
0.3204875196245854
0.8036336148612702
1.064343152928592
0.9866031882655648
0.9827996154265793
0.9606530861977932
0.9325032814648274
0.8948174761944435
0.8481660636234528
0.7974926021957965
0.7463415384253083
0.6950922412098295
0.6435955327001258
0.5919697203904919
0.5402484884447258
0.4884863747962253
0.4367148405291108
0.3849639970665553
0.3332572179265467
0.2816092714904553
0.2300048555801759
0.1784059409721813
0.1266718863902782
0.07622710295084345
0.02494561226827641
3.920832513145512
3.827165663772926
3.775289899450292
3.727125281277203
3.683031506251828
3.63656398111686
3.589643252017258
3.536329216256498
3.462001882938297
3.37551171311585
3.33213116758497
3.296146378303836
3.268577907989056
3.245172904887759
3.223771921526979
3.202287551560189
3.17946000414631
3.156082548217884
3.136085341987494
3.117489348936776
3.099842010764158
3.079028725253466
3.05903339279995
3.007007864403845
2.970263837806821
2.956872633511676
2.953694868148109
2.956391168817815
2.961516889722158
2.973448162532939
2.959717660608424
3.051488052225914
3.134598731785246
2.885883784465773
2.385369812266953
1.723594122790942
1.017899707398046
0.4108513488285732
0.05942265164050639
0.1314961320707149
0.8099616140607359
1.158632182402724
1.083077883859054
1.09615159866103
1.07455089845651
1.038835035471085
0.9867130108804822
0.919286722564023
0.8475828958927079
0.7795162994725021
0.7159018953306249
0.6558792887518171
0.5988315957440652
0.5439214707695829
0.4904793163827171
0.4379729404977141
0.3860379230103783
0.334438313044728
0.2830256889623211
0.2316967885430145
0.1804128765702243
0.129112277978894
0.07837512718591179
0.02723559098979079
3.844922648755836
3.805132054534018
3.773071462745707
3.729278021235639
3.684843162728666
3.637464400914512
3.588455546363415
3.535118996838973
3.471874245136563
3.404230185224674
3.356932714920597
3.317155737277454
3.285222154877633
3.257852434103271
3.23292433696527
3.206998107027202
3.177291485539583
3.145586022544287
3.120959738191718
3.098771999490037
3.078738024917503
3.057619160363272
3.036973265638812
3.004633406313073
2.981068993044757
2.97057867865842
2.967471834541912
2.969817520080263
2.974544027479505
2.988895887767357
2.965173430413961
3.063556834898913
3.241786496057125
3.058331704527679
2.55410391255067
1.832008308994576
1.039707351174678
0.3532204498044135
-0.02912370788862318
0.087175990245817
0.8443592769214443
1.157120014533037
1.067085105235959
1.081536668206385
1.06015909864344
1.024778996990366
0.9729548552224053
0.9005838118349014
0.8262272636359129
0.7615657642625042
0.7034024297736658
0.6479147508409
0.5941227464040267
0.5412774560883621
0.4890513657671932
0.4372004939183905
0.3855784098754234
0.3340950839739057
0.2826953054428923
0.2313403061699396
0.1800347010462851
0.1287488751610127
0.07779554202557361
0.02689879761088754
3.843401731053301
3.803789138466158
3.771588131798628
3.727357627445377
3.682208930091702
3.633904105622809
3.583579877054485
3.530692511645654
3.47399306408817
3.416864956890479
3.370744707282502
3.331041864658066
3.298031915618771
3.269585342864445
3.243994611854581
3.215138100795424
3.176595965833519
3.132446348775697
3.103719328174707
3.079128375762565
3.058716614359604
3.039268026977695
3.020835805351449
2.998520928609998
2.981451995796215
2.972102213000432
2.968859307471485
2.971587523163755
2.977776926275334
2.997859570055099
2.967762314506259
3.095536233017349
3.377024331840915
3.229526586133108
2.71372133856551
1.979745387471704
1.181486543697029
0.4698272024120674
0.03596596244694047
0.1109071307781594
0.8694432916922922
1.173165655547044
1.087155971599527
1.106052081406518
1.08670677999571
1.049590567320855
0.9932642905394504
0.9014380944428454
0.8118118016749007
0.7464467039135145
0.6929800114280041
0.6411495523885722
0.5898496186597136
0.5385668509165014
0.4873405824277184
0.4361265153116812
0.384907885112294
0.3336790714942919
0.2824394151190665
0.231182934439104
0.1799415134628021
0.1287142888764324
0.07788752770195104
0.02702003074795581
3.917036816624379
3.82404589013298
3.772031758006373
3.722898923666186
3.677131754622455
3.628361555333238
3.576995086419312
3.523616664609644
3.468895921910974
3.415532034791243
3.369645290219915
3.330256774785419
3.297858741025091
3.271116510676736
3.249133890167634
3.219989727327415
3.16970294610896
3.106106423356131
3.077855437302867
3.054336485596148
3.036202566048458
3.019874301691975
3.004637351210396
2.988532280879149
2.97579340304077
2.968117827852629
2.965681373669344
2.969702231341363
2.979090424030812
3.008171455166983
2.97823872577742
3.190380539439055
3.555007356013069
3.339160401348198
2.786008233526884
2.116308997777158
1.434339081890742
0.7917164190952958
0.2922783823712042
0.1927480776419144
0.8544349773111478
1.184235505123715
1.116300504310231
1.142564432003691
1.129385527622764
1.094230092354821
1.038358672722083
0.9101503941127385
0.7915354886526498
0.7262458778105432
0.6828629148427552
0.6372142364367488
0.5891574339979984
0.5392910754181696
0.4886010536705109
0.437487142567498
0.3861445174776562
0.3346840502487426
0.2831668795640006
0.2316133126405228
0.1800914904833052
0.1286719807458997
0.07824969791812723
0.02730382327312614
4.213799122570871
3.926140863931026
3.827208431398081
3.764270427881288
3.707998960886326
3.652607350866655
3.599525732752015
3.548578537753865
3.499242002200386
3.452205799586682
3.410120638367174
3.372547032450856
3.340247237918041
3.314812341161664
3.304490190612181
3.289498547251409
3.227837210709666
3.08830454206383
3.052252614462291
3.028390500913885
3.012753866345453
2.999895488056575
2.987874258031016
2.975709609288244
2.965443034273212
2.95853341738042
2.956109181928028
2.960666623487676
2.97380326636114
3.013840512611352
3.008395192468726
3.389026872285126
3.667598045682528
3.237807532324184
2.689364974167927
2.194580164584125
1.749414721198482
1.310463234787197
0.8338823603885266
0.4339030044102104
0.7414492330294118
1.175406158973093
1.158654854705493
1.195582566253658
1.189701014812471
1.153161263156508
1.085708764975381
0.8293966146211627
0.6855600592136889
0.654200802212571
0.6431060748974737
0.6084020796985156
0.5659403367979213
0.520670709429776
0.473983544776876
0.4261979767274917
0.3775913898424503
0.3284030593425582
0.2787950975125013
0.2288199670144368
0.1784742362036112
0.127741710507979
0.0787700509246633
0.02737342596620655
4.772180063139235
3.84381039683761
3.613375248525116
3.638173960381409
3.645798643761911
3.606724846514161
3.547241206052823
3.480976653630413
3.412733772432317
3.348029022468294
3.293773231524388
3.252830216350844
3.227084778001042
3.227174340765571
3.277018389717255
3.301490909884269
3.050324048270404
2.96110733385283
2.981477500376839
2.984891759004271
2.982324988570385
2.977266679670521
2.969821134687577
2.960753057668331
2.95168443401303
2.944063723279945
2.939448166132749
2.940843026823516
2.951925095835099
2.989876249676675
3.025606253130489
3.480432520800229
3.334504915693826
2.798716477092368
2.458964573701087
2.22040215653635
2.025940814446372
1.86502330988371
1.650479024732844
1.148587248269562
0.7319128291058471
1.181672788334583
1.238085510072793
1.28262459533634
1.296589787213939
1.300770564233579
1.331727503976561
1.132744815152695
0.5389167100592688
0.5565445162997364
0.659229648467388
0.6602962117452427
0.6134774909233242
0.5580956633077876
0.5033683619474427
0.4492475286938579
0.3952875643892291
0.341530588832316
0.2880015124252935
0.2342965700402418
0.1798018858464209
0.1261083904642109
0.08191664932666755
0.03185135040588299
3.678672071013777
3.387093506465161
3.279825236886566
3.340712368017675
3.402067522431122
3.398252883074301
3.337885500508271
3.242741975100313
3.13216533663871
3.025756108909497
2.941715225590771
2.890792380725255
2.873024392618844
2.870179707660295
2.816068332723861
2.603927778777181
2.562834925871188
2.892287873286719
2.913991521896023
2.945195436743776
2.955004632976303
2.95692663439735
2.953088460800121
2.945648074212194
2.936075895553727
2.925379690455486
2.914297722729402
2.903692642067009
2.893711241510106
2.887509273914428
2.91046999792718
2.7454486516604
2.34786728324563
2.312722045214799
2.306557810505239
2.239228516286948
2.163816106796407
2.136483691915245
2.215247295375962
2.208497719872827
1.579042682980557
1.36780946720183
1.40663966150178
1.411722744296376
1.424009727477895
1.464579051052398
1.509022950585764
1.933883229389309
1.550159656556143
1.131916244317834
1.005129003716831
0.9391726948877883
0.8543145079895316
0.758255849955723
0.6639535385595032
0.5751682186666025
0.4915807074175334
0.4122948785209055
0.3365644675959509
0.2637271110582698
0.1937339429762568
0.128856354121998
0.07434655626096753
0.03584729839883005
2.970726711889604
2.967868291012148
2.983602341877161
3.042925050813543
3.10251479957582
3.116102133999286
3.071746206626685
2.982202948487859
2.869445599786706
2.756645789706131
2.662591304951101
2.595409330438069
2.545869768388019
2.483317823085062
2.376414577604533
2.301556315705099
2.631024466917447
2.915409167799145
2.900477613673451
2.931470184226796
2.940905007282477
2.943833881034847
2.940649256315154
2.93303691065809
2.921754205571265
2.907099208331869
2.888712218128553
2.865296481223726
2.833553667608296
2.784522014675467
2.716602769737723
2.491062432849785
2.365289898742197
2.32514118343577
2.292421565542714
2.242623440281045
2.190243189581365
2.143042050986792
2.11837416262956
2.07175617543837
1.904053072177356
1.632968144411294
1.563095481618588
1.523489561668601
1.513869940027136
1.547517192628651
1.518196831734923
1.951839380141104
2.32586140015367
2.035464041881604
1.709646713225819
1.465079294034953
1.267889402825405
1.092814593716977
0.9334875152766486
0.7882467156636409
0.6551665705704082
0.5323796941750043
0.418776404201636
0.3142533512959959
0.220060489833963
0.1393818600163312
0.07767247136141328
0.04263156329980426
2.54674462622609
2.611766553356315
2.686330024519061
2.753555328341836
2.803595499433238
2.818987883861285
2.789086185482066
2.718650151873149
2.623672498356819
2.523069219680396
2.431258348929666
2.352784722155412
2.281612523420131
2.213908355031903
2.185716671316719
2.316272552800073
2.756450941247159
2.94071702969763
2.905214435423981
2.928802998189562
2.934770465509902
2.936594691264259
2.932807462328357
2.924322937509698
2.911288286618389
2.893595377134579
2.870643632744939
2.841156760679105
2.803082518167374
2.751046782318361
2.687641351417941
2.566532399560181
2.457459385417601
2.380250610090015
2.31317481327621
2.244727892738241
2.177609497653826
2.11261793622941
2.050250453551679
1.966843934700269
1.829793150380709
1.68936782160704
1.627518846455893
1.587263442467168
1.569282620469199
1.593826208577681
1.512902028440185
1.874229613165933
2.64652454996794
2.694850189199173
2.419116106681349
2.083143756900298
1.777016247656692
1.509918017422615
1.273232438656295
1.059576093291952
0.8646571295334341
0.6864445454664244
0.5246418303316579
0.3804233975279556
0.2563117043467829
0.1560882407723598
0.08449687255935616
0.04604108818441495
2.281550977446551
2.340420441124447
2.41770283909537
2.483997637586971
2.527111779801642
2.540593610011177
2.52061677071276
2.469850145788019
2.39801595271915
2.317763342191943
2.239654604278852
2.170190882697635
2.116692975894973
2.101323440894063
2.175568082313978
2.406346769305457
2.817175875939106
2.951542240998853
2.913712608836161
2.931072823460079
2.934118350513502
2.934438171024219
2.929671674360726
2.92011547873897
2.905437049787667
2.885176346244304
2.85850717850649
2.824105213125914
2.78025789619041
2.723421784580107
2.654978822598084
2.558754484086219
2.4662884431384
2.388484290312646
2.316679318521511
2.245418035427072
2.174811851741728
2.104171229500142
2.032638660737335
1.950368715383982
1.844961113363863
1.74093324203414
1.675899770938046
1.631677276843137
1.606085672355539
1.623315875071869
1.522664688781268
1.870149725801396
2.769288665484103
3.050183085663614
2.930548221748158
2.630026404685294
2.285763518129482
1.953162935689023
1.644878136307202
1.36036168414842
1.098083706508107
0.8583247886777408
0.6429963932116805
0.4550331798446025
0.2979188818197618
0.1752863757645555
0.09039343059388988
0.04536679507449649
2.104408175935494
2.14337348506445
2.200312045974568
2.25316926705538
2.287944144919791
2.299084888088373
2.285700433398635
2.250526099402086
2.200017658567007
2.143203681125391
2.090153810670622
2.052541181052487
2.047506941735379
2.101571694588185
2.245748969474391
2.497200272043507
2.847347394041815
2.957670512172197
2.923431104205589
2.936373910189536
2.937614727546587
2.936792348241828
2.931298206164452
2.920993821637867
2.905236972949373
2.883358875239841
2.854469903852582
2.817421149720218
2.771004122282866
2.713311284102512
2.645363043578854
2.561698585843823
2.477206096877149
2.397962087909983
2.321601064028571
2.246028439810484
2.170806425086308
2.094989054074957
2.017678288772008
1.935311987003761
1.844786106348508
1.758831774030145
1.695911889966104
1.651406630032016
1.622263186262946
1.634394788365313
1.529338793268475
1.870978859388069
2.776484130531705
3.177761071142871
3.214790206487008
3.023370983560143
2.71607061889559
2.364969107329739
2.007069426892021
1.659590174515632
1.331786447278737
1.030434009452944
0.761385776369111
0.5296872710093827
0.3394258294833252
0.1936036888275322
0.09405823027262036
0.0415599711590987
1.983075122139213
2.005144907253078
2.039659402953949
2.074374661763552
2.098482822764425
2.106267392953669
2.096774008194479
2.072585116944416
2.039390797848389
2.005976851365478
1.984318960136026
1.989871794249132
2.041047807901173
2.15510872267579
2.339293748527249
2.584321619632727
2.873399790697197
2.962957815073721
2.933978251978446
2.943933401535086
2.944478516722656
2.943205479770796
2.9375585367811
2.927072972962149
2.910907272451827
2.888240463474792
2.858117358813918
2.819467252199768
2.771333813042042
2.712706546930873
2.644504984638983
2.565681865161196
2.484088987344644
2.403739515138124
2.324677283774808
2.246187169303682
2.167735205248238
2.088467094452419
2.007751855958314
1.924670720613559
1.839728568050516
1.760749960352684
1.698120661242678
1.652532950955665
1.621015953313213
1.628050917166506
1.527746853190599
1.839947852562158
2.680908375721278
3.15204774644018
3.325237805251073
3.262578764054498
3.032604004511256
2.700899898811465
2.319349807642485
1.92433803917995
1.54037032807053
1.184064769348014
0.8667245075291226
0.5957812651240235
0.3757169169325583
0.2087886752431538
0.09569736025470997
0.03629635654187466
1.904454492901321
1.915471284827248
1.933487654712757
1.952807813515421
1.96682261355903
1.970694343211634
1.962918293450744
1.945698610990498
1.925100785128484
1.911301473454208
1.918412408048979
1.962932912747331
2.059835010292208
2.216192113222236
2.424868126156007
2.663455853303297
2.902159281923858
2.969922040251237
2.945812653840271
2.953673531079317
2.954739673088058
2.954029187120976
2.949143560075608
2.939348624541823
2.923694281302536
2.901245549811331
2.870941271066786
2.831637330143682
2.782351879630721
2.722392268205957
2.652594278305343
2.573791908357216
2.49137886017807
2.408909906147259
2.327361960305904
2.2464374033901
2.165358466638448
2.083053662703524
1.998800093615252
1.912594194307436
1.826483874966581
1.74703645377242
1.682063357356573
1.634351812869027
1.601437420825188
1.602220041497008
1.509944744576379
1.766737829643697
2.521479480718624
3.051748720298766
3.338523286671457
3.387480256633528
3.23499070781759
2.93613428609915
2.549016387803034
2.123925061287795
1.699117529568754
1.301078141888086
0.9466679106265753
0.6456118307749961
0.4026990451290927
0.2195608368264576
0.09607438722713887
0.0314391893253383
1.863887590229483
1.869261905126836
1.878541035680048
1.889082512204264
1.896851698346154
1.8979542734806
1.890668833594799
1.876970350694354
1.863395081426873
1.861314884323366
1.886048944764159
1.953840462566054
2.076528992712108
2.255626869759016
2.478595566863862
2.717743590195312
2.927176496405451
2.977846716707544
2.957066849262995
2.965037616803294
2.96793904679433
2.968979308392462
2.965853326297398
2.957666714047602
2.943447878618644
2.922180849630584
2.892638653257562
2.853422930780233
2.803239965544311
2.741254091492242
2.668197780351559
2.585872908392809
2.499740324703772
2.413927110403876
2.32981094522518
2.246892447400063
2.163771366502178
2.078660106634084
1.99018348943451
1.89826049585873
1.805776590461465
1.720187400794903
1.649967042443663
1.599046819576356
1.565281378276404
1.562468474638446
1.470255424804079
1.668395472284236
2.382821221361833
2.965362899427858
3.324797048224613
3.440728793007438
3.336362383906533
3.061087630700936
2.674931186550682
2.2352116801369
1.788264604742055
1.366852351668013
0.9914917119211164
0.6734116327784609
0.4176004193601648
0.2253154550041017
0.09597578812482258
0.02853131301186911
)
;

boundaryField
{
    inletLower
    {
        type            zeroGradient;
    }
    inletUpper
    {
        type            zeroGradient;
    }
    outletLower
    {
        type            fixedValue;
        value           uniform 0;
    }
    outletUpper
    {
        type            fixedValue;
        value           uniform 0;
    }
    sideWalls
    {
        type            zeroGradient;
    }
    topBottomWalls
    {
        type            zeroGradient;
    }
    frontAndBack
    {
        type            symmetry;
    }
}


// ************************************************************************* //
