/*--------------------------------*- C++ -*----------------------------------*\
| =========                 |                                                 |
| \\      /  F ield         | OpenFOAM: The Open Source CFD Toolbox           |
|  \\    /   O peration     | Version:  2506                                  |
|   \\  /    A nd           | Website:  www.openfoam.com                      |
|    \\/     M anipulation  |                                                 |
\*---------------------------------------------------------------------------*/
FoamFile
{
    version     2.0;
    format      ascii;
    arch        "LSB;label=32;scalar=64";
    class       volScalarField;
    location    "5000";
    object      p;
}
// * * * * * * * * * * * * * * * * * * * * * * * * * * * * * * * * * * * * * //

dimensions      [0 2 -2 0 0 0 0];

internalField   nonuniform List<scalar> 
4096
(
-2.542748450524352
-2.396771784995246
-2.128011758524074
-1.75582429472446
-1.305520820111776
-0.8036968476857761
-0.2743065573338787
0.2627441258610336
0.7908644971531792
1.295489609433855
1.763215177650295
2.181429265115602
2.538458478426112
2.824475189768573
3.033002604650683
3.162364830525124
3.216496402594589
3.204952796591193
3.142273561823111
3.046857783108373
2.939388567722857
2.840861915436341
2.770473219025058
2.743736867229482
2.771082014929495
2.856959215970103
2.999463460550236
3.190601397497459
3.417346634203102
3.663366317639296
3.910923015580798
4.142389419992144
4.34125679652745
4.492921380286088
4.585324564288698
4.609319622539242
4.558899006424691
4.431649825321406
4.22949059358506
3.959247813689256
3.632589414497488
3.265180130161557
2.875221871098784
2.481626779312082
2.102073294792226
1.75123030731132
1.439465921710984
1.172294134341638
0.9506324282901193
0.7717190739701564
0.6303772224267585
0.5202790799462045
0.4349530743081945
0.3684329981813685
0.3155943888664776
0.2722989944494463
0.2354552511289598
0.2030344881437598
0.1740186737927392
0.1482428209027661
0.1261374886717228
0.1084322303242526
0.09589490252475232
0.08914369739475456
-2.379084953123423
-2.235566527635426
-1.972427965169304
-1.608141549355294
-1.166672723715921
-0.6729270208614395
-0.1498517592130391
0.3823162740572666
0.9056520459191982
1.404024176283422
1.862813006336338
2.268637557773956
2.609743189228723
2.87729960459478
3.066853074838113
3.1791555215665
3.220186271795693
3.200579803965617
3.134732383607205
3.039748537809489
2.9341985894189
2.836669362874837
2.764254903694289
2.731211596856999
2.747895010632901
2.819931026184272
2.947577360152258
3.125425425680156
3.342705752284575
3.584408739467515
3.833082450026323
4.07064033902079
4.279500514765219
4.44323582132251
4.547325598819841
4.579935909855689
4.532967563978366
4.403393117703449
4.194259300343013
3.914717748276809
3.579064594312754
3.205170676245283
2.812632808168744
2.420825744214545
2.047029002215515
1.704881334998877
1.403425129596714
1.146889703961804
0.935183039784123
0.7648980742136724
0.6305463733741006
0.5257301213389802
0.4440462593088285
0.3796529612014346
0.3275620642066461
0.2837852637924063
0.2454292516212765
0.2107476481751097
0.1790907553010977
0.1506976523841361
0.1263472382813932
0.1069730650436225
0.09337523091225443
0.08608960284700751
-2.05623468568725
-1.919499955924953
-1.669694447987011
-1.32421965159674
-0.9027874170202757
-0.425483134103593
0.08633019423283403
0.6103743887876045
1.125319152968739
1.612004395951953
2.053498027936455
2.434748256494026
2.744003212000098
2.974922492803952
3.12742805369043
3.207030553347364
3.223460431767245
3.189260894053297
3.118525552169621
3.025852471888923
2.925573152162408
2.831362329451743
2.756105196345023
2.711637946665065
2.708171379384929
2.75344862839129
2.851705899774656
3.002549961581118
3.19994645107503
3.431909163952833
3.681641383237784
3.929935483031235
4.157109489931711
4.343392512186802
4.469470092054897
4.518074434562821
4.477084182338171
4.342697895685629
4.12053431311523
3.824276717337745
3.473060377125543
3.088717405122597
2.693262720012653
2.306687128738367
1.945221546977066
1.620314258414357
1.338418348997751
1.101454132864509
0.9076896472823125
0.7528011513591422
0.6309380865508554
0.5356602403214961
0.4606549746492999
0.4002101061353395
0.3495022830418662
0.3047959503482836
0.2636001958715061
0.2247422283029417
0.1882712142592985
0.1551428103866941
0.1267334704229671
0.1043336575631538
0.08881109022573322
0.08057150742161151
-1.552615495299487
-1.428469408495056
-1.205386325115974
-0.8976082456401672
-0.5132914464282184
-0.06245880376373172
0.4343726719591748
0.9487345269374944
1.452600965012714
1.922503314166741
2.337454492590575
2.679381697363695
2.937544677083878
3.11096957749335
3.207034159953428
3.238281452183335
3.219500201303559
3.165674528704597
3.090435950020333
3.004633987421235
2.915860819298918
2.829813327288468
2.752723303509044
2.692859932739752
2.660257035339644
2.665453474681817
2.718090326263098
2.825118915105065
2.988310284254705
3.201585039194536
3.449969098348858
3.712049681774788
3.964369793350045
4.18248981645969
4.339613405615126
4.409939778087431
4.375966197787831
4.233984403444389
3.994073262240638
3.676383471422376
3.306612542611289
2.911895322676757
2.517276727635833
2.142995193289433
1.803023402090013
1.505069284513778
1.251685970963243
1.041779957578806
0.8719092632009784
0.7371573513405422
0.6316954045759376
0.549228858155053
0.4834554680522491
0.4285661263304854
0.3797451021369904
0.3335767329947878
0.2882661072840845
0.2436029768124501
0.200653168784912
0.1612498762728376
0.1274225385669803
0.1008833561133626
0.0826689319446284
0.07309531286230558
-0.8351826575255293
-0.7339403801096859
-0.5614364057605057
-0.3198342581990577
0.005560037365598653
0.4180392232712842
0.8956458164580344
1.399275039556218
1.890219931080036
2.338849086862299
2.715564872839851
2.998558363933898
3.181997760507545
3.274812939666071
3.294829275898979
3.263193859787534
3.20048893047932
3.124308323985194
3.047604517102366
2.976097024604917
2.907881171618959
2.837424795828273
2.761709559055537
2.684252466920364
2.614849432080095
2.567141117593719
2.557023893531627
2.60044029430639
2.709887012555114
2.889459324622215
3.129697336004854
3.406567563942885
3.688804236551306
3.945282093355343
4.138209717468701
4.231233114765878
4.20282351602842
4.051639807576776
3.793352839374073
3.455130151204099
3.070081105499015
2.671501630602115
2.287498490547183
1.93741970611307
1.631106732485272
1.370716620138023
1.153795954629917
0.9760852051920681
0.8330943841309143
0.7203630236454681
0.6329933019740821
0.5652093889159083
0.5104791381755358
0.4623456216209954
0.4156140115999209
0.3672653498021673
0.316674475816913
0.2651344229788715
0.214987921142032
0.1688098133309093
0.1289562710164524
0.09741297199409166
0.07562870074076358
0.06422107506835738
0.1435344551373895
0.1947226031091959
0.2749573985465592
0.4204742204107337
0.6692205606965882
1.027226344070007
1.472574563313855
1.960904084654163
2.440045548183731
2.863070949062031
3.182923314700808
3.379949906429735
3.461884647044144
3.451695584088397
3.37853800252363
3.272447924328581
3.160345655497141
3.062632793268985
2.99047414147788
2.942048113709377
2.903695815030799
2.857202184283512
2.788387040496125
2.693998992692591
2.582666402353526
2.471321104093082
2.382712486506517
2.342234640270777
2.374088023527748
2.496329389487321
2.712793279871287
3.002347087489622
3.318619467283532
3.613918327751109
3.835883560897461
3.942414613465849
3.91572111210928
3.758715099461186
3.490139823591505
3.142120664224567
2.75498943868966
2.368348660537282
2.012368877703859
1.703392470565409
1.444939553287788
1.232250793570711
1.05756728991557
0.9140742023593702
0.7975121231411083
0.7054527338043413
0.6352358439938673
0.5821316364179303
0.5390222219987273
0.4980228513083077
0.4530387329721425
0.4016082264566819
0.3449491398792581
0.2864815183473405
0.2298933535163638
0.17795137293301
0.1325355562525579
0.09538738209910132
0.06864904421143936
0.05438582064379908
1.453101517667163
1.37067493943225
1.299952204577296
1.346383467823007
1.518786553904272
1.793979674676425
2.167839633770804
2.624249064075859
3.104824984277202
3.490391939685179
3.719640448791136
3.797406513157153
3.753660752092021
3.624213365684123
3.446948800604726
3.260037526691646
3.097805152441006
2.985411737989452
2.927098434609884
2.907862385178929
2.902755829901693
2.885465755536013
2.831563208903086
2.72607345819278
2.571644985477737
2.39005684258046
2.211940994431762
2.071621011034685
2.002790184703902
2.0364498815259
2.197374480940291
2.487109548095747
2.847811288478272
3.168363112167066
3.387803647781012
3.483217538229381
3.455240899289465
3.306347111693046
3.0498902587952
2.718454643876858
2.357789810129576
2.011811381407504
1.709708167592305
1.461973475269618
1.264613764677999
1.106550931319464
0.9761854788658574
0.8656055469885768
0.7720869102300949
0.6965826381077189
0.6398378195946517
0.5987030856455795
0.5653590312109267
0.5301140814770149
0.485743218638392
0.4305865010197724
0.3682791088873697
0.3046333089068411
0.2442450583422865
0.189178997406681
0.1398743612237766
0.09705578145166907
0.06336027330044755
0.04381636136873385
3.181846587072504
2.753543533178693
2.507567882736068
2.512393077542773
2.622821211858555
2.769214937132641
2.99167334117226
3.374645295702501
3.887591311123984
4.188953682849751
4.278860085930208
4.209984083342465
4.027984584870264
3.774370464934761
3.492126271279267
3.226507625125941
3.020773061474601
2.910285358678117
2.877279213708456
2.883446243376475
2.900527100064865
2.90770582282521
2.878256348827531
2.77615407059603
2.583776188306807
2.332481055510946
2.06225723766174
1.815328878945862
1.631521193788668
1.548510948011265
1.606385075571211
1.84967008892614
2.275036540530206
2.578524915125141
2.725180871300693
2.77310641564601
2.746598073515929
2.632756615087001
2.430308221179525
2.166400419507402
1.884791505758009
1.625505527633163
1.410560566440686
1.242893531306211
1.113601380619276
1.009920225685634
0.9206338598588159
0.8390420722523961
0.7642890019079602
0.7002676363227126
0.6508631583133279
0.6146284004167554
0.5841714956829138
0.5496661569384195
0.5039016956407596
0.4460756082894141
0.3816505185179983
0.3175362441452315
0.2578157672263995
0.2031239545677176
0.1522562181884179
0.1047007606828029
0.06305265598076235
0.0330670213580752
5.322329408115798
4.28261422993155
3.987446763570707
4.003802400732484
4.029532575409274
4.014553919772889
3.995428961776733
4.257372119717507
4.732980214386439
4.860478648585118
4.78848600802046
4.57087194326877
4.2534146014498
3.88380357023763
3.509808877921187
3.181302287174308
2.957743276915734
2.873821285694524
2.870574675995313
2.880071148170341
2.890792614096835
2.900330163480253
2.898320926802284
2.821196751688329
2.612473501602212
2.304157671505789
1.951834209131226
1.602701118561369
1.301959669421006
1.094449911579758
1.022370442038601
1.132613958346126
1.549635997943465
1.777419730026334
1.756986688166341
1.731062588733844
1.705456987006183
1.658208270627705
1.577136640947396
1.471187114200977
1.358076031029664
1.25270318294574
1.161331663968189
1.083755387988571
1.016596250621219
0.9555892142872989
0.8972401796352654
0.8395220361338426
0.7821746590529958
0.7272259059909152
0.6772916142346471
0.6316738574438364
0.5878150491375123
0.5422585820657776
0.4924555920608885
0.4378073914965083
0.3812765264163457
0.3256614014783943
0.2719841408977146
0.2201036456153454
0.1690178064102124
0.118175246579757
0.07257992390151374
0.02645469356768185
5.036253646054059
4.701256041178812
4.586170341330727
4.530856439466726
4.49124524152119
4.475535013706186
4.382452233928018
4.670582262563004
5.242899066937312
5.353416310178462
5.182914658101346
4.83699417401375
4.396652727600882
3.931476738372959
3.497270540984832
3.141218550938017
2.918971601817683
2.867569393854819
2.88277418867261
2.883324090228464
2.886022219664029
2.886673241289272
2.901227643148538
2.852702725072791
2.643159297922455
2.30889509571219
1.901610638511147
1.465546931336639
1.053721727931521
0.7322350106089267
0.5764382113491598
0.6802200102347555
1.197829853038023
1.456761694573451
1.378166481501473
1.37470756719146
1.353214484867758
1.32599021330187
1.289610324805249
1.244614301430053
1.195711906901427
1.146396157770577
1.096909301759472
1.047036612701347
0.9968036916152565
0.9461566867639961
0.8951090591175227
0.8435992105023181
0.7912874825835664
0.7386820100317837
0.6874876646356726
0.6368022213345267
0.5864363510361106
0.5356870794229478
0.484374884828506
0.4316174380943778
0.3791364723529188
0.3274872048603031
0.2763172527436509
0.2255062292755018
0.1749612939996363
0.124396930827622
0.07503045029786928
0.02489871564314759
4.604995900043572
4.4692944321773
4.39514041069425
4.351465091821944
4.328230210995322
4.342359799552494
4.260184779311455
4.642473655721702
5.417967218193321
5.609991766706366
5.40383883762501
4.962669717470483
4.42367459167251
3.893610817989665
3.441519654849185
3.103082998668066
2.904051934286252
2.866062456456096
2.880743960311591
2.88257164880683
2.887653725181763
2.889619599970095
2.903623826754228
2.86651283676431
2.677549759861399
2.359629248694829
1.935170567250436
1.43665876330289
0.9297285788385745
0.5159230144758036
0.3231323910174084
0.4988624068068039
1.207288477240461
1.551580198967749
1.475477955450163
1.488498723431668
1.467495642875403
1.432938379910846
1.382593160746438
1.317467394391511
1.248096846208966
1.182306305449385
1.120654146971326
1.062188368320001
1.006145897715584
0.9515565686156826
0.897722505178877
0.8439943902633993
0.7893869397307637
0.7349093336693334
0.6841341041120851
0.6349992653679399
0.586795603597419
0.5376656856086232
0.4869512278418349
0.4327119836460732
0.3786890237788226
0.3261839622536545
0.2745361851999364
0.2235597267960024
0.173192603410322
0.1232243246507366
0.07409152358822481
0.02484172709133494
4.50887686778526
4.437742052930041
4.393046077737937
4.360599275349564
4.340375251944405
4.355601569080111
4.259776677005748
4.587083491834108
5.415028712727344
5.646621433927902
5.41664414302189
4.912780351106076
4.313433462514015
3.75426682181786
3.320313425690719
3.040503123968154
2.895095452663463
2.864468790923302
2.876136537905289
2.881389588972436
2.888649858234688
2.89404181155067
2.905050930086748
2.875459190503236
2.739142573191933
2.477617589305137
2.068135905716714
1.536560202137278
0.9645029491445493
0.4819656751182252
0.2576901188629986
0.4677073148126154
1.242535981979761
1.549346433181952
1.459762999047008
1.473749339516059
1.452839844802807
1.418537399009805
1.368514829324926
1.298645396705838
1.22663382634592
1.164279128549071
1.108083920703937
1.054254521359558
1.001683668394887
0.9495046782142942
0.8974781872437979
0.8448861621210051
0.7892419738762567
0.7324421344809706
0.6824702013325136
0.634501279620868
0.587841969610399
0.5397327677186139
0.4895318927763339
0.4326026211835239
0.3770645981304924
0.3249786376184799
0.2739014326230448
0.2232868105818857
0.1732068299336802
0.123472770198282
0.07423719084955759
0.02503507328622232
4.427985411093424
4.376805537436799
4.341783689920052
4.317204452984544
4.303418539227245
4.324451883567703
4.237254058801731
4.544080945593269
5.333543654344648
5.500996826176686
5.211794553634482
4.681753510997587
4.081742762757147
3.530053809373642
3.120577211881216
2.911381920885905
2.865919065963102
2.86088501853832
2.866918860123144
2.879219752527791
2.890838715640892
2.903299354323818
2.908609166455521
2.904920803514846
2.868517757431697
2.674885537937138
2.283839191383432
1.750755344971791
1.167138490670343
0.6481388328199078
0.3596152221725784
0.5117084439449613
1.270012204782679
1.564387312175632
1.479970358742104
1.49768857313193
1.478650746622276
1.442624922802138
1.388428720958302
1.29990098409467
1.212972423799488
1.150287868022821
1.099032708035035
1.049213538627427
0.9995894695959502
0.9495381763006902
0.899609889233865
0.8485097714343648
0.789615134104751
0.726746961678543
0.6784088622535372
0.6329728526800732
0.5896772397114763
0.5439128150864561
0.4949428778168536
0.4314993748664379
0.3722694468048467
0.3211610039930905
0.2713283045903017
0.2214311633509535
0.1719718449108278
0.1227777458968165
0.07399185616269734
0.02525601068718739
4.37341121439419
4.321183579046184
4.28803268908848
4.267802147519845
4.26001825171515
4.286474925335988
4.219302138780311
4.534083393654766
5.186519650479227
5.157234843075559
4.788243462609767
4.305925783257411
3.794230768041116
3.292924828403214
2.877235034931079
2.677387131373622
2.768722639357957
2.84992013275567
2.851762777862474
2.875648873076376
2.894403364678197
2.918503010881737
2.919599918837509
3.003237464464795
3.103778315014453
2.915577132867955
2.510675444208609
2.01722203920114
1.508868421752171
1.025779786160806
0.6546799282323156
0.6229801057375401
1.265916997920626
1.575065882290917
1.509136053027506
1.532951185838253
1.519644773729166
1.485309772611131
1.431696755260188
1.307890252857753
1.191936922166972
1.12945854402273
1.08795615885585
1.043825355710222
0.9965710043518636
0.9467611016071021
0.8978298314746094
0.8487808470351442
0.7836212745226738
0.7092136699441036
0.6678206158394386
0.6293788953657957
0.5938818116204715
0.5549038853686713
0.5123955860466414
0.4370696867724597
0.3715652913543637
0.3225889303400075
0.2735173290026929
0.2227316796712328
0.1727020218987486
0.1233095081020686
0.07478194341617511
0.02607669213126228
4.341861920766249
4.252788053302554
4.215096548822803
4.199203231814826
4.199621582698518
4.234320995100147
4.216460978852149
4.605062188693164
4.878122561831473
4.54848339014342
4.189242718953222
3.873499185549838
3.540216271632583
3.150000750329835
2.719275677008945
2.400994986569634
2.572523519393128
2.82180676798065
2.833343510951488
2.871289755966604
2.898752406654448
2.936952765895926
2.947894645064114
3.201792690327896
3.381487096904673
3.068874118205964
2.641617285714421
2.251056278662118
1.91098652737942
1.582658012446005
1.21378482324383
0.8907753680198791
1.178674918095401
1.568306954781846
1.551017631948343
1.583919929818432
1.577606221346185
1.542077023976013
1.47900852092363
1.234335302220762
1.094084709803546
1.066851889581394
1.059295257514289
1.029842062956452
0.9942109581513336
0.9583876742422415
0.9327745825594234
0.9117453274084181
0.8321304422430498
0.6964667912006358
0.6571102426310544
0.6254621905493514
0.5984690902886799
0.5660090359556523
0.524467537411845
0.385948379359103
0.3038071331581099
0.2797605207945301
0.2498442640294302
0.20789381565319
0.1633416176493809
0.1172911513845973
0.07133000770014407
0.02397116218604248
4.450434903117404
4.21996255086793
4.148412379903117
4.123637422003545
4.123605038235078
4.155564321088836
4.203371072069798
4.588885311913783
4.142728010375745
3.723142148129239
3.599975413880255
3.516291947962614
3.372986088471387
3.152880806960602
2.830140779498988
2.413434486818971
2.461454558352544
2.806197312591843
2.833469694048655
2.871487761887689
2.898293507479056
2.936403774265039
2.963084002913705
3.312785248549033
3.365642453649005
2.948320782088077
2.624705817529114
2.401465286849252
2.248851852122745
2.146417520781473
2.0004525361423
1.578824364769388
1.179857121494618
1.574179495023996
1.625780021941895
1.666092854271423
1.679139435338695
1.682392928917696
1.715540487005607
1.517344172627718
0.9348049536961857
0.9558006267968421
1.057809836276777
1.056875826431746
1.000726760807531
0.9286151907176745
0.8841268916611655
0.8593228211153437
0.6929831995422577
0.5882870889988111
0.6088625554440642
0.6123307406398447
0.612593478863016
0.6155913540309601
0.6340771288128407
0.5284286003933123
0.3624873796108948
0.341757929762032
0.3033637560310815
0.2372099772565593
0.1776215860794942
0.125459044331607
0.08033770747176054
0.03223372228778243
3.621537294197558
3.863452001718028
3.943864351121282
3.977264882515485
3.9891027719615
3.990109529795029
4.024026885763725
3.816947579660351
3.207737030407868
3.229332484276936
3.339397178205846
3.344061593684853
3.289584193951639
3.216242767556118
3.168552127399575
3.138678949544784
2.967642311164057
2.860865291634821
2.881252030972691
2.88429695377488
2.884544648743157
2.886976923849912
2.90599456828649
2.79696750907383
2.624371005999639
2.594128462284994
2.545961277171907
2.470678575366449
2.411830380625525
2.406426151464549
2.499900431677886
2.511245011268191
1.931985875212897
1.74091750145382
1.77893138553728
1.785514936807917
1.799087897399325
1.83731898187698
1.886346417856421
2.270177733117855
1.855396930568957
1.439801557244633
1.302333749093269
1.205504183927949
1.058348227303769
0.8436890603540839
0.5325306807590618
0.1290245155016204
0.1865558070929884
0.5344865176488569
0.5611546841773554
0.5995572352962537
0.6262984080068604
0.6650047184381475
0.6891496682528588
1.043158129489852
1.121844884418907
0.7569860868472004
0.4991398515256871
0.3431066419322184
0.2426841629492548
0.1706186301465313
0.1154670552396987
0.07731591535553677
3.73961242722413
3.835286262394723
3.876147287311963
3.890194845459678
3.881304297854595
3.841935871674614
3.775944360806611
3.521278137067825
3.378192963909585
3.349701456699159
3.342307258769161
3.31266283277327
3.276510932745241
3.23985657925245
3.213071001843896
3.190279656425272
3.107111123327417
2.96932020413825
2.929279480551741
2.8973544049351
2.870571318799692
2.837717836521808
2.795693210040787
2.654681452218629
2.569238393445515
2.545436677311735
2.517460936884075
2.479145840065764
2.440991557305314
2.408456354353179
2.396544819649985
2.364214298018211
2.220064651036775
1.979799164440382
1.921154266863214
1.889107284546706
1.884272666977654
1.916706256471804
1.899654345342632
2.282092555793089
2.55231925988809
2.217925531460308
1.845863076300754
1.521698100311945
1.192569271238267
0.8183391175054795
0.4097165057443074
0.1127081453580039
0.2985962462373477
0.5506570060921884
0.5612133268774405
0.5995153631353092
0.62684043541227
0.6659188708061777
0.6722709521289849
0.9338463703377032
1.170497667411702
0.9690356247880817
0.6939437095298274
0.4819808719491186
0.3393553051898414
0.2444159420594704
0.1821177918920541
0.1487524429814837
3.720666986979189
3.776480400962154
3.808704082354064
3.820715626951815
3.811826509360466
3.777418022432054
3.723476621052495
3.595959735444795
3.477288309195328
3.413717023618661
3.3725159382089
3.328704443266771
3.281276230326709
3.23058015663219
3.180075792823533
3.12868735976162
3.059551597021442
2.98139483271397
2.939210954852511
2.900963972334618
2.866356844267318
2.827282127900832
2.783582932975832
2.703460181263637
2.632668671328364
2.580172316547466
2.528418473058828
2.476094795916658
2.4265803951481
2.380072394020632
2.335877231832362
2.270968498840643
2.153312966535079
2.031179950218024
1.981011021617718
1.949875772924
1.938697278970704
1.963110794317706
1.899861015554561
2.205424866348427
2.824668547747738
2.766454220054694
2.382679205652887
1.904796359775563
1.414373576730714
0.9439948495568181
0.5607884351905497
0.3880010868757158
0.4951832203893358
0.5790183894942021
0.5798462439142589
0.6040894958079849
0.6226862543414761
0.6481168170224352
0.6426615439682275
0.7389407561984234
0.9295108338720457
0.9207270167100565
0.7712625668567549
0.5937091010049284
0.4458854283236166
0.3401326382276919
0.2727742547140769
0.2390201664923307
3.692901112771726
3.738056812326909
3.765136840620219
3.773568966344983
3.762450847227762
3.728580011340843
3.675669917332247
3.586212621038833
3.498370083645271
3.4353002300656
3.384175021480088
3.334437327580047
3.284580657297489
3.233790993208066
3.1827151436184
3.129601805073101
3.065417440153214
2.996191141869246
2.947762916811426
2.903899309068113
2.863290313204574
2.818653057526984
2.768837841937836
2.697642243522295
2.631610683913715
2.577290590282882
2.525178029743241
2.473281046164677
2.422212704167011
2.371171178026499
2.319060245140364
2.255807130105095
2.166744647892979
2.077527357545953
2.02643546034396
1.993808728615308
1.977637555197452
1.996571465148841
1.917100052871763
2.20709333591582
2.926222617757837
3.043030011462936
2.745477128214112
2.241402089785559
1.683891114279573
1.176789988052974
0.805600322427051
0.6241240496772603
0.5929670471001709
0.5901286981705141
0.5952779280463603
0.6078943040795113
0.6193349405662064
0.6335343422842082
0.6303534571381766
0.643292256032303
0.7289313616684966
0.7824928886035291
0.745034679949466
0.6459361493642577
0.533843277209641
0.4396621833562642
0.3751185671928511
0.3418099927850403
3.671204562842353
3.710310580150447
3.734090783560824
3.741020043537378
3.730326559620739
3.700004452155314
3.652710871009758
3.583689998724771
3.512040762176293
3.450020672691988
3.394315040819534
3.340927625067626
3.288569735503481
3.236205941665656
3.184122545059114
3.130406569093224
3.066061333447905
2.9968036319968
2.948195681471995
2.904254287443725
2.863528114088048
2.818746500638609
2.768693578031475
2.697120628879631
2.63062297503481
2.575865166453856
2.523122582447902
2.470120652806465
2.417127533902824
2.363233011817289
2.308071070546712
2.24677261105133
2.169215482692129
2.093790431719749
2.04688944315741
2.016682007260387
1.999892123309932
2.016238240075798
1.934382234196113
2.221229747932055
2.939099811856722
3.125707006020531
2.916812645143575
2.467084150874547
1.926697241376084
1.416739590549136
1.017716287511046
0.7590402878457051
0.6228907112913492
0.5937332037980221
0.6048197903638232
0.6102958072363316
0.6173701584415889
0.6248151975341637
0.6257139510354128
0.6152918816410321
0.6293653783982228
0.670718909107307
0.6838475106592629
0.6516760274010174
0.590731319562622
0.5259602613271674
0.4752784510246546
0.4472365385168716
3.673708810280426
3.71359521301567
3.741234513892636
3.750488512987246
3.741313931901922
3.712109043647895
3.665307913168355
3.601787829184598
3.533175623454094
3.467780590351817
3.40642324770324
3.347990953405292
3.291396293440603
3.235561911462003
3.182277652754386
3.129634203436731
3.060681073648474
2.982945643249082
2.940370695209759
2.902020596322822
2.867140765421206
2.82773950187247
2.783478454946231
2.702402071082811
2.630470499732948
2.577059686310486
2.523697000411517
2.467724386210052
2.410991628979373
2.353040097559175
2.29622640739478
2.237951986295105
2.161337973166163
2.08780427907899
2.047818827413961
2.022273603174507
2.007706872938222
2.02265372418918
1.9465894063435
2.209886894503735
2.868896448046702
3.072634288370525
2.933962349945155
2.566628153169321
2.086696134397013
1.595554108321834
1.163908269112867
0.8323490552231706
0.6333076968585754
0.5952237894248579
0.6097018411099269
0.6115617373414647
0.6165548363122429
0.6209271578373469
0.6239116654469137
0.609339433833717
0.594530464365244
0.613309002766507
0.6368737708099532
0.6415599316632187
0.6231450622035637
0.5920649595927787
0.5622591880495762
0.5440473410651864
3.581778731186061
3.618974212303306
3.635533278125146
3.635773668119045
3.62516501059879
3.603088154135407
3.570920282532637
3.529054848039431
3.482802135449985
3.436069548700106
3.38961897586386
3.343630384233002
3.298383287120381
3.255011378249845
3.222692046811088
3.195506227210149
3.110213292307707
2.972590539011865
2.931331800928565
2.899224592260493
2.871951522134848
2.838545037613186
2.795321574139556
2.651684666018936
2.563182887073975
2.536604435817421
2.505381595873221
2.462553535150934
2.417584613402462
2.372379130081181
2.335805849349642
2.297909347145354
2.193752245959343
2.076850607868731
2.037372346930542
2.015659713661919
2.004229009770989
2.017842145689004
1.953380663629262
2.17235168447092
2.727940300829653
2.923015086614203
2.838657687238399
2.553875586051489
2.14835170101257
1.696025515520352
1.258189551350174
0.8888139469548442
0.6529429149495793
0.5967623211498031
0.6124488430778842
0.6131518042327722
0.6158828014231751
0.6181056866204923
0.621069326509597
0.609960801426242
0.592559555835713
0.5995390424544799
0.6195144129094154
0.6376702285586019
0.6446294425878893
0.6403472347496718
0.6310568498976492
0.623937560848936
3.78116495696311
3.876232891154582
3.951732150342061
3.990023414866397
3.99114298624841
3.949538835468872
3.869032699285663
3.761554477396783
3.645728680786271
3.537522760279818
3.444046751095962
3.36334789644243
3.285844146763049
3.206899978818544
3.157203844896337
3.127801332580539
2.96908939117072
2.866136608240815
2.883942126249699
2.887069962696651
2.886913604894294
2.889236519148752
2.907608443015911
2.797548527235879
2.62069609445677
2.593941271359662
2.550038612090473
2.472199460731604
2.3880072342453
2.299126327168322
2.237218399304508
2.188074146708937
2.071737965410455
1.988135685701442
1.989122445581828
1.989640287321212
1.988702919748487
2.003626340048208
1.955096440199457
2.119368598680909
2.545326227481255
2.715115273093617
2.670265558754949
2.457302278984046
2.126775757952307
1.731040648160865
1.32273159050985
0.9578086629466336
0.7043662624695338
0.6048547678491937
0.5975803548622161
0.606718478754866
0.617085985094284
0.6260075124027963
0.6312678932162185
0.624741951765555
0.6110060964662469
0.6133148280580429
0.6275490824545902
0.6473098975584067
0.6651616423570528
0.6767890010487279
0.6822465717465496
0.6840289072388992
4.521773838586547
4.669834335001537
4.851102666145069
4.979208685769237
5.003904832479747
4.908580804684231
4.705940804930743
4.432277620566518
4.136102154687579
3.860046542463853
3.625954610163202
3.430726627710885
3.24957983409437
3.040677625674815
2.748340861604135
2.368159132127198
2.457403433597463
2.812307334186699
2.836135330114383
2.874947465111569
2.90161927769728
2.94030216173367
2.965941078988748
3.321521583046537
3.386539931561054
2.997891630393349
2.707233654304841
2.498533150172181
2.307984598186203
2.086254841439339
1.800213276211045
1.481420978210301
1.60789948964699
1.910724134283127
1.928455859599886
1.957147593108179
1.968923541135784
1.985826378137487
1.95396874924412
2.064066763218459
2.356952471426433
2.489210461518377
2.467416779619577
2.311072340042763
2.049679575480757
1.720772373791196
1.36861258402251
1.0420470509769
0.7889433030810098
0.6493133853022589
0.6029420724664758
0.6052699945030277
0.6242198893894234
0.6430198310782871
0.65332023249834
0.6520354323747886
0.6427815024805792
0.6417266151334799
0.6511538741410852
0.6683553066965177
0.6884089633603502
0.7064499249552314
0.7194252707405983
0.7262820643178456
5.19516097805316
5.310792820670934
5.468421661427865
5.583536674621141
5.591535640358507
5.465191555788148
5.213824166379182
4.874550763099865
4.497613290372566
4.128672460507132
3.794099481843914
3.494473167560352
3.206888860244265
2.897695553613176
2.563523749631375
2.335385557758656
2.568099427103027
2.829766696685146
2.836496770511528
2.875538084688063
2.902794272886584
2.941798055232494
2.949924764529821
3.212003551657323
3.43046603595304
3.187992980001644
2.84731815579836
2.536531621974895
2.248264431671036
1.952143514033653
1.658813749262476
1.489790036534857
1.69048373116335
1.913615261282279
1.918774117800076
1.946513980712401
1.95844402814787
1.972269871944749
1.953334655211663
2.017686015525505
2.193402120130127
2.280502496904987
2.264641655271417
2.147474675337941
1.944429555685082
1.682010425487232
1.394726477475754
1.120476041033086
0.8941247099205076
0.7406431666644017
0.6616000718194149
0.6381794805696748
0.6441815764805742
0.6587012637656848
0.669711894413862
0.6735495231077101
0.6727348092825001
0.6739366210680167
0.6814222806032866
0.6955166547681237
0.7136837648095585
0.732015105468877
0.7467199423729487
0.7551222315586732
5.701575216100294
5.767732158020663
5.858021092636706
5.91398149786777
5.881907762041006
5.73318198858454
5.469829834824404
5.118775954362178
4.719642593035552
4.310772165516926
3.917919429158708
3.549699488836978
3.203549108368208
2.886316489951424
2.648089850834256
2.592247711778033
2.765347603072309
2.86001056028104
2.8556354173092
2.880732627192078
2.899092273847501
2.924096668703412
2.920659635681586
3.01397986995985
3.17739886081983
3.107766535844729
2.862021795830653
2.551621961601146
2.237844214065177
1.954622651295954
1.756747757236962
1.725531794742327
1.86294020150281
1.934985930771779
1.929712196728765
1.94593203747515
1.953699445344055
1.962902705561098
1.953072059828305
1.98458765115507
2.070743295923926
2.111174947117065
2.086377440918836
1.990678266218923
1.831579902473111
1.626879752124146
1.400869283282848
1.179816377814122
0.9871940515652099
0.8396458072546742
0.7444723131550706
0.6967349723384476
0.6818294406661692
0.6834409579906098
0.689736328594487
0.6952428904682991
0.6993827243370871
0.7039743239283192
0.7116186663848088
0.7234698524015866
0.7385608841103024
0.7542836074940401
0.7673963084424531
0.775105292123243
6.009868528111464
6.031775804302566
6.054498926437516
6.044447221441174
5.966736417143038
5.799008492821638
5.538455717233768
5.200430621757863
4.811364743656985
4.400020722562841
3.990850646993862
3.602780121766966
3.255572653907225
2.981036821977836
2.824095056231762
2.807363589567411
2.863522521538562
2.873083262849072
2.87165600988274
2.885165127370664
2.896147637519892
2.909526055198611
2.908951605235283
2.916481481277338
2.963260440141896
2.935358430081396
2.778530521195514
2.53223547516258
2.264703621745003
2.040654426451426
1.913857476808238
1.90176145521469
1.939829164275935
1.941471669535686
1.938948492789792
1.946779741872105
1.951336072553773
1.956727663803684
1.952857902228895
1.964149268871989
1.989855004748231
1.987302185281828
1.943179845454208
1.853668797278683
1.723575731086527
1.564016497480891
1.38977375529016
1.216587101663452
1.058731153121026
0.9273813246429852
0.8297093888179046
0.7667543444810631
0.732946935010993
0.7190572129731453
0.7163044594199522
0.7187762475390844
0.7235635804537567
0.7298041870806707
0.7379245831657665
0.7483701658830564
0.7606406045296917
0.7731065432832158
0.7834776012871053
0.7895968631316407
6.127527742099582
6.116678559665908
6.087356339287498
6.023509560319744
5.906940999363022
5.724158899224211
5.471514248618106
5.156366657263552
4.794720701562301
4.407495835595146
4.017852691966835
3.651099567511497
3.336220264206608
3.103606645897345
2.97100383615583
2.920192960825336
2.893404169566498
2.878551744752567
2.881875739960186
2.88821868196534
2.894577816038562
2.900769158561543
2.904905847028013
2.887844946471255
2.85196221742419
2.794391064131752
2.674208283456875
2.494145266104783
2.295965329126165
2.130678309986348
2.029334466315427
1.983812898571833
1.955910030669332
1.942407903630946
1.944349631506771
1.947732851171265
1.950450179752024
1.953214964180726
1.952830992170179
1.953578827853273
1.94138696403571
1.901002619680669
1.832303688046043
1.739010498695387
1.626244458260505
1.499963654018137
1.366860760468456
1.234040879682308
1.108571915698251
0.9970678159243064
0.9050501924354193
0.8356929832727505
0.7887714739978571
0.7609597465914812
0.7474135776282029
0.743439014561466
0.7454099530179725
0.750964981678888
0.7588126124224568
0.7682140848263688
0.7783734715184821
0.7881077009897437
0.7959364608782691
0.8004816586314514
6.081987461673261
6.049971511497554
5.98650376543816
5.886400278315998
5.743162862436391
5.551345792530291
5.309257415590551
5.020773597563168
4.695792324343233
4.349798183809681
4.003207006187086
3.680309745548604
3.406086297117241
3.19864216661633
3.058863384571348
2.9674248022399
2.900589049877929
2.881663981972465
2.887750487290368
2.8902610178165
2.894033261798743
2.896395729265601
2.903214542551861
2.882162220598456
2.80777472008902
2.714781176435428
2.597646230163961
2.456633824685638
2.309700244085466
2.181453079369406
2.084355029796018
2.012321842205952
1.957833720031371
1.941037366909706
1.944694522129541
1.946025818374049
1.94792241619764
1.949344325993819
1.951571901271388
1.948651918158235
1.909174105693319
1.834765850570581
1.742234695885296
1.64281206810764
1.541603602996502
1.440175601060339
1.338903888525144
1.238443129038839
1.140499207024111
1.048031022948386
0.9648492495735496
0.8947080268342329
0.8401678550601336
0.8018047028731569
0.7782128789128091
0.7666707387650998
0.7640009175597893
0.767243139906214
0.7739882045198672
0.7824221402264868
0.7911608827662717
0.7990499841674301
0.8050849350656217
0.8084834222039043
5.908972779970187
5.865147501929558
5.782592558748536
5.662275140663693
5.504922922578287
5.311139086651522
5.082343697850532
4.82219449159462
4.537925480181676
4.241130234656159
3.94750839289881
3.674866205020215
3.438820086386944
3.247295286985656
3.097969314986032
2.983559006291672
2.902972683417837
2.884164873483947
2.891167287505605
2.891740394577389
2.894069712300378
2.894517998004215
2.902168387131902
2.881551015861743
2.795443829476
2.68279028500452
2.558402503883233
2.429735773588285
2.30393700411941
2.188906473217203
2.090175666284998
2.011545075055527
1.960833742454902
1.950939004985866
1.95590392442904
1.956791130939664
1.957687158819971
1.957792374090621
1.960186973025031
1.94032894280735
1.869490744666878
1.767089469940795
1.6598967966086
1.560178751124789
1.470773526719873
1.389548723790657
1.312598428820201
1.236439328306181
1.159364762754451
1.081977087424238
1.006951682142284
0.9382096934545304
0.8797295449100955
0.8343630727416728
0.803097337805852
0.7849995379450466
0.7777270892529728
0.7782687335194458
0.7836110595574983
0.7911856988081484
0.7990586794152494
0.8059133136199758
0.8109323924129092
0.8136696535963975
5.645447436938245
5.596454518062263
5.505725724808244
5.377385431440105
5.216236524269766
5.026965540935064
4.814069455056607
4.582524528275582
4.338777821119018
4.091374559222174
3.850521476693313
3.626237620359955
3.425674098505066
3.2515147306223
3.103770679034873
2.98490223403496
2.904014750968164
2.88631903702671
2.893175096709046
2.892887880947959
2.89444536696328
2.894063603949903
2.901562771288757
2.882447908151262
2.797038187019902
2.678879981125602
2.54834229446057
2.416833551675696
2.288847756607463
2.167511189579714
2.059485977900688
1.976992910354592
1.933858685864075
1.926568158983522
1.930753844953357
1.934835212683096
1.939316035578577
1.942437718974496
1.934190992222471
1.887083974134017
1.792762601386982
1.681885689431485
1.578161047768436
1.489567629960114
1.415883091670956
1.352541344104298
1.293469530872021
1.2333591980023
1.169174671775669
1.100752310758978
1.030561573306262
0.9628393938205644
0.9023547953128845
0.8531121718053679
0.8173622199028381
0.7952192186067423
0.7849311823014822
0.7835818412748811
0.7879007047528156
0.794924920519929
0.80238634562624
0.8088130638257891
0.8134181287630757
0.8158832003862343
5.325628296339119
5.275764658926114
5.184019881385213
5.055881559043034
4.898192178509779
4.718113958009223
4.522536833535386
4.318013876966876
4.11097522443997
3.907746409225706
3.713990320634572
3.533692252565631
3.36853196940502
3.218817177542639
3.086303333962045
2.977352379012903
2.903952408112845
2.888187710280321
2.89426634833993
2.893804909842718
2.89502985912775
2.894496697358494
2.901381331817486
2.884331405226886
2.805035421416433
2.690867891845412
2.559638882985404
2.420556160165705
2.276973144143957
2.133470042441131
2.000955336797886
1.895568402990999
1.829722551432644
1.79555387115882
1.78337819069331
1.785542035752901
1.795396690931502
1.803127020683503
1.792869737574818
1.746973863608562
1.664690992592185
1.577398893132264
1.499129651546412
1.434198679551428
1.380633992015929
1.333016272526863
1.285141506704889
1.232167011777716
1.171888690337463
1.105077478093274
1.035044210586927
0.96668033797742
0.9052109437757426
0.8549293587154146
0.8182508601130308
0.7953678305585864
0.7845487042427042
0.7828613044782616
0.7869991250943758
0.7939553080608747
0.8014182937078539
0.8078789231198436
0.812522172913104
0.8150117003896395
4.978951027384753
4.930825826819214
4.842439429120454
4.71956349956281
4.569740181720165
4.401311170833208
4.222618748537945
4.041431925005406
3.864499658689338
3.697065622703948
3.54232020164466
3.401094955469185
3.272363235942428
3.154909698853734
3.049767131945682
2.96227046753945
2.902704509964034
2.8898506425391
2.894611918971377
2.894517934985834
2.895750875035164
2.895598754640577
2.901531222252377
2.886519586472914
2.816853220040714
2.71553155035802
2.591380208198316
2.444901210301065
2.277318995562693
2.097427781105407
1.921646757224108
1.76838171039987
1.650130931433819
1.569307095288626
1.524484901918726
1.510841095219561
1.519040326653632
1.535207122360298
1.543424852065651
1.532592123031712
1.503305107318499
1.467417222111657
1.432892437711193
1.401409670305993
1.370017121181611
1.333885654506729
1.288833832721714
1.232897910952783
1.16686807495974
1.094043452166667
1.019478022643705
0.9489309435967481
0.8876656766977506
0.8393556684222631
0.8054604186164247
0.785272184425988
0.7765062497119526
0.7761037875859075
0.7809461717166399
0.7883377333368295
0.7962202726876626
0.8031721060866068
0.8082982765685497
0.8111035751673328
4.629218441038165
4.58440312169429
4.501998209396043
4.387346174359717
4.247708846715786
4.091507908385561
3.92755816843626
3.76430702318142
3.60907416095714
3.467321621382737
3.342094313675897
3.233885577282569
3.141163486550489
3.061575246375861
2.993568910926915
2.938059478993014
2.899755844060082
2.891387708506321
2.894152401259088
2.894997596122854
2.896586866420125
2.897446568041211
2.90180216506966
2.887833065182189
2.834289332153844
2.758250263403721
2.648509316998076
2.492641343137821
2.292565233580539
2.064800481788684
1.832350640611338
1.61682003462921
1.434349550315903
1.2956410429517
1.206683383809967
1.16785549770136
1.172405812470996
1.206824272799144
1.254699937326897
1.302733018881756
1.343820618754628
1.375245684085131
1.395597714647365
1.401744924346174
1.389576800809391
1.356501933580874
1.302985113696136
1.232546686935775
1.150962594639942
1.065293760633488
0.9828504515782842
0.9100707663478191
0.8514112406373323
0.8086828529715238
0.7812005416449439
0.7665853490383979
0.7617428372867718
0.7636329905218526
0.7696801699039429
0.7778734351265544
0.7866413441192802
0.7946763691576749
0.8008651566676781
0.80435971956787
4.294465203347173
4.254018259160015
4.179347123461288
4.074821614569445
3.946612516500685
3.802231595772282
3.650010226516394
3.498490916821197
3.355724191441525
3.228519847192607
3.121774390840966
3.038016552222247
2.977241366039107
2.937028179323721
2.913015414762294
2.899988969976947
2.893692596770402
2.892855700309905
2.892613423533135
2.89515182442335
2.89760348800613
2.900619078643937
2.902042933103499
2.889342909766818
2.868890651668474
2.832726610264655
2.735248033398468
2.558981966430212
2.317770239437544
2.039021310041217
1.749768087111035
1.472358133118986
1.225481675455049
1.025763007625716
0.8870862176426436
0.8182314507428921
0.8196624875794872
0.8812560622027527
0.983752973215248
1.104801922295899
1.225167117274402
1.330260695088221
1.407784166121674
1.447375623641435
1.44396941782342
1.399792035893833
1.323126400016801
1.22551921382892
1.119276223113868
1.015874917084185
0.9248558954254519
0.852481329789651
0.8007578252867713
0.7678517313317215
0.7497989035299428
0.7423133604603739
0.7418513743862014
0.7459369103480088
0.7530622400988309
0.762243135476524
0.7724615671474409
0.7823641620354258
0.7903583462543534
0.7950038151934837
3.987293647164137
3.952134496468404
3.886742895934925
3.79406683353151
3.678470090877227
3.545624377195359
3.402414061446279
3.256781307651536
3.117402695771058
2.993112344618806
2.892069731134762
2.820741808836698
2.782772069370596
2.777804492462424
2.800477188530645
2.840137559566136
2.882006683440116
2.894290822432529
2.889525277224708
2.894805911260856
2.899038328881185
2.906575423764763
2.903414290932058
2.906094480612192
2.951928802086196
2.953881606235468
2.841475502413191
2.624530715648249
2.341512268242484
2.024927194811408
1.696068182428294
1.371913484704684
1.071345126469269
0.8164877221529326
0.6299267436649545
0.5303518610734279
0.5278398739747514
0.618600526915115
0.7813402528251484
0.9816720676387932
1.184780780932857
1.363338636581165
1.490724380018444
1.548700847423244
1.534552391605084
1.459414472925355
1.342369230646836
1.204837961080897
1.066643323699713
0.9437714520216529
0.8473252895660478
0.7814319385124153
0.7428346046779644
0.7238899384557311
0.7167472900165937
0.7158953623266169
0.7184685597284867
0.7234491479350662
0.7310088494871584
0.7413272182296401
0.7536855895643659
0.7663052707626012
0.7768109226092664
0.7830072833947042
3.715560636760152
3.68670809040208
3.632379500239457
3.553732935816086
3.452691939865755
3.332205732418123
3.19670935978687
3.052651042946826
2.90880942219186
2.776099065628291
2.666680440513846
2.592387794321385
2.562653001384096
2.582134062520495
2.648222322134023
2.748815933283899
2.861426883464168
2.895673273561426
2.884190249954383
2.893400712987554
2.900743044952975
2.916524249427865
2.910432351111912
2.982638394897856
3.126111551001136
3.108506328920341
2.92575721351952
2.656331193720436
2.352748752142169
2.032044825064498
1.697082121965925
1.354473817018125
1.022500393561123
0.7297320250591285
0.5077446474612015
0.38316255153036
0.3730577108145599
0.481972594076126
0.6949911086234
0.9714180002039834
1.257620274252275
1.503200089908389
1.660154784448483
1.708580904501491
1.656389342744511
1.527552436510166
1.352895688885817
1.16423687548609
0.9897806814691383
0.8502588401107215
0.7564258825779504
0.7061796680446621
0.6871118978415787
0.6844151364819908
0.6871133887998321
0.6900612724662087
0.6926497787860985
0.6964819493660174
0.7038734068120178
0.7157314594604829
0.7309210376350643
0.7467430077792472
0.7599222515073037
0.7676631878407547
3.48334336701467
3.462052371272479
3.421056735975521
3.359419541970884
3.276067451313098
3.170426718471348
3.043512128101975
2.899234801964758
2.745503032661492
2.594654770150149
2.462829873129809
2.368113911663293
2.327677430891902
2.354422574844679
2.453486780648949
2.61862271140801
2.829054901925952
2.896895542735979
2.875781437912697
2.889647282042173
2.900999237214591
2.927982393889764
2.931714738908673
3.152091871050514
3.359630652750336
3.203093332903724
2.918014324569263
2.627386822884743
2.351653857368981
2.074218531011894
1.776740985720075
1.455787736931615
1.129049036618047
0.8313064420961074
0.6016823525597339
0.4694526672824598
0.4488944529554204
0.5475078465592296
0.7725564351425761
1.104483770044339
1.477760393961552
1.769975778990304
1.916065841877157
1.915794330359853
1.796374143470283
1.593847763020617
1.348316344161786
1.101155997679127
0.8902011302758691
0.7435446165533331
0.6657068065675343
0.6404062459384897
0.6433448398205227
0.6548232801014642
0.6634784056985008
0.6658944109081092
0.6645011271082337
0.6656117243581696
0.6732008169194456
0.6874235170685055
0.7056694075924951
0.7240208124289569
0.7387119226118574
0.7470973991126341
3.292119075851291
3.279962148843284
3.25515607925837
3.214335216045249
3.152901221167589
3.066134592594215
2.950929846912747
2.80773513748944
2.64232276936863
2.467050390523524
2.301068199185321
2.16884432750526
2.096885756416727
2.109481924502211
2.224707689799391
2.451050347657812
2.784246794854027
2.897654986944008
2.863409107543396
2.880368921275004
2.891499201995152
2.919247844956251
2.934680351138361
3.232567224211486
3.371828404465017
3.061598479181907
2.774114156875225
2.546186457476888
2.352574567779322
2.161543369408567
1.947310089528709
1.70131550198124
1.438086968966912
1.191969969111073
1.002424792112399
0.8945199501403213
0.8683491351837938
0.9170592403251933
1.074733730675439
1.407954829355975
1.876725453616304
2.155515293676779
2.230433862378165
2.142852347868156
1.934347446101176
1.64676619608428
1.325694497511298
1.020373868590531
0.7792835350941154
0.6445988855389569
0.5989408373803797
0.6001189486393848
0.617393873467764
0.6346334550058232
0.6438702342641158
0.6422934893049314
0.6334959112824108
0.6329547596977699
0.6427536687622705
0.6601417883015281
0.6802324987433976
0.6982314558018071
0.7111492838078612
0.7179692676670774
3.142104629714285
3.141052490270422
3.135881649948606
3.120204404862607
3.085310752785641
3.022089369422611
2.923275644936362
2.785475313593953
2.611132150656409
2.410624959085267
2.2039678970317
2.020883029617704
1.898124162371178
1.874428161132083
1.985625507003562
2.262561836176225
2.731253059810911
2.897724448738681
2.846966792035388
2.862034667408876
2.860688143370694
2.8605368685456
2.859090137049131
2.779075419214164
2.673424902903098
2.620507511605088
2.552471051291448
2.458257350130844
2.371599439468385
2.28920676873622
2.199929997337224
2.099424823708489
1.992366925453245
1.8923235508753
1.815646938068817
1.770422940928228
1.744629938171925
1.719256753859341
1.708127739735721
1.965705242337075
2.428569837029113
2.586688680723825
2.547617421681078
2.353262395817922
2.045921568184677
1.673342113633637
1.285496249620001
0.9362867072922173
0.6918603862781
0.5950637787559028
0.5877669411963227
0.5965523229853463
0.6065874526771645
0.61520870365207
0.620271946572712
0.614123222612167
0.6013663840791637
0.6044414012238385
0.6191203578001019
0.6390445238885571
0.6569107288942885
0.6685221955707672
0.6739821036819177
0.675776556486769
3.033761914795299
3.046304176013926
3.064682923079714
3.078241171490251
3.073559263114223
3.037651875319048
2.960058590788997
2.834020979019316
2.658057451892641
2.438589559261111
2.19329185838142
1.953932664131495
1.766516427283855
1.686864946094933
1.773453426338142
2.084184979175697
2.681081205219788
2.900199310222775
2.833997136055664
2.847803396316067
2.836252016729118
2.814260056977133
2.773923665860186
2.658989846397373
2.555693150939148
2.515805375833312
2.476776881031538
2.428995497602691
2.381052997648866
2.333621164718111
2.286580132109399
2.239797707528951
2.193694510609024
2.151594277752817
2.117835699213584
2.092799573897961
2.072870545744852
2.070590616860446
1.993616046685663
2.258283138333752
2.79561215157845
2.934981768445745
2.811635525326421
2.510122489195827
2.10283571844332
1.656832782583321
1.228844869357466
0.8695010974265078
0.6405752074054976
0.5859811233745684
0.6012642383508262
0.602036610783152
0.6047996586501063
0.6070655957262182
0.6099455929700545
0.5993077738625308
0.5830180332312712
0.590712168120638
0.6109840396079741
0.6292249284138761
0.6362804726453426
0.6321893499403538
0.6231289896467014
0.6161700855435432
2.969643300591553
2.998891073327989
3.044636618108477
3.089730128035827
3.116113584564243
3.108732532621392
3.055699114553076
2.948016473730973
2.780784215872239
2.555730016657964
2.285049431403461
1.996904328886314
1.741134114753408
1.590234185180768
1.630891506235763
1.951964995025205
2.646440396030016
2.906974227627769
2.829872111628165
2.844867706829261
2.830177968824035
2.804167735250851
2.763345739079988
2.690083952352541
2.61407130489907
2.555199060830346
2.497318114144044
2.437908263991355
2.379261967732678
2.320379006923548
2.260031177477368
2.196852798225145
2.13113473478459
2.070004087696097
2.023076606732725
1.991060374800061
1.971460921968983
1.984934448766204
1.909889599703527
2.24554858711987
2.94790928146562
3.137435661604677
2.966014379914886
2.570977994714482
2.074506859112387
1.576482388401531
1.144557954905828
0.8164706851173322
0.6216339728868409
0.5847869900261686
0.5990094691761648
0.6008612632681956
0.6057691894540769
0.6100792197996439
0.6129036963376111
0.5988748430943831
0.5852116296647119
0.6043275382258514
0.6278532503434611
0.6326269538894893
0.6146384051670427
0.5842186176169594
0.555058583451721
0.5372505258528529
2.957141339139361
3.006413511480187
3.08113024162303
3.155423600815968
3.209173279592836
3.22813068086896
3.200218511307142
3.115300357079826
2.966980389817624
2.75402392414013
2.482264054267195
2.17003235800347
1.859371179456755
1.629330188428022
1.597103062793931
1.893779716946422
2.637400426061762
2.918151062581614
2.836086669019224
2.852254487299903
2.83524019990755
2.804298591744926
2.756423696984546
2.680592016936649
2.603303427099037
2.542254989439281
2.487445209629388
2.433871197779437
2.381163370986693
2.328033251521333
2.273297639333077
2.213361536966329
2.14513055681341
2.079698477163884
2.033455671508423
2.002049070244238
1.982770222972829
1.997292099539372
1.909565366793574
2.2123335334607
2.974041394910864
3.181718842928304
2.966365727521479
2.498639066490616
1.940615499260796
1.417591683059028
1.010291535115849
0.7476538159726691
0.6115615304652741
0.5831173838593091
0.5941931049780849
0.5995695709527684
0.6065354226738747
0.6138830615975711
0.6146526021701598
0.6049291753183338
0.6198533232280389
0.6607998463172995
0.6736156513940801
0.6419086444194798
0.5821145688221525
0.5187319499727377
0.4692341302853297
0.4418822537782021
3.01355486637952
3.083228308607009
3.180194079370546
3.273130902271499
3.346148296366416
3.386419367733201
3.380446027587627
3.318163017917041
3.19502650152983
3.010684931123459
2.76743121814309
2.47192854733078
2.145300704279522
1.847459480354992
1.70762329871494
1.918057024065021
2.651994508470942
2.933227760819509
2.8543067202049
2.872848791435173
2.856271096560302
2.822525311330885
2.77009222765655
2.680196709911776
2.591951193088594
2.530281490108505
2.480136811748868
2.431278397299464
2.382917791970462
2.334126749784199
2.283934859126981
2.223181801496684
2.140511168153049
2.057536394894169
2.007862644321496
1.975198018031338
1.957875080628198
1.975911955071294
1.893042049031705
2.185361420637249
2.92891687438612
3.070006515630913
2.783408700891699
2.278171062719765
1.713035073867481
1.195359663005121
0.8120346830189495
0.6190995520505758
0.5822379810123434
0.5794058612457352
0.5849292524592292
0.597256821810768
0.608497180034103
0.6224602634578121
0.6192040856890177
0.632600025295554
0.7178594333775815
0.7701953222248044
0.7328261048937388
0.63526585959733
0.5254175661183298
0.4334454116086838
0.370597350067261
0.3382281364868246
3.176364615398259
3.25026674784722
3.341975199869984
3.434937447960724
3.518691878668771
3.572881165707448
3.580311210672949
3.534708027550941
3.437278813035927
3.29147503645973
3.100324439866686
2.865077291670974
2.585587050508751
2.274603917262005
2.011447616667932
2.023811279294808
2.650274400519126
2.946901225169776
2.884788317935355
2.908747917563622
2.896887497008847
2.863968524606115
2.811566156036007
2.688503298488711
2.572944771331422
2.510989834170664
2.47028488442137
2.428062916343178
2.385082510742035
2.342449901148448
2.300918061927574
2.239033634564503
2.127519275571396
2.01089358285207
1.962671539926822
1.932173486539023
1.920552996751856
1.944269471928353
1.879474168449498
2.185134429359167
2.810158357994097
2.764786278249336
2.396416069988787
1.931395660045248
1.448197074423383
0.9767701369561312
0.5828533699886914
0.3927012651124018
0.486596631666488
0.5683548849748611
0.5699684703478175
0.5935894590525324
0.6118094363293173
0.6367445781072379
0.6312516283393036
0.7264143391102029
0.9142713235598976
0.9046163089194819
0.7570390963163707
0.5827020796179057
0.4382005135199839
0.3352580692376395
0.2699220520990707
0.2372633682979215
3.521759987756641
3.52411383144601
3.551134384136839
3.630040632777603
3.719514840276423
3.773933057057096
3.778930924221195
3.739650134683512
3.664296513001456
3.558626479360216
3.427043925601954
3.273871217782361
3.09816752407973
2.878150748823443
2.576923676556706
2.286878369111329
2.564736812670243
2.941720642162182
2.926556673952847
2.959099782900939
2.95358357052523
2.919154987672543
2.857524092197909
2.617104818425148
2.479557706048486
2.453783062760457
2.448143869161187
2.421497820550929
2.390060081742835
2.362719513843717
2.354974181539348
2.326957917346316
2.191864704226326
1.959751327122402
1.903572663562527
1.87243483020467
1.867421176822311
1.899007026820703
1.881019449228856
2.259032860808366
2.526108430073629
2.194257965515613
1.834948916338465
1.531506665482846
1.222999727917956
0.8596662180367491
0.4461945522667423
0.1302184976633972
0.2954143711868472
0.5405730000586048
0.55199936255967
0.5892024409896075
0.6158904230853401
0.6541166007709188
0.6602142236780295
0.9171574058732658
1.148985044901314
0.9497053146711482
0.6792690977842988
0.4718353348191372
0.3329453292413421
0.240917888816881
0.1807081483615465
0.1485016901789672
4.179573837061713
3.889046756768754
3.786229322161291
3.857696003594446
3.938480425902056
3.965514113744012
3.948478090482761
3.90605723465422
3.847683943223256
3.776759496786289
3.695655328570911
3.610308279110394
3.534829177633753
3.477443140160143
3.361760134382448
2.962251659817506
2.563641339592399
2.948425677129022
3.000496153371801
3.040177893285658
3.05332697267402
3.056627146268265
3.089411518797262
2.895152742217348
2.320519199961589
2.336601924977451
2.432151722007518
2.428387149096873
2.385834265883307
2.37882975031457
2.466555168031687
2.476177674033201
1.91204480648968
1.72734809174709
1.765283861848765
1.771532837218187
1.784440539326414
1.82126692914651
1.868623090608399
2.242789949437271
1.827468277168689
1.407648216310997
1.276433350649293
1.200215647368853
1.078555803359577
0.8813878890785403
0.5715023910700057
0.1537308743239697
0.1892569796034259
0.5255281484802548
0.552534852761239
0.589449044770924
0.6153774163940684
0.6531118835640874
0.6767607087828001
1.023920936577812
1.098448301235002
0.7394004076722938
0.4869711784821148
0.3350445577695493
0.237725370809159
0.1680979514814544
0.1148216793504924
0.07781866683805769
5.254257121005704
4.324547422291488
4.094366055473913
4.121596959629809
4.134422538408726
4.104364165231915
4.058421592687667
4.009836849998187
3.960796340167466
3.910962626244147
3.859845973981872
3.80754533219561
3.76274262870449
3.762749100274069
3.859505266117715
3.875390843540238
3.302248084136704
3.11313181113099
3.151463815727371
3.157876876768394
3.171213707037498
3.208509086841651
3.257325885581466
3.632446066602289
3.210690176338639
2.774576788448868
2.604411549991432
2.480498632804293
2.343401939025112
2.213557602422312
2.033550965788622
1.592670275628685
1.18503016860963
1.565571203195622
1.617078984455655
1.655624683129127
1.667889881836841
1.670423186423161
1.703467425199046
1.504767355844522
0.9264327731627187
0.9423111074034906
1.042550014730298
1.048064898578285
1.001532019973952
0.9363425192202322
0.8922122111662238
0.8621610840609621
0.6867433791474824
0.5776690118516931
0.5991233854089657
0.6018331493461544
0.6017605657759367
0.6044405822806584
0.6226523895534809
0.5184321457984671
0.3537924071818355
0.3333169493207407
0.2961154321527552
0.2318377353453543
0.1739002223289818
0.1231883326742286
0.0793333071430863
0.03218014595507305
4.694019575674672
4.405625409220383
4.306588986841846
4.243898754693781
4.188125205517503
4.133489593808124
4.081334388106889
4.031515711013961
3.983459410253126
3.936808724893872
3.891473685584813
3.84752138022077
3.806065759158946
3.771558598541464
3.758829820370083
3.727036705226616
3.585893708705297
3.349516943374764
3.292036098582028
3.260180524551857
3.255007584710507
3.286216778220621
3.270197267468728
3.64467310067478
3.884457783904795
3.491714951708999
3.036712370026305
2.621796023720642
2.219450866298419
1.8001300563671
1.339624179544752
0.945250312414352
1.185997483557246
1.559431115950143
1.5450251632214
1.575891998772238
1.569032627665421
1.533143511976598
1.470445822021325
1.228644770733919
1.08802886892776
1.059509841790373
1.051345771894385
1.022505857521827
0.988025418903599
0.9528650594644129
0.9269106111527075
0.9044071203428053
0.8222529344182601
0.6861848483057564
0.6468271469707584
0.6147073890747068
0.5876668062222925
0.5554104531187163
0.5144159522286433
0.3778917246523489
0.2973989735879642
0.273803908903466
0.2445503661327485
0.2035305770901981
0.1599593323280083
0.1149250792190595
0.06998515218132705
0.02369932681661745
4.397783058918129
4.304527535141073
4.252896143202661
4.204862863602616
4.161067289885979
4.115359969479197
4.068170838730784
4.020232003869153
3.97201346718816
3.92375143122199
3.875684555284924
3.828214631799632
3.782268379871779
3.738377421933454
3.696329080063444
3.6337334959433
3.519778260774622
3.401110669232261
3.351858994957623
3.320646287711795
3.308754960264106
3.331635195250003
3.269950864300404
3.56927077643892
4.143617620062562
3.984384540885644
3.447994242244322
2.779934485332421
2.083841343556938
1.413756355251269
0.874157284437079
0.7099053501824253
1.271727557188987
1.565037100659175
1.505090594637187
1.526869667066999
1.513175224112148
1.478293239902315
1.424192762869963
1.300472777744151
1.182609623372791
1.117784334581721
1.077507461368952
1.036275085240511
0.9928080972621653
0.9454498470306768
0.8968048366038901
0.8442196466869936
0.7751688557309862
0.6990278936222188
0.6569455132546491
0.6181040167245784
0.5827046769148709
0.544123815033839
0.5022567191194194
0.428089237786023
0.36373385102446
0.3156671254908305
0.2676450846653461
0.2180051645628734
0.1691288450757827
0.1208795864450031
0.07346503527834174
0.02590087732296874
4.322874935791594
4.283121093043093
4.251134265302406
4.207543551852586
4.163579053879867
4.117257076564622
4.069766453987127
4.021686694834847
3.973344862113287
3.924859047483279
3.876269340905267
3.827569016896817
3.778813413232143
3.729540759935108
3.678725837434718
3.617061433947335
3.532695321987771
3.4482069093863
3.397526029216856
3.364103074175883
3.346455295989994
3.363366206906778
3.284788903969205
3.569804038442776
4.241359297038211
4.216774931614849
3.686929197497992
2.884452168582311
2.000942347487047
1.197974993377015
0.6647431560774215
0.6294472820193515
1.278157584408711
1.554033873719075
1.477818947637989
1.493337851938808
1.474014809495846
1.437346385639656
1.382414657030731
1.293379305287269
1.202078741471716
1.134450757622319
1.086040494425168
1.04065427686506
0.9966556103558213
0.9502188067359452
0.9012859482087435
0.8439027150859589
0.7797059598868945
0.7152292786856832
0.6664283544029169
0.6208693254768548
0.5779383734410826
0.5328470238900835
0.4847705624606745
0.4224819773204453
0.3644065533899143
0.3143340440488733
0.2655730297569153
0.2167769263734231
0.168431534125539
0.1203597075637806
0.07271501535656627
0.02514157877198237
4.322766095479807
4.283029233989582
4.251039524083271
4.207426779478642
4.163419382860807
4.11702452169508
4.069415537177919
4.021145721274352
3.972497634595974
3.923518710933742
3.874142007519145
3.8241963480816
3.773423855975291
3.721176724031929
3.666588658051777
3.606267192740643
3.537079504545609
3.470638134032902
3.423576512729879
3.391483026599968
3.371896767082464
3.385037323756286
3.302488507257447
3.597866161983744
4.268138251389203
4.263873273476189
3.743860361101816
2.914278962217509
1.984487036094501
1.155757339180359
0.6329546463115503
0.6150004484258768
1.255458268663689
1.539618725876314
1.460305535891767
1.472292425524431
1.451601339372117
1.417070721613497
1.366766129898594
1.296986115706563
1.215722503758645
1.142071608819899
1.091573357276281
1.045061615487579
1.001789436409563
0.9555878594791387
0.9057872833944218
0.8399573580006591
0.7749505392343183
0.7172325334651115
0.6678282046757104
0.6203925477849177
0.5746850936858159
0.5277461430867965
0.478806393440058
0.4231872788140273
0.3689006434818049
0.3179745680306004
0.2680405339747607
0.2185623841649121
0.1696209061116285
0.1210435283048313
0.07306254721637333
0.02500422490934836
4.39760910354777
4.30445478726312
4.252912720613351
4.20494357497859
4.161197394092415
4.115506451216453
4.068256390521395
4.020089026914142
3.971299565353645
3.921828706601568
3.871428888353935
3.819687885525874
3.766061793220076
3.709841890331904
3.650501544806235
3.5873170490202
3.520919415634976
3.45888978382685
3.411124266965697
3.378396541295392
3.358461438953215
3.370371357943942
3.301955944325024
3.631154963472489
4.218968703066408
4.158731701411615
3.649920101847253
2.878108593021804
2.020340859541922
1.250841388765065
0.7422919767258688
0.6717727093688149
1.228494050505418
1.540947383051225
1.474760801178147
1.484531469274836
1.462150977851205
1.425112240981483
1.372769363896315
1.308868439679054
1.221109635847349
1.132976193114959
1.088300946890076
1.046476716194811
1.0095764618813
0.9689414464640378
0.9246603583772257
0.8454729229995919
0.7746662344642337
0.7211358434906698
0.6715916295375093
0.622152469403815
0.5743924739802885
0.526273211890293
0.4767795200150569
0.4237687563065861
0.3709058202430684
0.3194868948812179
0.2688947244898927
0.2189545794428884
0.1696361768799815
0.1207970832605062
0.07312444040620651
0.02490244076979887
4.693199208321376
4.404824546499033
4.305621733302477
4.24257649516431
4.186249164600964
4.130805818107383
4.077514890706762
4.026137610070081
3.97596896676545
3.926494637193667
3.877478347882429
3.828842240330104
3.780600648580042
3.732788036864493
3.685529921140592
3.638702348763599
3.592526130992359
3.550287427175251
3.516311877054814
3.490912242628135
3.470624885238058
3.46685268648292
3.396591389492548
3.631300227389282
4.018343819014185
3.886742706672384
3.432752645092022
2.792405779569012
2.090483860439287
1.452643309335492
1.00138093875229
0.8671640884637571
1.234877156964724
1.45961401503967
1.394924567143559
1.395156611426743
1.381060980441877
1.364284889249481
1.348711808575759
1.339018658348267
1.253649419073477
1.11450837883987
1.080341268654656
1.045484453606466
1.017122348908324
0.9824704027878511
0.9389794023701048
0.794687359320898
0.7082040524847857
0.6813625719111164
0.6504653189390858
0.6082340836710868
0.5637362645199691
0.5174837931741418
0.4695243112115102
0.4193161954152206
0.3689030918518389
0.3190381991536606
0.2694894189212356
0.2201786687096715
0.1710437125278226
0.1219388128215061
0.07477951535724846
0.02543816333511295
5.254704088376214
4.325388062181988
4.09564377129512
4.123433534166662
4.137055869335099
4.108077569803418
4.063508682870147
4.01648354613013
3.968834685365855
3.919599125128284
3.86755684595136
3.810951380954652
3.747048583116274
3.672422423452204
3.584297755549405
3.482674685144563
3.373547514243332
3.271165355624255
3.192558122054234
3.146410685299204
3.121118364188001
3.09541458236925
3.071125367618243
3.254983548781426
3.544217255149753
3.446823566694272
3.12815688554555
2.67609838128015
2.17811621201301
1.725891812654065
1.406461708663286
1.305858005665365
1.580470308015299
1.756136001795439
1.732547512959023
1.705128769819549
1.668598493705127
1.598016692379365
1.510646568626964
1.426216135701059
1.15405427248857
0.9983522619984108
1.036768762556945
1.035841576749584
1.034784376816772
1.035833176498665
1.054744571604913
0.9416147997734989
0.7569500792280184
0.7298067652156938
0.6930015012205004
0.6334120099612179
0.5821068247513052
0.5361210571919919
0.4872257325851832
0.43299121773428
0.3766146290271362
0.3212229910151637
0.2678507856905885
0.2161138974106007
0.1649225386630739
0.1149473542605583
0.0737769193962072
0.02770766440562094
4.183628044995628
3.894771707198251
3.795130101481412
3.871530557783964
3.959437050286742
3.996263887506545
3.992073924420587
3.965565978075848
3.925394747711081
3.872717333475261
3.804694190952538
3.715337328504124
3.595665996700454
3.435317529372657
3.227112548745883
2.97460918282352
2.699306613330001
2.440026878350255
2.239493399565217
2.124670327334
2.094554991572185
2.133963381180973
2.256452371380771
2.498906456876757
2.811017297132787
2.897642266568289
2.782765143404256
2.546868138094577
2.269266225338709
2.027045934874641
1.899085711495583
1.964405933711682
2.245524595472009
2.454210350170436
2.537870271491438
2.522441106128979
2.399548434082362
2.116345531355081
1.617853966075805
0.9344294056730879
0.7177446481868759
0.9652211800053562
1.002019815951288
1.02955513753016
1.052724007275534
1.088615346395783
1.112561924702691
1.46212717871843
1.513997846920357
1.130118003576185
0.8732413952707176
0.7334167657690782
0.6544630085286441
0.5972193986353104
0.5389900455574055
0.4724329885888185
0.4009903589397628
0.3309975833181682
0.2661504894552696
0.2066842228952395
0.1513375337861019
0.1003512650500834
0.05701927612935177
0.02563218316601492
3.526367847100205
3.532509340862659
3.567043516630226
3.657776888158196
3.764194132869063
3.841553340274876
3.876201137386059
3.873407015239178
3.840242293100511
3.778960373625139
3.686619735598667
3.556188584686579
3.378255119189248
3.144347231806075
2.852598975508756
2.514637777839699
2.159758561114195
1.831367522392578
1.574667855544763
1.42180786388955
1.384855811016535
1.462105990513997
1.646251710102247
1.907054000311478
2.183497013090962
2.374831748657022
2.443217076442466
2.417835035928783
2.354292452834767
2.313276950353782
2.3501777177018
2.493870786743876
2.706498979264915
2.885874166047739
2.963946431892102
2.894630248171668
2.642997177651301
2.175674182179874
1.513280917273103
0.8665190549656416
0.7852353693343272
0.9731143439067852
0.9985925669085769
1.029162582759606
1.054385498830708
1.091687419994882
1.097376872123512
1.360423703322061
1.587002956432235
1.364650545678635
1.081964429157704
0.8772606736813754
0.747352324844922
0.6575388409623372
0.5804319467240387
0.5030020318551798
0.4234830182304207
0.3453341307166264
0.2721161354592856
0.2054816406173577
0.1459346755133588
0.09463276546710393
0.05471337286696779
0.0317856970280629
3.173945059544063
3.254806264559548
3.360219636929265
3.47444278880342
3.588005718811218
3.681537736477764
3.738526139340391
3.752612200944976
3.723497645017542
3.650987259023507
3.532175447309909
3.361627298232608
3.133547774965754
2.845521686885622
2.503267814533176
2.124775686435606
1.741214177613194
1.392687642049601
1.119677964238017
0.9539306768242194
0.9127513831896468
0.9964119763102902
1.184807016113359
1.436959429444311
1.706695055763005
1.957109127497159
2.156998983586831
2.304067360369876
2.421492232946786
2.541342909822241
2.686896959209854
2.855807561323637
3.015636092072281
3.124847784704161
3.128364034862054
2.972110177117278
2.624917812152911
2.100449269096825
1.497738067413507
1.031450742749197
0.9422067296877348
0.9985358210774727
1.013110789664563
1.032887497865679
1.05061368274104
1.075229239704331
1.068821334519599
1.170071126849629
1.363088603814619
1.340002486365199
1.177457121206192
0.9932508744882159
0.8403959769682815
0.7215616479440948
0.6230455471571752
0.5329759212405301
0.446019374129029
0.3619679306347125
0.2828505241314812
0.2109364885758626
0.1482580310462408
0.09704058866927898
0.06011199687452163
0.04032507888477301
2.991792662049734
3.072721878333396
3.191551268107577
3.31770770265124
3.436090936643962
3.53446058120254
3.599401171637474
3.620065370459188
3.589877767053326
3.504890797945957
3.361870494165529
3.158070151781748
2.892855701800667
2.570501996256751
2.203072587535877
1.812011642832704
1.427256502423925
1.083606630428865
0.8152713222790725
0.6500130543744719
0.6037092297373314
0.6755967730852225
0.846521360799065
1.085415015083869
1.362429457762363
1.655959181390833
1.945008497547665
2.215386361027909
2.464264529833362
2.694278949020378
2.90286856749689
3.075820871609015
3.190773439510549
3.222664391457088
3.137395908552986
2.903644628506957
2.517246807745855
2.025038566379207
1.53293272797357
1.173209756896174
1.026799510380525
1.011014728422874
1.025530310498663
1.035862957276365
1.047142882226245
1.061132498054428
1.056987308616177
1.075076376149393
1.167881101177483
1.213058532615581
1.159532379034529
1.041236102681118
0.905932859863835
0.7794436518071174
0.6670956936819812
0.5654430315400395
0.4704622124318178
0.3805808635448938
0.2966434593503139
0.2208627803990125
0.1559058756150976
0.1043803817587878
0.06846908533000615
0.04944750766017967
2.898717918674253
2.96469248359432
3.071435034796427
3.19340195776072
3.310535773921313
3.408111813327207
3.472795573442346
3.492204582944798
3.456450816544644
3.358922394493838
3.196197839513113
2.968178506334934
2.678988659485565
2.338324135603927
1.962451829401735
1.574085842195161
1.200802955345602
0.8722183036888929
0.6164008526116247
0.4558590943775191
0.4034081841123439
0.4591323201985731
0.6109462030087742
0.8399669812011646
1.126888871999515
1.45404521794524
1.802720422298658
2.15270785482898
2.484699719088849
2.78055634859422
3.021548196872409
3.188304587767683
3.262972829055247
3.229556150910254
3.074162257324523
2.792985312371348
2.406440011902462
1.968135579918036
1.554638382129179
1.235569753060155
1.053487410426176
1.016852503275829
1.033183237233983
1.037705286410604
1.044955054884775
1.05246427833167
1.052723720131783
1.046323122187848
1.066045106603865
1.099564225296859
1.092807573845718
1.031427302689218
0.9326919479551088
0.8195273616435662
0.7063249362778652
0.5983813094813945
0.4964515615109873
0.4006279101680207
0.3120347786897488
0.232893426720627
0.1658848907829804
0.1134412623631341
0.07724254667817182
0.05807423448645883
2.852125975050831
2.904679598323899
2.994633599968993
3.104339820710734
3.214451529448254
3.307572925962015
3.368280592387708
3.382734499786748
3.33949447851756
3.230807213810643
3.053546453967028
2.809770403463903
2.507098196521551
2.158844337196064
1.78362438485167
1.404220916545902
1.045771169658801
0.7335299130213697
0.4904166615991318
0.3344595153058857
0.2764872238738506
0.3189847999074581
0.4569922494874883
0.6804757188610143
0.9761570553880534
1.327645281942392
1.714549575799917
2.111646830192934
2.490100032517733
2.820171733894195
3.074297346449423
3.230024375654206
3.271962512263192
3.192612855390766
2.994295199350691
2.692624411224201
2.319702679769626
1.921982060494339
1.549976477971299
1.247957953358296
1.058592672815433
1.019879116012897
1.036864131340319
1.038617777826221
1.043805772965593
1.048099190095234
1.051065638648271
1.040033063184477
1.024892240634254
1.030270575759659
1.028083423259242
0.9959865525136642
0.929900380089138
0.8389280384914832
0.7350482855231344
0.6273085609597343
0.5211983896761909
0.4201814071103654
0.3270946547075871
0.2447052851500637
0.1756118787534965
0.1219061543802114
0.08493694403005303
0.06535633704738009
2.82988964627943
2.873504455835771
2.95034180131076
3.047957485420516
3.149552587910334
3.237009779156997
3.293019735673651
3.302230182655132
3.252313850556133
3.135249219805199
2.948480438249158
2.695598026039145
2.386386708523263
2.036214135442369
1.664808688235806
1.294576362216367
0.9487000794460881
0.6492655878020774
0.4155766226967611
0.2627819238627924
0.201002894768016
0.2351364387067945
0.3651481039232107
0.5862176753966064
0.8882855258232932
1.255278068832598
1.664567692539938
2.086998821669958
2.488500028042035
2.833715138918282
3.090751875082641
3.235564098007663
3.254971196888719
3.148424215209383
2.928821548442113
2.621542193110485
2.261058474916848
1.885644863933739
1.533113071038177
1.242070043202193
1.058364000734187
1.021037353225302
1.037649264089913
1.03885793401659
1.043374411975192
1.046609102919817
1.050809169488786
1.039865151879198
1.011672477056158
0.9962151523062072
0.984549129391179
0.9614162167021699
0.915309243231392
0.8438370166845872
0.7520959882101463
0.6483725078736902
0.5408433587482369
0.4361754016768525
0.339390694493371
0.2541821443116179
0.1832166058558594
0.128318361462794
0.09060710944162231
0.07065732385791391
2.820707016595625
2.85971678103081
2.929462287953577
3.019814084399518
3.115721792092725
3.199218290274405
3.252071399145196
3.257967280168284
3.204080458759274
3.082381778378451
2.890751082971392
2.63361236451171
2.321803829423793
1.971623206880989
1.603226668016859
1.238693918884118
0.9000861267516841
0.6077590247152259
0.3791188129752748
0.2279425824476115
0.1642427442053058
0.1943645559857735
0.320756508776848
0.5410355422180789
0.8465823630395736
1.221322604265364
1.641239380392781
2.074982852914631
2.486036343538458
2.836713651597717
3.093344171591943
3.231330435600113
3.239031280607509
3.119870405599514
2.891881299445404
2.584028163648723
2.230218817647013
1.864290217542277
1.519786293534638
1.234796371621597
1.056731063873658
1.021049588923829
1.037010654225734
1.038615961086739
1.043550591398884
1.047049275739881
1.052166169857508
1.042662548169805
1.009180857237336
0.9827002944343903
0.9631253545638752
0.9410219337210095
0.9037693925092259
0.8433417745787831
0.7598111956733298
0.6596932840121177
0.5520936888631797
0.4455496244767642
0.3465934523789015
0.2596506258454127
0.1875125143567435
0.1318669771634732
0.09370027019536571
0.07356180720759423
)
;

boundaryField
{
    inletLower
    {
        type            zeroGradient;
    }
    inletUpper
    {
        type            zeroGradient;
    }
    outletLower
    {
        type            fixedValue;
        value           uniform 0;
    }
    outletUpper
    {
        type            fixedValue;
        value           uniform 0;
    }
    sideWalls
    {
        type            zeroGradient;
    }
    topBottomWalls
    {
        type            zeroGradient;
    }
    frontAndBack
    {
        type            symmetry;
    }
}


// ************************************************************************* //
