/*--------------------------------*- C++ -*----------------------------------*\
| =========                 |                                                 |
| \\      /  F ield         | OpenFOAM: The Open Source CFD Toolbox           |
|  \\    /   O peration     | Version:  2506                                  |
|   \\  /    A nd           | Website:  www.openfoam.com                      |
|    \\/     M anipulation  |                                                 |
\*---------------------------------------------------------------------------*/
FoamFile
{
    version     2.0;
    format      ascii;
    arch        "LSB;label=32;scalar=64";
    class       volScalarField;
    location    "5000";
    object      p;
}
// * * * * * * * * * * * * * * * * * * * * * * * * * * * * * * * * * * * * * //

dimensions      [0 2 -2 0 0 0 0];

internalField   nonuniform List<scalar> 
4096
(
1.189152000756251
1.26305516674161
1.400967900641131
1.592989012795819
1.818925703333762
2.048507277939519
2.247072995794204
2.384113197800239
2.438820936178688
2.445145279432195
2.444607105347854
2.448763340527383
2.452836883051328
2.455009022774063
2.464025738599961
2.444426998851834
2.355307816915857
2.226591659086177
2.074551210764771
1.908348598398592
1.734015919942569
1.558640797976347
1.391515962462683
1.242390735862416
1.119038332884206
1.025897014414073
0.9641638968270333
0.9328219248672418
0.9299047345862711
0.9535020655379127
1.002273330783283
1.075473517939031
1.172669618941442
1.293363958720199
1.436659352948181
1.601036184291166
1.784322979586112
1.98389353474443
2.196921418731462
2.420424583576258
2.651017356279388
2.884516406179961
3.115535586261252
3.337139593490503
3.540692136414004
3.716102933718604
3.852564757212849
3.939654405192934
3.968554051141838
3.933158599858483
3.830882575105508
3.66303795223994
3.434747927543281
3.154482081569324
2.833385455100645
2.484572965735615
2.122476480598512
1.762226935742802
1.41899850100969
1.107270352142246
0.8400523205470554
0.6282044357954275
0.4799849472055783
0.4008796045180315
1.220025353305076
1.290232060209707
1.420419693417001
1.601813343221462
1.818061170935129
2.043865095030707
2.245794034785556
2.38855748941974
2.444347821199688
2.447048544218329
2.445331868632866
2.449043070533302
2.452590088532788
2.454413665414057
2.463145453959271
2.442209309972133
2.35484814816931
2.232070941153868
2.084320483510159
1.917818862115707
1.740019032556949
1.561641167740007
1.394638042819931
1.249195792778737
1.131981206725199
1.045947894169584
0.991108191610921
0.9656464126822859
0.9669959795926603
0.9927012493192104
1.040960958934977
1.110783671410563
1.201796530484473
1.313873376221693
1.446728075042408
1.599529961561192
1.770746168617175
1.958311958215141
2.159944040478409
2.373255627996195
2.595454184364401
2.822777057375963
3.049977808462817
3.269946848314885
3.473664263458849
3.650642556538477
3.789776275011713
3.880389575087051
3.913335982818583
3.882049816000448
3.783410581828517
3.618257602774723
3.391451977862641
3.111505272006108
2.789909854699841
2.440347460378339
2.077898246260836
1.718270100297602
1.377000018574039
1.06859961209456
0.8057148223426854
0.5984684155989444
0.4541448765289616
0.3772089903164943
1.28212087943669
1.347984935623716
1.466673936526336
1.627686870148225
1.820407820559266
2.031342451906073
2.23465202342909
2.388312453925204
2.447463353496072
2.446763824852788
2.444353200745574
2.448867537292597
2.452842162036181
2.455266761117056
2.463565583505089
2.442319079185656
2.3609075188058
2.248976779941895
2.105884596640558
1.935150742107566
1.749837596164069
1.567436323272533
1.402956168082403
1.265826853923201
1.160267982470391
1.086875561127142
1.044032245840485
1.028848604996264
1.037823690461896
1.067459981399307
1.114920057370735
1.178550341598539
1.257972678834667
1.353706382616203
1.466556196387218
1.5969744447436
1.744797831799435
1.909273269260699
2.089228807724057
2.283282249131024
2.48965247849315
2.705319229333223
2.925185514998638
3.141632688218739
3.344835249936425
3.523668907683292
3.666684149784792
3.762938461033751
3.802830310350152
3.779035287281531
3.687447539892614
3.52792989011456
3.304687305758141
3.026152560252875
2.704393717886602
2.354178545279972
1.991877159120165
1.634325924269566
1.297702173146478
0.9964556288243503
0.7424146986060299
0.5442510094158763
0.4074624098373919
0.3348972560298107
1.38217748525928
1.448125963851314
1.556676259907397
1.688720393644536
1.838124198983047
2.009112065390674
2.19745174975066
2.366677305173406
2.446027948046725
2.445200623410751
2.441059983362869
2.448126994464185
2.453747407567866
2.458512666758308
2.46552746365816
2.447713515065769
2.385972300674665
2.28804470250792
2.141132331192034
1.956640146133091
1.760990010644527
1.578342624392739
1.422947781298836
1.300381833196213
1.211318630583824
1.154205260702035
1.126343198653428
1.124112210109851
1.143047786921057
1.178174710108763
1.224839602190119
1.279950474624067
1.34279420146292
1.414695197471487
1.497758431000176
1.594191490156243
1.706278748748024
1.835921339146358
1.983931914041008
2.15006755979432
2.333555463174657
2.532305384750231
2.741071327146852
2.951060026698219
3.151228869514967
3.32990762534374
3.475628308251031
3.577484098823832
3.625601751234428
3.611879743090898
3.530910001271393
3.38097521709017
3.164933951392854
2.890680010396955
2.570873698157853
2.221871142965022
1.862073535188649
1.510050011265692
1.182769019565822
0.894224609304867
0.6546816415288756
0.4706000391557983
0.345135970135327
0.2791336042733044
1.534119410855572
1.606619698341391
1.707543019020468
1.805947632258408
1.895741277417378
1.991541034612763
2.12082487686119
2.290306517489341
2.424729894084507
2.441254561140954
2.433822819582055
2.446460584013294
2.455472943655233
2.464941706108241
2.469725125099154
2.468726371096059
2.450700509285544
2.355793590213127
2.18243935047962
1.97428175774214
1.773711273904969
1.602601781049387
1.466756335449461
1.365142197818422
1.295419868177152
1.255466268818073
1.24285146518813
1.253946777367799
1.283509097704173
1.324881759735284
1.37090772627532
1.415955389266898
1.458147263083892
1.499451898685369
1.542816814147247
1.59264632474034
1.655247885605726
1.737225984885217
1.842998049450239
1.973581457379549
2.128138920355826
2.305178632364352
2.498335347472495
2.696814177196279
2.888484674544154
3.061761644329042
3.205715444011897
3.309996104393964
3.365050842973095
3.362460325689544
3.295516432366207
3.160328363647019
2.957409650721233
2.693176812334872
2.38050096110775
2.037683154652671
1.685939989366345
1.346177383525525
1.036053456452634
0.7682229121963308
0.5501821884047869
0.3853445225382139
0.274454387061712
0.2167005124054118
1.770504454924702
1.841882521362735
1.923461429982593
1.990075957997699
2.026262872363886
2.025229102253175
2.025680652087464
2.119406227760848
2.338423915390919
2.430052128236615
2.421281402913717
2.443694338901807
2.458338889564167
2.475278889429867
2.479028201128118
2.529044582192497
2.571944650759407
2.434428628858825
2.207117004440444
1.982359841863725
1.798260290906549
1.657330970368839
1.551719128924743
1.474993212101465
1.424459608953752
1.399633614144803
1.399791657278138
1.42199355130767
1.46037139427271
1.506704326474304
1.551561343774899
1.586078118690498
1.605638408208477
1.610879215402187
1.604396144300121
1.594292705012802
1.5927904422518
1.612977627505273
1.665496658961096
1.754544895376268
1.876820308081637
2.028083185460193
2.198964130556954
2.377043123685393
2.550887982674829
2.709850420906643
2.84374536939326
2.943370223393853
3.000578246066314
3.007678798643005
2.957173333297915
2.842727480938926
2.661503518567481
2.41709543313813
2.121580347692104
1.795056909099673
1.462044716276422
1.146098125517227
0.864981390766433
0.6285703944203734
0.4400261386146257
0.2988876284183529
0.2040195000779849
0.1547538419187696
2.164831656797229
2.16653092747142
2.183797392936343
2.231119566062464
2.249834416018584
2.177529687822556
2.014876198280573
1.899979092666262
2.153953685380741
2.402357408811481
2.405986232419097
2.440935323652488
2.462501478519866
2.488003685123997
2.498397819700985
2.640968131582647
2.705867586226128
2.460792170080983
2.19361294382563
1.9956032230589
1.860947288735064
1.766520435546228
1.696575732334785
1.644756559337625
1.610839964876268
1.597138633257153
1.605315471986001
1.633649521468969
1.675674327496624
1.721640900539857
1.761896902330356
1.786393657205835
1.786273087270448
1.750744571701165
1.683498757729768
1.600928364642056
1.522210106732166
1.466289195398892
1.452175555245953
1.494074958779248
1.587569009016184
1.70922502349006
1.845875061211339
1.988912131660953
2.131600822638682
2.263719560673888
2.37520660917341
2.458844106081299
2.509349899803556
2.521110474260352
2.486902163194848
2.398569685644364
2.249768332751775
2.040145300523961
1.779267247607261
1.487598776005473
1.192149455597854
0.9182455512562856
0.6822688561874025
0.4896881237001203
0.3382865264374385
0.2235459728157468
0.1432242098167959
0.09959826819408074
2.850665656652111
2.564374227032945
2.458223974152433
2.510421474472779
2.541091626399524
2.462695097951009
2.251017495498731
1.938369280180893
2.054349894563967
2.389311315866437
2.409780200356344
2.44487407875848
2.466206455666347
2.491176775408113
2.511874897511476
2.705919089527309
2.666077210925638
2.369814866250672
2.174445685803998
2.064166896505196
1.998299466499288
1.952610076279055
1.916220511178372
1.88696151674257
1.867143750839775
1.860598225932504
1.870500924371155
1.896696797773905
1.932738983234489
1.967239960484383
1.992928123627032
2.007931925393274
1.999330376300363
1.915539248559717
1.777215441240991
1.613646916092951
1.449368012693944
1.306786149059438
1.211325572594957
1.194274887975869
1.273566322356957
1.359996651173333
1.441185837419963
1.529031576826156
1.623579407918564
1.712208201702138
1.784819907797162
1.837495589633522
1.868642066954926
1.875474253994919
1.852540996013371
1.792140092115603
1.686601380758164
1.532351566149807
1.334644669902715
1.110241783457984
0.884181275423558
0.6793304625118463
0.5077487016693069
0.370031303968999
0.2601285701469656
0.1715854840120182
0.1024974662360704
0.05652356195816816
3.945985226311018
3.0187750909475
2.789556978712385
2.813056896419574
2.811563890377554
2.757518347823407
2.713688149285022
2.683692137188109
2.544322345916699
2.451188299753804
2.462913596781603
2.466162503003818
2.468190492180103
2.473100861831233
2.49877598994431
2.420201192086817
2.29224123026878
2.292825339251393
2.279004581435548
2.255275484942296
2.239206567890656
2.228372360094076
2.219122632169969
2.211299942683683
2.206297188385058
2.205709667551127
2.210880394694115
2.221933403556215
2.234563615430027
2.241281133654166
2.234396350395703
2.243669109053738
2.229701846063779
2.089197854690864
1.880021662014335
1.633945943385436
1.380231413243993
1.149078966158329
0.9700825660026569
0.8765683192388407
0.9381699873080211
0.9878363390794176
0.9858890521719733
0.9983511980827717
1.020552667040815
1.042302264135368
1.056401541405702
1.061789889822321
1.058407078377782
1.045482444589874
1.021161952472528
0.9827474482925941
0.9274567644665795
0.8537699807493572
0.763124611137656
0.6604168452038931
0.5557639800120684
0.4576653336671867
0.3695644838868213
0.2909188939841174
0.2189424532768225
0.1511920546169742
0.09238345714717563
0.03398591645560508
3.393865078593175
3.10448644235293
3.006300570823929
2.944803539193536
2.890847312485655
2.839652425159878
2.801618680214994
2.768937098717675
2.677946372177843
2.54997699344135
2.510590732197995
2.483869811960389
2.465634550134413
2.447526052875796
2.430978336152275
2.351863436728369
2.323072222874716
2.331688309986203
2.333374394558738
2.329753414810658
2.325885678292169
2.322511782048558
2.319855347630872
2.318215246197083
2.317815473449264
2.318740494411901
2.320885292674967
2.324160559644393
2.326965941944683
2.331945430420297
2.319236339267175
2.360572509915512
2.390033040951502
2.247105565522677
1.99128308704965
1.66562287716994
1.317955622760026
1.002162733080842
0.7692650204688258
0.6699772039429173
0.7798361653055177
0.855490154739565
0.8316624316914227
0.8345108693060904
0.8322793417688608
0.8288369227015135
0.8216856157864546
0.8103690043858989
0.7943013083526744
0.7729906848797345
0.7459649816718316
0.7128108190537247
0.6732802693338268
0.6271677229470706
0.5751834381101013
0.5169765348951131
0.4564903884829831
0.3957879199538298
0.3350274253832614
0.2741253425327995
0.2131079688825092
0.1517263073876197
0.0915883826834144
0.03028170207810964
3.094341251565849
3.0008899576751
2.948877032127883
2.899419817341141
2.852846134882431
2.802882740970364
2.75270298489196
2.701286954012101
2.63302198874956
2.559526576719418
2.519840321326238
2.488004176041818
2.463913315358106
2.441759796805318
2.422251253010006
2.381983010457219
2.352871463852448
2.337565597925993
2.323721430021944
2.311598169116643
2.301878747216894
2.294238017378981
2.288419344117495
2.284456486300838
2.282580282513881
2.28307185747008
2.286017734707487
2.291528918543998
2.297702698526214
2.309612030340273
2.295633561658101
2.374582288285883
2.491233738121573
2.390791095955622
2.112992441271098
1.711700901137178
1.266516099864052
0.8715678027551803
0.6137278981776069
0.5613774107667332
0.7737562883946543
0.8946782231758499
0.8729259616819761
0.8882405789715085
0.8944652780507636
0.8986957569642506
0.8980720297995858
0.8921123058057477
0.8801005530439815
0.8613603276115567
0.8350444076001187
0.8001609783083923
0.7558453811754893
0.7012463732318632
0.6375569165627952
0.5639955782155599
0.4890338243703496
0.4170368061080426
0.3480794053913687
0.2815370959768685
0.2170334088347271
0.1539292169579729
0.09245159235822317
0.03111947564602924
3.020008264622136
2.980279247668235
2.94810942108716
2.903723834072182
2.858200982884508
2.809207872184052
2.758535488627262
2.704316321389474
2.639079194789482
2.570356869394782
2.524334971876546
2.487140374962794
2.458326968812336
2.433012050213651
2.410413994246632
2.380916257709353
2.357866123685605
2.34266929292642
2.32991198469599
2.319114610186476
2.310207249868859
2.303022451618638
2.297506996335954
2.293766515845051
2.292019821213517
2.292547582902656
2.295488627978067
2.301241231143023
2.307773333575709
2.322703458894452
2.299756080672095
2.386067483270878
2.58754125354864
2.538275189607512
2.24247323059663
1.769305630139263
1.232948426863745
0.7633731400046495
0.483783583301379
0.4790929262060864
0.7697286152299778
0.8876631124809912
0.8556296698962976
0.8725513234098398
0.8778528207047418
0.881069893000446
0.8793303212453792
0.8725634291827127
0.8602621181015904
0.8419204368331322
0.8168035969802161
0.783908167638025
0.7421530555438277
0.6897583234666808
0.6279090866166905
0.5511297174111802
0.4749776434902426
0.4056430778971153
0.3402942639112938
0.2766409991916107
0.2142760280406877
0.152643763860133
0.09178999998991494
0.03107342959955854
3.020710387084389
2.981011277919905
2.948922171120211
2.904820113213358
2.859761075809211
2.811327146122021
2.761013803551696
2.705592088044022
2.638069963187081
2.564677628547106
2.516750505320018
2.478179571596438
2.448708571329259
2.423838920962231
2.40202739181853
2.378660741368108
2.359080583408665
2.343868604459934
2.330880560325986
2.319812290100918
2.310494848450781
2.302822773872188
2.296803575947132
2.292584174417575
2.290441682160425
2.290789322838165
2.293997720343871
2.300947528245335
2.309782698027387
2.331327286812787
2.302038937903101
2.421235798606539
2.725478670879514
2.693522781503795
2.351410867144954
1.821168610031104
1.231717579440031
0.7023430667095477
0.3690774609833676
0.3676697336859461
0.7411972966468361
0.8847586790648524
0.84850157141223
0.8719498736727211
0.8799789007424595
0.884918278113481
0.884232505243554
0.8784095203652126
0.8672757233744398
0.8505255079792838
0.8274545385394807
0.7968412296308864
0.7570437523994312
0.7046017360046125
0.6410316227174842
0.5499274401620209
0.4643056688123106
0.3953320081527486
0.3332078443642753
0.2719297821777094
0.2113375264930187
0.1509844410533915
0.09110381498712689
0.03128419865640211
3.095980164763987
3.002559977166696
2.950645427247895
2.902085297358985
2.857162305367432
2.809270266193425
2.76036955934927
2.704431771676051
2.628692499913432
2.539253834314527
2.494820197696664
2.459370289778543
2.433049483334588
2.411279994745316
2.392150367499473
2.373269048141645
2.356679366548858
2.342626951971466
2.330293764243322
2.319506498450937
2.310137128058296
2.302149568028367
2.295610969508218
2.290727161207445
2.287867091352101
2.287633810075175
2.290769579082665
2.298910962903195
2.311284757564741
2.342762230459533
2.313027160246877
2.52467188496231
2.920418058867834
2.795610711018753
2.366578689496488
1.8343422135884
1.284193309071585
0.7516728886645416
0.323856213969123
0.2099216315577312
0.6451338095745931
0.8720905130170001
0.8384284079133349
0.8715689529699477
0.8836526414167432
0.8904314493551088
0.8906735875011181
0.8857474359413111
0.8760454628223568
0.8616360305496318
0.842029387775046
0.8160431752851238
0.7816448544402599
0.7335259598776518
0.6743173157932865
0.5567052646271335
0.4538185087541778
0.3860821058707002
0.3292176547008906
0.2703404268994206
0.2110679938731086
0.1514357605627664
0.09233481495608906
0.03258573001851172
3.396865174414119
3.108908253447209
3.011289318041184
2.951243432067177
2.899581360818106
2.851991234844506
2.819123601857547
2.78491717187776
2.694644099016292
2.520559177112933
2.469728631991041
2.436221614941841
2.41391076200421
2.39654108896459
2.381092437969097
2.366037247297525
2.352106436996618
2.339507872322149
2.327995182397098
2.31753443721366
2.308075483333457
2.299633721584287
2.29230762186908
2.286329683003676
2.282127144025407
2.280463944952096
2.28250431733182
2.290860670151009
2.307229105921083
2.350699614561585
2.344851266827964
2.737045186865433
3.060619927616777
2.687710291410597
2.207939303242023
1.785609986929534
1.395101699163192
0.9749355898002158
0.4951012884112352
0.1151571538447571
0.4366178577381439
0.8370561720059149
0.8320325252155967
0.8774756215163956
0.8945068100014679
0.9025264144739862
0.9030722114054279
0.8986428752944217
0.8903359967827229
0.8786317249012375
0.8632383530189399
0.8429169498278604
0.8142460388680939
0.7682699552352655
0.7027329722611118
0.4747757168943189
0.3528492580592163
0.3202600502000235
0.2934042280572875
0.2466950324126881
0.1942934678825616
0.1393235259232669
0.08442984132211037
0.02759352054384503
3.949333578782713
3.019137511879343
2.788828534935134
2.815056536150303
2.822882712937209
2.788934389653249
2.770620294738905
2.736377531796845
2.485564014747909
2.372899387690556
2.389272190390596
2.390580185747529
2.38504364723867
2.377735955947244
2.368325512129716
2.357466401792477
2.346225112048631
2.335239279340081
2.324649132039862
2.314554735886053
2.304982452615796
2.295960665875069
2.28757101628951
2.279997826633908
2.273604979950678
2.269103529009766
2.267741720174124
2.2724394287434
2.28679128975402
2.328642105578323
2.363640083529233
2.838800805421713
2.746351908264949
2.228365110194647
1.911250806112354
1.701579835042767
1.517708941555596
1.313665593237158
1.003746294527775
0.4761209719210177
0.3348735949696452
0.8138704962647101
0.8553413248354079
0.9000486160313065
0.9162698062293899
0.9218754878386319
0.920635659795228
0.9155840956457001
0.9084250445621855
0.9002403427102775
0.8918104367024784
0.8840877617862212
0.8770719998914861
0.8746383914361797
0.9010629319864519
0.7340967954704525
0.3297658048535856
0.3175362080729842
0.3351256005385604
0.2880620756450565
0.2234607571134591
0.1595754002207432
0.1034864880122938
0.04283491341485086
2.836089931797709
2.538704090131834
2.422237237263341
2.46900557126371
2.502459233241619
2.432646892549851
2.209899821083642
1.817081316936258
1.864892208931373
2.293291807633201
2.310299403286405
2.347785034893902
2.358670904706024
2.360836441350822
2.356841151809967
2.349387289674437
2.340257083891891
2.330619050502415
2.320833186567084
2.31103687232204
2.301274728457574
2.291538770566357
2.281816037975351
2.272119252601748
2.262509520042002
2.253143509856699
2.244265958915517
2.236499409704711
2.22980403433189
2.227748163394281
2.253892383028766
2.091558216498641
1.721776022809746
1.701470442816464
1.702248409893459
1.644773955170684
1.573862155755584
1.519868695322277
1.528807930605628
1.506431235623576
1.094378643768086
0.9280467149536564
0.9600483871097895
0.9608501890514111
0.9565417844723164
0.9506213091364757
0.9432847564996998
0.9352296162991723
0.927802095924973
0.9222063394702353
0.919849091199929
0.9238975607113983
0.9378744340190676
0.9806924588856749
1.016623647378593
1.500064031937415
1.380851524837554
0.8916784407298141
0.6300250750534178
0.4826484982176838
0.371360447413096
0.2770708164747179
0.1992635198807111
0.1443003886584607
2.111076148919509
2.094985514638546
2.083717396807315
2.095223907582169
2.069724670504282
1.936794257946983
1.69006203402527
1.513253399210511
1.945892853355818
2.318361624893731
2.296751754101761
2.335926702927579
2.34759552235595
2.35188748182882
2.349690232790745
2.343471658823856
2.335185910137945
2.326327278394499
2.317109947079137
2.307538027993362
2.297575450986797
2.287110950336195
2.276008849803163
2.264083861768042
2.251059456708667
2.236491093318173
2.219554476657064
2.198692434379526
2.170411302463756
2.12591821858414
2.063298134111902
1.843913683852792
1.72812310685057
1.697748744725406
1.672101365848739
1.629291804873133
1.583431477531183
1.540191467862611
1.513995788251895
1.479922089315699
1.353555690590418
1.128190129848436
1.067057197656353
1.024675084858867
0.9990406517210876
0.980736732482874
0.966390642740097
0.9540762021873098
0.944858518180034
0.9395430537671103
0.9389130087320984
0.9456273573879418
0.9609309134472013
1.005541704925772
0.9948647168616321
1.403980361394822
1.770044071986947
1.464516610069529
1.091311979172961
0.8141576966166251
0.6189615407047442
0.4765460778428159
0.3757992746524594
0.3196584472428593
1.674448798291798
1.717586572329762
1.746971536046867
1.738797636328865
1.678177402530987
1.564643874045412
1.470717681087523
1.585767867896937
2.117862629508857
2.352962338208494
2.308570930677638
2.338396980912453
2.346043493552166
2.349165624403014
2.346592555818725
2.339770761613692
2.331051150361088
2.322487739144095
2.313732419001575
2.304401898087334
2.294319571229571
2.283262565744043
2.270997517546987
2.25720175667863
2.24142426480704
2.223017130541577
2.201010678214936
2.173899334666414
2.139457722640461
2.092335527800228
2.035048640404145
1.921509629012315
1.822911429565915
1.755849269868536
1.697688118084345
1.637578357649287
1.577310761807749
1.51668461387934
1.457205842990817
1.386288264061691
1.278930090600897
1.15992735443217
1.103499315288338
1.05881218587023
1.02790797028574
1.004229279785989
0.9856954457933494
0.9693447281701207
0.9577514878148616
0.9515883569543031
0.9505442746801186
0.9561987715781993
0.9669629976030911
1.000139956412321
0.9605208993158345
1.199766451725165
1.700666986262864
1.705658519673931
1.454520927794421
1.159957678895321
0.9107341583899144
0.7244713896343457
0.5996970984514894
0.5347167225468602
1.405017523560897
1.437478261603458
1.463406887700492
1.455386566096582
1.417154905935573
1.389240200034285
1.455553568970056
1.716060407873363
2.207159563716927
2.371792903940965
2.325210368687347
2.346828244239002
2.350695163837297
2.351589586270797
2.347454291067194
2.338233865478317
2.327644921946712
2.31920290949864
2.311174373069396
2.302342192789424
2.292402207831185
2.281046800757206
2.267985839996501
2.252803264761527
2.234924931777665
2.213554377329004
2.187598043351421
2.155528202825375
2.115477548614336
2.063846578263291
2.001930603796902
1.913531464935482
1.83065466449543
1.762680409599116
1.700412992091383
1.63852515266141
1.576771334701233
1.514238491772317
1.450794908838184
1.380050065142813
1.289415253560786
1.194052961714056
1.133323744727382
1.08525084690732
1.050432066246032
1.02300193524134
1.001439697827406
0.98006801756002
0.965235875539711
0.9577840963021345
0.9555548495043085
0.9593871781271005
0.9662920062950648
0.9902424050421168
0.9474376147020013
1.104631391594944
1.562078317842714
1.724587932618398
1.632705365731923
1.412219746711979
1.172845062136101
0.9731013336251754
0.8345448196359052
0.7618798188751918
1.240199809127608
1.256995588893319
1.275559585286837
1.286218245275336
1.302939492996212
1.366664696035417
1.529407873321006
1.824166840043541
2.249183691140361
2.385042140848235
2.342772304132873
2.358636318311468
2.359764365992284
2.358176462795354
2.35176334078001
2.337568204667025
2.322800272837492
2.314610882740469
2.307984458556755
2.299934088141955
2.290266355259539
2.278742874818566
2.265115305873088
2.248943167397039
2.229616184946478
2.206321105562623
2.178019858131939
2.143420813174714
2.101188068416963
2.049327125404569
1.988754970614413
1.913857877215147
1.839529510192028
1.771041761604026
1.705629118563519
1.641087497687111
1.576767041930936
1.511691286891398
1.446030439987714
1.375926866370311
1.290289548900106
1.20217918949482
1.143837060356491
1.097641090603535
1.063578745968971
1.035605803736555
1.013491591790342
0.9852963560206359
0.9666149710477026
0.9589664808595928
0.9562628116917532
0.9590423149335966
0.9639019115071139
0.9819770029586276
0.9433230075399621
1.074315862505567
1.462203251161013
1.657470728644557
1.662463299208116
1.533901447931188
1.350262594287211
1.174716717689133
1.043517710894019
0.9721322593836469
1.15740285259406
1.170359850337096
1.19494162912011
1.235784040127026
1.308405063266384
1.436842411275931
1.640520414751949
1.923481756165709
2.283251096339312
2.397745058311399
2.36157093472555
2.373660634051084
2.373520172920579
2.370548345891681
2.363201510384286
2.34098484097155
2.319359023045743
2.313751081015858
2.311713307316543
2.306419057486052
2.298531528699969
2.288286610132508
2.275674911083692
2.260272345744212
2.241387118372628
2.218075181427308
2.189166898395181
2.153332149004588
2.109367944227999
2.056106681570666
1.994386259058658
1.923088654602768
1.850135571162549
1.779249405096274
1.710239464182255
1.642097990273053
1.573901335052584
1.504901762032097
1.437955124196516
1.370327028656356
1.281296720456451
1.188181366286107
1.137682608991729
1.097971555310868
1.069339294671877
1.044557112261204
1.025881959538998
0.9843008825861415
0.9574915229785081
0.9485815360565294
0.9439936922458426
0.9456038451476625
0.9501886529593191
0.9659103342473635
0.9366444592311988
1.067230741818402
1.386017380046407
1.554724352481377
1.595985003817002
1.538732849569961
1.424592921598286
1.298247544846172
1.194984184617083
1.135998162688384
1.149215286787148
1.168411934904113
1.20963735636281
1.281723706590286
1.395370157797107
1.558628233401807
1.771711029954828
2.027608409473321
2.32060585489712
2.411083906101267
2.381739875697535
2.390995713229981
2.390096757513219
2.385224896972877
2.373886399960903
2.321341374644675
2.28379027713171
2.28210793169083
2.28370968669053
2.27572620086494
2.263910542267563
2.249452172178913
2.232260874081712
2.211935036511639
2.188063924243525
2.160200802921828
2.127865174584827
2.090571785282314
2.047961384036464
1.999706935712055
1.946372621643541
1.887491670979839
1.826848278491819
1.76640909866036
1.706567200430112
1.64745185218728
1.589154858016677
1.532857363045272
1.489653298803235
1.449264234442494
1.33219181715652
1.1737674622881
1.124026278571011
1.09054246886033
1.068921697140603
1.048851689317091
1.036893148261857
0.9580785408769794
0.9422186591736816
0.9636862932242806
0.9743635585054083
0.9815427235497737
0.9865101341791023
0.9950592971004431
0.967148127642525
1.062343302199424
1.288483545223289
1.411761902192449
1.463148536796392
1.455301241969922
1.404038045347509
1.33324111333584
1.268395405473374
1.229102426866795
1.208689201567863
1.237693986496217
1.297140215662855
1.393341519691159
1.530324721921362
1.706187817380981
1.912131464339912
2.134905046802995
2.360066863945195
2.42538573287928
2.403701752191432
2.412221481438482
2.414708349191163
2.41787234778747
2.42644338452969
2.385883661229641
2.272826613385669
2.312463769324569
2.362756694718408
2.374615263120358
2.37255661326322
2.369260278211248
2.366050556724022
2.361523653674349
2.354053945122547
2.341527571777851
2.321010468915579
2.288894135225208
2.241621603465099
2.176959795648601
2.095578754473629
2.001506378476488
1.903947916992927
1.810740474522414
1.724595870331632
1.641630844168443
1.551425670276195
1.45247342688443
1.387383482938896
1.341348237456805
1.167271471432792
1.050665797743892
1.062749671076476
1.064892830004111
1.066424297646993
1.070628083538616
1.108559501030483
1.008917400466708
0.8365415622981387
0.8388485114386133
0.8352559554500357
0.8385606545382236
0.8523789130244556
0.8613032076116358
0.8598142240705992
0.9428721989381968
1.11451156240362
1.216962944422082
1.28055830963182
1.30871422637629
1.305937146078146
1.283250533911767
1.255724127111066
1.237156888234014
1.324082017216684
1.361116609987056
1.433434531952173
1.542827422405793
1.68768969740562
1.860851059698529
2.049441254715032
2.235782996734113
2.397374908883398
2.439856541591555
2.425527517358336
2.434122658951269
2.441314412667977
2.455833174059012
2.474805873509313
2.59067165796999
2.550554574446687
2.535358407464135
2.584086654580634
2.635716892365988
2.677850603077191
2.717209477935645
2.757708730618555
2.79851868106079
2.835728595440437
2.862768396583856
2.870449019970815
2.847783675732993
2.784250448699596
2.673602876389299
2.518251738126912
2.331716299283228
2.13546289919123
1.948539286771612
1.777791128516322
1.613741069693862
1.431185992539497
1.192859442650495
0.8534314840420789
0.4303917490790843
0.5606880088895513
0.9673851668612594
0.992772586143234
1.033071993059278
1.055443431077432
1.076722304136382
1.101372482045868
1.247040457763326
1.08603926027629
0.7251587541846932
0.5298156636326858
0.4681205029459686
0.4775285904712934
0.5163205293716913
0.5788308945963025
0.6900734640738798
0.8521539729493846
0.976258052851655
1.061131574023761
1.115696076221612
1.145898669183972
1.157766045112377
1.158993903916602
1.157223639540628
1.479367896117907
1.520125821505278
1.597201619047549
1.708579555695995
1.848901417146705
2.008347557677073
2.172283998195745
2.320974571385448
2.428873492987421
2.453203049550332
2.444198968275835
2.450737592936746
2.456736607430542
2.468811169232619
2.475960717681307
2.552875580747975
2.614152262126533
2.654201031869841
2.71785803836393
2.797246083656697
2.877722362946769
2.955212913768506
3.02999820458108
3.100630952593968
3.162079802482709
3.20571276746504
3.220014948808648
3.192281149711389
3.111640605762367
2.973115592128384
2.781282823364337
2.55104309464933
2.30314018477499
2.055514788639303
1.814696329050677
1.571492793550467
1.302798655825193
0.9837725442804865
0.6300746674712716
0.4028347556963032
0.6779950973598858
0.9793652745255924
0.9857316030085973
1.026014957753796
1.04933983694866
1.072749807642534
1.08824052496284
1.200520381499604
1.167718344635679
0.8159688213293141
0.5066900313814072
0.3356620766036327
0.2796533621356236
0.2985623629168116
0.3686648073191799
0.4757308832229477
0.6032827491651478
0.7218604370473158
0.8163327119496119
0.8863233359568671
0.9355557747972429
0.967797044288691
0.9866979818976537
0.9955958797636987
1.656925894985324
1.696885057436754
1.770965634370219
1.874867097365625
2.001229661682219
2.139164751303274
2.273909900452395
2.386526819294004
2.453903040407425
2.465880685067088
2.460543621055236
2.464778824589887
2.46838600110198
2.475148857273613
2.473728330608815
2.492796902547114
2.573468526616346
2.674934283899855
2.77802783803566
2.885180310236775
2.993274011896364
3.097643010470406
3.195056159975583
3.281963104943701
3.352450020655988
3.397678060267208
3.406711051876856
3.368483251383164
3.274650698489918
3.122646010091662
2.917647777675638
2.671981567961844
2.401343999330883
2.119148835086827
1.831586233052126
1.536868854661585
1.232735262467934
0.9369053067948956
0.7181812160147361
0.6959349940252045
0.9047997714403084
1.010930106237568
1.003484449753995
1.028718836976053
1.04487488856244
1.061276859285437
1.070350921191296
1.112669708712937
1.089127515432898
0.8496493666109067
0.5592103573091207
0.3360923114872274
0.2150315112272422
0.1842103692877602
0.2183365118417712
0.2911534732996846
0.3815455319046412
0.475437185004119
0.5605014578135168
0.6307288523024934
0.6852040938722781
0.7248966438455937
0.7509960407787261
0.7644639863692417
1.840138813432742
1.875790461651278
1.941056859924338
2.030739252238114
2.136897153239401
2.248840439445273
2.353151221314651
2.43392507728707
2.473492688954123
2.478152387621887
2.475196871623939
2.477685515336273
2.479662856962478
2.483165794393943
2.480819091883695
2.480410539249357
2.540737975578296
2.656470944739187
2.785559428314764
2.915144805910508
3.041439998403669
3.160753744787303
3.268723786272702
3.360305380533176
3.429121016751125
3.46720128891323
3.465712294656798
3.41658228818081
3.31456071094703
3.158986245957713
2.954444709371056
2.709796651785135
2.435822770427851
2.142627656827833
1.838646141867507
1.533603722425201
1.247006024006161
1.018554988223568
0.9039393562855312
0.9288907040219837
1.011585880230029
1.022806838301165
1.018581012766573
1.032095104286611
1.042252261449237
1.051833505081203
1.060471193876881
1.058615273544673
0.9992378937561014
0.8295885019238516
0.5990560498631213
0.3804794518172083
0.2228155092006595
0.1391903244672382
0.1184045545502841
0.1400918620473185
0.1859696843189031
0.2438818334915568
0.3041177858407088
0.3594639381114789
0.4058926137836056
0.4416935127707217
0.4662225522840573
0.4792051668122558
2.015046654338678
2.044282558555841
2.097330084733804
2.169091122860833
2.252134752461167
2.337029461232323
2.412777701043643
2.467484639860861
2.489257071268708
2.490172889022968
2.488680593620461
2.490026260970527
2.491063230610327
2.492904460365597
2.490990030790502
2.490060695970834
2.533190098039487
2.636376539363935
2.767141480271055
2.904400803598487
3.037710952202264
3.161011196835275
3.269005725053595
3.356090903874339
3.416122876356494
3.442551558675635
3.429046008685736
3.370560121292324
3.264482189786884
3.111387599040238
2.915049409914453
2.681737725012633
2.419309334955104
2.136937816205461
1.846420471749649
1.565396556479661
1.320544849472199
1.144515702435771
1.058408737098154
1.043995462750174
1.03866971998533
1.026246113114983
1.027327804620967
1.034023208323507
1.040438027748785
1.045483792860562
1.055065251543195
1.035663541954488
0.9481403511049503
0.8051720714904864
0.6207719484835541
0.425798049649956
0.2550434347053531
0.1299002264022795
0.05394588530177419
0.01912689321034632
0.01395499748628
0.0281514572695688
0.0531891223869539
0.08201620680509106
0.1094154991431577
0.1320910439579209
0.1482181164726695
0.1568957472642341
2.171045634399629
2.193101785263541
2.232834458962618
2.285871382134887
2.346023201111273
2.405804324981077
2.457079705850633
2.491813614870781
2.502736485008647
2.502039584097192
2.501400300855978
2.502069771919493
2.502600284261552
2.503659817593968
2.50199010464065
2.503075842443577
2.537543273509193
2.623259278791696
2.740490171433059
2.870055422241638
2.998022532875938
3.115171737325561
3.214693376682359
3.290666797107705
3.337569840226719
3.350387587243125
3.325039262170649
3.258936354849765
3.151446935220995
3.004063969459971
2.820247874757362
2.605169232662052
2.365761612364111
2.111447259918307
1.85545659121642
1.615634775211642
1.412273918520933
1.26059607734295
1.160339763195277
1.093846192020629
1.042796173840946
1.028228511678458
1.032873350336364
1.036603949405556
1.041323496007752
1.04414632122438
1.053352226545121
1.026480933104835
0.9316951899881271
0.8015964972668147
0.6421247793608438
0.4643055440151904
0.2876796443863164
0.1316931864970288
0.007966268991928507
-0.08102077247821005
-0.1390134208771697
-0.172508120160564
-0.1884544771279891
-0.1932632824211673
-0.1922109909291231
-0.1890555273892557
-0.186047430006557
-0.1842699016464202
2.300908451176884
2.316132749948548
2.343380885383834
2.379311257080051
2.419313761497829
2.458054217645247
2.490096235353648
2.510478446991198
2.515041631283214
2.513813520331645
2.513638930021561
2.513930426373136
2.514181791261657
2.51483910754506
2.513281281489714
2.51521563532755
2.544497039210687
2.614545453888525
2.712697858776397
2.824625465331331
2.937102067006669
3.039625211377653
3.124233538752564
3.184724824108335
3.216162706704524
3.214807085751357
3.178280498556784
3.105764211671109
2.998083244538475
2.857640769073482
2.688293349093116
2.495357734862499
2.285905331083509
2.069242525203335
1.856978747463432
1.661586428662459
1.492631310537656
1.351990663436495
1.23299727725959
1.129019856067433
1.048279152447518
1.022913146941095
1.027727301280438
1.029169029955301
1.031649640645994
1.03334797291594
1.042299941837737
1.023073432694636
0.943741077916449
0.8264534353803027
0.6763318608355626
0.5012302752327427
0.3142964478791235
0.1316037490395306
-0.03276262096935665
-0.1702190604423931
-0.2783002942833541
-0.3591717912943513
-0.4174559731009769
-0.4584381507264409
-0.4868651668116302
-0.5062531819791607
-0.5186970919270969
-0.5251191686196283
2.400400456701605
2.409969992729607
2.426995199315885
2.449192714785411
2.473491061782152
2.49647652326962
2.514847514309029
2.525744573909351
2.526819359219417
2.525538011883328
2.525590982922926
2.525683416721141
2.525783532731598
2.526206915136595
2.524808284875139
2.526774179968693
2.551228588289721
2.607296493571336
2.685546210729557
2.775568189007136
2.866624049124062
2.948943238501472
3.014487714976049
3.057050628933101
3.072115323931453
3.056774947785302
3.009742532359178
2.931361787366342
2.82355127447818
2.689692323084233
2.534531701597439
2.364154751129398
2.185955409617097
2.008307222968278
1.839468443207839
1.685454499769679
1.547527817455949
1.421369309194695
1.300446802215441
1.183763259252701
1.084408804405826
1.037822382492256
1.034355403811466
1.0422758025302
1.051536516317569
1.060811647197472
1.070074529956037
1.05687217519009
0.9931158188585636
0.8814956295553821
0.7275426223770057
0.5415829184206081
0.3362579235175878
0.1260786610978641
-0.0746506047019983
-0.2546763686825492
-0.407616154013057
-0.5320015473083228
-0.6299484467774296
-0.7053259793483201
-0.7621315662019565
-0.8034322131534398
-0.8309846981244682
-0.8454429638369183
2.467701263113357
2.473343661345049
2.483334853654392
2.496246687696766
2.510204835223134
2.523190570991529
2.533299093890224
2.538862849531236
2.538386772011492
2.537240759318984
2.537376806145345
2.53737307499682
2.537396627011311
2.537666752622482
2.53652016076973
2.538170635214513
2.557415513718331
2.600403340032367
2.659581536322605
2.727151720486969
2.794913455859514
2.854801409841464
2.899623621040708
2.923571271504614
2.922453145461096
2.893787797990941
2.836843383621636
2.752635367441259
2.643871509031704
2.514850379073442
2.371315279942827
2.220202281888124
2.069115089335399
1.925302735443729
1.794072018528259
1.67706228444443
1.571473900352543
1.471493394134565
1.372057063922968
1.27340989322723
1.185907495460641
1.141682196039702
1.138425920247407
1.157016790088179
1.180104411268513
1.196238714887878
1.195566117962672
1.164858940278786
1.090000114149884
0.9650306634395148
0.7941313923168711
0.5872393396173885
0.3570170057725071
0.1175017551190196
-0.1172119223763723
-0.3348642749844767
-0.5268124334609932
-0.6888491746900389
-0.820777351190256
-0.9250491528462694
-1.005079607340999
-1.063847049709203
-1.103186994899133
-1.12383155568629
2.502794379617765
2.506542115366885
2.513173559746777
2.521742455456166
2.531036332503816
2.539762533280412
2.546656110408211
2.550473213278245
2.549881746203776
2.548937668762578
2.549066166304718
2.549024928188043
2.549016093868597
2.549171945175247
2.548355919861969
2.549474388673145
2.563202963386728
2.593875251716969
2.635490077170529
2.682121205146356
2.727633476816302
2.765760975104507
2.790527364620647
2.796770896299182
2.780588752241087
2.739649214791074
2.673386647048907
2.583098681787194
2.471954633670687
2.344908392430313
2.208471936370501
2.070247901674428
1.938084411225818
1.818785965478173
1.716570340341516
1.631869774578616
1.561359275074039
1.499801669448172
1.443306583440098
1.392698986473984
1.355577913845122
1.343681997839349
1.35735302925356
1.385250920097347
1.410509893817644
1.417421384841733
1.393763698847941
1.331244869314266
1.224223115511698
1.069942069256734
0.8717491743905597
0.6380737437496302
0.380418573714831
0.1118335963511442
-0.1542196104911851
-0.4051433764682055
-0.6306699617538718
-0.8240925410400101
-0.9827742765356609
-1.107690947516639
-1.202125339166851
-1.269995187719763
-1.314493814080585
-1.337522533536731
2.506959042535364
2.510946485149898
2.518026886471337
2.527264201010902
2.537480728112586
2.547405701646738
2.555708290117913
2.560928333790074
2.561364878708142
2.560633391209046
2.560696897911347
2.560652654160789
2.56063882162459
2.560698411730059
2.560270650716036
2.560656964524353
2.56874589128503
2.588086719888623
2.614132033923147
2.642475285736921
2.668575080761792
2.687639840028334
2.694798912009801
2.685521843659895
2.656139811840742
2.604325088042025
2.529446653930898
2.432782325911683
2.317596272053717
2.189076839468158
2.054087108987605
1.92064539244698
1.797070382790533
1.690824397919607
1.607252238438486
1.548580524429439
1.513642536388818
1.498759345664376
1.499847652603376
1.514769086830256
1.543503952779318
1.584630644459972
1.632559519501788
1.675452662317406
1.697528745321656
1.684530392088384
1.627630211313379
1.524037117808066
1.374806197965848
1.182806527657203
0.9529694764496339
0.692493603621572
0.4104614241907019
0.1174061790107039
-0.1749655441719136
-0.4542653670064868
-0.7085148905327534
-0.9277982790853337
-1.105996017303811
-1.24188651214432
-1.338954639221553
-1.403707647410249
-1.443130023673423
-1.462513637310205
2.482470182843248
2.488755703695676
2.499944164579283
2.514625878961197
2.531021978727937
2.547195842820096
2.561100015105696
2.570499456725623
2.572873687230772
2.572319817073871
2.572286944077357
2.572262757825617
2.572265389546212
2.572239118780193
2.5722427687924
2.571703991328798
2.574169685695129
2.583438541687111
2.596327261836807
2.60971072740607
2.620224052905543
2.62407453872862
2.617120607143875
2.595255845967676
2.554973402172438
2.493921088661712
2.411317677608697
2.3082040664579
2.187560997725573
2.05431128928644
1.915173498878288
1.778303913580637
1.652694348116095
1.547369435078527
1.470470809006846
1.428252902540928
1.423936455884913
1.456600922562808
1.520961213734527
1.608889042280558
1.711272217660163
1.816956416814044
1.91079906516373
1.974641593571083
1.992059763253471
1.953321463473957
1.856901534246216
1.707731543099
1.514066093684213
1.284620825186729
1.026967750785749
0.7472652073629584
0.4509091911417807
0.1438835212269396
-0.1656502487686346
-0.4663834188414867
-0.7443237458804685
-0.9849472689847479
-1.176585472338024
-1.313963229679292
-1.400312581180321
-1.446528168611209
-1.467053045749504
-1.474384445337127
2.432573360760429
2.442942242076351
2.461460927879962
2.485868415868002
2.513213956141465
2.540224582929995
2.563494801373952
2.579485003510521
2.584446853102905
2.583973915025822
2.583840319008684
2.583857187280754
2.58390055215635
2.583801669981796
2.584270781171775
2.582617114215567
2.57957072606332
2.580276761171048
2.582777530142167
2.584954057548493
2.584162752896755
2.577053762100586
2.559744446465061
2.528318800225617
2.479437603004031
2.410837719721782
2.321637165822357
2.212501059856596
2.085765762398782
1.945568333485219
1.797947507396815
1.650832136734789
1.513843077916107
1.397887759195596
1.314547912862257
1.275132230546314
1.28895262774181
1.360256940665547
1.484336397149174
1.646098788283771
1.824824986206088
1.999339246482043
2.142607061694737
2.22801283354231
2.239156795720093
2.173006853914937
2.036895453518011
1.844415632619391
1.611695340193781
1.353642651985869
1.080708000861313
0.7975671047852514
0.5044390614474403
0.200576821115453
-0.1114912790684008
-0.4227848450704267
-0.7172708664943936
-0.9744532697360954
-1.174694337047367
-1.305879358534874
-1.369115222415563
-1.380395814924859
-1.365725517007579
-1.350516502217648
2.361740747419978
2.377445439975351
2.40570836258759
2.443313618508649
2.485728848953613
2.527663885535385
2.563633966500264
2.588237952112487
2.596125328779281
2.59555408092665
2.595345739093456
2.595433328764444
2.595554527129515
2.595411231995581
2.596371237581756
2.593410953547012
2.585050393702645
2.578963230461034
2.574183452701012
2.569180793175359
2.56141616499417
2.547338534496037
2.522911255878469
2.484357802798415
2.428731084296545
2.354141810135513
2.259753566424157
2.145763280931485
2.013531720920589
1.865907267720771
1.707678288605916
1.54602143283386
1.390783297309922
1.254445859399007
1.151688657342165
1.098508198801202
1.110643912385707
1.200282156854372
1.369277933263304
1.599927530146531
1.8543389957333
2.093522002079272
2.276650426159393
2.37378261112603
2.375259800373414
2.285848316755401
2.119060821852238
1.895156111043591
1.637998159074473
1.369080827769606
1.101562366456038
0.8377776555484024
0.5715050193768804
0.2937858617400344
-7.038189695996143e-05
-0.3047948430381035
-0.6030261737492197
-0.8680598644543588
-1.071095187803965
-1.190998984879178
-1.223775324019764
-1.188253282013642
-1.123613610441097
-1.07473843396288
2.276116910754203
2.297577184049995
2.336719658727107
2.389721638945857
2.450379734129604
2.510721226559293
2.562275417418718
2.597104195754213
2.607922088451865
2.606994205800909
2.606767797647797
2.606982269459444
2.607245500728531
2.607119891684129
2.60857954670103
2.604141568007635
2.590823556618732
2.580085761331764
2.571554235591901
2.56355897688865
2.55274574927861
2.534688579772921
2.505080328147296
2.460654712231837
2.399392971772307
2.32018149899833
2.222367613367289
2.105571313036205
1.96988796530775
1.816449093916227
1.648232347278436
1.470970976169993
1.293950007924297
1.130398935471378
0.9971982131125853
0.9138387068263759
0.9009456591774989
0.9784982424258738
1.16141400949996
1.44484686481802
1.776120131404762
2.060895214473189
2.251267897775622
2.33654125303335
2.326075430490808
2.227401227274361
2.051819375837564
1.821730358155972
1.567239049757093
1.315461025735297
1.080966627505846
0.8629351531796634
0.6490830527030671
0.4232696928440411
0.1740063784426657
-0.09806051785127232
-0.3761572265769968
-0.6296549584353337
-0.8229336037184052
-0.9273367728189621
-0.9321890651931651
-0.8530953803344079
-0.7358103403450754
-0.6460268869058602
2.18392673387795
2.210568256156536
2.260044686987059
2.328721687336983
2.409185324609891
2.490431843287321
2.559950610329531
2.606257792709569
2.619756793566711
2.618194975763576
2.618029674993164
2.618485425265816
2.619003783367625
2.619024133982951
2.620952009696647
2.614957382042567
2.597415756914617
2.584854360714616
2.5767263396441
2.569836477959901
2.558734910899073
2.537754036219237
2.502913648413641
2.4524296999052
2.385959226829439
2.303463351731747
2.204429023732632
2.087714031707645
1.951941608100753
1.796278684411055
1.621476186379627
1.431088888263876
1.232732975192523
1.039062727137369
0.8679507346198616
0.7413918137223077
0.6832489469543309
0.7172187088236667
0.8672689189520684
1.156901029539555
1.568563648366668
1.852026496692071
1.984420554168054
2.026239800205493
2.008261890448898
1.926108813412107
1.779576812692089
1.587847133574793
1.381567505907597
1.187684810647795
1.018482638784616
0.8704133790244323
0.7295184434577262
0.578510931166258
0.4037729699801801
0.2022108919753471
-0.01349526610554532
-0.2155780338002335
-0.3702882845852101
-0.45010003162042
-0.4418563865114012
-0.3520916115787069
-0.2138715184835743
-0.09429108204924486
2.095507589432762
2.12610479223183
2.183802388990056
2.26581886457323
2.364676223003458
2.467219915704485
2.556378994964124
2.615426716177584
2.631420554734957
2.629018466542445
2.628986483872672
2.629909892946594
2.630878719605392
2.631293347877955
2.633561018886816
2.62611061628511
2.605985734606754
2.595828659802379
2.593079430227876
2.590491676983472
2.579328502306664
2.553491564252364
2.511104620255975
2.453285191392559
2.381882672202394
2.29776841316626
2.20019694352693
2.087017182505471
1.955342321696827
1.802430515820451
1.626719645127622
1.429071532902153
1.214267734090875
0.9926152650693914
0.7811407176745391
0.6034281531217478
0.4871681801313982
0.4594441748184859
0.5418590316984331
0.7542039698309542
1.163822833102941
1.380310606874068
1.373936772869149
1.354507677379746
1.334497530303573
1.29905330491743
1.238726348432994
1.159853562534717
1.075288571560864
0.9956207133236457
0.9246808778865808
0.8609628368768854
0.8000021068751572
0.736336889309285
0.6656026729946831
0.5864164428098918
0.5025961671897717
0.424264053123288
0.3642366609025576
0.3313236661020448
0.3294873007027861
0.3572584592755123
0.4180999162636968
0.491523481350892
2.022734064428349
2.056613254294346
2.120066072353722
2.210208297982772
2.320905303836082
2.440413547451981
2.54924939524712
2.623321015724644
2.642730064778662
2.639307310049796
2.639382843385774
2.641203236614979
2.642951818374126
2.644222119293388
2.646469821612448
2.637876355104647
2.619083610748246
2.618268067994042
2.626150120601423
2.62797277539853
2.612408804912951
2.576202878857216
2.522422727965213
2.456082121722613
2.38077082167255
2.297373537278268
2.204274674754816
2.098154508518069
1.974846212065984
1.830115645206876
1.660447006817322
1.464010107718986
1.242023933557229
1.000694219766405
0.7536116100960721
0.5237381527562404
0.3431819735219597
0.2494992462953695
0.2818182885387855
0.4878431385009583
0.953047010679676
1.165212709881203
1.102934120347961
1.101093300705261
1.085058514445996
1.064724990061346
1.037421136562464
1.003592723467514
0.9668075599058721
0.9297461701243939
0.8927190306290405
0.8557175029705142
0.8189529790677791
0.7825908428177277
0.7468970318575887
0.7119488924467611
0.6782243006624374
0.648119633769642
0.6253077996775747
0.6099081812684338
0.6028986757722755
0.603937126726066
0.6185493461709485
0.6458320559293109
1.978201547751648
2.017092918856026
2.085763339106099
2.176852311252859
2.285856073913552
2.408934690364328
2.532338014593414
2.625693839162296
2.653627621415534
2.648919465615259
2.648750348894697
2.652276885225587
2.655364487282132
2.658346877603272
2.659717006598703
2.650851610567942
2.642960973442185
2.662169830861846
2.682911150192631
2.681931326181102
2.651396818891188
2.596915590100854
2.528636978081125
2.454463030713406
2.377785539915196
2.29808937911111
2.212365393523237
2.116283290419684
2.004929862075951
1.873277062907076
1.716594824811072
1.530997590847139
1.31435634767999
1.067973662539037
0.7995924764317802
0.5280252156098124
0.2882991536463461
0.1342682160930567
0.1366615551731195
0.3808915648553972
0.9667853613131842
1.228713994714726
1.168309420690434
1.178862905134817
1.163158222468184
1.137444386409576
1.099901846189024
1.05123419057962
0.9991999615948411
0.9494729091479255
0.9023034290019534
0.8567239828997584
0.8118485730326029
0.7665598749189643
0.7200697109870151
0.6715805204220114
0.6217290189466118
0.5757527941301009
0.5418222941403497
0.5204603194280863
0.5136753471904969
0.5207683191764597
0.5432363726126298
0.5749050458598994
1.975726237900126
2.024713644542198
2.101208711309053
2.186399085016117
2.275261770942134
2.376256432566584
2.495112803359465
2.609695684000122
2.661803384906954
2.657575809798968
2.656180413426139
2.662965628882889
2.668379943002571
2.674668420377805
2.673522794167261
2.668797572540736
2.693151780859731
2.743062214195861
2.766892208782229
2.743870671619631
2.683271789925053
2.604584803075893
2.522850847465234
2.444773064121712
2.370723989819743
2.297748130422449
2.22155344473417
2.137397750261196
2.040356788214604
1.925392501723378
1.78744477922878
1.621648882717852
1.423783986034792
1.191263519878669
0.9255479779465255
0.6377236640901689
0.3588704511014986
0.1526689438605324
0.1184304685128877
0.3693065558540914
0.9931617863178862
1.22802737366434
1.158280672237157
1.169473575949744
1.153865754223381
1.128379596636717
1.091116499039424
1.038958925493166
0.9850832398626915
0.938194287443686
0.8957060620578263
0.854723468147368
0.8143086852930991
0.773435028613046
0.7312995903102202
0.6853099055093573
0.6337245154830816
0.5841316799036385
0.5501533853462428
0.5280716346029242
0.5199153563936499
0.5247441003367925
0.5438355271742459
0.5753104895483948
2.035094298488235
2.098959364957476
2.183970656718523
2.258891949227444
2.314767333295215
2.362419210496419
2.431941296502432
2.545989027760771
2.651718779792539
2.663617054950427
2.659957516532874
2.672911837505241
2.682439202573175
2.694833669077811
2.689268305765883
2.707286724691571
2.800837970577516
2.874218225469508
2.866227146710549
2.791847087006094
2.690453540046627
2.590410236595527
2.502726152666128
2.427402302376314
2.360143904766107
2.29593171788672
2.230120874627576
2.158418927691125
2.076596833523349
1.980269656548888
1.864827404523946
1.725529208200355
1.557777908661006
1.357634748938227
1.12292396906213
0.8564370120365088
0.5751151153146852
0.3293976876665035
0.2249341306375828
0.4117938245383705
1.013983948111379
1.239178758246159
1.173641271625558
1.187459743797868
1.173265467234488
1.146536737375115
1.106246709176665
1.040250776931439
0.9753740416408514
0.9283777690147301
0.8898860696210298
0.8524924566208045
0.8153603294997793
0.7777066373372398
0.738809650338963
0.691817150656779
0.6292952385346086
0.5653131722160089
0.5274713325723034
0.502562367845625
0.493254936053754
0.4979308683923472
0.5184473277683662
0.55363585650975
2.194646750932048
2.261694826720468
2.337909406916017
2.400928972478233
2.432737976599387
2.41527393599054
2.373165369265259
2.402819673035059
2.577887785369084
2.661686782619759
2.658674882558473
2.681914408787585
2.697987768963978
2.720069471938906
2.710735122811561
2.800561044159516
2.999852486979739
3.038110551619759
2.939061855711082
2.793754736409056
2.659871082512661
2.554018945853103
2.472398428159865
2.406293633900005
2.348273048107766
2.293137177173291
2.237143501837683
2.177144982366574
2.110049343266771
2.032551491366661
1.941049021907234
1.831732510164702
1.700913885282178
1.545614091077071
1.364125983954021
1.155941740521981
0.9221778021168379
0.6756307817486422
0.4793639654980526
0.5063486676633782
1.012150799683236
1.247242908244781
1.196076922369908
1.214325172128308
1.204451220174261
1.179047714402565
1.139309572022156
1.04698305200347
0.9604328865888024
0.9135357094484577
0.8825792450439868
0.8503748869300364
0.8173473589604596
0.7841201699283183
0.751144689625014
0.7024271914227797
0.6186338260326391
0.5275859835892183
0.4894042367702089
0.4636841340655284
0.4542916944394667
0.4588080722641262
0.4797335791880687
0.5182951112564276
2.533192894998709
2.529811963517317
2.544653878353172
2.599343402205908
2.63824494239598
2.590054130322037
2.424544422817129
2.241906202557512
2.399355111662879
2.640114167950157
2.654247514244707
2.69067818246137
2.71469104744983
2.747808539597302
2.743062757932409
2.963189795951239
3.250059016619845
3.141103149405867
2.919235348893889
2.728599107758273
2.595927751163944
2.506197653766225
2.440498286072149
2.38637817826902
2.337309210043914
2.289947206217886
2.242173254087704
2.192171458924431
2.138074153279884
2.077823896744587
2.009134469055217
1.929572314811835
1.836858179035021
1.72954715942065
1.608086946549295
1.475049286122904
1.330358666603654
1.158316160457004
0.9310025799276931
0.7188383851288485
0.9484735772055055
1.242375258058991
1.228109626802614
1.252963882369301
1.248317400010853
1.222073700628511
1.175386784268325
0.9927398313950673
0.8888291295215055
0.8691142651168395
0.8646209333472507
0.8441709882062569
0.8201160722751353
0.7990522283650654
0.7923330728905248
0.7700618605651957
0.6722211709975946
0.488365943323386
0.4414640490092525
0.4118709103479229
0.4007730475376239
0.4040672538764203
0.4249689442899374
0.4866586340692698
3.186475415228389
2.891476929099677
2.781503704634245
2.84100467508607
2.897632472225441
2.870158020775971
2.714525658308133
2.377452210884363
2.301302065245999
2.630937425987644
2.668881036522754
2.705797741599466
2.729610663844389
2.762127020938
2.766157487746358
3.059352683679407
3.294486904935513
3.022322042476067
2.774064916473332
2.616595350381027
2.523595764927663
2.462838930489566
2.414596674906064
2.370621379819715
2.328307466031402
2.286715781812822
2.24512823896675
2.202779598464436
2.158846266386863
2.11243054861987
2.062553810972078
2.008214052347566
1.948535818154848
1.883054992784432
1.812510250811146
1.741186468893155
1.679876832572444
1.634569379481433
1.546520565400843
1.244823791343158
0.9503593401368932
1.246920156629919
1.284715333319889
1.314888235792134
1.32465381720854
1.327422598465771
1.35285469333994
1.205773611808373
0.7692503014771905
0.7824517950629115
0.8559396287042774
0.854120495790104
0.8226952934373245
0.8157298126906058
0.874484540769219
0.8725413544031282
0.4468214564273054
0.3072358848247654
0.3334818609511842
0.331910739358073
0.3298279071410783
0.3329878865450228
0.3391994781251823
0.4430290764959323
4.266647291354363
3.33450838091477
3.103006432809186
3.128418039258169
3.136117858636981
3.108507506844427
3.114479081059191
3.113070973674283
2.840649641618478
2.710004327866117
2.736744505252005
2.73878603573051
2.739564621286622
2.744970697104522
2.751664318692867
2.704197263518697
2.695297525866391
2.659753281067565
2.58841315694101
2.519881488783458
2.471924755560192
2.433588388428511
2.396572492336149
2.359053052718526
2.321360787656093
2.283769399256982
2.24626320960116
2.208730743673556
2.171060316801937
2.133147702546123
2.094895100671262
2.056239710952534
2.017199675829465
1.977815507959273
1.93788008945656
1.897484568723076
1.863199044448955
1.863142839520354
1.93629820716244
1.948006756938042
1.514807132610394
1.372019960228435
1.39984972311289
1.404533916628758
1.414529683028905
1.443251568174597
1.480488728731215
1.769655974851926
1.453264252292861
1.124589205686051
0.9992106819952944
0.9087805063294168
0.805156452025818
0.698054972495994
0.5372449112489733
0.1689899761169916
-0.1253243334555665
0.188276698727524
0.2225476604059518
0.2452677382789909
0.239032545762709
0.2103305704151671
0.1284583165577498
-0.01126606083675153
3.709464828001964
3.42052348071719
3.322385301318584
3.261942629780532
3.20998110451157
3.162891982055603
3.133187354308641
3.106236153137485
3.005057668694176
2.847281059784143
2.804405196725488
2.771514915125503
2.748492636844496
2.726797535991007
2.699319832041657
2.618743684565718
2.576198540560214
2.557207909765362
2.52916975025046
2.495781481790186
2.461915757746187
2.427315476379253
2.391845470988765
2.355778498167591
2.319406029652664
2.282902037954301
2.246362094602016
2.209853160105316
2.173437190954114
2.13718024218195
2.101159282048406
2.065469500469409
2.030233169345171
1.995597354058199
1.961708208283392
1.928713720757271
1.897506545358904
1.871485420700202
1.86192033240663
1.837773652252893
1.731159090609246
1.55104146118172
1.50657926441987
1.482113111108427
1.478067500075977
1.502076949743725
1.489530234016091
1.777236520000321
1.967543573983061
1.677244358739151
1.339837764860591
1.030670171337173
0.7240199519448716
0.3915279926933771
0.01329982192000555
-0.313187093506493
-0.1078352954102189
0.193128834198779
0.1800439410799872
0.2046026732569591
0.2008315569541764
0.1828411528286073
0.1416238953910794
0.08127870452590311
3.410344969200039
3.316600570251737
3.264788351982569
3.216805328289744
3.173216668356316
3.127981158698461
3.083256935538711
3.032769644957066
2.954096933128106
2.869043637149099
2.825519242213042
2.787797697561451
2.757427120502852
2.728956861901973
2.700371367783039
2.656484182281955
2.622532377024689
2.588214353308265
2.548666635871008
2.508211738039475
2.469313846478015
2.431575513709179
2.39434562836095
2.357273762189325
2.32024922503266
2.283242670534923
2.246239090016348
2.209224484551591
2.172186234471484
2.135115217268736
2.098009586015938
2.060882229300921
2.023772517632549
1.986759850059342
1.949995829137563
1.913773101474535
1.87878622161716
1.845417678463204
1.813490790935366
1.765968655837151
1.679720922639274
1.589443647238348
1.551644193799514
1.527743383586203
1.518616241105037
1.536216869945298
1.488724106444766
1.718150685635585
2.164068391866888
2.056210950050331
1.661899284595786
1.164092999380973
0.6372827168710548
0.119346479983719
-0.3084587413866197
-0.4496337440613857
-0.02253806895659796
0.203639957465691
0.1593513009483695
0.1781659289881686
0.171296968705244
0.1539774634872138
0.1195465043708296
0.1004689179580334
3.334106562304273
3.294280973187342
3.262248064122417
3.218553442326361
3.174338590878645
3.127411826648193
3.079032755452009
3.026410975094585
2.96073119792471
2.892576131678589
2.843391604393184
2.800048717172173
2.762803040736749
2.727712624339317
2.693025459699558
2.652195375471645
2.615889273506561
2.580165745321156
2.542883193563658
2.50516512233677
2.467825113689345
2.430781598981913
2.393859956021795
2.356961728154152
2.32006055845991
2.283152563759402
2.246236725442463
2.209311179339607
2.172373575616995
2.135421476044616
2.098452963745544
2.061467325345179
2.024465472830825
1.987446537154041
1.950406107658359
1.913323213898943
1.876228473002656
1.838758409103809
1.800125153566049
1.753227964283707
1.689158715446418
1.624799284414405
1.586030681766543
1.560479871804577
1.546985803888989
1.559998889888498
1.499602581513537
1.717638433766827
2.237775834831411
2.235361581384516
1.850438422500519
1.255866984981058
0.5943466825559172
-0.01279090907487166
-0.421870908319491
-0.4609544573765145
0.003020340148936891
0.2016308959512126
0.1490131298722878
0.1645279299656738
0.1571831017646532
0.1429247180651675
0.1145092473225969
0.1135803335257913
3.332459746051999
3.292892592535632
3.260761041190309
3.21662170372699
3.171584220740599
3.123390332009937
3.073012413767583
3.019758769033373
2.960884942501267
2.901688022006816
2.852045665490637
2.807087174104708
2.766843372091977
2.728976921804003
2.692249844508176
2.653437222959639
2.616656181734053
2.580137629033624
2.542960021925184
2.505534891999471
2.468240161987532
2.431100654053102
2.394063345960193
2.357077410233342
2.320115603703096
2.283162623019428
2.246207843940347
2.209241959151327
2.172255349137628
2.135236469822949
2.098169967676598
2.061033661774876
2.023793603634143
1.986394532317603
1.948747138133803
1.910701856206457
1.872048919479633
1.832283580476949
1.790738594345682
1.744816320294212
1.692176352072255
1.641539635548618
1.605602035650602
1.581098289039516
1.566142707365415
1.576257504670125
1.512807453730974
1.738597569607566
2.258044987535039
2.272828707997195
1.898825860942835
1.289261325260795
0.60107258195082
-0.01458346163835207
-0.4060613629694957
-0.4326953000439956
0.002346633593161956
0.1952867291045279
0.1428025282238335
0.1556102845256245
0.1483470024815368
0.1364897061117943
0.1127403963573783
0.1191556663013343
3.406162840809946
3.313366802356855
3.261602950791417
3.212717133652741
3.167181591162306
3.1185480575351
3.067030698740728
3.013008781316786
2.956324292250736
2.900234321640872
2.849914553382547
2.80396388255379
2.762389474268274
2.723655318842883
2.686623447975648
2.649370561813897
2.613221506473913
2.577199172072133
2.540813867760248
2.504162004045275
2.467406588048171
2.430604178726019
2.39377623666571
2.356928749186104
2.320063939196813
2.283180136597788
2.246272379490415
2.209332514544523
2.172347950979303
2.135299062417614
2.098153622030019
2.060857827240749
2.023321882123186
1.985398222224303
1.946855718415504
1.907352307492475
1.866451686465063
1.823596444976094
1.778374182126951
1.730221503078801
1.679634991833838
1.632340515585978
1.595892289837948
1.570919815736897
1.555702500501702
1.564856837600708
1.51216145470555
1.763871329089647
2.220834311603384
2.193786305519766
1.830406629953214
1.268715309822195
0.6407879534595184
0.07582784227554445
-0.3014528445858317
-0.3697289868370477
-0.007511790655451368
0.1993656889898765
0.1581746113955681
0.1705530230868958
0.1648910974957532
0.154945742234472
0.1335868907200516
0.1295842613488145
3.701400456766263
3.413774105151675
3.31465668423872
3.251278109525519
3.194306456352873
3.137872788510781
3.083243334438598
3.030061920727211
2.97728566472655
2.925699087353048
2.877289863542689
2.83117289065781
2.787315073835455
2.745075642394548
2.704037512761464
2.663386381706203
2.623802307233053
2.584832033051776
2.546213420514225
2.507926042561655
2.469961952521765
2.432260951902042
2.394759673417669
2.35740503161082
2.320157984684926
2.282990453020937
2.2458827743749
2.208821196734353
2.171795849134442
2.134799923080388
2.097829438303408
2.06088459313301
2.023972586671526
1.987110764428651
1.950329678598924
1.913670192735257
1.877195860667675
1.840962511728325
1.805083713373727
1.769476407701867
1.734334401357572
1.70215804622169
1.676266057141573
1.656928571408137
1.641508978122446
1.638740742375619
1.584660878584166
1.764260039075
2.067732356172603
1.985851119534443
1.664579733713644
1.204223345627518
0.6961288754387146
0.231096602496889
-0.1048137853090678
-0.223408227020741
-0.001835513959358291
0.138840433276143
0.0962886828632943
0.09636891515632724
0.08752044400151797
0.08034744736559807
0.07254665239064992
0.07648242261649818
4.262695031509528
3.335104284642971
3.105788823930999
3.132088076559166
3.141655918281115
3.104843120106772
3.047672497939987
2.98335489618565
2.916067040385443
2.85084228714253
2.793574924313682
2.746345425157262
2.708530388288249
2.677304159668509
2.649222636244355
2.62144886025469
2.593049703869685
2.56322053570767
2.531550861588269
2.498207930355748
2.463622881973554
2.428223599086361
2.392338439217231
2.356171434848696
2.319826505331151
2.283348985437591
2.246757804220778
2.210060453807804
2.173255487345221
2.136326969872498
2.099231078556134
2.061868203147326
2.024027499574908
1.985281231695941
1.944806421485188
1.901154041896444
1.852120667428836
1.795025285159193
1.727720408926254
1.650193338661501
1.567006319865285
1.488986359315533
1.429090858358369
1.393943377778722
1.374694122119508
1.354978363433781
1.335886025357131
1.47650479156677
1.703726705873472
1.646006245215125
1.426417207802147
1.108418388495103
0.7540274983953806
0.4270941031400854
0.1867607444017941
0.09048031602703001
0.2440052917833644
0.3470277277031067
0.3330474197439924
0.3239412723997627
0.3224470979925378
0.3331347331636749
0.3521305650544764
0.2556082318683766
3.182470201602303
2.894051879294078
2.79257898271309
2.861817251670187
2.933950879052644
2.942961320240738
2.896754315698473
2.81614575588805
2.719417578131406
2.624928087806483
2.5490874373991
2.500540139037495
2.478506674971797
2.475475195907728
2.481698577091823
2.489073149270808
2.492700072203485
2.490007233248557
2.480005620969846
2.463089232237941
2.440579648280036
2.414039418382524
2.384773655737383
2.35366042109614
2.321202097414123
2.287646700386023
2.253089603734509
2.217530740310404
2.180891719618401
2.142997520924541
2.103515529126911
2.061828881070352
2.016806788776232
1.966429683701441
1.90726406377852
1.833925087182039
1.738976102571148
1.614115422650931
1.453602631734942
1.259951689447022
1.049360853889511
0.8512125586822747
0.697871990655663
0.6097356896820451
0.5859290871329719
0.6148719097591382
0.7073651744485873
0.8931507874579847
1.136756827540822
1.216533167899066
1.14967152655654
0.9942680483299831
0.8059932587129871
0.6374234702674585
0.5413944523738462
0.5712654500685046
0.746755323740806
0.8943917560548849
0.9854681197021764
1.043460142689534
1.082246753091863
1.101559055727608
1.091711078735751
1.037222087954422
2.494310088902034
2.497286521730547
2.523900509149803
2.59876483532683
2.677945313023638
2.714253198949453
2.694530998154174
2.630185023894849
2.5419488727411
2.452091228396999
2.379415137523504
2.334911839167735
2.320010739689864
2.328536511400871
2.350744313129703
2.377182096820185
2.40079723871097
2.41732904586374
2.42487130376719
2.423343076767353
2.413873761302246
2.398098357720902
2.377574510186133
2.353473461839704
2.326516946454893
2.297044263922273
2.265107789712653
2.230542864276122
2.192992010196849
2.151873410521757
2.106277948374491
2.054769821615234
1.995066327123799
1.923603731011969
1.835091927665945
1.72235373949876
1.577010802531845
1.391735508288325
1.164431059916514
0.9033903320973922
0.6304192161868267
0.3781119445467807
0.1804951583953076
0.06176855630576294
0.03104391241132579
0.08732239024470552
0.2259565988587258
0.4254966014638422
0.6414606671590195
0.7989687118078468
0.8693056380531123
0.8727554167746965
0.848134772101097
0.8372945899294217
0.878848649300342
0.995891234809602
1.171766314811804
1.352507027474279
1.507064701619496
1.622191078175516
1.698395473492433
1.73678871086467
1.741747472209604
1.732009840010762
2.093673297151188
2.16730300727988
2.25788597085174
2.347817581695514
2.426110837726022
2.4737706775242
2.478356334626026
2.442868747249016
2.382067896862425
2.314924469181716
2.258414090344543
2.22357687160016
2.213942074568673
2.226431639260184
2.253947001732811
2.288282273518468
2.32228186130662
2.350915435962603
2.371414490899668
2.382895697579321
2.385786019423217
2.381204356806315
2.370422373075179
2.354499764291423
2.334111179284931
2.309512986445422
2.280576803810278
2.246830777460729
2.207471353722413
2.16132172601336
2.106717937922975
2.041310058617391
1.961790209625069
1.863620775687602
1.740947515763001
1.587025113656644
1.395569159152107
1.163301706340756
0.8933838126504289
0.5984660660560082
0.3013399037820413
0.03171237580329135
-0.1802627908025573
-0.3108353324326827
-0.3468704634754626
-0.2876814803871218
-0.1475179531307708
0.04392857560425056
0.2531952697106838
0.4537082963712163
0.6225938644142401
0.7579036003665506
0.8762678481056945
1.001362681187967
1.152501156893727
1.334503448508086
1.535573337420328
1.741026030875008
1.930243612725777
2.084458119936711
2.195252050256543
2.263633744057944
2.298929414290682
2.315112800186876
1.852627275423637
1.922753237632897
2.020948827527634
2.116800605499933
2.19653995944108
2.25163658017539
2.275884455170834
2.269686199920579
2.241282483507664
2.20347967990585
2.169165946744117
2.147940309290864
2.144477151118263
2.158544979440373
2.186256231144299
2.221879529653528
2.259560941240745
2.294520298365996
2.323568306516952
2.345069048710207
2.35859666525183
2.36448599195655
2.363397018952602
2.355964249615142
2.342562571955747
2.323181932354686
2.297376843424631
2.264250042219401
2.22243588985065
2.17005928093536
2.104657503349688
2.023071804632199
1.921353049566463
1.794788200034649
1.63822956292316
1.446950891603078
1.218181311840392
0.9532002587372853
0.659434796589554
0.3516128652654811
0.05108090569024767
-0.2169216487346135
-0.4273356435188513
-0.5596312142756045
-0.6018263122608114
-0.5540209802664798
-0.4297372320463307
-0.2510976474049995
-0.03898639446243074
0.1921435691310446
0.4283428748062502
0.6607795715911448
0.8894980804607624
1.119814238989064
1.355458991027684
1.594532368914772
1.831802397491465
2.061881818082029
2.273813500954788
2.454200221086916
2.59414473044808
2.692748298820131
2.755344250069448
2.787679863178965
1.697976619886102
1.750542767248729
1.832765926937864
1.921409079161496
2.000623448939155
2.062381779570511
2.10286164254336
2.121770922724056
2.122955326966425
2.11360938845005
2.102133868606702
2.095890928531099
2.099695287884149
2.115256847608804
2.141466333193637
2.175255880652144
2.212687021447666
2.249924722573652
2.283871504783873
2.31241063711722
2.334349791960795
2.349196732212465
2.356869465074156
2.357406477157029
2.350717179239708
2.336391656718666
2.313570135165931
2.280860603212219
2.236290133173533
2.177280378278124
2.100649538732914
2.002663446642837
1.879188944840823
1.726037398319476
1.539603116460491
1.317862302474921
1.061667811212247
0.7760651511444476
0.4711662394773938
0.1621137405211865
-0.1320631032747514
-0.3905168262146376
-0.5932097866086226
-0.723859522182959
-0.7729841715834206
-0.7401504432355739
-0.6335314808552229
-0.4658355296454443
-0.2494701507181242
0.005041690396391103
0.2870704087883411
0.5856365475417239
0.8914360767738939
1.197368697580205
1.497392419463327
1.78617577144212
2.05985768914558
2.315002568877641
2.546098643500799
2.745821637581467
2.907990605511187
3.030040794694683
3.112360344195427
3.155690446038118
1.595453469292432
1.633020638310223
1.696412306697712
1.772159647086433
1.847503754815458
1.914018775427577
1.967297503651746
2.005799120436012
2.030478021176026
2.044563615532921
2.052807405352693
2.060314872159966
2.071410180527536
2.088854253838283
2.113539982162182
2.144646961319719
2.180129653850436
2.217343761804042
2.253618551945598
2.286650447624268
2.314683983850372
2.336510962205395
2.351341311445024
2.358597889329525
2.35768075962533
2.347738588058723
2.327475033547449
2.295008543281551
2.24779852462055
2.18265143462117
2.095826446352263
1.983269628846388
1.8410128738723
1.665769023541535
1.455723033577733
1.211448729579433
0.9367803328846166
0.639383193924344
0.3307724333761319
0.02566519559375739
-0.2592384826134949
-0.5068253664257049
-0.7013185203588835
-0.8301188641950659
-0.885472948386205
-0.8652687929275725
-0.7722784386686133
-0.6122623445925863
-0.3924551359379564
-0.1213158460599146
0.1909479476431718
0.5318471219202802
0.8875038061106558
1.24443074565545
1.591195936295266
1.91954158429128
2.224365634326216
2.502345148109271
2.750482868939577
2.965284897562811
3.143045894895148
3.28060015296575
3.375532963700121
3.426043033897828
1.530442101587904
1.55829148017601
1.607774945995533
1.672000075996563
1.742412943417099
1.811355434417137
1.873410085541138
1.92545439378334
1.966391820351585
1.996976984596077
2.019551182339403
2.037505157909446
2.054525339513853
2.073817485162752
2.097505822227235
2.12633861186355
2.159731117506166
2.196077620066343
2.233200538826047
2.268794586180564
2.300759672815726
2.327372087016275
2.34729274441278
2.35944273725921
2.362791982015283
2.356111474469199
2.337737417006367
2.305390065957609
2.256085305239077
2.186174506786459
2.091546425104058
1.968018161162661
1.811922816540953
1.620862609067796
1.394538009229458
1.135499371954922
0.849627352574689
0.5461688942610951
0.2372544494105603
-0.06303159525495064
-0.3398396754404345
-0.5787976052545076
-0.7671612612751803
-0.8947600576432642
-0.9545735200913797
-0.9427833457514279
-0.8584178544186498
-0.7030581180747091
-0.480952660598826
-0.1993615131144726
0.131222596213548
0.4971146458209955
0.8823639596164318
1.270754548407088
1.648126869915805
2.003945509863234
2.331500217268862
2.627033581579915
2.888491524106093
3.114196085321569
3.301889130995835
3.448489526704166
3.550550911765098
3.605152591471171
1.497283261698308
1.520197325893482
1.562365872810909
1.61996302353541
1.687045673767216
1.756859659951588
1.823476745895996
1.882711871960272
1.93227953562269
1.971677421663283
2.002030263219456
2.025799030652823
2.046247054947683
2.066722318446635
2.089942603092503
2.11747995767272
2.149562226830065
2.185198134557051
2.222536048612736
2.259315458436605
2.293272974460561
2.322408251256017
2.345073477357406
2.359899557004762
2.365602812590386
2.36072959425223
2.343398666966908
2.311098513509264
2.260592758268654
2.187982798451261
2.088969187699974
1.959335044841803
1.795637666309912
1.596036341409376
1.361116369757755
1.094519103200023
0.803190645178232
0.4971378788296108
0.1887111409169651
-0.1084396990038839
-0.3805235358866139
-0.6146747104488292
-0.7997586553136148
-0.9267911188615406
-0.9889521441294504
-0.9813970962522816
-0.9012622459663725
-0.7481388212970582
-0.524849463289935
-0.2380799083663548
0.1014486536404394
0.4793951321130303
0.8789777707730645
1.282984468874436
1.676076624388538
2.046468137924596
2.38644879150935
2.691872567123061
2.960945987389481
3.192664965300465
3.385408770080246
3.536296895107374
3.64158176789164
3.697758863934077
)
;

boundaryField
{
    inletLower
    {
        type            zeroGradient;
    }
    inletUpper
    {
        type            zeroGradient;
    }
    outletLower
    {
        type            fixedValue;
        value           uniform 0;
    }
    outletUpper
    {
        type            fixedValue;
        value           uniform 0;
    }
    sideWalls
    {
        type            zeroGradient;
    }
    topBottomWalls
    {
        type            zeroGradient;
    }
    frontAndBack
    {
        type            symmetry;
    }
}


// ************************************************************************* //
