/*--------------------------------*- C++ -*----------------------------------*\
| =========                 |                                                 |
| \\      /  F ield         | OpenFOAM: The Open Source CFD Toolbox           |
|  \\    /   O peration     | Version:  2506                                  |
|   \\  /    A nd           | Website:  www.openfoam.com                      |
|    \\/     M anipulation  |                                                 |
\*---------------------------------------------------------------------------*/
FoamFile
{
    version     2.0;
    format      ascii;
    arch        "LSB;label=32;scalar=64";
    class       volScalarField;
    location    "5000";
    object      p;
}
// * * * * * * * * * * * * * * * * * * * * * * * * * * * * * * * * * * * * * //

dimensions      [0 2 -2 0 0 0 0];

internalField   nonuniform List<scalar> 
4096
(
2.716697884549067
2.765922276862703
2.856008562437558
2.978534412788708
3.120830922012761
3.2676489060786
3.403319118573101
3.513261660819333
3.584695443431681
3.606985246403182
3.571904124535458
3.473843551521032
3.310029928361245
3.08096711878838
2.791407160938662
2.452064037009591
2.08198439945301
1.71091377348641
1.380206444457909
1.140294864436926
1.04336944938633
1.132100969730022
1.427026151276142
1.912553492043571
2.514034947755432
2.681201667772649
2.603224186676979
2.600590775762924
2.571362795573838
2.526846317572734
2.465284590309479
2.390207331329072
2.309307075547575
2.229426663846567
2.153526927395553
2.08199699836331
2.014145058821812
1.948925181851028
1.885393595277166
1.822786770673716
1.760499254929878
1.697992367544448
1.634688717752286
1.569879483157764
1.502688264923413
1.432129895702043
1.357532167373586
1.279228302997282
1.199993978168965
1.126441290064009
1.065993282939675
1.022133245490261
0.993092306030247
0.9908262432045911
0.9134991632957103
1.080741732339517
1.704158454466831
2.26600786996245
2.683791783530409
2.942158912463363
3.064153243499634
3.093312967033322
3.078229472383077
3.05888046449286
2.733517814814841
2.786811736365397
2.882813898263056
3.010620350464893
3.155552321671711
3.30194839415888
3.434940417401898
3.54108189770775
3.608693733930328
3.628273193026736
3.592787876512336
3.497750897467338
3.341241756813087
3.124147161161238
2.85084148226012
2.530414971492307
2.178431283619361
1.818996804662212
1.486503476519412
1.225633603555337
1.087418090823449
1.119686484726817
1.35383087703742
1.795447920355827
2.430553017022497
2.647279275309891
2.569297101340917
2.569612081498467
2.541018476477183
2.499155194918457
2.442085664950418
2.372364866748148
2.297127353284501
2.222356044562237
2.15017210680631
2.080873201756257
2.014143205414621
1.949319890188684
1.885785491242595
1.822986238771721
1.760452642636561
1.697752980360601
1.634441141042157
1.570005551514336
1.503876815224989
1.435452534363245
1.364438263052282
1.291110559607421
1.217448196082611
1.149256985545819
1.093361851536597
1.052235599045655
1.023761216434151
1.024205292474657
0.9437599880671386
1.162858753902974
1.830726309600355
2.341276604577438
2.686414936149788
2.87496171206155
2.940719982419855
2.931746883659144
2.895361028027349
2.866993458896324
2.769583331178649
2.830817486903025
2.937873284184613
3.074288557080403
3.22234300211787
3.366625168305394
3.493925068782096
3.592557263811111
3.652687237718946
3.66693497989864
3.630484704980129
3.540782515315952
3.3972564997786
3.201327156726288
2.956728920669156
2.67006312309838
2.351584203091621
2.016473301422297
1.687113379859698
1.396518752493171
1.191163744817281
1.1287173074461
1.267984738728953
1.661005752658643
2.368865942408154
2.631844839886599
2.547105751054104
2.552705052616064
2.525239930717629
2.485017704046866
2.429752100942003
2.360254742933419
2.286007864759174
2.213946469027217
2.144733699438605
2.077696169941652
2.012481677853342
1.948546614466985
1.885486924369832
1.822933008704709
1.760567032674408
1.698092371801444
1.635210315556277
1.571579596684766
1.506839177675705
1.440509315198738
1.372269104837199
1.301508043098441
1.228810112864348
1.161017728881557
1.107152528724981
1.06791108078227
1.040760205636643
1.046935640102628
0.9598429316185552
1.229550827922681
1.971395559547878
2.423832847687308
2.6568316112084
2.728849330855475
2.701671614802702
2.632558271897666
2.564278390765386
2.5225662280151
2.834743741254001
2.908145084595067
3.029393761678065
3.173605729937977
3.321667330978786
3.46024622927208
3.57792154016605
3.664660598083021
3.713147066129006
3.719190197274373
3.680996515461485
3.598284801333365
3.471835488205507
3.30345187259279
3.096061560750912
2.853724191054884
2.581503474283624
2.28556688227916
1.974666854398057
1.665148794245725
1.391260028556087
1.217670323444285
1.242259234848376
1.57914084003033
2.342897904131037
2.629725248898135
2.540925969727371
2.550970889665105
2.525455630840275
2.485876069972205
2.429933102258362
2.354040543447121
2.274968847386173
2.203590551171934
2.137260627443657
2.072798194339328
2.00953015663421
1.946902394048701
1.884692292144527
1.822708550692336
1.760809377590871
1.698863499732945
1.636739520586822
1.574265485385652
1.511250631678472
1.44718482590158
1.381445172965123
1.311053897743415
1.233419253535687
1.159536902427193
1.105340302912232
1.06699352884885
1.041869224199229
1.052471778412828
0.9612944994392363
1.257243412377442
2.052295149838028
2.436355909619418
2.535468829526749
2.471038236066595
2.343073803952163
2.215238186268116
2.119088600771491
2.066778916775275
2.949184155382736
3.036353171139829
3.167051271526222
3.310597680598285
3.452101646838073
3.580203211252345
3.683104075122081
3.752307391432846
3.784391495667365
3.779416435726532
3.738765984188103
3.66403149812746
3.556836473379341
3.418993042630037
3.252548000228464
3.059524399319621
2.841344322876405
2.598118614225871
2.328529521052477
2.032665359399196
1.723303014815278
1.451811026799723
1.340353344913156
1.577825062515062
2.341445428505906
2.633806083746635
2.548533109171283
2.563306454905739
2.540771213040455
2.501026460593749
2.442517317078134
2.350436103178426
2.258670487231475
2.187583677015212
2.126217940852032
2.06562696709102
2.005070811609907
1.944247690615916
1.883286488717521
1.822237366004561
1.761153270392821
1.700088883940782
1.639100840966615
1.578240144441083
1.517638548849306
1.456979137872908
1.395552215555143
1.32484126671747
1.234174162826966
1.1445737187674
1.088377525725101
1.05018754990729
1.028068186689039
1.043010005308639
0.9557180369925306
1.256109223870919
2.042026658202079
2.313046879122097
2.25941319793547
2.073235210132075
1.875427134171849
1.716243444507884
1.608614025467476
1.552909682452578
3.15331035367584
3.2397933014214
3.3548676502196
3.481660030531688
3.610490660520885
3.7227028893205
3.803153047067742
3.847525202928372
3.858590841468859
3.840736570273828
3.797436356493859
3.731036424920747
3.643251936212264
3.535540100604701
3.409127017674621
3.264698265975368
3.101860014886254
2.918524167046746
2.710271954872383
2.469850899595583
2.18969844690957
1.880146322431103
1.625435959768818
1.660913780497545
2.326855652426259
2.638891581775681
2.570448432290586
2.592381414259324
2.576437433975048
2.539666899991497
2.482833403271432
2.358926466696235
2.241404052672062
2.170614508727063
2.118156390559615
2.062766371314638
2.004766042780668
1.944860191692491
1.884019548306574
1.822701695451944
1.761210499225139
1.699807523271943
1.638795543419649
1.578619203113883
1.520204462469852
1.464140079406814
1.410656617034085
1.339145151771272
1.221481104909063
1.10064022175627
1.04701607175055
1.012179607643413
0.9965567316344637
1.017717888391863
0.9475933755860032
1.259202183194881
1.931805388386059
1.992766449169493
1.787146514167699
1.543473132433283
1.341298509319584
1.191380391291663
1.090565194155128
1.037732367495231
3.526285327385358
3.538632959731186
3.581083752413776
3.679675787341558
3.794144816511078
3.88068709215958
3.926719003752845
3.938913646590389
3.926653283094204
3.89613449623298
3.850693202458564
3.792203434720145
3.721920249143575
3.640785553660622
3.549412594195563
3.447856179823487
3.335282648024232
3.20980434548333
3.068784479047085
2.908879230972984
2.722014668140599
2.484887469085513
2.172262394862269
1.900574132425991
2.235428304982784
2.627880583352012
2.605414059555344
2.636795697996653
2.628292005112546
2.591442986463308
2.525246048041025
2.285261848357194
2.141873554599651
2.101703507408397
2.07923629091228
2.034864917246895
1.983434312443764
1.929511827695684
1.874433728545519
1.81864429684361
1.762598056843857
1.706761678465692
1.651553380823875
1.597340785201663
1.545351322498517
1.499863895676692
1.475305047881745
1.432868619467608
1.287241729357989
1.05320455511735
0.9920442174400804
0.9576172798032213
0.9491026341707431
0.9780336979660387
0.9525313678062672
1.325836198690896
1.65210066718284
1.412537628235812
1.148357050200437
0.9604416443129429
0.820561228901174
0.7089822678591016
0.6248092197694047
0.575934750254363
4.201917879470866
3.920652627240059
3.82664734508982
3.906389076123005
3.996735736981571
4.036138766063893
4.035232293859388
4.013325624159578
3.980271442456147
3.93959876482581
3.892736462157952
3.840584799155177
3.783808695510575
3.722867052626045
3.658008356700696
3.589216812081496
3.516090498498374
3.437728214090574
3.353178817734332
3.263936336457519
3.177812035174659
3.097039455566271
2.950561539407465
2.549255513217749
2.233078552680988
2.630194096128581
2.673652751692035
2.712475557965233
2.723341059941736
2.725424506705616
2.750948320946029
2.566483091098954
2.031376726321768
2.032714078776698
2.107848277317549
2.090297924014871
2.030179699886734
1.962452591499332
1.894900371454569
1.827408113547551
1.759716696013842
1.691984954322911
1.624063835505944
1.555922989431113
1.495050887776587
1.475489236695099
1.546825017529856
1.544143656475054
1.006302227555127
0.8255218838155686
0.8573784625800831
0.861564321838454
0.8719197409940715
0.9068618328678455
0.945075948512358
1.310584055154593
0.982496491846263
0.6259414276402329
0.5217312844934419
0.4716393181018373
0.4070037079396425
0.3353412916604585
0.2705412423961583
0.2216497372084725
5.29282481915197
4.366452046886963
4.138612334283554
4.166849176410844
4.180453587026148
4.151505124781254
4.107124137506077
4.060504194819086
4.013702020470907
3.966286088506628
3.91809764588581
3.869267859011612
3.819947017426256
3.770228386674434
3.720169468468705
3.669832111935869
3.619306766526939
3.568583911042526
3.51712453097234
3.464280441298587
3.416439697277999
3.405807731071866
3.480782991544308
3.48261924294383
2.960801237221399
2.786357778312394
2.818272485486014
2.82466975567059
2.836918068331443
2.874816829150807
2.915882994338359
3.31143856457317
2.984404643808519
2.588611303197449
2.446327281440823
2.35652818992465
2.247263635233657
2.124275566255807
1.998535654482205
1.873113194841307
1.747347820221261
1.620073282989951
1.491349248548171
1.36531558032805
1.253567440963179
1.161299638232488
1.015265995504751
0.6134099210406938
0.2740046563076144
0.6651130298392618
0.7117408240804372
0.7503304237269709
0.7622822895493068
0.7661059012039395
0.7930119625801813
0.6223973561414757
0.1120585654021201
0.1269141829351546
0.2151020055628021
0.2160971811985332
0.1755995498945661
0.1279763184307034
0.08619630195791006
0.03862031867071863
4.73946212081618
4.449873309018849
4.350788369176511
4.287613299932245
4.231201205343437
4.175730954404624
4.122477214566127
4.071195646006193
4.021177657512373
3.971898203655793
3.923094945584553
3.874650182795284
3.826511963728629
3.778664145231375
3.731122806404247
3.683943228639648
3.637234812315338
3.591164832956265
3.545927092755814
3.501717331630078
3.459573221188184
3.423462132002025
3.407273075213394
3.372967482820129
3.23609151011551
3.008752364920766
2.951386374944916
2.920930682133218
2.915957362125718
2.948976685579534
2.925956012800338
3.319544425497292
3.655212617775792
3.388123190045971
3.073884038386688
2.81827667107348
2.592211936409433
2.374201908736642
2.159503636978588
1.946697037583434
1.732930051504883
1.514963770190419
1.291448151320207
1.063720678782787
0.830199364494682
0.5711748805735817
0.2553932508069588
-0.02027832794226225
0.2809039486972372
0.6602185818147618
0.6428761260769748
0.6752390457188368
0.6701892600070719
0.6390394321687672
0.581367811513766
0.3614533473586293
0.2376358131345023
0.2103340297350152
0.2004632159580283
0.1703871607067776
0.1337380424805453
0.09480358938203647
0.05634215026187842
0.01625184997090525
4.441555609583132
4.348287030686296
4.29698923211529
4.249137580007122
4.205513967473705
4.159987298875995
4.112999713057274
4.065259531712567
4.017174784021461
3.968876797974079
3.920419127873841
3.871838966980616
3.82316756814837
3.774431643083122
3.725657149285163
3.676873828587073
3.628120295619743
3.579446576822387
3.53093431266688
3.482768883687188
3.435585663027449
3.389681176205442
3.345134573721668
3.281597069010104
3.170589061902191
3.054754553669216
3.006065432073216
2.976166329667921
2.965063714187328
2.990313272862066
2.922273983629174
3.236875068944613
3.911362573892021
3.950301761724506
3.682692343119964
3.336113278979489
2.992615814589962
2.664767706441389
2.34813618994739
2.036475312475897
1.723307695465328
1.402428998359586
1.069127261062227
0.7208869896867429
0.3586956926956206
8.888760397310199e-05
-0.2736873493232869
-0.248592220215607
0.3768149750615272
0.6684869311483222
0.6059186959936217
0.6293664291042215
0.6180322486468648
0.5880621539365524
0.5403032010142234
0.4303997726911477
0.328526822838642
0.2724067770915828
0.2351328693944517
0.195975035513954
0.1548234045130821
0.1121405400598273
0.069303454463435
0.02516999831408554
4.366996080440044
4.327188353281082
4.295306070642102
4.251751111316548
4.20781978742838
4.161530078496191
4.114080554395757
4.066051668778577
4.017769679380487
3.969354976051124
3.920860849046376
3.872315924059329
3.823738293478525
3.775139893736063
3.726527467755978
3.677903576374359
3.629264002750772
3.580587074217643
3.53182156933407
3.482859229261094
3.433661625805665
3.383713248425023
3.332277320991138
3.270123331488427
3.183754844183498
3.097094542847098
3.047008215494519
3.015138845465555
2.999022116085118
3.01880922138426
2.93471944897734
3.232355366505579
4.009805477851287
4.244153130764964
4.099963781110588
3.763204434822966
3.359548780102795
2.945440475163111
2.536474190451442
2.131444408821794
1.72373896259599
1.305855618978602
0.8723609858816863
0.4249516110108598
-0.01543103093176872
-0.3849446284598737
-0.5526482902026332
-0.3396444093047148
0.3880532045153119
0.6596355880649107
0.5803918484735076
0.5977332189577569
0.5810867318706399
0.5494224254169487
0.5012382674846446
0.4225641034714719
0.3456701819768123
0.2895380628810756
0.2436067693443398
0.1990855055028805
0.1550428227766816
0.1109998808507271
0.06724265495341879
0.0234927051952929
4.367011379664681
4.327227383932766
4.295286984791759
4.251724364815713
4.207793984607868
4.161508328344927
4.114060264185223
4.066029317252049
4.017741034968333
3.969314743581359
3.920801894745944
3.872228110768998
3.823606599656972
3.774941039759566
3.726225512967102
3.677443035918015
3.628559925137358
3.579508517238339
3.530159851423631
3.480261367538938
3.429530080835365
3.377383561917374
3.323679072483516
3.263334002583568
3.18581874467562
3.110306702866796
3.063670975584378
3.033585913690324
3.016670696526944
3.033846503133576
2.947234296211792
3.242357348151364
4.024729139069316
4.340257192513328
4.298638023015095
4.022442746499444
3.621369908733532
3.167826297960838
2.697151317669607
2.220717547502531
1.738396891140339
1.246843585933217
0.7460150122376118
0.2478620659019267
-0.2100777756866465
-0.5494848629650646
-0.6494300862375659
-0.3763856268225589
0.3649116920967665
0.6462759121407581
0.5626952634305354
0.5763752739729128
0.5579892797367654
0.5278175280543601
0.4834898662807824
0.4215164926181816
0.3577763751759632
0.3023081714312055
0.2523830020227391
0.2047184088381174
0.1584765320266638
0.1129606963439442
0.06810417413310653
0.02341399432376701
4.44197297849919
4.348749289915635
4.297205335940135
4.24925704490211
4.205574211422597
4.160008488192117
4.112986978257425
4.065220991994708
4.017124662732647
3.968834835643468
3.920407763696349
3.871878026439779
3.823265760289442
3.774573859424357
3.725784747098958
3.676855791921323
3.627707660525602
3.578190378295631
3.528017594723766
3.47668368168859
3.423712329229712
3.368987762859674
3.315047675123037
3.257705055529756
3.177949992268989
3.101172867234536
3.060812780271892
3.034797944377752
3.019945534995333
3.035710378701669
2.954785951731073
3.227513507508711
3.954375460207011
4.287986267839891
4.312184277085218
4.106239165479637
3.747629273276502
3.300726592256975
2.808652288195087
2.294783054713342
1.769897624785939
1.240382986964453
0.7162152049750821
0.2191290694569943
-0.2098450418786525
-0.5067486184179395
-0.586888595212782
-0.3470741247237765
0.3334371074175033
0.6478877443801336
0.5765985471029177
0.5892144268831278
0.5707082009456113
0.5402544282594814
0.4956628350198542
0.4379244918270826
0.3764733114026221
0.3181019383092327
0.2635020055557505
0.2119106729503136
0.1627848101839936
0.1153384098575444
0.069477889960009
0.02378213993225703
4.737518313257287
4.449067394647276
4.349908135293552
4.286957240578493
4.230758970315243
4.175468845185307
4.1223452680457
4.071132760752953
4.021101107755443
3.971698603749864
3.922634442462021
3.873762385251287
3.825000561037022
3.7762994666909
3.727631998213733
3.678993704277898
3.630417689236867
3.581996696531387
3.533866229198993
3.486034294020686
3.438447409289922
3.392294240560764
3.357068469936045
3.320023063008753
3.211903542841807
3.086692627440061
3.046561880047522
3.023742005878084
3.01188627465369
3.026261648255049
2.957045398646142
3.185787129857913
3.807454291927591
4.124062889770681
4.187219134224974
4.044626237344414
3.745335766419518
3.337364204540259
2.861477299327273
2.347913212249503
1.818156738502302
1.290087857555033
0.78410671385297
0.3280455997354566
-0.04145132791189801
-0.2821654930968733
-0.3493640486593342
-0.1845376545845538
0.3234194439802429
0.5644113504396941
0.4913790137357596
0.4890750061190861
0.4701954456737025
0.4462717389862747
0.4141137397833225
0.3742541457566193
0.3309165310064888
0.2871410282045593
0.2432494216908201
0.1990870602507103
0.1547041118169861
0.1099700584499933
0.06616344916906784
0.02139518328843476
5.299301199735117
4.369683675160167
4.13972001808899
4.167356410640573
4.180848980432929
4.151785788589955
4.107246054017181
4.060510354868547
4.013707802925048
3.966459948079111
3.918651446215104
3.870444723382449
3.821998966676585
3.773380372816976
3.724567154700457
3.675477062714106
3.626013166617145
3.57599293545891
3.524393393477359
3.467366496889818
3.398428579498365
3.322451451771966
3.279421621789227
3.241010814622532
3.081104546573478
2.98658286867763
2.991927109540714
2.992192716493721
2.991280401787875
3.007090205700477
2.954257021914215
3.127640983233095
3.613271456033984
3.89003698702262
3.972459055141088
3.881108124117109
3.643177671257461
3.291203003147924
2.859287964624015
2.379394637224274
1.880167207457835
1.388501582881286
0.9322210136667083
0.5416212675569342
0.2482263411565372
0.08081495525003224
0.06160699699432465
0.213699994317731
0.6260109849751799
0.844853052345329
0.8279295002527554
0.8046663333322465
0.7818189730431248
0.7398554733896314
0.6677584473262427
0.5735186225760746
0.4729236782849528
0.3792295104929857
0.2981585266146128
0.2295876558746684
0.1703752411292844
0.1173073767244323
0.07259153952420858
0.02791653254006307
4.231332220434211
3.94170768551635
3.840903601683642
3.916020425720075
4.002775587385581
4.038944808153272
4.035188625356033
4.011214036474952
3.977389785090716
3.937769483456098
3.894255410871846
3.848111390875775
3.800200960226981
3.750987107209445
3.700544621111942
3.64856343734253
3.59422330176958
3.535614608584017
3.468221501195141
3.382728899072187
3.264480311744238
3.095608431255369
2.852824036656567
2.544405850561878
2.607546001617452
2.903010363707854
2.925964066570178
2.954653271647958
2.966591367531436
2.984321684931378
2.948761343895844
3.066647584972629
3.409978585309191
3.631656256292223
3.71561009291778
3.660613552503142
3.477543584222558
3.186750294147036
2.815082791520027
2.392764307754538
1.951095628181315
1.521456090294253
1.134998402329036
0.8219828622890097
0.6104321318965937
0.5255250609626227
0.5923642506323532
0.8377930126546959
1.245357373717455
1.532490185209299
1.668974483573903
1.712751324391766
1.68931287228438
1.588422412205748
1.409171119124367
1.175780519672027
0.9272187897604045
0.6991792777616006
0.5115210371515077
0.367304628319822
0.2593947244810735
0.1784312098785321
0.1185527086824626
0.07936515140120765
3.582809246033319
3.587391172110908
3.619332358423723
3.707082495559806
3.810993627227347
3.887498541398211
3.924609952149147
3.930033914463488
3.914453136119732
3.885433440913835
3.847563843663158
3.803683542780323
3.755585967504657
3.704264392178071
3.649960419597817
3.592100654341747
3.529025092720704
3.457291369819391
3.370486127591684
3.258122436780899
3.106213074945589
2.90351342087806
2.667140433372637
2.511049762768993
2.687057130939977
2.904424572127535
2.911921734158108
2.939477105080876
2.951391068965651
2.965827189053888
2.943852130851494
3.014437428059476
3.230432029939802
3.388951152514185
3.45811801950622
3.42313154084538
3.283704992913464
3.051164332969606
2.745749124277435
2.393937336670684
2.025859190314123
1.673018152907012
1.366363769639837
1.134695400150808
1.003621038467457
0.995020956924254
1.123991732517219
1.383793408676705
1.714400534126695
2.009181063716703
2.210433914203877
2.298393558971516
2.275862073831111
2.146641869607237
1.923335684690371
1.635192038902525
1.323033909503326
1.026110922631291
0.7707845499901975
0.5671767275590818
0.4132267627669333
0.3017555259442981
0.2266550716627545
0.1865681679578474
3.245613038177811
3.323652906947125
3.424310311824721
3.53302746787602
3.642078149143749
3.734454452059254
3.796787200067723
3.826891024513586
3.829974719410827
3.812949865102359
3.78161545924568
3.740147524297788
3.691341944230447
3.636834684793388
3.57714084432225
3.511552761339104
3.437952352013154
3.352612281063372
3.250254018333429
3.12525147023669
2.976199110569383
2.817881209764771
2.700623905241731
2.707493703214072
2.853176783100829
2.923716491528641
2.918177086207229
2.934321996421416
2.941899641897993
2.951480793149497
2.939304077379814
2.975435494110957
3.092007313993538
3.187477493982271
3.229707476436731
3.199581028630148
3.090868671848774
2.908705152231983
2.667621191839361
2.389323995740137
2.100217784066959
1.828790831895342
1.60313162421911
1.448807070384743
1.386935161145412
1.431196848995854
1.581437381561768
1.814465897838816
2.084161156058149
2.343304563743057
2.541410681123301
2.639104330556193
2.620564661157497
2.489135733112773
2.262145391900635
1.968531865837733
1.644369406261779
1.325108218088246
1.03802566631874
0.7985483419175082
0.6114033122625536
0.474813928655728
0.3850250385978697
0.3389822486640371
3.085914656474599
3.16219121904408
3.273134154702216
3.390081203460027
3.50078939113439
3.596849825669102
3.669714104006373
3.714496960509948
3.731671609235923
3.725228185491786
3.70016210451154
3.660969781092535
3.611106897556476
3.552857053099848
3.487247286668739
3.413943938053566
3.331318022795911
3.23707818632208
3.129958888314047
3.012970194589943
2.898563871156666
2.813523068655671
2.793627437968141
2.851070835709034
2.921952721885182
2.927450678365079
2.922619014300103
2.930615612691399
2.9348194372234
2.940340130553545
2.934800482362371
2.948903941090969
2.996169235756091
3.036122924191429
3.045986196602924
3.009661398088708
2.919727257907272
2.77781211265456
2.59382682947508
2.384440006614646
2.170994510875123
1.97705774959393
1.825844663564164
1.737621042084252
1.726806023665548
1.798266032647234
1.9434071606863
2.139673858026353
2.357279345832922
2.565936700921009
2.729113873305196
2.81207590425747
2.794386874472367
2.674525938523729
2.466538012174869
2.194742402251748
1.888674484357966
1.578023927585507
1.287999529501482
1.03634131980604
0.832803185599935
0.6807622971722919
0.5797197133058319
0.5275319314180354
3.02300076094777
3.081803062851944
3.176292381749024
3.283701816135598
3.388135546074169
3.480368979487317
3.553772969087741
3.603603037022164
3.628084069284952
3.628488478615785
3.608010020208418
3.570447278959171
3.519316219163429
3.457404627555581
3.386565337794888
3.307649957152661
3.220761259521148
3.126346987566655
3.027657240892974
2.933817618262618
2.861793053455788
2.832434982669177
2.85482943927086
2.905293622927212
2.930506339170155
2.925409404534898
2.923045631311528
2.926666636215706
2.928826499806919
2.931516077784719
2.930222625934486
2.931720257702155
2.934796983295941
2.931198637046148
2.910083660156197
2.862081963979396
2.781927088444226
2.670086413414862
2.533136389171381
2.383066608019282
2.235774656170451
2.108995382076159
2.019865432068728
1.982236609143442
2.00383867224221
2.083791051587396
2.211831483898937
2.370666640455601
2.539961702487131
2.697364137607737
2.817533283984786
2.875676615855661
2.854655995276287
2.750176381658796
2.570681979391837
2.333778962886946
2.061988421369827
1.779009984983663
1.506638218216651
1.262480144700374
1.058791029701401
0.9025536481093248
0.7965487800853677
0.741003501523632
3.014219666659365
3.056245255730354
3.128013618650289
3.21560319434485
3.305284861069723
3.386985462298795
3.453874410183861
3.501269366466946
3.526518457340626
3.529175825575396
3.510697839921051
3.473718956713785
3.421323360631664
3.356577650278155
3.282359542089338
3.201420248683585
3.116642111441622
3.031587378316368
2.951790239399391
2.885864591163739
2.845270667970182
2.840119131950153
2.868942310036246
2.909036518759025
2.92456273437575
2.922466986947184
2.920699476476879
2.922287208133961
2.923298282947925
2.924215632338588
2.925534552726107
2.920330901196286
2.897013918165978
2.862818830424778
2.816869406025563
2.756850826243376
2.681120728740908
2.590614344058685
2.489857811402661
2.386954181053934
2.2926793327673
2.218904132938106
2.176565477052784
2.173448409695361
2.212213504180871
2.289378089765467
2.395920145263173
2.519212141095943
2.644656263554811
2.756059544620918
2.836337118195812
2.869341313183431
2.84313382594459
2.753214048629904
2.603624023227945
2.405612349169399
2.17509073598557
1.930043251548686
1.688310967417197
1.465799673852131
1.275201194637571
1.125406562831544
1.021707847400039
0.9666532858815938
3.036472245365432
3.065193123353427
3.115948543522322
3.181057354289942
3.25096753382453
3.316867750518605
3.371958573569324
3.411427283498739
3.432202739306892
3.432905826563002
3.413766331206133
3.376330354950151
3.323070896398654
3.257125294679037
3.182301958401656
3.103344630258269
3.026242773838897
2.95786362567666
2.90277802322612
2.863156277778185
2.840041912341936
2.834769058261118
2.850258051699362
2.887279387254566
2.921849497266698
2.920757041203479
2.917222036320995
2.917723062325122
2.918013899540441
2.917864859859083
2.920761565216606
2.911936894527217
2.873405926327762
2.820148263309031
2.75753163855282
2.688560683561359
2.615072727009919
2.539206420463832
2.464461663256609
2.39603609495106
2.340410434780745
2.304321341733469
2.293361360250077
2.310551864734479
2.355344421533718
2.42347127993559
2.507682339233325
2.598804929655445
2.686464643091293
2.75958037399291
2.807156023121034
2.819284895329645
2.788500479293583
2.71132773290122
2.589318089922751
2.4289841589201
2.240764361301594
2.037546739002321
1.833155695264861
1.640965587240085
1.472737492186439
1.337822919591259
1.242858688575574
1.191907663505581
3.076134749648764
3.094646032587591
3.127971852555934
3.172040833613001
3.220960104763365
3.268241091155121
3.308047915494053
3.335818867673209
3.348384664490032
3.343949679839511
3.322063292190556
3.283540246789334
3.230344199080077
3.165557278126831
3.0935706542189
3.020495618136952
2.954580945743174
2.906925099398066
2.878016382617195
2.860957683839096
2.848637359076895
2.835747029125509
2.826153524326746
2.84674666609258
2.919285527062184
2.918994862178235
2.912731536495746
2.912776637579501
2.912741444351854
2.912035815595971
2.915929680644683
2.904841592606296
2.857600294575462
2.79434929477663
2.723013235283131
2.649513704710298
2.578107889105958
2.512124790675745
2.454670004708492
2.408990341155223
2.378375821008303
2.365652821722989
2.372461666338648
2.398604750215488
2.441751799423353
2.497630065858145
2.560545753279501
2.623921102872735
2.680711175853374
2.723836484239766
2.746682671697226
2.743569226978903
2.710229785363268
2.644430231631039
2.546622099744845
2.420304777028719
2.271878593991133
2.110038894052511
1.944898914466818
1.787012193483949
1.646422850601625
1.531861009685137
1.450172887589399
1.405989346852899
3.124401631437114
3.135035654953042
3.154352630563094
3.180266188651615
3.209435650880289
3.237666377595568
3.260646187243659
3.274609330582945
3.276708064644057
3.265160703194913
3.239311196494674
3.199663142859079
3.147916568630658
3.087070593689353
3.021712421983445
2.958705058799855
2.908661579127171
2.88269033551404
2.875869213252592
2.874138171796126
2.871931550686126
2.864516743462392
2.848723380444874
2.840851796874606
2.894066092137337
2.911069069396299
2.905918707691664
2.906842206719306
2.907216768406595
2.906460461941363
2.91106848572601
2.898344279795322
2.846286179948504
2.779541787484503
2.705856115464981
2.63196754178202
2.563273323536108
2.503856688690662
2.456703348547363
2.423901342320968
2.406691668073758
2.405358479328414
2.419057502742783
2.445731626503611
2.482220550230718
2.524550665590288
2.568283806075543
2.608818937691798
2.64165085643811
2.662622051724667
2.668129380866522
2.655248479772752
2.6218224762304
2.56664613213422
2.489810262948565
2.393089970110142
2.280166941494466
2.156551116303651
2.029202755123428
1.90594018203578
1.794738316720369
1.703013086631572
1.636964789977856
1.601022490161025
3.175165167439441
3.179651038865964
3.187792021188257
3.198615436500013
3.210425947704159
3.220857316869163
3.227189490854765
3.226800170646647
3.217560198850096
3.198093601179152
3.167935256151623
3.127644811631732
3.078919488915879
3.024752059649707
2.969720489017051
2.920552253843629
2.887057446905763
2.878045947220608
2.879923041554624
2.879824844925559
2.879699152918707
2.878797790881836
2.876329981978572
2.874936999479777
2.882178949653579
2.895720646320553
2.897941409162201
2.90052009243998
2.90172771833952
2.901217604651829
2.90630876625772
2.892515108742003
2.838466043904625
2.772476147049025
2.700703275198189
2.62933781159128
2.563861659892966
2.50857421842657
2.466389197766845
2.438815823051356
2.426031747618734
2.427001727993565
2.439647969060668
2.461094158987712
2.487974804275839
2.516756060920704
2.544005646976651
2.566590262379769
2.581814596210863
2.587501466189463
2.581992922622802
2.564079451869359
2.532914608868826
2.488013450346239
2.429411007216615
2.357956736083213
2.275617444288665
2.185640906466396
2.092495545271083
2.001583808938032
1.918778738038251
1.849850393481911
1.799849602544406
1.77251451459524
3.224001336322434
3.223660033087903
3.222921760113384
3.221474310895939
3.218675740505559
3.213497317343206
3.204611385719344
3.190624824859599
3.170371999938517
3.14317926576518
3.109068806223645
3.068914523258315
3.024573228428434
2.979006471354465
2.936377706017351
2.901971008888272
2.881359102918144
2.878571615341416
2.879475229516495
2.878516465782865
2.877788088958025
2.876857271898284
2.87609625580996
2.877496128123295
2.884391603027913
2.891534051333906
2.893968783506113
2.896098187998451
2.897295617185078
2.896761098446906
2.901915366732628
2.887770593565752
2.834274380315362
2.771566901018554
2.703981094518906
2.636561775948304
2.57423308170811
2.521090420330187
2.479939307048516
2.452094766466604
2.437403374160179
2.434436734470235
2.440806253824341
2.453545452791221
2.469497436203613
2.485647688626682
2.499366444760079
2.508555170403181
2.511703164801915
2.50785587231919
2.496502658501211
2.477415101099596
2.450492751704127
2.415686534553148
2.373055350839754
2.322959515789513
2.266325581910213
2.204875340142255
2.141222402465518
2.0787867118787
2.021527701387772
1.973532230811919
1.938514858544366
1.919300848979079
3.267642711174933
3.26353256407043
3.255817850157024
3.244604610920854
3.229943941831745
3.211760963971621
3.189845659180647
3.163940742118699
3.13390869435414
3.099926952144052
3.062665605212945
3.023423077607031
2.984200442052259
2.947664682157226
2.916868452577365
2.894462262877891
2.881126215839564
2.879077376214174
2.87998361534099
2.879520314359929
2.879318044360069
2.879131150818432
2.879258599937192
2.880537985963964
2.884370752117579
2.888460489489502
2.890620533395614
2.892353205553482
2.8934585662873
2.892924271312114
2.89783639174662
2.884275844791743
2.833867552320974
2.775879629107832
2.713272956199992
2.649950572229075
2.590063064546916
2.537300908642004
2.494344922577476
2.46255784673196
2.441930401931585
2.431247103727369
2.428406977081143
2.430819254688805
2.435795318075244
2.440876208839317
2.444062468419483
2.443935966831325
2.439675403394303
2.430975874973215
2.417896317940295
2.400674005732238
2.379555834590436
2.354696336293299
2.326159381506724
2.294031977804624
2.258618533833528
2.220649143320799
2.181424703045704
2.142839436351596
2.10725609648604
2.077245802084861
2.055234200080167
2.043114541283242
3.303674818174114
3.296689496574463
3.283635409966236
3.264897359819017
3.24099628126173
3.212534467020525
3.18015689553468
3.144559788525195
3.106553776518569
3.067160639147228
3.02770642256346
2.989868536966185
2.955622319413298
2.92699915325825
2.905530524802321
2.891296701551759
2.88178804648589
2.8796412026389
2.880406841168347
2.88010391628005
2.880060747398022
2.880127457011339
2.880533874920034
2.881641706504783
2.883961429233372
2.886458269235894
2.888098971826015
2.889365563983787
2.890249249736164
2.88971095674553
2.894091273489511
2.882012711240892
2.83695361817816
2.784473045979641
2.72673816084699
2.666825578691712
2.60821911781023
2.554224696320326
2.507451616737869
2.469468398124893
2.440681351725854
2.420426640386225
2.407223505746603
2.399113917954853
2.394013189604926
2.390011904348309
2.385591866080108
2.379739037346227
2.371952722243754
2.362165006951535
2.350597965458616
2.337595593780012
2.323470427494442
2.308400600883815
2.292402380220032
2.27538620396325
2.257281623915659
2.238193323860997
2.218536303385626
2.199101058137547
2.181018763653376
2.165624451058608
2.154243336972931
2.147944152287287
3.330342400256724
3.321274932088718
3.30434831782339
3.280135047911989
3.249474829698167
3.213441204916629
3.173300984255447
3.130484201940475
3.086572976946024
3.043299851162756
3.002527697838495
2.966168885098686
2.935989418837835
2.91323916835976
2.898084727413105
2.888954426080962
2.88213164835336
2.880258277703879
2.88086750527081
2.880685791072951
2.880724136677043
2.880868296377749
2.881261398761414
2.882055406088228
2.883425687480919
2.884905572995196
2.886010451298146
2.886853187138954
2.887490346201884
2.886988959046314
2.89062905608761
2.880775823277067
2.842805521147607
2.796184838581203
2.742750463883447
2.685146252636393
2.626466414598885
2.569807511907384
2.517829649714868
2.472424406999476
2.434549940377379
2.404244933139486
2.380790688331839
2.362965155178703
2.34932639584687
2.338471511946845
2.329232977566433
2.320791924785568
2.312704730752354
2.304854116364892
2.297347251410766
2.290389554391028
2.284163600527741
2.278738610745711
2.274028596400432
2.269807043537885
2.265773145051349
2.261650402708899
2.257287219535297
2.252726426780803
2.248219258738566
2.244176593115541
2.24106989453608
2.239309239918491
3.346416875568069
3.336000725034692
3.3165641821444
3.288797854006301
3.253743216465884
3.212776321965308
3.167572712540051
3.120059312650366
3.072354471631977
3.026686614181645
2.985269213880502
2.950102809549378
2.922682093840295
2.903616571294569
2.892233732697115
2.886310030721361
2.882094673297706
2.880872612940408
2.881265838517439
2.881167140587764
2.881214544083162
2.881330827221148
2.881592192101763
2.882057839295036
2.882781882948485
2.883562185494887
2.884187201859749
2.884658050341713
2.885051285185475
2.884625093878404
2.887392327104581
2.880261645082731
2.850454846493125
2.809674661145406
2.759744691062485
2.703230126548861
2.643153401426189
2.582640660104882
2.524559402402239
2.47121882988295
2.42418639044846
2.384240751749221
2.351448076894547
2.325325451354834
2.305046253331849
2.289645027608745
2.278189247206189
2.269897948394986
2.264199909967824
2.260735144852202
2.25931180784423
2.25983558130068
2.26223022294023
2.266366799013213
2.272015813560373
2.278831294167873
2.286368905024127
2.294131787611088
2.301630006997867
2.308435431770085
2.314216228932733
2.31874384642237
2.321877231289616
2.32353940867843
3.351105210490656
3.340040205899019
3.319395874595727
3.289919999994865
3.252752917164154
3.209420279836355
3.161801598534816
3.112073772681852
3.062625181324146
3.015928579355359
2.974354186638631
2.939908106805273
2.913907298518429
2.896651877988941
2.887202610952853
2.883359937865169
2.881828121004382
2.881481769482241
2.88162314364349
2.881593875796792
2.881616482121034
2.881657590373314
2.881740890593648
2.88188061337871
2.882087739647015
2.88231273367375
2.882501751185544
2.882637069666054
2.88279695663284
2.882469674382834
2.884310406551838
2.880137861120704
2.858864677897756
2.82353053201991
2.776178745811253
2.71957956973807
2.656961751205764
2.591703605824482
2.527024108673222
2.46571926215669
2.409979258303521
2.361302577930203
2.320502357087046
2.287785275593046
2.262876761238229
2.245166868437916
2.23385528222667
2.22807885163044
2.227009965717887
2.229919092922518
2.236200052403801
2.245361731844203
2.25699433579986
2.270721235356526
2.286148717897354
2.302825176915256
2.320218377893238
2.337714610104769
2.354637842054444
2.370282411077205
2.383951392589914
2.394995581165793
2.402854046955248
2.407103972374546
3.34399331730533
3.332962338711199
3.312381320960606
3.282997246793343
3.245951293237022
3.202771338957227
3.155338983492308
3.105830595145362
3.056628642020571
3.010192980381904
2.968876022801127
2.934670774781806
2.908907878880657
2.891967078952614
2.883111174671063
2.880525414842186
2.881509391637794
2.882079774335354
2.881969640459089
2.882001633610977
2.881989563324827
2.881942161656719
2.881835716415942
2.88165178778016
2.881375870238715
2.881085324036566
2.88085373103505
2.880666224209615
2.880599597906308
2.880371822871192
2.881309392500269
2.880074926332687
2.867004639104915
2.836332201648328
2.790530142231279
2.732791030187832
2.66674819178133
2.596184525259633
2.524762319743026
2.455796917523412
2.392087743933761
2.335810576158317
2.288467364591449
2.250887077675255
2.223271922077885
2.205284051886149
2.196165571482267
2.194879573430668
2.200254982373665
2.211116111093802
2.226380427497829
2.245114386802664
2.266545315810969
2.290035105018289
2.315027375202916
2.340983101530334
2.367320077818277
2.393369115025747
2.418355144933844
2.441405939400291
2.461586932117259
2.477959272838551
2.489660242319482
2.496009510170309
3.325022262500585
3.314703796365188
3.295449059233952
3.267946662475771
3.233241323789945
3.192717120324231
3.148058412032789
3.101195073785712
3.054235101246812
3.009378854570219
2.968799352769883
2.934469451297169
2.907926561948687
2.889994971906472
2.880536728053813
2.878351069233402
2.881307229218091
2.882662772192231
2.882346959654485
2.882436326923276
2.882403660760059
2.8822842846385
2.882001251216556
2.881487502659902
2.880677682180019
2.879820402057664
2.879149711067245
2.878626123750353
2.878333475317879
2.878180760631304
2.878316088819175
2.879744165557039
2.87384233321212
2.846657324909198
2.801295865216165
2.741522004273562
2.671472055968005
2.595388262422162
2.517394018826723
2.441312514762908
2.370520080824494
2.307823166342231
2.255354642847426
2.21449772998654
2.185855585267319
2.169284053493443
2.163993731517956
2.168711088077403
2.181874073598177
2.201830231727693
2.227006166688524
2.256025071002525
2.287760964088601
2.321330865426017
2.35603660116994
2.391275053780358
2.426439088881653
2.460830985400691
2.493606099434094
2.52375785250143
2.550148119553189
2.571582087171136
2.58692522075291
2.59526223765519
3.294496929049894
3.28557830919351
3.268928891650665
3.245119182973796
3.214996605050302
3.179652318304496
3.140375677197875
3.098615394198157
3.055958454002413
3.014122294002028
2.974940783184443
2.940314360436155
2.912085739266674
2.891795992765922
2.880300845172587
2.877339801083775
2.881336679696746
2.883217940220759
2.882782832638103
2.882930128497319
2.882917080361768
2.882779008520771
2.882370020142214
2.881521133083121
2.880022828032558
2.878439780736006
2.877284860125211
2.8763905735215
2.875871799035896
2.875748195296974
2.875263158484753
2.878805052993519
2.878307934242106
2.853073830378296
2.807008459097066
2.744504734810847
2.670188164048287
2.588712343739079
2.50460551512136
2.422147697477657
2.345247574088339
2.277295772965321
2.220997437660547
2.178216340000631
2.14987590762057
2.135952881496017
2.135575105198446
2.147209270248585
2.168905874162704
2.198559517143277
2.234142441398397
2.27387702253645
2.316327004298849
2.360403972845108
2.405300547079517
2.450372502868087
2.494998388968578
2.538447315299972
2.579782925475023
2.617824253774491
2.651174312401256
2.678318154777302
2.697786470635346
2.708379345389714
3.253126531190329
3.246322559459273
3.233606651956736
3.215363574461517
3.192129616646222
3.164539770141745
3.133284930303714
3.099111991698662
3.062877091794097
3.025635617895002
2.988738984994388
2.953906342030659
2.923230414724167
2.899042652719695
2.883514580114357
2.877897032964153
2.88157959924047
2.883733808157039
2.883304787314423
2.883525185387826
2.883614231990697
2.883576595891278
2.883173941656923
2.88200619529259
2.879467651195065
2.876816684013877
2.875124335966182
2.873813380620722
2.873082807797261
2.872932020876226
2.87209426283693
2.876906764121018
2.87930087140371
2.854182524699381
2.806299821035946
2.740603225011264
2.662079099167348
2.575657371768981
2.486162747738525
2.398260527758821
2.316341545983839
2.244322831978451
2.185396664540197
2.141799489685047
2.11467045916494
2.104037160180747
2.108928728456326
2.127591033749174
2.157766409620107
2.196995261082506
2.242895129910726
2.293376143613929
2.346763319473759
2.401814974475007
2.457646475250086
2.51358367366015
2.568979518587111
2.623032427950233
2.67464564000916
2.722360878433523
2.764387851068944
2.798737141429599
2.823452015258006
2.836925549165232
3.202096135069863
3.198177847204505
3.190821901213537
3.180138713362709
3.166206114909889
3.149002985888758
3.1283983966788
3.10423326626362
3.076479243594193
3.045427172242951
3.011863457009662
2.977214336841624
2.943644848646875
2.914072209955402
2.891969028992635
2.880670217607031
2.881816244572097
2.884110222121297
2.883820216975175
2.884099209240051
2.88438533007968
2.884649468810903
2.884572520907655
2.883237824352553
2.878995689955734
2.874663075588604
2.872473129559789
2.870724355867875
2.869839674246417
2.869614635898736
2.868774686855411
2.873727536708102
2.875801751334258
2.848762129973162
2.798033062963328
2.728903188869404
2.646496191510126
2.555834044520173
2.461921085991421
2.369746610602101
2.284126506031285
2.209398998225486
2.149077875114699
2.105582361128656
2.080113311743584
2.072681534108958
2.082256153033013
2.106994148700852
2.144519139041589
2.192221428904272
2.247547011291984
2.308235875441824
2.372470146053026
2.438907475582091
2.506600633203088
2.57482737178987
2.642867561614399
2.7097715832681
2.774169612269323
2.834171401234983
2.88739602305794
2.931152276237446
2.962768499939783
2.980046228048596
3.143169802718179
3.143008780124325
3.142609481158234
3.141671091963554
3.139593302191521
3.135427149852544
3.127964511641407
3.115968413317321
3.098459818580373
3.074974656972267
3.045759526426119
3.011916844778409
2.97551746618235
2.939691532300595
2.908690814106397
2.887799942035363
2.882520403882027
2.884574938357512
2.884685984423936
2.885087971896768
2.885904465722143
2.887069825171173
2.888080032030624
2.886704136699287
2.878962482609963
2.871362293048418
2.868940877753489
2.866845040687706
2.865984190330019
2.86570183098141
2.8652895489494
2.869061535001474
2.867119882908504
2.836024811107049
2.781488467687056
2.708806877392623
2.62297284853007
2.528932704485528
2.431813066452229
2.336906566866532
2.249358600347802
2.173699954320636
2.113440659927096
2.070860202416055
2.047002290966393
2.041805381573345
2.054294812227869
2.082793953791631
2.125142816150335
2.178927228627235
2.241717228760746
2.311292750301037
2.385811514284871
2.46387018542135
2.544436457428264
2.626669461939081
2.709669887684945
2.792206889463561
2.872476714388734
2.94796001627282
3.015445651385151
3.071269461359834
3.111777342706405
3.133966343466595
3.07883131513535
3.083466768187606
3.091892154162479
3.103155441165339
3.115620164709213
3.127028201631885
3.134821862548069
3.136595142694757
3.130483894010663
3.115415583846509
3.091249959216851
3.058864225185579
3.020214011521085
2.978397274984066
2.937792204895338
2.904443376255632
2.886948172068654
2.883367094099762
2.883927185466963
2.884124818179728
2.884405881350927
2.885197935968919
2.887609084121874
2.889017579252704
2.880389547663327
2.866440410266539
2.86457816697905
2.862198145403899
2.861555627097599
2.861259166354778
2.861704103104656
2.862939866190996
2.853232023847165
2.815921684281704
2.7565511193557
2.680086718579716
2.591168601021857
2.494635093505459
2.395828718646132
2.300356943762532
2.213458032810012
2.139379135698293
2.081062037060883
2.04017185351247
2.01732758283338
2.012374053785013
2.024602765088781
2.052896641884794
2.095815114991874
2.151660440169027
2.218572885261113
2.294678294769298
2.378257962536764
2.467861996221941
2.56229150426663
2.660437778462215
2.761027332727443
2.862329734112105
2.961879218678089
3.056287100778707
3.141250742803363
3.21186206599505
3.263245329633749
3.291429121581901
3.012481644886902
3.023220771517008
3.042742666190751
3.068992192173388
3.098705084975257
3.127821645822346
3.152230854589631
3.168436009120101
3.173920775986624
3.167282387019473
3.148263737527998
3.117742631512508
3.077699472606756
3.031213355260209
2.982587138259875
2.937854807093506
2.90649605158095
2.890321630540786
2.885875829033723
2.886470281088827
2.890330953080698
2.900163547301051
2.918816874037546
2.928116266501581
2.869508729301758
2.849961449951604
2.856116023527318
2.855624628964632
2.856166411046931
2.856260424024196
2.858039092206983
2.855696837511217
2.835073962193415
2.789388271932571
2.723834142683276
2.642836817501375
2.550700813707412
2.452486465615574
2.354066268109249
2.261267627353632
2.178829135920974
2.109850265067394
2.055882492883398
2.017404600094355
1.994352247892301
1.986514915008939
1.993748886319963
2.01601012923786
2.053238718606406
2.105164550720566
2.17113788543455
2.250084131516544
2.340615703288456
2.441220197303553
2.550366336332873
2.66642176531334
2.787421330284456
2.910787003332889
3.033050718089443
3.149644972783076
3.254904859668219
3.342474427729822
3.406167153444557
3.441069973901492
2.948741667851105
2.967306471967872
3.000744987831411
3.045027701920074
3.094353489583252
3.142389716638179
3.183529789748828
3.213517270118084
3.229557799611484
3.230281339327305
3.215677412148353
3.186958668585202
3.146368587090131
3.097072082533565
3.043297811694238
2.990685173808845
2.945965611221544
2.914065859756024
2.897149482269652
2.894253084704867
2.904888904198826
2.92715032286313
2.948311488569515
2.931716311314782
2.846256191991385
2.840450902115291
2.848510046942767
2.849374073352756
2.850901373125978
2.851383583241511
2.854644848458738
2.848145336644761
2.814609367677598
2.758468112071773
2.684685816484308
2.59723401440851
2.500848849697752
2.401846983778223
2.307026236400921
2.221831648201779
2.149258814700465
2.08996732141331
2.043169745601956
2.007635613118951
1.982443358716962
1.967432113158589
1.963376554204051
1.971883289721663
1.995032793744972
2.034852830140487
2.092764171885042
2.169174295022759
2.263376095819114
2.373772630487412
2.498218055476358
2.63415722004382
2.778464875782733
2.927184590012851
3.075311862729068
3.216642289019713
3.343861253582253
3.449144474276796
3.52526035967493
3.566776332023971
2.893973919549532
2.922696494218258
2.973472042372753
3.038670527397779
3.108842371743043
3.175343609606068
3.231616228286756
3.273165748764743
3.29730944963665
3.303106561278623
3.291236751025019
3.263648453809482
3.223092351262697
3.172769589575672
3.116221341398835
3.057371501825582
3.000549088604374
2.950793958101667
2.913685280705052
2.894591490075984
2.896184063806623
2.912024623216785
2.920630230075695
2.895484871863848
2.844241462147545
2.836596102188704
2.842380193802966
2.843922394345399
2.846126949865603
2.847084357712302
2.851757005985378
2.84122426824376
2.794782175488853
2.726469736695306
2.640968191752533
2.542985975566724
2.440273398248165
2.342249924487999
2.256398969713068
2.185999665942475
2.130263254930383
2.085941692367967
2.049153768388133
2.016659016261382
1.986624121995483
1.959087704124129
1.936101928780758
1.921479962184397
1.92018454630104
1.937462540313298
1.977850135710867
2.044230881495937
2.137235266118484
2.255272167357906
2.395161057434162
2.552800973780232
2.723258985960194
2.900446004361813
3.076973758376673
3.244224850215255
3.392903309509312
3.514111028203882
3.600517256396401
3.647186601068912
2.857287589665859
2.899268846183984
2.970975242456874
3.058542962335678
3.148349620317506
3.230488984194114
3.29836529819975
3.347601342721773
3.37591485021477
3.383276240585302
3.371570653627048
3.343818834103266
3.30336728777035
3.253303724377375
3.196132101041982
3.133725156222871
3.067795088804753
3.001174088838003
2.939228926748556
2.890379923135411
2.863319647093466
2.859689030362176
2.867000793354847
2.86433079669941
2.843107666878116
2.832900136350593
2.835831405564995
2.838601263488755
2.841769960842882
2.84375102405884
2.849572100142399
2.836201464355705
2.780289194577811
2.698154982301336
2.59415711563083
2.478513192546492
2.367374995545624
2.274756308178018
2.206489813183246
2.16025724330121
2.129081859970794
2.104821392144954
2.080297704438901
2.05021674171118
2.011858643269487
1.965639547898263
1.915211365506171
1.867025357037437
1.82949605232589
1.811876702349589
1.822887184547525
1.869173350797126
1.953885350216422
2.075970839833481
2.230772749423842
2.411617953535722
2.610817330765534
2.819174099728588
3.02560228563072
3.217729979497898
3.383933327594585
3.515466485117527
3.606954852241982
3.655616157515177
2.852646945156943
2.911369226407956
3.005733037740741
3.113032425351559
3.217475482561329
3.30999186297607
3.384162293342098
3.435509702035947
3.462580015009555
3.467007212309712
3.452360564334176
3.42278231206117
3.382027501047664
3.332914450682839
3.277002056728958
3.21446182060946
3.144376349770454
3.065826282771799
2.980041001018605
2.89349939288627
2.820359871428827
2.780020652125433
2.784438142950759
2.818269545615961
2.835059582828988
2.827589107814225
2.827193409334174
2.832843692575203
2.837829545570646
2.841952995371328
2.848450646916441
2.836075358133117
2.779564596529204
2.678685929384493
2.543052624691474
2.400869092863452
2.282739937756955
2.204852964296632
2.165899434000401
2.153822933120467
2.153949498801746
2.153504010349293
2.142307446585395
2.113007468301007
2.062108156402377
1.990662154211349
1.904152408711776
1.811853049741511
1.725888460991551
1.659979783390026
1.627829399453254
1.641135608546147
1.707314241023773
1.827404354174448
1.995443301204762
2.200608506740657
2.430633100550279
2.672006491875523
2.90791740281713
3.120305606069607
3.295307266013845
3.42683580855645
3.514830303607904
3.560771179085678
2.9035148339083
2.979688854827444
3.090466241756723
3.207245301363866
3.317877497890446
3.414084669195515
3.487488076552439
3.533412945584811
3.552582325689475
3.549267615007893
3.528759391225903
3.495832475602663
3.454157506592738
3.406106818886906
3.352589774498483
3.292820658283815
3.224114670192014
3.142056917444024
3.041908758764468
2.922733292354543
2.795388580552588
2.691254410189067
2.657545477952919
2.717432859141278
2.806517091682778
2.820237159645866
2.814910811268852
2.826271674008685
2.834499395917914
2.842499942052832
2.849380637733677
2.848814062399172
2.805083275549482
2.667762820914098
2.480877644593391
2.30955893369944
2.195416008601153
2.146445927035973
2.148173817819603
2.177423575450639
2.212575893580027
2.237577107395417
2.239056178943038
2.20752385341511
2.139222153031747
2.036235890222756
1.905863329920631
1.760009860318288
1.614400241867836
1.487270146418707
1.397542530351697
1.36266919119195
1.396061077423425
1.503748828710036
1.680845380240741
1.911173402792494
2.173611823677053
2.448042793017666
2.708758243948212
2.930831446473679
3.10042433515726
3.217541769745361
3.290797114664742
3.32842030508997
3.052915554572114
3.130844813459122
3.231322259212563
3.33984738690464
3.448773483706974
3.541191524858001
3.603851896573784
3.634712337424012
3.639149114224718
3.624262257974378
3.596051681853335
3.558892901758268
3.515760170067954
3.468416426207052
3.41738899497824
3.361709906500812
3.298385841851582
3.221671087003104
3.122736477242317
2.991466836721989
2.823811452301126
2.638834861904672
2.501970849908592
2.517796602093446
2.713370867980687
2.806269952918147
2.79765947400372
2.818707449646812
2.832006637204855
2.845730561496723
2.854410791490815
2.889152875431374
2.860849174690501
2.646866331797614
2.398807205464529
2.218834182092114
2.132261195718629
2.12450424733654
2.169819862915518
2.240292026799509
2.310579031417838
2.360443944556119
2.371374889575972
2.332719691363852
2.241833397190101
2.102056893504456
1.922001531250695
1.715627291415781
1.501815798948877
1.302946502113775
1.142760273746202
1.044101573839235
1.026815383043228
1.104890978664991
1.280620594804876
1.536147624406494
1.833825843903039
2.137196864656924
2.408063938309242
2.619474658694756
2.76553127256249
2.854088808246832
2.900865517039369
2.923546307095034
3.381930061165695
3.386407786136745
3.41818061502962
3.505750596552669
3.609529391683045
3.686011595786657
3.723277187723903
3.729109095012771
3.714278607074811
3.686451415309869
3.650325706482164
3.608856988942994
3.5639582494519
3.516730090835483
3.467461157455252
3.41546069882315
3.358615668687944
3.292437700947907
3.208440047157169
3.092409228593892
2.925079475581337
2.692159194012829
2.420864308564911
2.26228521117646
2.52652859338013
2.777471635912048
2.778406396347375
2.811566514990841
2.830844050053549
2.850617344831234
2.867308160586949
2.962516218011299
2.900466852925446
2.576720994221238
2.311890445619658
2.176908150262467
2.142955559913891
2.173061039833529
2.246183933618767
2.346553306346823
2.451449254606065
2.522317295454645
2.535227386027227
2.482769943201499
2.364636497745254
2.184692452577709
1.95205639477469
1.682100084390247
1.396062268904201
1.119487113656822
0.8799637507127676
0.7046711248774025
0.6184790367071747
0.6430271640730496
0.7940824482575163
1.06780570503683
1.411117270206661
1.728546994511617
1.974422625116826
2.142108622892828
2.247640285756676
2.302570255659605
2.316514779568052
2.311865272956861
4.024737394336516
3.735027904087642
3.634094423844846
3.70908135371882
3.795738623914558
3.831866710111311
3.8281497916503
3.804320153182682
3.770775097228601
3.73160071506023
3.688736147614052
3.643488392302343
3.596772485441434
3.549104878611753
3.500588780067937
3.450879840830706
3.399069150028301
3.343202559879134
3.278697080353613
3.195013981900487
3.072164170580124
2.881396804733445
2.59483301300601
2.257859239087912
2.429185258264276
2.764678162857906
2.779019584640999
2.811855451276713
2.83028214079992
2.84827522437754
2.87540454366389
2.998811890422967
2.792481621734094
2.46782332094535
2.312382200484577
2.272266893211491
2.288729104980875
2.328733750661178
2.390483606586463
2.495726286116512
2.637537709152468
2.716265611007183
2.719456485907217
2.646952093520005
2.498360252499607
2.276875134288249
1.992289321936658
1.661148044305982
1.305589799731383
0.9521341816361328
0.6304032596743454
0.3710700900453682
0.2030210116250578
0.151613350908377
0.2411847631877197
0.4978525672021839
0.9074983728832686
1.200218198717874
1.355535436447092
1.440893221329965
1.495791531386633
1.52682306248548
1.522694018832355
1.462313649742011
5.089778693820106
4.160103942122506
3.930085992254172
3.957683625603562
3.971150109702026
3.942073261855421
3.897534283269001
3.850815702221263
3.80404821220786
3.756855078217917
3.709123327145478
3.661019623849891
3.612711330823322
3.564277187110913
3.515704585772006
3.466907934731329
3.417800021378734
3.368360369997458
3.31809008143143
3.263640856595823
3.196434478976965
3.112770940925894
3.045426768723456
3.000908073204665
2.904839433154657
2.822317704008979
2.828388999185401
2.830676500332922
2.831824479533429
2.83449743077774
2.871011063961084
2.769537715743048
2.571581955634711
2.580668164876049
2.592654681598783
2.601953178928402
2.615317052740791
2.6233362957128
2.623380358375246
2.703688313073715
2.857161456426984
2.919545471145681
2.906680154980856
2.811448936234744
2.629777750238416
2.366593094709786
2.034785008383785
1.652006494325612
1.238687019375318
0.8184069245411437
0.4194067386148406
0.07481665007912784
-0.1803497849269301
-0.3151760775471468
-0.3080082285543712
-0.1389328899655025
0.2757705430122678
0.4918790219869613
0.4770025844441445
0.462985681213222
0.461357758104614
0.4781135942259446
0.5038911423292399
0.3686268939985893
4.527497762995722
4.239036521098091
4.139869069448097
4.076914689983054
4.020714562132117
3.965424975648256
3.912303228274601
3.861093250710743
3.811064049359148
3.761663166324209
3.712599276919752
3.663726053642638
3.614963226508812
3.566264867825305
3.51761032505578
3.469006649660431
3.420506872480104
3.372247286682293
3.324456607742914
3.277273468679336
3.230564600604972
3.184851043440761
3.148276404307692
3.115711726627933
3.028410135908179
2.909635619510003
2.87052698933492
2.84439941051897
2.826219758374866
2.807293658077322
2.795058740191947
2.715271883189031
2.692987333307422
2.712512392696596
2.724149033935467
2.731282197569978
2.735890698974717
2.743878401751767
2.7181650676218
2.808023799493099
3.011997616951409
3.09778390983498
3.080582198684046
2.959891179747684
2.74031437215675
2.436540702617209
2.067671433526818
1.651292992349979
1.202362429674132
0.7365760679299159
0.2757895280646604
-0.147518680744506
-0.490117243739404
-0.7039237672125287
-0.7424218977235169
-0.5513836889770322
-0.02945152320576032
0.2117248576655592
0.1384512805147571
0.140764687115055
0.1283435990457352
0.11808865323948
0.1054868102004014
0.1088754101329424
4.232149188075503
4.138935416905919
4.087373406252504
4.039413832090259
3.995722542214557
3.950155581948034
3.903139589097444
3.855386831567607
3.807312420599909
3.759054446447159
3.710670724484648
3.662197875428366
3.613659153346305
3.565061308475534
3.516391774265106
3.467614575832686
3.418661616678975
3.369403978431918
3.319576486973704
3.268640680335619
3.215903065708381
3.16103695159832
3.106935177795221
3.053761122534522
2.987761520625574
2.917267303323949
2.877504924357414
2.84578426642907
2.821726932560806
2.799264888994549
2.781184153346966
2.73898435134283
2.708923333490862
2.699871076432774
2.696643889925025
2.698947324266479
2.703619870639065
2.718601523322717
2.691228254450923
2.813419234379883
3.106291057672003
3.240150413192135
3.222558055061258
3.067862530956989
2.804595243602823
2.466011796132986
2.077830539631501
1.654122445182011
1.200664354615669
0.721697508409763
0.2280524895459032
-0.2538816813887304
-0.6743611316581278
-0.9586144821143562
-1.014218780301153
-0.7394747328440054
-0.02611578284889114
0.2954271410941206
0.2236397862500252
0.2442414073510313
0.2362532504904012
0.2223535551908138
0.1915164701245688
0.1856847630049893
4.157156835254737
4.117400725403506
4.085416841003063
4.04183918638995
3.997898787028009
3.951612652671963
3.904170236379721
3.856151386465726
3.807882193456329
3.759482845014064
3.711005703920402
3.662477316082796
3.613911906845377
3.565314315627493
3.516680174072219
3.467994807421259
3.419228915629046
3.37032410115666
3.321159893130067
3.271482447834428
3.220964269604565
3.169172159603572
3.11661074809589
3.061073538178936
2.994955325226532
2.925979692421008
2.879430798707573
2.841996921980413
2.813358990033702
2.788495848363348
2.767710733450921
2.739643912013152
2.719563176460716
2.711537716427234
2.708960812867761
2.711613341716083
2.716189392574784
2.733430917450942
2.696696243579793
2.821383928905565
3.185867235682083
3.351990901218385
3.309545501365522
3.10170151324184
2.793870612858285
2.437036227437688
2.05614728282487
1.656348474578805
1.233001728544977
0.7796934296010366
0.2953249137949499
-0.2058709177231414
-0.6786462647031206
-1.030298929886145
-1.12238865716152
-0.811443862563533
-0.009822608454614145
0.2895024765275763
0.2020740949865072
0.2233689440467956
0.2130256779565075
0.1963154828613284
0.1620234322041159
0.1710866514861416
4.157144520750755
4.117404719193395
4.085432488798398
4.041860822079139
3.997921114864458
3.95163367467546
3.904189450819251
3.856169401381433
3.807900548727284
3.759504113095419
3.711033840764324
3.662518362334346
3.613975080614598
3.565414474726138
3.516841084962063
3.468254814274584
3.419649475959655
3.37100315227225
3.322255650671413
3.27325684939013
3.22384295174741
3.173613820993835
3.122677016035469
3.066122852263029
2.994593669022751
2.91814021582939
2.86905490264947
2.829656626899419
2.800251005384185
2.776009789205194
2.755939293846591
2.734921434070658
2.719420499908402
2.71148135278603
2.70885654716402
2.712134495324534
2.718438960509435
2.741385548310248
2.699930170991088
2.852105509689857
3.29112559221524
3.432218726817454
3.304823311665747
3.023724953830659
2.68780742823846
2.344332156584728
2.002973217402005
1.656620091029171
1.293484731916105
0.9021834143320594
0.4745322718162409
0.01086395253728646
-0.4654525733897947
-0.8788644153502222
-1.072390391705639
-0.8332164298315429
-0.009757884847098322
0.2970800868069298
0.2103965927428231
0.2358422525385938
0.2255596446765561
0.2054780391729335
0.1645625512399295
0.1629978116884668
4.231836220041331
4.138671889238743
4.087125751159546
4.039209298840463
3.995561964724564
3.950039667133957
3.903067135105536
3.855353992394849
3.807311866838501
3.759075638608307
3.710701366708236
3.662226970832462
3.613682548253541
3.565090828770518
3.516470343718523
3.467840497044154
3.419226865577513
3.370657259786539
3.322138294549679
3.273604691924411
3.225067357699102
3.176373736343451
3.128701650188734
3.071712273420301
2.986437252687396
2.889605787389566
2.843556789906845
2.806649195927249
2.780317246169836
2.759235431606056
2.741829062714304
2.725613467770176
2.713387261408403
2.706430702237708
2.704491120867515
2.709108570869041
2.718835736722789
2.750757211172809
2.711771187012572
2.947739794018196
3.435896114921293
3.426617520530099
3.149828128135267
2.811229026009203
2.492806224118225
2.203254056053637
1.929380713061206
1.65636759457473
1.371933945901788
1.066444911458495
0.7324791166688609
0.3639576840393943
-0.04247048662056823
-0.4689653448627686
-0.8138868551137856
-0.8041304259286267
-0.05592772652678091
0.2971032102743362
0.2241747596132052
0.2550474762882024
0.2458023157711243
0.2214213119082721
0.171893920071317
0.143967457732752
4.528358993119121
4.240032331520808
4.140805699823943
4.077747048494731
4.021409272727857
3.965965654476307
3.912689482791128
3.861342118470814
3.811211386897839
3.761764753178563
3.71273136332008
3.66398535148061
3.615467420209847
3.567154211199878
3.519053526796033
3.471210187116546
3.423726417766955
3.3767927608587
3.33070187404264
3.285780140934629
3.242709513051845
3.203910547109048
3.180465113912725
3.151538630617515
3.051679848130423
2.864869285298264
2.81368937135241
2.778234160452241
2.755955643729112
2.739215511409487
2.725238190851711
2.71251148781467
2.702299875743737
2.695727110178775
2.693657255672275
2.698773434091622
2.712458280226986
2.755356019325312
2.744343378932607
3.15170726591006
3.511561094206665
3.195788432251642
2.802178598677705
2.493529049236884
2.253364341611425
2.04654956161171
1.851805254444137
1.657349406769606
1.455712081310127
1.241947313393089
1.013562345862076
0.7693636596656234
0.5015146004370282
0.1790403198949205
-0.2354199591848584
-0.599871481605445
-0.202831034468423
0.2764142711768196
0.2525323555857162
0.2927020215903566
0.2883322635913905
0.263015419343045
0.2036833050729334
0.115989630402148
5.087352623675718
4.158226611904291
3.928607208251891
3.95646655638901
3.970160433540881
3.941314969197473
3.897005241296461
3.850490734133157
3.803872415555863
3.756741159714028
3.708952625279093
3.660647763788581
3.611979401089215
3.563031363107752
3.513834000327663
3.464407623730688
3.414846416520153
3.365378535759946
3.316051379534044
3.265865535837991
3.214593025528936
3.1753778508977
3.185164499810616
3.168185723176174
2.833150656389059
2.699741292765176
2.725107262821424
2.725574415371837
2.72080328344317
2.714190788452024
2.705848126652839
2.696474985319964
2.687413577766022
2.679960327458308
2.675533519003684
2.677301036275852
2.68887484333086
2.729155491662085
2.763261682879099
3.243822322615983
3.126313948102352
2.624646692289927
2.343379820598591
2.173483038808344
2.036189276240833
1.908979444742239
1.784577883407779
1.659138048311438
1.530429869878753
1.397251550706066
1.259826295602756
1.122129002177859
0.9940831381199564
0.8733540286488192
0.6636847846974679
0.1365639245580612
-0.2389016353053612
0.2663669808261909
0.3153390617227835
0.3523575302456998
0.3442340262164862
0.3030157886841192
0.1849837407398663
-0.01711024104911555
4.002821485517684
3.714443815402939
3.615670731441113
3.693338321796626
3.783058595530444
3.82249975928478
3.822133354924557
3.801403225321175
3.770369641179399
3.732765815803527
3.690200478385461
3.643713212571296
3.594050617353805
3.541688844199705
3.486849484662748
3.429514556678156
3.369420768003863
3.305924863617766
3.237519661018281
3.160968291320835
3.069585859720896
2.943513576902146
2.716531327610916
2.299379214285344
2.202777963932044
2.608532861739644
2.639429617651387
2.676228679938041
2.688163934160532
2.690844740971147
2.687254903868812
2.67996250691085
2.670468881013376
2.65979295910942
2.648618222361012
2.637835572154336
2.627419787114485
2.621150609238173
2.643179084292043
2.472818140959774
2.064294880368993
2.033123398096765
2.034293535545293
1.972731775762522
1.894288865828576
1.815990066977648
1.737919644533639
1.65899277832641
1.579451608657441
1.499807469851864
1.420111634965407
1.340540345811601
1.269234024011133
1.242771187423629
1.314487871698489
1.296168839452035
0.6622115642715769
0.4504237545971769
0.4856267864025389
0.4821428229995003
0.4775974342215756
0.4813312174862328
0.4906329978294797
0.6419396124243892
3.321811239090268
3.329297272506249
3.366504035970092
3.461475048248811
3.574120217557091
3.660369769459958
3.707614860649185
3.72281003940209
3.715797418432385
3.693291178325474
3.659118785729178
3.615554907628743
3.564114031181354
3.505837454711529
3.441314659776958
3.370541642412014
3.292611397862888
3.205141071520651
3.103192859291497
2.97708346145642
2.808170734796428
2.566444954201182
2.240137077425566
1.973529626334615
2.286280190505792
2.630979926594549
2.621443555193066
2.658957125116423
2.671340035312343
2.675781353813795
2.673336991803792
2.666091904766973
2.654916479146054
2.640153279094798
2.621389239578111
2.597263187920164
2.564218902449228
2.513116085983615
2.441284595424992
2.205484764210601
2.071923516774874
2.025993082684721
1.98645758805526
1.92734461614647
1.86265688489057
1.795638044060042
1.727298231568295
1.658261351395574
1.589156499501133
1.520550123117926
1.452938361557465
1.386793565622149
1.323565095452423
1.268013927234311
1.236520427479943
1.183502648366179
1.016968902970793
0.7285220645156208
0.6505513504307949
0.6016390128737152
0.5814513766278149
0.5840431163880205
0.6143532403084434
0.7059532373934215
2.93911570955019
3.022596359229631
3.133275558363156
3.255995221646117
3.38219624137187
3.493824996842308
3.57624406415002
3.625793640856131
3.646079462921962
3.642418826260234
3.619199155281856
3.579546369835823
3.525715909614383
3.45938999351902
3.381675162663017
3.292789617155762
3.191445313542036
3.073924815948215
2.932952295446646
2.757163396073111
2.534930098823443
2.273251980630326
2.044583146792732
2.033787001869989
2.457226710694869
2.662221416729831
2.628479360861312
2.656076533167295
2.664269418040068
2.667504094703477
2.664523457919983
2.656451355484149
2.643510465862185
2.625620972643956
2.602151072881785
2.571777534471817
2.532320009427285
2.478312804680227
2.4121477186085
2.286358927996919
2.173256598051978
2.093316761150923
2.02371061523952
1.951758377852068
1.879129506263448
1.80590294402677
1.73228406618393
1.658383684326795
1.584392744760185
1.510552594478656
1.437172603646334
1.364699855186726
1.294037853676837
1.225533036838139
1.159279515341481
1.071347301223925
0.9329278203696815
0.7863140748347007
0.7210083194021987
0.6762551963601441
0.6571428684892823
0.6603212747578869
0.6900030401017281
0.748241906650438
2.723943881098512
2.808984721075332
2.936119022823117
3.075791649453855
3.21444863343505
3.34196289913484
3.447685618704779
3.524325400278827
3.569794709673963
3.585582552137453
3.574486193397718
3.539342321691874
3.482678734113701
3.406694185092893
3.313138287760568
3.202910676177306
3.075396388287986
2.927826513097108
2.755559548727849
2.555462256100284
2.336150602451042
2.136919832106102
2.043075146809928
2.161562572830009
2.5404599028734
2.675442189778852
2.639480613515643
2.658845319323017
2.663435932160313
2.664887835761791
2.660842753521298
2.65165845209949
2.637025149953387
2.616484210883453
2.589178177725907
2.553736532723581
2.508360322732314
2.449425891604542
2.378249260169007
2.278300701364608
2.182299117001437
2.101565365075709
2.027075345623528
1.95302218282202
1.879350112666727
1.805725291562716
1.732090386164556
1.658411867258959
1.584717811776151
1.511058174658239
1.437488291762258
1.364048116054073
1.290842963026334
1.217404223899686
1.142930012051679
1.057514806116501
0.9503860442152934
0.8429865105098183
0.7765024736886224
0.7310656225087752
0.7102732168066069
0.7119003923086425
0.739163053155365
0.7909799128546093
2.59876415933388
2.670366403828751
2.788520778011632
2.929183323570073
3.074541219190229
3.212812340405544
3.334241767093515
3.430564466122599
3.496348988816028
3.529373586298119
3.529791020424244
3.499068081559192
3.439300668221003
3.352890004738891
3.242326565464052
3.109901476089054
2.957418777828528
2.786414291386289
2.599976542564312
2.407550679612367
2.232616388140027
2.117985745393186
2.11728920636039
2.268366886706967
2.576809891048501
2.682518121689105
2.650903232848009
2.664730116763002
2.667089337732009
2.66715492064733
2.662274083065044
2.652283863577855
2.636527250201858
2.614316288426839
2.584730136350601
2.546585373157063
2.498632298026681
2.438941573261549
2.368567571678835
2.282008525963647
2.194786676250808
2.113307624140059
2.035221164256376
1.958463560203432
1.882770090423171
1.80769135797836
1.732991964193267
1.658471595398261
1.583976515232476
1.50937048924373
1.434511319951239
1.359203182754103
1.283229463798129
1.206005088696871
1.126923690662536
1.042637998321041
0.9510123318890309
0.8638112769077331
0.8014929252183239
0.7585421304333666
0.7377753459653102
0.7379993832295182
0.7611019953313553
0.8048549152593494
2.524356647429848
2.583890289504907
2.688045879830733
2.821143110293436
2.966738325120156
3.111118501220098
3.243076766781474
3.353148839796402
3.433882755960298
3.480372868180641
3.49024867280235
3.463179466264608
3.400318196830968
3.30394615710007
3.177347609896512
3.024877113431399
2.852299903833357
2.667706835643859
2.483374657309489
2.31828011053702
2.199064665305476
2.155312329354909
2.207739359799639
2.358957617152141
2.603955108829383
2.688401110453279
2.662453075610133
2.672805374735967
2.674252163508525
2.67372139350444
2.668617063215793
2.658408884533042
2.642218185406767
2.619189939679422
2.588333787053667
2.54854793553513
2.498856068393974
2.438259550381424
2.36775883713485
2.28640903632773
2.202492036264034
2.12036148802835
2.040295188575852
1.961849840895622
1.884836431731532
1.808831137779188
1.733493901838996
1.658497734517377
1.583545894559635
1.50834808128311
1.432593827559917
1.3559166907373
1.277936932754803
1.198160853559709
1.116372800696495
1.032053289589733
0.946474766509967
0.8674396718362751
0.8067475524815084
0.7646996938639764
0.7436943128836013
0.7427799630309491
0.7617669508891182
0.7968792690497245
2.481460695502538
2.533070311343607
2.626227975175192
2.75083575046397
2.893510519552535
3.040370557028862
3.178746653114388
3.297716309148902
3.388349948786791
3.444010033212388
3.460500591566729
3.435934999044123
3.3704602692929
3.266088341769778
3.126832675319266
2.959239721710631
2.773278999785488
2.583359727142762
2.408876307827881
2.27315005643628
2.19939164371163
2.20352849066255
2.287165147540315
2.436873103884748
2.632741003199081
2.695666743501492
2.674716470358749
2.682941765607793
2.684872321980056
2.684888146421279
2.680549480417693
2.671045776017577
2.655381339320974
2.632578604612799
2.601533871614242
2.561065578124945
2.510172716447454
2.448185080299477
2.376040303655178
2.294749124865801
2.210092450360236
2.126024681872913
2.043920577404954
1.963961472516391
1.885929734742663
1.809327734512229
1.733669161926766
1.658493126707859
1.583378096196086
1.507901688698097
1.431595949927967
1.3539022975563
1.274203958546861
1.191879746676567
1.106754887543187
1.019388782057371
0.9325898940422592
0.8533904432095947
0.7909070299664562
0.748177833188865
0.7274576458203915
0.7274972223386205
0.7451951654221226
0.7732775542446259
2.460882023732203
2.508413137809388
2.595660638896997
2.715034760046574
2.855184754036301
3.002683970029369
3.144156240532157
3.267700237289443
3.363483358849103
3.423955038908442
3.44394740902501
3.420669341643176
3.353619849097349
3.244603824259944
3.09810250792545
2.922138349494422
2.729458600445751
2.538358666429032
2.371954301351321
2.254721135038915
2.206356646217103
2.235357442740059
2.335916225670259
2.488645967067598
2.659533102492635
2.705314936409702
2.686584001536345
2.694803011808852
2.698564373423068
2.700380664495627
2.69786063142147
2.69002411466044
2.67584917165342
2.654270345411995
2.624005015995409
2.583598316190217
2.531717009069145
2.467534039460669
2.391884238252382
2.306788953042592
2.218133663739354
2.130535804931427
2.045922984661505
1.964497963365969
1.885768596262378
1.808974598088043
1.733404719827181
1.658447081019711
1.583570361660726
1.508243278344966
1.431843007054093
1.353566740192779
1.272420874638231
1.187318847955776
1.097630485693333
1.003995067707004
0.9101338385441957
0.824241101365457
0.7562731493415997
0.7112409422642951
0.6917544256468781
0.6962151667975204
0.7186530115972123
0.7461936371336311
)
;

boundaryField
{
    inletLower
    {
        type            zeroGradient;
    }
    inletUpper
    {
        type            zeroGradient;
    }
    outletLower
    {
        type            fixedValue;
        value           uniform 0;
    }
    outletUpper
    {
        type            fixedValue;
        value           uniform 0;
    }
    sideWalls
    {
        type            zeroGradient;
    }
    topBottomWalls
    {
        type            zeroGradient;
    }
    frontAndBack
    {
        type            symmetry;
    }
}


// ************************************************************************* //
