/*--------------------------------*- C++ -*----------------------------------*\
| =========                 |                                                 |
| \\      /  F ield         | OpenFOAM: The Open Source CFD Toolbox           |
|  \\    /   O peration     | Version:  2506                                  |
|   \\  /    A nd           | Website:  www.openfoam.com                      |
|    \\/     M anipulation  |                                                 |
\*---------------------------------------------------------------------------*/
FoamFile
{
    version     2.0;
    format      ascii;
    arch        "LSB;label=32;scalar=64";
    class       volScalarField;
    location    "5000";
    object      p;
}
// * * * * * * * * * * * * * * * * * * * * * * * * * * * * * * * * * * * * * //

dimensions      [0 2 -2 0 0 0 0];

internalField   nonuniform List<scalar> 
4096
(
-0.7056496152213002
-0.6512477334789386
-0.5291736117948154
-0.3079411328829069
0.04677322065154085
0.5587994138324829
1.227316837734099
2.010572730009029
2.798804120661668
3.001644964219088
2.90816848580299
2.906787101195548
2.874298778628158
2.824933671105313
2.756573617749337
2.673069749853748
2.582767964863008
2.49300390059079
2.406596556068181
2.323308918356708
2.241486172400738
2.158961961782135
2.074040798546191
1.986358889610354
1.898456314668667
1.817233165630749
1.750635274066558
1.702312147862312
1.670376752919452
1.666880911286826
1.583865777016191
1.760730971079179
2.377717200026333
2.822022924265184
3.029068144269379
3.001886075227921
2.784331003588454
2.442617894863044
2.048278121599048
1.663784946320028
1.334099744197605
1.084705617694302
0.924096566624635
0.8481229092652629
0.8443865602700743
0.8958883614369443
0.9837914908629343
1.089441955213473
1.195827700155599
1.288601782817089
1.356729076311049
1.392783379291231
1.392932371016673
1.356682961324907
1.286484176353578
1.187271380429088
1.065986984354881
0.9310601198303884
0.7918068023688377
0.6577399883807848
0.5378409720722398
0.4398965231839381
0.3700048554315958
0.3322967146771107
-0.4999796362541633
-0.4516280521606028
-0.3473263694225932
-0.1627129809351434
0.1335157815854913
0.5701365635579841
1.159010769876675
1.883838907439612
2.70711799115948
2.965362680041393
2.870844378063102
2.872533216098142
2.840603123978702
2.794079253741506
2.730580922349765
2.652884318405877
2.568733924662305
2.48458777918261
2.402444755661138
2.322180629693749
2.242895432252098
2.163289615264663
2.082439570393652
2.000152362301104
1.918236754333447
1.842774384935147
1.781109103346783
1.73579946727282
1.704714660679468
1.704594810511942
1.622177825856462
1.854993734004794
2.505880706477466
2.892600309511854
3.022288003246838
2.925556045150485
2.66050932774042
2.298882821606451
1.909121574588908
1.545159026437712
1.242590461936723
1.019856971033232
0.8816054783491055
0.8224512545923824
0.8303598504980706
0.8894165654738021
0.9819988187265369
1.09045913483871
1.198435125995531
1.291864156396766
1.359725768559847
1.394495534983903
1.392291629681713
1.352731502436323
1.278565440742014
1.175176955323547
1.05001528789984
0.9119740200853672
0.7706976641731308
0.6358167025561711
0.5161754014854526
0.4191796483946184
0.350387399004586
0.3133564756119856
-0.1256117432742264
-0.08428311096922045
-0.004373266274435112
0.1226691894194006
0.3205259610482
0.6285407312811706
1.090465728512683
1.744708419425112
2.64028529247135
2.947900168317973
2.84632438183545
2.853860375580854
2.823088430227655
2.778328232888088
2.716811362659437
2.63938254546598
2.55640948733342
2.475527689165161
2.397189948522502
2.320371500494578
2.244331554915734
2.168038081406685
2.090767467979161
2.011547768377085
1.930799785667139
1.855793458402499
1.796344489244109
1.75301943436725
1.723293182314648
1.728897856858985
1.639512011540062
1.924773691214209
2.649960784217732
2.965804563701305
2.972628480304951
2.760365680999451
2.420406194993709
2.033843799133624
1.660338993336389
1.337096715832365
1.083751015816021
0.9077060240064591
0.8079267441226806
0.7774006652190093
0.8049066647760703
0.8764632901310131
0.9765913928988795
1.089442986430542
1.199836844824886
1.294226994555277
1.361588069426809
1.394144710847751
1.38783449211922
1.34241002226423
1.261162444451867
1.150342158152621
1.018395257436625
0.8751063094169129
0.7306966220933113
0.5949251782282866
0.4762827729275024
0.3814104750394076
0.314863637538915
0.2792592323856531
0.3855529826004576
0.4272258093347089
0.4904404044737377
0.5603904003186315
0.647055978468315
0.7990840032362233
1.104074687127401
1.670960732881382
2.613194042871797
2.945022819208284
2.839997041084832
2.852075902967926
2.823352488249297
2.779228058714026
2.717015165568893
2.63263042225526
2.544522753954199
2.464900784904946
2.390555940733745
2.31784547816585
2.245834376450428
2.173411466600211
2.099714883337043
2.021378547002688
1.935510548132376
1.853969474106712
1.794268270278311
1.751937489330159
1.724462703621822
1.734699657098497
1.64164362829828
1.95423245202829
2.729105556555239
2.957308626610472
2.815779934695404
2.472399543837577
2.062275713313377
1.669821502918928
1.335595367405472
1.073762717000833
0.8860645397867171
0.7689851860235489
0.7163811064758729
0.720169407490911
0.7704993690798451
0.8559374933998746
0.9637983477367144
1.080637062659978
1.192909958516143
1.287814057779799
1.354286556159207
1.384067855209651
1.372631558381509
1.319726171130206
1.229327125270238
1.108972258532556
0.9686464616144681
0.8194593375521588
0.6723446235331325
0.5369774334842553
0.4210616117369805
0.3300326624534181
0.2671267936940189
0.2337961904518172
1.00017369537037
1.05233155046522
1.112861859903524
1.147071013339548
1.148009115228287
1.152200923940958
1.27159884511596
1.696269764983072
2.615240956483623
2.948857635460279
2.849280673985455
2.865894197730518
2.840326801619363
2.795940838996174
2.731086453204
2.6290688125771
2.527246685459519
2.448762096642863
2.381056780618995
2.314317000099288
2.247857897422313
2.181007563096824
2.113172533355557
2.035194102877018
1.935536550325609
1.837016796116253
1.775356505045014
1.733232668928482
1.709054029516867
1.723771301760279
1.636020154543282
1.953116241444746
2.70517070417645
2.793199520819103
2.485973648839592
2.038004750565436
1.60573723875354
1.251488398835787
0.9859861859335949
0.8013754615141346
0.6862427446216542
0.6301611210854804
0.6242237285478691
0.660412775225644
0.7307772997676625
0.8267604970376505
0.9388016330854571
1.056247553882973
1.16759008452776
1.26106330901761
1.325633143696565
1.352337361039637
1.335768890505854
1.275294077471441
1.175501966005535
1.045549693730949
0.8975052712754505
0.744196817981733
0.5972015866345514
0.4655423614169231
0.3553626663202485
0.2703558206167308
0.2123998782518265
0.182018295628629
1.702752227945111
1.759450797413884
1.813949445749901
1.840734575081735
1.819369823821007
1.736988490584331
1.660239435782973
1.828255324787293
2.609495215444787
2.954215128360364
2.874774178662566
2.898145562111329
2.879557261551804
2.838185823222789
2.775273351820107
2.6379294581204
2.507116321468578
2.42902459624215
2.371384538923856
2.311230777357008
2.24993529939915
2.188993276194647
2.129828616214931
2.050686636146998
1.921319233425464
1.788392485937655
1.729730778375161
1.691210704604904
1.67400470229855
1.694954452813767
1.627038910127681
1.952796974803777
2.56314345510448
2.408670438954672
1.950239868293746
1.48422808434828
1.114245293604461
0.8498642238587993
0.6749594123485907
0.5713128230538562
0.5235041513935034
0.5194964567662982
0.5503134446359766
0.6091852239902791
0.6904297173113367
0.7883935608510259
0.8966459103386105
1.007488439181665
1.111807438464376
1.199333020831839
1.259422231665883
1.282463044179988
1.261820109006377
1.195888480119967
1.089420826949876
0.9531930675581054
0.8016739414156231
0.649566096718017
0.5086632568546963
0.3863642280225009
0.2861866327379175
0.2094673768627733
0.1569940267980517
0.1295050809569719
2.520738656860471
2.513240022469458
2.517078676432473
2.555964048276639
2.581699491362142
2.524405432628454
2.338183841768789
2.139627142389375
2.528103936714178
2.943194162034802
2.91476049422438
2.947160964855233
2.936550501639061
2.895049599364231
2.823156554517382
2.559850994174753
2.403109418163175
2.363585620282275
2.344440529427121
2.302545281122723
2.255461733145446
2.212607830853209
2.190814737342124
2.148120287269504
1.991442984488983
1.735237365833163
1.669090352020995
1.631021637008764
1.621325788910192
1.649765827180729
1.63056433991835
2.011142950537446
2.226455859796308
1.753237702171276
1.273727916081207
0.93228579164543
0.702873602178723
0.5545684251714986
0.469524789827386
0.4339575426399694
0.4355280164075365
0.4643361454718916
0.5134052888912358
0.5781024034198136
0.6550978074529973
0.7413310518792098
0.8331641329895744
0.925757288325236
1.012679119814553
1.085821998536259
1.135800624472186
1.153086313587488
1.13004170112881
1.06362594026823
0.9578251695869966
0.8241922737143597
0.6790540381341866
0.5383379487238206
0.4129964896379721
0.3076531958829659
0.2223883060801916
0.1558688499313094
0.1080714333985872
0.08165334351358035
3.540794947837251
3.250719814335698
3.140567340380545
3.199768974393753
3.276018279517753
3.312883935157858
3.244242548703507
2.874750286318845
2.533354645204861
2.944549739825407
2.988950425006367
3.029317516895342
3.040070954980789
3.040971326990092
3.071446298135601
2.863661016055254
2.264025074107871
2.263635578136114
2.342335470903841
2.316158779992278
2.249674198932144
2.219316928368838
2.288384796269201
2.278497237484102
1.684342118679436
1.485087120064239
1.521800887507181
1.525736711011864
1.536207724500087
1.570001895377129
1.617954062570864
1.975950894964447
1.481138079847445
0.9409694881765831
0.7144265926014082
0.5975063235745355
0.5124697954411783
0.4573885782943973
0.433971278695217
0.4363884816959113
0.4570159766274658
0.489906095206687
0.5312585982112817
0.578848111415565
0.6313013952464258
0.6874394489950852
0.7457116366745153
0.8037160181750562
0.8578034850152273
0.9028053994908469
0.9320442491131162
0.9379223620013937
0.9134355200672376
0.8547024279426247
0.7638671363338116
0.6507089743878429
0.5305651427224816
0.4177914153469351
0.3204670118322034
0.2399211944145733
0.1734938411476748
0.1182296834110222
0.07390539322346902
0.04366918385686314
4.829517482182672
3.903280178162909
3.674617508939777
3.700802343212751
3.719313518603401
3.738306607281575
3.834394930762496
3.84638848622462
3.288602076254764
3.108080846243787
3.142273726876868
3.149474995824651
3.162873811833896
3.20276951114563
3.252838021651692
3.671804943385589
3.260918425174499
2.774416931644963
2.555582891294278
2.38583936620734
2.202419050816405
2.023424157585742
1.787879240690041
1.286972729066301
0.8843996104886404
1.310146965629266
1.364011160518838
1.405525249094687
1.418521916066202
1.42074370476982
1.459183832024251
1.246372401337614
0.6342621520784441
0.6238875056442786
0.7008111361986968
0.7002025736150969
0.6709149736963557
0.6461773710944974
0.6312819280515508
0.6234025705870696
0.6199197394850346
0.619279236978966
0.6205369082285164
0.6230607290152407
0.6263767613129797
0.6300393627828006
0.6334992398423551
0.6359758252310086
0.6363363483429063
0.632985745504041
0.6238233626564851
0.6063747474060568
0.5782583276523723
0.5380241186671895
0.4861951888657356
0.425565997971855
0.3623538351946268
0.3017749806540051
0.2461108836448708
0.1953043180801402
0.1479109649705957
0.1027046375502268
0.06318038994973889
0.02350257943053426
4.313591700243897
4.025014426226759
3.927681193637077
3.868039648279238
3.817798857600889
3.775512395667969
3.756862566613893
3.720513261909713
3.581423306772156
3.343743991929699
3.284291271751721
3.25292573615674
3.248358418397667
3.282572996419194
3.266003969246045
3.674252804458682
3.943653358370902
3.52053331261701
3.012270783508634
2.537954850703229
2.073379133772675
1.589304055996034
1.065899344110012
0.630629349864491
0.8966409247680769
1.304830805274864
1.290563349323761
1.324686454462678
1.318783875749414
1.282721120023539
1.221474758581541
0.9768853103674543
0.8384479725759467
0.8158319586777117
0.8133705808410248
0.7932059645605631
0.7698152920717215
0.7473201500482409
0.7266214603456448
0.707563983864361
0.6899364926991262
0.6734834230304626
0.657891852889765
0.6427988776634196
0.627814495150272
0.6125271605603607
0.5965100266407594
0.5793317739264087
0.5605490034368719
0.5397121374156254
0.5163765079252924
0.4901172193070446
0.4606023814434784
0.427534285401882
0.3912035542346808
0.3512132724965244
0.3100029607453624
0.2686735827244222
0.227310336635225
0.1858791155832129
0.1444055132178219
0.1027282959795305
0.06194470626793368
0.02039763285481168
3.998702309908358
3.905007412896999
3.853512120355827
3.806618656535991
3.765517855908455
3.724450680151474
3.683632399263032
3.621568504193711
3.510465412706641
3.392996759589659
3.343834593868098
3.313355783184472
3.30211396556567
3.326959264314561
3.263622611491534
3.57606145668841
4.173633012192912
4.003557942858627
3.425696242211695
2.698952319373254
1.937013138449487
1.20209800098944
0.6108547593210693
0.4259126825584942
1.00719993254723
1.313766265806642
1.252527189018157
1.276256626353724
1.263101811299328
1.227826928619196
1.173026380202965
1.045026021208279
0.921974081914092
0.8534784594775922
0.8129985543729875
0.7777955191095739
0.7479760394878916
0.7227828345708582
0.7019996172077014
0.6848411513390873
0.6705024541328778
0.6582580833921196
0.6474929665686153
0.6376729469327399
0.6283114654008132
0.6189247905387693
0.6089961308326224
0.5979441898202348
0.5850838634702245
0.5696117083507704
0.5506140996276008
0.5271066458988549
0.4982134749779909
0.4631147270382016
0.4223313903095463
0.3751105954339374
0.3267925537446205
0.2798115901635559
0.2342874366434228
0.1899654537679106
0.1467171304032708
0.1042144133386515
0.06268767414399114
0.02116630875691337
3.924370597257915
3.884539163704336
3.852593505465955
3.808906744497051
3.764755340170428
3.717692262190265
3.667945414959296
3.606829783828474
3.523874728443429
3.440110719667786
3.389710379341879
3.356837137041691
3.339651359574192
3.357587155886514
3.278046242881252
3.565837549523237
4.245734092632082
4.213410296213121
3.652487400023861
2.800319354757482
1.858351420057677
0.9996124811109179
0.425421527795827
0.3728346092950314
1.025810730723475
1.304187164037625
1.227349297710389
1.243926655911194
1.225071120134675
1.188301455860563
1.132697176551828
1.040300068772456
0.9441401437954408
0.8728150232068749
0.8253285894121619
0.7861711087351584
0.7550908598518773
0.7295746366662594
0.7085499488120247
0.6909116124483318
0.6758162058330111
0.6625820770098618
0.6506555980574803
0.6395581046811738
0.6288528067424501
0.6181060671766861
0.6068648923286996
0.5946269000051964
0.5808093927978953
0.5647269484149611
0.5455734363698758
0.5223998184284373
0.4942404077065405
0.4597235518309172
0.4193816775330591
0.3694448442724579
0.3199180880725443
0.2740617332532028
0.2302754538017824
0.1873715079549134
0.1452103948070651
0.1034817939591389
0.0622478437352201
0.02108945550602459
3.921755414671777
3.882079776584779
3.84966663037983
3.804960146647018
3.758988828308601
3.70913585542594
3.65582736809578
3.596260908876673
3.52806558225752
3.462278797682266
3.41564113356535
3.384025404590128
3.364811266432731
3.378452571333438
3.29587568452652
3.590928487385645
4.257950236601549
4.241044836587753
3.694530010301142
2.825012567395215
1.847967778782386
0.9736148900937407
0.4148966854194154
0.3747660892955276
1.007219903210737
1.290518686110427
1.211618750018443
1.224280208771269
1.204263379135676
1.170146271822626
1.119515543199027
1.045575867369188
0.9561704749161165
0.8744900945091452
0.8232344929925084
0.7814595578951736
0.7502575816246256
0.7254392298301453
0.7053641959393048
0.6886310671873705
0.6743088054544641
0.6617136410425767
0.6503298932020398
0.6397267222723998
0.6295219186236125
0.6193375249249772
0.608777819327105
0.5973996098509193
0.5846761136158363
0.5699582066444817
0.5524192751225186
0.5309667357368411
0.5042799445707256
0.4699350454062467
0.4286585874898595
0.3696403772707674
0.3144157335653191
0.2685749571931538
0.2264192255316565
0.1847198702789122
0.1435148739348155
0.1025105104838183
0.06184074869732543
0.02120736318382971
3.994979251094053
3.901758372372718
3.84899125442695
3.79828421694649
3.749867819208553
3.696933232577007
3.639450311566266
3.577432060427084
3.512102755750026
3.450871129538491
3.403687011926412
3.371439184634712
3.351815726310157
3.363885570841914
3.295833687457641
3.622942220835194
4.201196857239745
4.12380055048127
3.589672315200127
2.784414276433992
1.888117196682984
1.080068410159035
0.5375583959437868
0.4407189466113529
0.9826547467812777
1.292138963274104
1.226942632360959
1.237484537584941
1.216689701450849
1.181784836017802
1.131054412985346
1.061288099072512
0.9585751629448639
0.8539557844506078
0.8063377854111223
0.7665277053361975
0.7388431336381353
0.7171309855950891
0.699575145301896
0.6847556202393349
0.6718398728979178
0.6602766992552699
0.6496854928459922
0.6397452579311104
0.6301777664421918
0.6206997274518741
0.6110136107960487
0.6007817318226684
0.589596038134337
0.5769348005611838
0.5620758736654682
0.5439634127359645
0.5210411476472099
0.4897834491789467
0.4516191116897875
0.3759024004710196
0.3105897488873887
0.2651271467475381
0.2252636416335689
0.1843229520517357
0.1435602824034334
0.1028465336265054
0.06261992918077969
0.02201020255360729
4.290907139137955
4.003295115632617
3.904658627306697
3.842176998908517
3.786610512235924
3.732241670300874
3.680510217840744
3.631112176615991
3.583663241462396
3.54078558678493
3.506538639185918
3.481134459327664
3.46098356141469
3.457404996625427
3.388006172032685
3.621071621296504
3.997555613927002
3.846865565117724
3.366975219568532
2.695196014759296
1.958321353257198
1.284864818863428
0.800523784250935
0.6394414207540524
0.9919266463833504
1.214075593324699
1.150814871938646
1.151715888967548
1.138899941346978
1.124809079759157
1.114703330203253
1.101708188968321
1.002017807448667
0.8231490445637629
0.7808078591436018
0.7439278653208554
0.7215571660861659
0.7045715847428858
0.6907138152478686
0.6786501893861859
0.6677456158247635
0.6576734697237131
0.6482618085590095
0.6393363484179598
0.6307531960981708
0.6223448706863107
0.6139329830790143
0.6053081645866881
0.5962112636512774
0.586284715721434
0.5749264517952911
0.561065256059187
0.5422740095880537
0.5128090281277695
0.470604571938155
0.3230786835583376
0.2451753546228159
0.2223951109127382
0.2017527177578642
0.1690263973228927
0.1330026804106173
0.09536402396141208
0.05779000487091111
0.01893035567784233
4.853227909223344
3.923635687441497
3.690685585684372
3.71060782122693
3.709114925463134
3.654389545841922
3.570814151464935
3.471748879763119
3.365310570245665
3.265145424866047
3.188022856634265
3.142729499928082
3.117806591557984
3.09222391517179
3.067904650369899
3.249270552276939
3.527675157610211
3.408909323483563
3.061130025305492
2.574910194142221
2.04013172076185
1.551028198474189
1.197840744721468
1.070931114693082
1.332172717900292
1.504847238881617
1.481504688601125
1.455299794293822
1.425333144668319
1.376454002359232
1.327584406505702
1.246490139376727
0.8410756162777364
0.6597612300466515
0.7025530971654143
0.6988286202661398
0.6937141622525704
0.6868901811038698
0.6791706148811379
0.6710062176037628
0.6626603789927467
0.6543636038099248
0.6463265229774224
0.6385754742516361
0.6311393209727992
0.6239808702336966
0.6170620677305356
0.6103505632266665
0.6038474745033028
0.5976256442825906
0.5918225117036865
0.586868842822846
0.5826454546931478
0.5819776046086546
0.5987833538938762
0.4916350642376177
0.2538700090974318
0.237527915447263
0.2339779862662893
0.1951436176133553
0.1500920025489095
0.1070424335696303
0.06927484987634142
0.02847135510434058
3.778560322911552
3.480904390307201
3.360181344081512
3.396153982688078
3.414860005923873
3.343417681775878
3.185159803464245
2.963100196945532
2.708571499049176
2.463667203694353
2.272291124834187
2.162209078356098
2.133072360437484
2.170071159630696
2.286505029063384
2.517924774940136
2.811597422593695
2.869464593991575
2.717520967716514
2.439531424016936
2.118013060681978
1.833170382850645
1.667346409433186
1.703373538191864
1.966240610976739
2.163802336385581
2.241133221550975
2.225114049398033
2.113069093835241
1.8574522672398
1.385639979152684
0.660708064520988
0.3064692426795415
0.5935720877526862
0.6348286905379
0.6593585784857332
0.6686357109630748
0.6705501995441051
0.6682156431731415
0.6635587299404621
0.6575133694258758
0.6508133157710694
0.6440813608776861
0.6374844551833245
0.6312146155444288
0.6253339988190522
0.6199228945267822
0.6150998042138558
0.6110967372768835
0.6083836150718537
0.6077944162246203
0.6113401173241201
0.6213411679211789
0.6505325064738285
0.6718625369087228
1.001172179435725
0.9689228590868313
0.6312947915858871
0.4328091470146073
0.3197782784659717
0.2408317664453325
0.1781335336666963
0.1276485303205123
0.09205919002114972
3.098035897082829
3.082179929608935
3.070464732435765
3.082409654584076
3.067390351264508
2.972160430911283
2.781806335887899
2.51451462277582
2.208903821752197
1.914443553972558
1.679493469151836
1.537889513761877
1.502709334726246
1.5727912273561
1.74092558200126
1.976658201561704
2.218614183120819
2.365883941111246
2.382469252635137
2.300905351843212
2.180597940116169
2.085893408605062
2.075409747791941
2.180227474880592
2.362603439459513
2.518283062252249
2.577896839767006
2.495323235255706
2.235076143391387
1.756945082319419
1.065010414891443
0.3726824025474744
0.3495535767944461
0.6019144744553361
0.6147253269764963
0.642890009728909
0.6547050099748644
0.6598360702520116
0.6602369555133656
0.6577123145547594
0.6531110909554405
0.6474240765191737
0.6416984440322762
0.6360672725431619
0.6308484368578592
0.6261296211751699
0.6220449828087072
0.6187663043810234
0.616584702305792
0.6160203497303056
0.6178641725993996
0.6239475132229101
0.6352953145830774
0.6657673651154022
0.6587796520193024
0.9331667266542102
1.190164998874082
0.9848713442779002
0.7239872044008828
0.5293270775153297
0.3962671124090354
0.3034409181054534
0.2398813651521901
0.2049735530052072
2.699761996904259
2.744866033788842
2.77884418239158
2.779697380715644
2.73161863909696
2.612855470430952
2.413410928208075
2.146672097050295
1.846513090058542
1.55743541290877
1.323345717544746
1.178121366076212
1.140340026318417
1.211115875757159
1.371106196589827
1.580354553242245
1.794225422120169
1.978073319027988
2.103883645185316
2.173502200687635
2.21463679746497
2.263494415023984
2.346359276405854
2.462148291098948
2.577788767541429
2.649912873901949
2.621002536862934
2.43382039882963
2.052662364566466
1.487237783446098
0.8457768523656689
0.3939072627545272
0.4869000407791024
0.6258920496757175
0.6183555105230919
0.6393527108269967
0.648731969415227
0.6540658658799171
0.6554295104686042
0.6539117853880747
0.6497918951108907
0.6443053615531311
0.6392008346550685
0.634264306032493
0.6299301613632138
0.6262121400218599
0.6232379174139043
0.6211578609382954
0.6202236040108726
0.6208490015710618
0.623547301598769
0.629517930550779
0.638104301320784
0.6605528471710357
0.6367327010997605
0.7894621774619578
1.105490769088293
1.105541167680385
0.9380235368343182
0.7437522541846073
0.582795794664573
0.4658068653688546
0.3893776858392953
0.3501964284311918
2.451363989483331
2.485092618393493
2.512529402045147
2.500664650004551
2.43380034375871
2.304311156768078
2.111883095674496
1.869113861629647
1.602467408999347
1.346929698857476
1.138182330625436
1.005421708137471
0.9656406329890124
1.019125137519207
1.148131012013753
1.323775617785326
1.519445463289888
1.717864254593898
1.903251608155337
2.067252575271565
2.212935358784999
2.348048977861898
2.473506630545145
2.576398547137494
2.633509356569363
2.617155103490235
2.48913707666478
2.213357619592352
1.782981635959019
1.251441205912256
0.7519573122375205
0.4714029527546063
0.5600043211100664
0.6367504767925246
0.6256012578872522
0.6403082730851184
0.6473250463312402
0.6520833665356093
0.6536510132001808
0.6524597541770256
0.6477259678411602
0.64129231902088
0.6364463316070708
0.6319218210101013
0.6283312100094069
0.6254754569769915
0.6234265289387385
0.6222640085209625
0.6221580356824311
0.6233823934317293
0.6261979599646654
0.6313220229853508
0.6373696388456292
0.6530871039075785
0.628778459475244
0.7196297483193379
0.986452434210108
1.085520747452542
1.031918017820283
0.8997999964326215
0.7564435247204304
0.6377317227772168
0.5561745944559214
0.513718029775004
2.27795525055469
2.28922265364597
2.292418686134664
2.263778042273584
2.188331060477008
2.061891878173629
1.888645830154347
1.680824495477049
1.458575265333716
1.247463154503171
1.073930620379302
0.9601342816282498
0.91917603154993
0.9520137917367957
1.04833075506763
1.192310090256473
1.369291456866716
1.567842064858499
1.776757778496224
1.984063127146859
2.178595109290594
2.349265889755764
2.482321214961196
2.56062879035702
2.565675535511792
2.478225458072313
2.279492499296376
1.961325026897575
1.544736567059309
1.095352945191215
0.7180232567912231
0.5225315619397211
0.5864629251805
0.6414847707446327
0.6317989877847917
0.6424123427309657
0.6480042187769361
0.652384032492363
0.6542871392989813
0.6534905762097635
0.6469109536603797
0.6378564834664291
0.6331476745956341
0.6288302146024051
0.6259378835637534
0.6238807622308306
0.6226468256062583
0.6222232200190098
0.6226955579348812
0.6242188315284249
0.6268859614718466
0.6311212721831319
0.6354515644479551
0.6467516355208607
0.626086403181413
0.6941707917621646
0.9046796666431047
1.024680467930374
1.043459962656931
0.9836561957213773
0.8872972862060799
0.7915967071217624
0.7189621547574803
0.6792173670476183
2.145441618896244
2.140020902456963
2.122121101148635
2.079496989964598
2.002434097319997
1.888284637092538
1.741598254474712
1.572721160641525
1.39651275313915
1.230719830320518
1.093468429985406
1.000125223461803
0.9604084633990632
0.9770151944948087
1.046677642874847
1.162901213036974
1.318123818682262
1.503921418093877
1.709807995336305
1.921675191271151
2.121932351702322
2.290924188183417
2.408710310538896
2.457000965289114
2.420697106634667
2.289196630782821
2.059954855366187
1.744820615936845
1.376847074743574
1.01116099103315
0.7151656973690688
0.5552614466911314
0.5947605500788571
0.6464232748973233
0.6406309968221179
0.6492914456101069
0.6543709603871279
0.6584264772019379
0.6603087834679826
0.6592814999003197
0.6476556740293803
0.6322613596245947
0.6282900828046422
0.6243962724480789
0.6224747926468908
0.6213524448619513
0.6209560411403677
0.6212086598712474
0.6221449575166783
0.6238472223182365
0.6263221382218641
0.6298349213160732
0.6330833204506543
0.6415876227136172
0.6245873646380721
0.6804236560201403
0.8496425050330357
0.9638821980462631
1.017354679484305
1.012904693285961
0.9687880276539778
0.9102871554093115
0.8592093723468087
0.8292404044342404
2.040106546612175
2.025937126161252
1.996626660532826
1.947764694791604
1.875350588990916
1.778660772858765
1.661404774052315
1.53113296687887
1.398044687614822
1.273752135272423
1.169900787633219
1.096636477309933
1.06133267772175
1.068110858736484
1.118188338291591
1.210380139245632
1.341068798430869
1.50363314977783
1.687672060296998
1.878255452194268
2.056258578075093
2.200353689106536
2.290004238069748
2.30834458461006
2.244417557313477
2.095365045576895
1.869109435418498
1.58622645202346
1.278956271890177
0.9861248738538962
0.7468423227145758
0.6012797019287586
0.6040857880612376
0.6336378901144444
0.6283955095691635
0.634067965444493
0.6392771607395401
0.6460291347302604
0.6556138005080706
0.6677218962008119
0.6575915717969919
0.6252047072160329
0.622678157644919
0.619091345737949
0.6182423149643921
0.6181349803966212
0.6185873955425634
0.6194784867590737
0.6208204645535936
0.6226613125033683
0.6249747081005302
0.6279405823822295
0.6304805854459885
0.637060106692078
0.623166520596624
0.6683534332648422
0.806625112395208
0.9107036323415918
0.9789458092064766
1.009928187051287
1.009093001591093
0.9891755362133375
0.9652317148595493
0.9493579340530736
1.956908866806651
1.94030544071507
1.908732107618379
1.861927181105687
1.799754853930109
1.723204053455067
1.635208356834442
1.540667648298285
1.445876537988146
1.35781496960691
1.283508852659422
1.229499121485923
1.201468422106659
1.20401219667346
1.240344646347422
1.311688068559233
1.416376941711057
1.548982079152657
1.699731669838005
1.854445525505063
1.995377465562282
2.103265140090383
2.160235167626118
2.152787860887719
2.074365453086477
1.927364807948011
1.724093795741679
1.485662286127746
1.23831775096521
1.008482441696119
0.8196679719568856
0.6956739614076165
0.679280259954002
0.688768799699554
0.6869833181334069
0.6919826939295832
0.6991512441887789
0.7053537187352954
0.716505914222247
0.7249714591973757
0.6332198557326755
0.5909346895939721
0.6070480559500517
0.6097202822302584
0.6121437808015516
0.6139593512268897
0.6155891265801073
0.6172137822732511
0.6189743780029193
0.6209634928022161
0.6231732055125209
0.6257458043210797
0.6278154964132782
0.6329789581240974
0.6217569377487243
0.6572948606604838
0.7700649466538688
0.8641590021958067
0.9381858350856332
0.9900479459450139
1.019777278133355
1.0316253558298
1.033028990641341
1.031456473150022
1.893797965593464
1.87884512572736
1.85132468275767
1.812716368903022
1.764739862562183
1.709311247249242
1.648758070876987
1.585961085205517
1.524278700754709
1.467377805211772
1.419128016061717
1.383588795787906
1.364983293957443
1.367468486909734
1.394533160139132
1.448032025518147
1.527095854352717
1.627254225729267
1.740047438766784
1.853319602353485
1.952304611445131
2.021515264219748
2.047205813913054
2.019953485503502
1.93684916576994
1.802751892721717
1.63001172814989
1.436379448839894
1.241725902617772
1.065354625117187
0.9258488311733695
0.8423572508613479
0.8255853322406304
0.8302600332695561
0.8410417255737505
0.8521622749863639
0.8544186790683038
0.8323856505946317
0.7634443846388032
0.623241266254184
0.5257626698825888
0.5822869789494381
0.5951204340439976
0.6022556526641386
0.6069454375628407
0.6101617920743978
0.6126642221256652
0.6148475773160422
0.6169298765297307
0.6190349543275545
0.6211742418273816
0.6234664704174461
0.6252241621694283
0.6293192941385501
0.6203957903819861
0.6477754082944462
0.7388319407812071
0.823113987325515
0.8981743486375542
0.9612414917510301
1.009974651842904
1.043801171710511
1.064304609742482
1.074113982994099
1.849212485070288
1.838010032137767
1.81782666378749
1.790581183646829
1.758498082210709
1.723667579878249
1.687866838942108
1.652604072372191
1.619260875402362
1.589276117704532
1.564369628801307
1.546757208879974
1.539218518620739
1.544851476282629
1.566438791852945
1.605526551494818
1.661461884985167
1.730679429283894
1.806476996395279
1.879419334149573
1.938378966599914
1.972113493620988
1.971178053179806
1.92984837939615
1.847603530033421
1.729670320529893
1.586315582939378
1.431067747301108
1.2786437515208
1.143482189156661
1.038663659766019
0.9727482957529391
0.9427485153517956
0.933965037410768
0.9334961607468736
0.9271457120241361
0.8990108099066682
0.8302906395803507
0.7088914820932666
0.5660656927299397
0.5401017990442405
0.5853213014029593
0.5918408645542425
0.5990538795778547
0.6037968156138694
0.6073450964977756
0.6101847303712468
0.6126450522779513
0.6149061588071376
0.6170737601397241
0.6191577611013281
0.6212518655793432
0.6228065229939344
0.6261003951020021
0.6190958734072636
0.6399217620470097
0.7127576227207397
0.7872133113236242
0.8598892744214219
0.92720455679453
0.985506099625661
1.031657334093327
1.06363186514178
1.080561181691223
1.821199829844986
1.814308920546115
1.802236275035891
1.786776018815276
1.770013960590049
1.753812162767718
1.739467425200012
1.727637857524713
1.718506537663544
1.712092973097944
1.708613456274813
1.708777241103081
1.71388897795638
1.725655095719717
1.745683201020498
1.774781573129457
1.812251328677106
1.855386653695839
1.89936043670193
1.937585990744004
1.962536599928425
1.966910978302603
1.944963701948859
1.893747509648294
1.813950096254246
1.710041787997935
1.589662010155342
1.462483857998762
1.338941455660934
1.228909865300487
1.13986697844054
1.074405858565034
1.029391810776225
0.9992197770527264
0.97362742405405
0.9382875707976011
0.8783487070634276
0.7846882346208421
0.6675712730970687
0.5730709115856265
0.5715245490121923
0.5912689947560993
0.5931143755537924
0.5982558185494277
0.6020605977642031
0.6053368970233145
0.6081574123959314
0.6106850018285581
0.613011866971337
0.6151991989170549
0.6172402592533675
0.6192017536954137
0.620632773233847
0.6233482799599676
0.6178638631374017
0.6336826983448118
0.6917855201398369
0.7565000714566011
0.8238829930176644
0.8897962520754681
0.949899425522519
0.9999125872637722
1.036120901442736
1.05586978172922
1.807331533972941
1.804226606395935
1.799208669746934
1.793831237656607
1.789914207210904
1.789064883761391
1.79229364462114
1.79984785343862
1.811296424341406
1.825807938244193
1.842510855689714
1.860806560128457
1.880521259882613
1.901832658986813
1.92498130330594
1.949847909519107
1.975523227732219
2.000007605486982
2.020152599442172
2.031901135602632
2.030811419448625
2.012782704052805
1.974849397826413
1.915873613657712
1.836959634388551
1.741472706042454
1.63466869801729
1.523041906317411
1.413461390736792
1.312037806792693
1.222784889383841
1.146768199668127
1.08259972583995
1.026951213390026
0.9726967025147478
0.9100638176863122
0.8313125567701555
0.737963947481277
0.6472378477234011
0.588999756645284
0.5869339876019867
0.5935820738626287
0.594258956280294
0.5978014475933284
0.6008127542803073
0.6037384523815813
0.6064314741814356
0.6089381073226894
0.6112775372701574
0.6134698211751254
0.6154893899340882
0.6173794333943986
0.6187520453168043
0.6210922639213257
0.6167096836459486
0.6290450269509855
0.6759952941467428
0.731273778017178
0.7907852019605925
0.8502897747932086
0.9054336711613497
0.9519354920959913
0.985970726724977
1.00466783146763
1.804950811950431
1.804415378320242
1.804206461501506
1.805762477779958
1.810815131382769
1.820959095634467
1.837252606539926
1.859962895496301
1.888520191574223
1.921672168916633
1.957766820606676
1.99505784998768
2.031931971770061
2.066998350669991
2.099037930105079
2.126857779561093
2.14911758410768
2.164196405436734
2.170156375141218
2.164837594627333
2.14608738116626
2.112092281794902
2.061750313477274
1.994999734304017
1.913018926475917
1.818239807482397
1.714161344973935
1.604972171778044
1.494987551890695
1.387960079468914
1.286504170050361
1.191947627036407
1.104429316776199
1.022516800421756
0.9428486529851459
0.8615342991718797
0.7776392497681344
0.6968643212531626
0.6314793704748608
0.5941132364075703
0.5910859578675051
0.5942893386995513
0.5945506675703744
0.5971890490584431
0.5996724717033531
0.6023210664358268
0.604889298399886
0.6073596547340644
0.609702890383492
0.6119098774234432
0.6139405194813033
0.6158224494810025
0.6171980028156129
0.6193641431395662
0.6156411169303277
0.6260714016742639
0.665679228896129
0.7121041147409891
0.7614355085711479
0.8098325779307501
0.853689952414461
0.8898487349446547
0.9158112331738177
0.9298983106131397
1.81148463157911
1.811939104518327
1.813649932023297
1.818161082812683
1.827424164379306
1.843396345784495
1.867612203420198
1.900823844239198
1.942788215125908
1.992243119462557
2.047063440354989
2.104540640039225
2.161698941727147
2.215566904877933
2.263363412983318
2.302604064745528
2.331152837746563
2.347235318262104
2.349424005795304
2.33661375794779
2.308015287503791
2.263196395544151
2.202184855845704
2.125608529294253
2.034807784108951
1.931847123112987
1.819384236405353
1.700404009678834
1.577882641135959
1.454512143222616
1.332621301963442
1.214254326480019
1.101126239563166
0.9943752279868447
0.8946507017244506
0.8029031247469413
0.7216892902572976
0.6557146619905749
0.6101931791446353
0.5881096417773344
0.5903763030222472
0.5942851858215176
0.5938585029300205
0.5961999846065493
0.5984092124499916
0.6009231970155398
0.6034336361867221
0.6059008649462782
0.6082703276041159
0.610520334221889
0.6126046233424063
0.6145474342972621
0.615990579214297
0.6181956164225766
0.6146590394930731
0.6248851426270261
0.6613337542780796
0.6997806212533211
0.7367992274806634
0.7694429442315612
0.7956718185560343
0.814650808886607
0.8266762715194664
0.8326374072964176
1.824676350203697
1.824446936952746
1.825002318173266
1.828204437236744
1.836530583129904
1.852683264626632
1.879119588043354
1.917571300798175
1.968638193608855
2.031538011905382
2.104076778310573
2.182855946874005
2.263662384504173
2.341928494151817
2.413150952805291
2.473219807096517
2.518664265150936
2.546811960374627
2.555835383894159
2.544684626451245
2.512956343981607
2.460792967950547
2.38888652145944
2.298564646038104
2.191846294393403
2.071358269176801
1.94009056298262
1.801067746472302
1.6570775729811
1.510602086780649
1.364007988930202
1.219886582668812
1.081335036825115
0.9520590271264208
0.83626152561986
0.7382298798779574
0.6616468426486801
0.6087546072353581
0.5797389792254233
0.5730644436635123
0.5870224529819312
0.5939128095411865
0.5922748101204717
0.5947920602245741
0.596932408355895
0.5994681893544858
0.6020111747129686
0.6045288198404133
0.6069600171349624
0.6092888050607044
0.6114744688370195
0.613553060503026
0.6151364072256372
0.6176152066215771
0.6137585318422374
0.6256570567582818
0.6635779991656526
0.6950975010520705
0.7176232502523066
0.7296476709021061
0.7316180382407065
0.7263709077500944
0.7185338669727671
0.7128738807952792
1.842680080864566
1.840223331437241
1.836753912137518
1.834586200410711
1.836930913256754
1.847521438859601
1.870110622389352
1.907881367061545
1.962842001916991
2.035309418382582
2.123606850804895
2.224090018279272
2.331532733245238
2.439762246824162
2.542331587521949
2.633063771594523
2.7064564759885
2.757991728380311
2.784318453290725
2.783276163407221
2.753818643391302
2.695986923149509
2.611003556577879
2.501366268209108
2.370742506350012
2.223584097930043
2.06455234596042
1.897936993362666
1.727259221964379
1.555207940481606
1.383981140489908
1.21598920490728
1.054727193088481
0.9054202029384355
0.774856720534198
0.6699850824439545
0.5956358419156454
0.5527642831083326
0.538721763130763
0.5494143382808605
0.5811718253331142
0.5932623768553038
0.5898285571346182
0.5929499831325489
0.5952101170348633
0.5979302480381409
0.6006029503193125
0.6032279443325512
0.605755140145557
0.608194174221065
0.6105255441640639
0.6128171380070742
0.6146244793299115
0.6176419098489442
0.6129346861534324
0.6285949533902111
0.6730023765606514
0.6984415736854136
0.703770689994854
0.6897372919663352
0.6605526884825985
0.6243191835010815
0.5913832465624819
0.5711976659283202
1.864017626899465
1.858111670267035
1.848297886366006
1.837358411187696
1.829284569460425
1.828947557947971
1.841602580547785
1.872238562055178
1.924815681878409
2.001477745100628
2.101887561393519
2.222890276499423
2.35869384749452
2.50158418293429
2.642904477315414
2.773891372209195
2.886210638300795
2.972375790413376
3.026149645195783
3.042854143044372
3.019658137986739
2.955982913655866
2.853888609291261
2.718070670977956
2.555271548243705
2.373262154330098
2.179710225821914
1.981203276234815
1.782603381949225
1.58687299435781
1.395491440859451
1.20950598178501
1.031061876534901
0.8648976362453999
0.7188894846204502
0.6026837463548871
0.5243200448989994
0.4865800480493306
0.4861035132471166
0.5165468691295005
0.5725327819061987
0.5923736975566023
0.5865072853428348
0.5906878307079444
0.5932649681748002
0.5963376160676392
0.5992309769048927
0.6020046415535064
0.6046407399121702
0.6072002298910363
0.6097069421548028
0.6122861967567677
0.6144171801304319
0.6182762238005868
0.612194335063572
0.6339274848852601
0.689952622261393
0.7091845587745498
0.6931783292748779
0.646595933427931
0.5796471263779823
0.5075667007982181
0.44695057341556
0.4112840283072161
1.887438651069348
1.877344185265204
1.859716390453155
1.837685568883202
1.815878892275376
1.800180438783813
1.797306571986674
1.814178306227032
1.857095260037422
1.930748345158654
2.03717017370842
2.174839497503302
2.338295544017503
2.518604347990355
2.704623906374167
2.884389687674065
3.045891452864515
3.177433987989097
3.268256202655596
3.309382033988206
3.294878195643185
3.223309845786793
3.098515382399707
2.929040613557348
2.726476091918
2.503429108340009
2.271686999463659
2.040796380929946
1.817153203058192
1.603727561977259
1.400558758192072
1.206075275184785
1.019138320770053
0.8414600347738843
0.6796209044210452
0.5453346665384694
0.4524615818984838
0.4108252194998589
0.4206087590195649
0.4734787302849229
0.5610311982545254
0.5912857003005423
0.5822711913809604
0.5880535354806319
0.591176853217366
0.5947774820914364
0.5979632197984384
0.6008908373937305
0.6036049908512224
0.6062524006939607
0.6089321150391392
0.6118607485549569
0.6144357213541584
0.6194867158010784
0.6115734680029326
0.6418768776639148
0.7143020039147722
0.7248745224645847
0.6803524606733528
0.5932131096219468
0.4837879780622628
0.3760047977149202
0.2909128126757542
0.2426900195400664
1.911747763712304
1.897333328469261
1.871516376929584
1.837528031183794
1.800292357436174
1.766327455033265
1.743469646811652
1.740374037387268
1.765758420687832
1.827368103171955
1.930659442405142
2.07729124339416
2.263767857000907
2.480943205786264
2.715087853461749
2.950169459527241
3.169540845773209
3.356039740219313
3.492418453231757
3.56312334858831
3.557770508824805
3.474485110242017
3.320645351539454
3.110756403991739
2.863039829000218
2.596188284458779
2.326796187608741
2.067492699747553
1.825839892947347
1.604149183095579
1.400262848411236
1.209161116814328
1.025208715661687
0.8449786835368363
0.6705904442792284
0.5128056349855271
0.391444184185886
0.3294371283927696
0.3401752474704001
0.4180034015375598
0.5470664803923276
0.5900641154710616
0.5770224764790882
0.5851423643845204
0.5891084481563166
0.5934191291065034
0.5969294396517213
0.5999505667748171
0.6026361179784792
0.6052651557170098
0.6080576549743352
0.6113667735847805
0.6145338917688753
0.6211903748633011
0.6111675030832273
0.6526723948865452
0.7453538860711614
0.7400135251783033
0.6542882020722256
0.5175613866161156
0.3664792722148504
0.2325863517196667
0.1352333321732938
0.08279744062920107
1.935670352307279
1.917490537416942
1.884369753900371
1.839292296652271
1.786969821379653
1.733929653623198
1.688472323329346
1.660420181704143
1.660576501110369
1.699820730771687
1.787762338725933
1.930860184590738
2.130026044240072
2.37829689317139
2.660181224871135
2.954294232344663
3.23762480899563
3.486315449578165
3.674185562417077
3.776544034585139
3.778058460666834
3.678139240003771
3.490033843249954
3.236026330522521
2.942186840573246
2.634027723497193
2.333093561139363
2.054533170976867
1.805987052747983
1.587965141956967
1.395403826647891
1.219768102863906
1.051204466406886
0.8808127633005934
0.7038096512894931
0.5245535155387065
0.36273196750599
0.2551723529283781
0.2429748916420696
0.3424365621539726
0.5294502916727132
0.5886368027736999
0.5704688727863605
0.5821089075511893
0.58735854303806
0.5925562387509093
0.5963463075879617
0.5992892271151566
0.6017179723360975
0.6041038654296965
0.6068501384223121
0.6105062756838501
0.6144476303930525
0.6232096156242199
0.6112050210945427
0.6669694257539703
0.7818544402284164
0.7434396950416684
0.5961646224119087
0.4040343135990084
0.2240979309160848
0.08710728340747133
-0.0004947345167510176
-0.04386038739515109
1.957823447002471
1.93713856116284
1.898921543220946
1.845504080500303
1.780751088365896
1.710364048376992
1.642160108926215
1.586208272817034
1.554652887449768
1.561074268797813
1.619306166248705
1.741608136479316
1.935869142006239
2.2014656787248
2.524728431692001
2.878238534073423
3.228232228516432
3.541956483554389
3.78103241502216
3.910627719261303
3.913271669343433
3.792962468719527
3.570118673198568
3.274870081886087
2.941260958354094
2.601798268978704
2.282492656644837
1.999589797984185
1.758934391702227
1.557737272434792
1.387539643329884
1.237038611190048
1.093989049679259
0.9462188646624815
0.7827671340744481
0.5974005143309049
0.3977076624820832
0.2200928823878772
0.1375196232714612
0.2278891295906337
0.4955322250965168
0.585649993934773
0.5619263638650519
0.5791821135957622
0.5864551302158186
0.5926711471370346
0.5965500070224106
0.5990637097265004
0.6008242878574662
0.6025635940951797
0.6049453280078766
0.6087908797580005
0.613722416472026
0.6251827768088587
0.6123817713476583
0.6878832177193001
0.8200804262203861
0.7122936676123683
0.4799359803703098
0.2421503744900929
0.06522105503157651
-0.0396746529791609
-0.09057115645774701
-0.1103133195775088
1.976840386820042
1.955574316856683
1.915733254070809
1.858574867423085
1.786414545581811
1.703148702054321
1.614941325950849
1.530900666428704
1.463431876381312
1.427968224788611
1.441974908084697
1.523328332844533
1.688010861406233
1.946067914997765
2.293678559135255
2.702453610582245
3.119614802459024
3.49280733107455
3.768605248310267
3.909125023002562
3.904672873113945
3.766310829973047
3.518448035708385
3.196006713258117
2.83999931529068
2.489480979706736
2.173468561256407
1.906831533254379
1.691253933862096
1.519415553252766
1.379675968296294
1.259450012898436
1.146699424960892
1.029747449589601
0.8960514191783538
0.7314090194170562
0.5237810335357079
0.2812686246104383
0.07283561170315053
0.06045681493610356
0.4062482009873567
0.5762636104356681
0.551482303622939
0.5772585311419446
0.5875033128112149
0.5945875049164091
0.5980490998835652
0.5994910495638284
0.5999049031987637
0.6003311030061378
0.6017647884369074
0.6053704368102697
0.6113977989135477
0.6259562156376061
0.616502769656045
0.7246761529845807
0.8407981754971454
0.6041929646364603
0.2865481222478677
0.04775156129900651
-0.07725097742130652
-0.1154061764912199
-0.109227125155818
-0.09545059229154765
1.99167237364577
1.972322386341067
1.935425778080697
1.880741869685437
1.808309397855461
1.719201941214006
1.616696358457208
1.50758833347958
1.403206562159685
1.31968312907881
1.277196326105384
1.298270184523097
1.405717052130316
1.620562326064067
1.957050595780262
2.404811169115271
2.893874381978822
3.303275546498272
3.573266970489738
3.692430826894544
3.675305245147273
3.534160227661805
3.287151868838662
2.968382429074937
2.623540047042814
2.295953866718685
2.014259631529637
1.788646532238769
1.614978523537053
1.481764926388593
1.37587781586898
1.285631491649539
1.201553169004272
1.115540100207451
1.018738431394764
0.8980964536548774
0.7320144560824433
0.4909739503063248
0.1715964191829723
-0.0750432513778215
0.2292652688236047
0.5503668475502643
0.5433940238453377
0.5792337548095942
0.5926644347738809
0.5996140713128665
0.601548323124361
0.6008454921482024
0.598888242357537
0.5969954486098749
0.5965205651499647
0.5989827063385255
0.6057345989640007
0.6228838980328083
0.6280899380966433
0.7849072975381234
0.7710308856563626
0.3730604600303645
0.04983738310116204
-0.1081864226644905
-0.1411872171047099
-0.1029157305276969
-0.04014454542571934
0.006915266168062342
2.002066427277759
1.987600057762197
1.959072725928734
1.914252127374956
1.850146506579152
1.764109360147663
1.655533751991832
1.52769561996021
1.389357320416038
1.255793351236558
1.148727121464984
1.094653177431647
1.121750532692201
1.257237418930126
1.528210796043486
1.961504906290723
2.53281941767583
2.920853386159557
3.101880234479802
3.158970879759764
3.133764478930187
3.02099432148819
2.821418511278791
2.562183107405355
2.286479540986265
2.033800775163543
1.825983205327343
1.666247730877529
1.54639590291296
1.454526853344962
1.379771633293106
1.314012785010726
1.251825943640505
1.189597608411872
1.123927812938534
1.048998000202439
0.9527274959417109
0.808551803925887
0.5563780205826546
0.1495230298293789
0.1441013235064272
0.5353897148221552
0.5596668647457177
0.5943084575572301
0.6059726295039563
0.6095025085584826
0.6077732294955093
0.6033341602615492
0.5976222177195154
0.5920115679908543
0.5881005171024662
0.5874165813025357
0.5921488984185391
0.6063569325512094
0.635857606015349
0.7997575625546136
0.475866552266314
0.08464451626573238
-0.07138931158400866
-0.09276928774449256
-0.04887044174676049
0.02920343615496563
0.1162459244133376
0.1807329160955962
2.009216616699442
2.003006061950809
1.988864811879136
1.961801195966624
1.914966689079373
1.841469083101185
1.736493313407899
1.599166412652018
1.434323500068602
1.254344918255389
1.08051085668644
0.9425867026911265
0.8753877063199743
0.9123986912359608
1.079272907540292
1.398730513697457
1.956041633256839
2.243826791366585
2.234655187676733
2.208908650729323
2.182362560137653
2.13505822267947
2.054643519222188
1.94981774370153
1.838031482326334
1.734026593625608
1.644098354595776
1.56825301429289
1.503507098244761
1.446094313734731
1.39287438105144
1.341758923567433
1.291644540759677
1.24220705902098
1.19333913611204
1.143619989323237
1.090131138230945
1.03890737879628
1.022639397713996
0.9963102016668903
0.7396458078573626
0.6175743360878364
0.638082986375947
0.6383332820678845
0.6332103337952842
0.6262593049597864
0.6173736314114313
0.6071212171134461
0.5960087154329787
0.5849898310543655
0.5756521406461571
0.5685391971283038
0.564911645511512
0.5639752312361165
0.6046303458063412
0.4765068965763192
0.1652888055238629
0.1731062951365061
0.2123299783423188
0.2404945791180914
0.2704567964206573
0.3058091810265762
0.3459173651785619
0.380353088112078
2.01663498459386
2.02246799269278
2.02900373444954
2.027077413649417
2.00516532658242
1.952400979625344
1.86048400539109
1.72466979162556
1.545142398359201
1.329402074391299
1.095285486273322
0.8732786474577823
0.7058216484369737
0.6421017530494743
0.7327414601408534
1.038830191062554
1.669725892119555
1.951665480345575
1.868056439457652
1.865678245939435
1.844573609793813
1.817888356093986
1.782088882140657
1.737780145319022
1.689644347400165
1.641170625679709
1.592675679816275
1.544028902603878
1.49535204215005
1.446707693539935
1.398192272818351
1.3499025982621
1.301984425715434
1.25465813428724
1.208246590949994
1.163086313425429
1.119641718472751
1.079624129573897
1.052733786560633
1.024421125938338
0.9345174902422584
0.7656363343069417
0.7183159640942409
0.6849500381592053
0.6625551754335508
0.6445642250526119
0.6279819233800739
0.611266446252112
0.5937572639785768
0.5760289203786521
0.5600267707365605
0.5446356457653527
0.5290091974910118
0.5061808160336585
0.4857173215155306
0.3685293019529223
0.3373025386221005
0.3566088801588118
0.3748350165468927
0.3869114323991489
0.3976799647002212
0.4082702570313613
0.4204366179770136
0.4329711965503665
2.031443833118494
2.053550038860477
2.086625968399547
2.114968530983421
2.122271599277439
2.09531123475375
2.023900823271843
1.90042761744486
1.720887587837097
1.487255830452991
1.211175905661574
0.9193965260835172
0.6598899064781586
0.5048501561467599
0.5478361944981982
0.9004333200940832
1.690510312216364
2.039278510253136
1.958619532855438
1.972777971810262
1.951992299634819
1.917933328685311
1.868250418814809
1.804042733375495
1.735738099966461
1.671078528486541
1.610707743371355
1.553781526467445
1.499674182803638
1.447575835026486
1.396848513251281
1.34699864442428
1.297707840593818
1.248781373858726
1.200072506577711
1.151359032816557
1.10239066032622
1.052862179850618
1.004280377246862
0.9503045624454606
0.8757481227859327
0.7893020336258691
0.7461718942827619
0.7102905486419667
0.6828009218205616
0.6593169317319889
0.6375835975280677
0.6153763252236865
0.5912887080220076
0.566376613830464
0.5449862216370513
0.5249054025083837
0.505738373639286
0.4827902320115049
0.4608610159546894
0.4030403596409953
0.3611136476996678
0.3475182149296983
0.3464127833373685
0.3524126575999099
0.3637600556324508
0.3789021711788816
0.3967419655572847
0.4141444671072437
2.066667170104022
2.109256443325387
2.172106935367676
2.230645385519465
2.266235302495636
2.266055032669995
2.219190803428065
2.11625003036142
1.951067489330521
1.722130571823669
1.434699895237296
1.106937940190613
0.7827851096668159
0.5481802632203853
0.5347167831726826
0.890278952073295
1.726377363057607
2.037592631181048
1.944581595431889
1.959428963638951
1.938687015746715
1.904873826589197
1.855476244995741
1.786556628813748
1.715611589340856
1.654248166429649
1.599126316146351
1.546576517090031
1.495622069805736
1.445545442315313
1.396040733585566
1.3468872281388
1.297958180404494
1.24916782359159
1.200435735030468
1.151626253090987
1.1025717696107
1.052935693013843
1.002831031403497
0.9491065762085759
0.8857962273936002
0.8182651408663256
0.7711959604216961
0.7315776979732691
0.6997480843725848
0.6723032597714783
0.6469668140363274
0.6200282571571785
0.5883329242672386
0.5542858813701811
0.5278717373928122
0.5038983547664443
0.4821894280361806
0.4590994485075436
0.4365383816757386
0.4008572436231306
0.3744726083864737
0.3635825583985505
0.361448558577268
0.3655828108557608
0.3750155940682363
0.3890902904478711
0.4071375300407483
0.4281370256147337
2.145934390396014
2.210020272516518
2.297089207454825
2.376895337493509
2.434697762415495
2.458654634434154
2.435914516434479
2.356630965792763
2.216079608878748
2.013551545470615
1.751365074224724
1.437667065329182
1.098075810928742
0.8010795482336658
0.6864604123689679
0.9507045576740185
1.75395785125284
2.051932548470269
1.964786900091163
1.983045611274072
1.964093856036565
1.928511973341601
1.874862673135021
1.787415624597576
1.701639725707291
1.639707228424199
1.589138271992268
1.5401086391403
1.491516444706219
1.442880245801821
1.394246366743448
1.345578116653309
1.296850787112405
1.248022510746866
1.19902061053745
1.1497123097435
1.099928006657445
1.049392793924711
0.9980426747711583
0.9447950872800085
0.8880517193074849
0.8310577604633416
0.7851802229437135
0.7457231208227875
0.7129392155973534
0.6845863569032701
0.658742424904874
0.6287126864282255
0.5870925883700077
0.5393659263864617
0.508558723211171
0.4819758580671734
0.4599157907154661
0.4387548557871685
0.4186413488458517
0.3940654587128519
0.3750090467839009
0.3647285022520259
0.3612684723092512
0.3640382538516424
0.3729456020082536
0.3884240337179621
0.4108530327544446
0.4404928760119259
2.31348101580212
2.383258536259153
2.467716708773902
2.551131745108059
2.623841067818794
2.666060441109834
2.66083664646557
2.601797669933273
2.489855140854644
2.328334916552735
2.120946772723703
1.871220304728615
1.58334926360722
1.275701501168095
1.031744110941605
1.078635389769425
1.751373744845349
2.062039321317369
1.994084097141802
2.018122181616409
2.004794647866819
1.970870271031276
1.917700237063153
1.795508052351234
1.68134763659348
1.61978697157727
1.579139209998804
1.536190325672655
1.49074514319146
1.443420868882827
1.39520872871285
1.346522171625123
1.297537584530816
1.248291767627685
1.198711641871004
1.148623924477366
1.097800150901424
1.045981149589108
0.9931178347030417
0.9390808525574347
0.8841063901823851
0.8307475647159156
0.7850663707411302
0.7460277885675939
0.7141164433237548
0.687901040360827
0.6661438056690347
0.6356237465207975
0.5800546860277733
0.5104792886006317
0.4801507489757586
0.4546128843986237
0.4350833783169298
0.4174301238570668
0.4009082653140854
0.3832343000738382
0.368924575249244
0.3598648135282234
0.3559605173418586
0.3577047641797522
0.3659907112202341
0.3829667337906837
0.4105585613757419
0.452905118572991
2.652473074159898
2.652250540557167
2.674839754707703
2.748047877987958
2.831017783186428
2.878364422433803
2.875725968480729
2.828053439404324
2.743335009126542
2.627427732617333
2.485607760320436
2.324100950048779
2.144495088969161
1.926937563644259
1.634860220788718
1.360936035632963
1.666967577840833
2.054949181327209
2.035931456479525
2.068676159630762
2.06214124884974
2.026911567703947
1.96374458922557
1.721251666020339
1.581960127063609
1.552985040460027
1.542810273517385
1.509890772156097
1.469603308196036
1.426722335053556
1.382499235077237
1.337156181714029
1.290903945507492
1.243954832694973
1.196489536661989
1.148653852043398
1.100578979227065
1.052395506243454
1.00432633810756
0.9564991393631267
0.9091264601756469
0.8634464511460428
0.8223777744310538
0.7855920538831496
0.7539853393166377
0.7294538531077105
0.7208918573105676
0.7071103974720172
0.6405046417148056
0.4895270798376931
0.4517508883278429
0.4258759170077085
0.4092362588759025
0.3955431837694861
0.3827227885924412
0.3695408269914138
0.3579984356471021
0.3493290053679655
0.3441107746284184
0.3434345128687167
0.3490984012550875
0.3660916155948175
0.4004415225058204
0.4851286984264652
3.299790276127226
3.008019880252268
2.903241660569221
2.972385855637187
3.050632300179196
3.074929753027268
3.054895320361792
3.009089175240743
2.946845682303943
2.871684090381861
2.786518617610543
2.698242341728468
2.621828137926734
2.565422998773272
2.451612161660265
2.055424899786085
1.668583655172352
2.060130710164692
2.110161707727664
2.150124368937085
2.162732820823396
2.166057422245023
2.197502364497085
2.003629633102805
1.431083797343225
1.452959812147619
1.555564756297906
1.558570948083427
1.514407525506796
1.461452540067246
1.408910642798569
1.357002371454239
1.305378102752468
1.253866877248742
1.202050279672952
1.149098388240765
1.093803989407983
1.03481085693956
0.971182922164803
0.9031844681130935
0.8334607698766071
0.7679290740129158
0.7136774137034299
0.673572473576264
0.6500170276426458
0.6554539693991746
0.7153256307153986
0.7441685645668533
0.4527061479837086
0.3497287009157705
0.3747934262332578
0.3781930874603239
0.3758540959785658
0.3708794405169309
0.3634181770235655
0.3541184470722998
0.3444843955076035
0.3356237303488214
0.3284300063500203
0.3243808745806078
0.3261075661916371
0.3416565887081084
0.3767468177401442
0.5587060947290285
4.366864708989245
3.436729828407352
3.20616825971094
3.23311650660018
3.24569872477502
3.215394875101997
3.169179782810814
3.120268163384741
3.070823448184066
3.020526810597238
2.968994430333777
2.916509012889249
2.8718488827644
2.871995646111611
2.968100470793686
2.982885120798088
2.41193607214333
2.224551050010846
2.261857634915081
2.268452004148295
2.281582072962903
2.319861218001129
2.366035664055308
2.752885938405179
2.361795594780094
1.972647197128903
1.865958419528023
1.811614048612004
1.732270602753589
1.637485768141085
1.542784231442811
1.454309645767389
1.372775011987929
1.29654967116443
1.222595244188297
1.146734385011414
1.063959620046779
0.9692175269907771
0.8591486722941121
0.7349289058264253
0.6050996001187997
0.4852785833927217
0.3923902350370492
0.3371014682499409
0.3199897854070987
0.3220627404702628
0.269079413171593
0.03295041685582004
-0.0591606328795235
0.2760623554202487
0.3024057970263039
0.3348915350535397
0.345837462649124
0.3486669805289922
0.3456359375028109
0.3388623619872281
0.329672481341075
0.3186691064286551
0.305643187983397
0.2894969551401586
0.2668348435221453
0.2320996222618554
0.1538544423416472
0.02905178348513513
3.804953115291645
3.516471152433952
3.41746690364679
3.354850945784434
3.299181811612054
3.244671443427285
3.192658125114482
3.142995604697435
3.095105873997347
3.04862365761819
3.003443825337898
2.959611940962963
2.91821328113435
2.883648191301107
2.870661680719958
2.838387705357807
2.697802615826772
2.46098240946063
2.402953476224829
2.371180505579326
2.365846044713809
2.398477451062673
2.377250936146952
2.766153869069954
3.074561867934301
2.801161603174883
2.508215574650242
2.285311757970689
2.094493166471535
1.915924277734691
1.750792330189326
1.603076453863509
1.472815365453061
1.356316285574522
1.247581782954836
1.139393552369602
1.024278145913019
0.89588879518404
0.7511293771911771
0.5926804939253089
0.4304498719326069
0.2798326460403438
0.1560547968137393
0.06627293924932269
0.0006554972993288604
-0.07497093861620027
-0.200537262571665
-0.3052059821067589
0.007757959454888081
0.2985724550551296
0.285699549850071
0.3184093011756713
0.3294230180601558
0.333950089118847
0.3324827978851402
0.3267960649788702
0.3177370093811799
0.3057121523071991
0.290549660234869
0.2715576348897722
0.2467683944040251
0.2145465341168598
0.164035593327405
0.09709592781313717
3.509101344355345
3.415803565936676
3.364133352765375
3.316040841772577
3.272184437537134
3.226413478696527
3.179155672522675
3.131140158348892
3.082836540800074
3.034487103871081
2.98634514327076
2.938830442431279
2.892873665660297
2.848978125968193
2.806900965692226
2.744257427569658
2.630762858239433
2.512231471844605
2.462907192924078
2.431861908537013
2.419818479317741
2.444468441947322
2.375019892919377
2.69086634517658
3.371603526928284
3.414773002478646
3.159909863404615
2.834817212979634
2.522615798414141
2.241069290125678
1.992654626488651
1.77689328991571
1.590433676321612
1.426900949422137
1.277872798994186
1.134171781676243
0.9872243232281509
0.8306271434142574
0.6618871455430323
0.4837802623940506
0.304301713325096
0.134338598839665
-0.01683488610139158
-0.1468014705767862
-0.2620711939535056
-0.3669025199890664
-0.4252405751943279
-0.3131001584488645
0.1331289738087063
0.323127372768878
0.2874975979009141
0.3130182913127331
0.3208190868635908
0.3247845435550396
0.3234688967264545
0.3179332206538151
0.3084953340299343
0.2952639010922187
0.2779171560716727
0.2557397470002226
0.2270875848377324
0.1910404403924592
0.1412923623209572
0.10588671030614
3.434031390952081
3.394271455138187
3.36227070771031
3.318658074307826
3.274671095310253
3.228325292182523
3.180809264653077
3.132702047851693
3.084331150172401
3.035817066833161
2.987205058495245
2.938493977252764
2.889739585745908
2.840469603107868
2.789655446711203
2.727989511867751
2.643833578702987
2.559438812376277
2.508772541830766
2.475533423948814
2.457709737826789
2.476725265106448
2.388202376766674
2.69272118025681
3.505943806606687
3.76238565441503
3.626034449053584
3.296961095061103
2.916905417865976
2.554154192223356
2.231753039945365
1.952821370957133
1.712641354306041
1.50307553003672
1.314454990792821
1.136962144217469
0.9619906871823268
0.7834869218478793
0.5990279206616742
0.4101843803053024
0.2217353782827354
0.03973772756169251
-0.1306839482360929
-0.285583025379308
-0.4164737993200957
-0.4957608792683295
-0.4626954095036704
-0.2416089274438962
0.19013611712485
0.3322966447821259
0.2929775954390686
0.3127064528017339
0.3179283806451809
0.3209301862772224
0.3193435587756039
0.3136909905575642
0.303931266568401
0.2899993603934082
0.2715685146770587
0.2481370248225207
0.2186250790287402
0.183015981574163
0.1359331843780738
0.1130662402443423
3.433885150494648
3.394155738644493
3.362161712365876
3.318532408861238
3.274502611044515
3.228080832753496
3.180441782995187
3.132139833144782
3.083459312664756
3.034450566689459
2.985051319917681
2.93509465791406
2.884325083199859
2.832092782806001
2.777535529367724
2.717261271039534
2.648223681048461
2.581903652144441
2.53493529645133
2.503066803641794
2.483317855550275
2.498864882475011
2.404634343599743
2.722200305019616
3.565173746485265
3.904504940115649
3.855979701757333
3.57351384283915
3.192406588126761
2.798809576363167
2.433777467077122
2.110412695689776
1.828032265578311
1.57999777158688
1.357458137555418
1.151361997718346
0.9538635481380316
0.7593787765215475
0.5651679178000275
0.3712659503315869
0.1798011396667387
-0.005800849391258232
-0.1806209967094428
-0.3354905253264647
-0.4509382566115203
-0.4913966551675017
-0.4101928793969513
-0.174056951408724
0.2094478380226333
0.3345156683883833
0.2973631596917368
0.3128038427488593
0.3162552514319112
0.3182664782548126
0.3162152518147764
0.3102593068605771
0.300146172712751
0.2857009452779432
0.2666080813482911
0.2425286062922522
0.2128400846372472
0.1781788267356725
0.1339875707212588
0.1159168393905802
3.508699991091314
3.415557787849556
3.364014494714196
3.316031933467526
3.272264374031491
3.226546021350901
3.179264833882013
3.131064932376692
3.082244296121019
3.032747173451417
2.982330139869019
2.930584954351898
2.876970832523579
2.820779974876151
2.761490016681475
2.698377779847766
2.632109258163688
2.570212744608799
2.522575173575798
2.490100758379807
2.470130047462766
2.484769153691282
2.403686128060921
2.758754525044338
3.544873843754532
3.86531488067352
3.857003298856126
3.639056707258471
3.30863583187057
2.937753373011343
2.571405259236913
2.231835801768109
1.926028562851632
1.652416162600778
1.405422112335769
1.178237097713914
0.9645239370836476
0.7594386866933222
0.5601013825271148
0.3656353532524796
0.1770766577405444
-0.002308531641548537
-0.1657208580263133
-0.3005394618445604
-0.3866140322566836
-0.3983448019876498
-0.3119268758960701
-0.1116078955340287
0.2124971146340869
0.3402315553199972
0.3115771670936286
0.3261075241702967
0.3306135760632876
0.3336679108920402
0.3327271063304938
0.3276830376020829
0.318194564590508
0.3040328366169722
0.2848685580590216
0.2604240308479564
0.2304047509206085
0.1957726527245616
0.1526164568964001
0.1244372335986392
3.804289355388785
3.515937553080498
3.416741513296722
3.353694076167104
3.297359907524253
3.241905420628057
3.188599315790106
3.137203070519277
3.087012114059583
3.037513123089867
2.988471658940147
2.939812979628885
2.891555577237512
2.843739065635645
2.796498647393285
2.749721475892045
2.703658804731423
2.661589049019651
2.627839278947238
2.602832292794949
2.582780019643911
2.581012761741701
2.497738714114589
2.774208429612136
3.377774490909271
3.630483894919016
3.654339773719982
3.516473181654002
3.269212640470136
2.960576958252445
2.630004829647386
2.304176273268972
1.997351655590576
1.71455168969048
1.455186157221771
1.215958345040419
0.9928462952586821
0.7823234980909103
0.5820496556154829
0.3913000953271465
0.2114514215656183
0.04677873685183104
-0.0945469807058623
-0.2001254208154314
-0.2551926734392995
-0.2473673427470475
-0.1711020169428286
-0.02386420518491719
0.2114595173206598
0.3061917722457358
0.2760694478987414
0.2795353753610565
0.2773774201169878
0.2744788789920727
0.2685884266766514
0.2595366939920213
0.2469827496415446
0.2306873428905662
0.2103851394402148
0.1858903828362664
0.1573776610843826
0.1277601312890851
0.09836439823013737
0.07768124074534302
4.365767440770419
3.436494455947559
3.206759820444791
3.234525770397207
3.248103791975781
3.219066914286148
3.174430858132912
3.127336116586015
3.079621755874438
3.030331724068163
2.978253244742614
2.921635600559016
2.857747766256873
2.783164111268392
2.695107456099179
2.593573314864937
2.484545369865966
2.38222086165052
2.303565216801633
2.257235621766176
2.23105529458421
2.20409361163254
2.186603024340476
2.446861430223407
2.952586254547041
3.202934136322588
3.29439240331145
3.252803476496703
3.10362497297978
2.878379034286104
2.608938078709379
2.321860780619729
2.035660236285146
1.760997484350449
1.502526231036548
1.261119511227399
1.035777641980545
0.8250309586269323
0.6279354946029199
0.4448627127554843
0.2782433413172464
0.1332186612727679
0.0177930540324432
-0.05821404435139527
-0.0858593905914528
-0.0606736283312767
0.01521033545176418
0.1371550453566231
0.323652186656847
0.4142722155822406
0.4149792735846662
0.42321828848884
0.4399999032966051
0.4565946149917121
0.4665839293727233
0.469505245515803
0.4659501170050139
0.456021042878427
0.4386345747719297
0.4119518637360914
0.377914714750073
0.3519955080899342
0.3422170869041175
0.2342318877967979
3.294389892407333
3.005524727913917
2.905819610282197
2.982079701219695
3.069779746520527
3.106362066847672
3.101924909944802
3.075207494045236
3.034909354243772
2.982234562934987
2.914386804088991
2.825408069469606
2.706324612016133
2.546749655303486
2.339440050155083
2.087838514444952
1.813265828284531
1.554317846350648
1.353522647572478
1.237922534186723
1.207992547938832
1.255928318405417
1.416806793912648
1.765147882429515
2.27623910173089
2.639755328173177
2.837493468989757
2.898346948629967
2.848735929641258
2.713706475317803
2.518640911155956
2.287258533079133
2.039062910177782
1.788110090881182
1.543285517747162
1.309491034985225
1.08909910949886
0.8833007568273599
0.6932362195700618
0.5209183753030995
0.3699203745139311
0.2456506270140427
0.1549145415141257
0.1045932019908958
0.09984873749008731
0.1431494261867898
0.2357460767869873
0.3802664776300848
0.568277708152882
0.7067666325003049
0.7983403954898534
0.8759849754719479
0.9530254796594753
1.023351230294125
1.0799045581135
1.120766453434891
1.146574901188027
1.157613816881128
1.1526139701358
1.130096237196289
1.092662777678615
1.048395203477273
0.9960538571343621
0.9228759353341774
2.636280466415159
2.642309858400814
2.676618586898793
2.767009170124607
2.872990680432829
2.949875620518462
2.984088915240594
2.980997414931403
2.94778456795011
2.886823090216447
2.795284168030946
2.666221649284187
2.490257220095431
2.258873618679635
1.970057721963626
1.635177924379082
1.283188679710412
0.9572050755720055
0.702548688662094
0.5528071764420066
0.5248033088804229
0.6277194982562762
0.8715112112441901
1.24130143042626
1.678530679975614
2.067919392793376
2.34350713535803
2.496340390022375
2.539910427705439
2.493155815988024
2.376277332601941
2.209301629661917
2.010504413825085
1.795059869832977
1.574490239383616
1.356951680361061
1.148055563400386
0.9518903597276676
0.7720099878725973
0.6122363221683788
0.4771355345687367
0.3720200328060693
0.3024128418426627
0.2731762285476131
0.2878494340176493
0.3486878488687035
0.4566052582258538
0.6075507992837871
0.7831207723313609
0.9529194038219734
1.105420215575868
1.241577279422212
1.366158526485072
1.477811688906526
1.57235435708892
1.646921026894355
1.700499347371908
1.732635208626378
1.742772125432881
1.731166957388544
1.700425424039232
1.655523546180315
1.604551520834823
1.566544115301131
2.282641023096671
2.363275459917707
2.468267733350775
2.58190100818264
2.694759163425045
2.787562160968233
2.843926139089246
2.857656596380679
2.828648623827596
2.756917559245627
2.639764842822813
2.471928046205667
2.247709925396987
1.964675162431286
1.628372359273752
1.256478405936634
0.87980733857675
0.5383499015650783
0.273314697594302
0.1190232820541434
0.09831335922398891
0.2198343424524212
0.4715335412200312
0.8145646727609566
1.196420560400631
1.566661464117933
1.87407849550474
2.090574092934612
2.211205198481035
2.243882987118028
2.202044757933841
2.101184597182332
1.95699942400592
1.784071238332448
1.59501282636536
1.400179558232167
1.20788940735546
1.024958065058724
0.8573231668859361
0.7105566904793913
0.590112482584658
0.5012397523844626
0.4486355267176913
0.4360581314919587
0.4660910327126717
0.5398067786330465
0.65546761636492
0.8061204394969642
0.9796806820540931
1.16533724667329
1.350981345288009
1.526924100135765
1.688710096170198
1.833776763558415
1.959254456033347
2.062357359059506
2.141156537027501
2.194699998965707
2.223033202570701
2.227589394603792
2.211824698676152
2.182357436334088
2.150941420852172
2.132047258840233
2.09909916159796
2.179690970584337
2.297903542928694
2.423216588188913
2.540618430021031
2.63800130811626
2.70213175549251
2.72239420350872
2.692489415683691
2.608777380051873
2.468339519587495
2.268716114545488
2.009483800902781
1.695000792940246
1.337253616584791
0.9574735052809583
0.5853900822741012
0.2559212408912212
0.004225998938207555
-0.1396645635648954
-0.1563835079706611
-0.04339192630971014
0.1806586938307552
0.4803844336433534
0.8171753048601365
1.157876338115477
1.468014311856263
1.718866319119707
1.89472775327419
1.992377772236706
2.016940921758813
1.978209964633378
1.888259195581091
1.759900610147098
1.605632028509767
1.436989219949283
1.264275010971724
1.096579435262381
0.9419468798192175
0.8075377275796849
0.6996770786582251
0.6237681084535904
0.5841332939533506
0.5838553541254454
0.6245566347384424
0.7058956875304322
0.8248086000481492
0.975455031683331
1.150962607090835
1.344583480021015
1.546485769210295
1.745660705241033
1.9334697528612
2.104428269072167
2.254808298009721
2.381666991480658
2.482857361071395
2.557385950613362
2.60573415508261
2.630146059950396
2.635036332919607
2.627503474086164
2.616707156858721
2.610038048180379
2.004648369907446
2.070187701925684
2.176137885051334
2.297030166640605
2.412927712327464
2.509279052671854
2.572981431423549
2.591945251114411
2.556633582218955
2.460833357257077
2.301548971767028
2.079101726365291
1.797985215492973
1.468165068330651
1.106044155154821
0.7343505278808959
0.3806442698031314
0.07466470397669171
-0.1550986105143652
-0.2855239355065687
-0.3036483751118441
-0.2109084256380873
-0.02365385758049263
0.2322406340188976
0.5289727707272218
0.8404644036904736
1.140987146980773
1.406047565822867
1.616742819629289
1.762576655974406
1.841118088279655
1.856063981531843
1.815216462273533
1.728873742461462
1.608605880375133
1.466325129999513
1.313612989175134
1.161274771741608
1.019065717674386
0.8955169405142993
0.7978072583349057
0.7316636783969758
0.7012903909683654
0.7092946823223742
0.7565396418694648
0.8419419181382684
0.9625058385082342
1.113944945805129
1.291402789972666
1.48891961269236
1.698286582804742
1.90967282834004
2.113701800271051
2.303057895227132
2.472582362001591
2.618710441749677
2.739186602232432
2.833178072068642
2.901503723850027
2.946783786461665
2.973425966381198
2.987155917666616
2.993587800802176
2.996321829302571
1.95685737388665
2.008897040009168
2.09791629147743
2.206358505608067
2.315023446978543
2.4067222159956
2.466304151700696
2.480271467662601
2.437595583355375
2.330998458734343
2.157879789510602
1.920852200701612
1.628085305661562
1.293398878147902
0.935823183661098
0.5784209226940854
0.2464268595681549
-0.03507848949525802
-0.2438346588845546
-0.3633829887037662
-0.3859768784962935
-0.3142029972582761
-0.1599526823838841
0.0589316769714028
0.3220448628622755
0.6082206056820909
0.8961523982100648
1.164779352429551
1.395274766906161
1.573644471047587
1.692161333916798
1.749274422150961
1.748623272223636
1.697776012337194
1.606978802890928
1.488006640519381
1.353156614472627
1.214416545180249
1.082824197433192
0.9680109861183365
0.8779123763663692
0.8186205952103872
0.7943414952065586
0.8074048503338507
0.8583067099426908
0.9458517278574935
1.067497397693038
1.219777368294792
1.39835171148567
1.597543384434512
1.810074401471534
2.027366070411075
2.240569352404626
2.441823522431601
2.625007449018934
2.785876481942589
2.921969950767823
3.032559782717132
3.118615788954648
3.182641883976643
3.228236563565324
3.259275222178847
3.278890390078105
3.288879446414541
1.93373000186927
1.976775661099209
2.052577324306857
2.148794141703853
2.24879187983485
2.334683915057467
2.389462604287925
2.39815238374199
2.348879865100566
2.234154039309752
2.052022221374301
1.806741883359042
1.508811086909009
1.174323364128484
0.8236801987934568
0.4797862076982694
0.1659361350016142
-0.0963950088140363
-0.2896958735564334
-0.4022873268629787
-0.4295116400421345
-0.373771382131364
-0.2433992424137489
-0.05105797405338261
0.1875880282434706
0.4548764573390836
0.7320617147881866
1.000086738941642
1.240818756329455
1.438920920338144
1.583639654843122
1.66978517327602
1.697743732655553
1.672760870308742
1.60381670436224
1.502347841247382
1.380991398337
1.25246801579812
1.128675099938203
1.020022982916038
0.9350144921338119
0.8800426721752419
0.8593647758316793
0.875211281786343
0.9280074634469354
1.016690357972233
1.139043086291669
1.291872855112024
1.470920136039803
1.670676371504682
1.884392020081849
2.104314079059458
2.322250770175764
2.530426736598108
2.722332151296567
2.893271954170184
3.040560828401164
3.163455209822104
3.262884016865606
3.340974052744466
3.400376677752019
3.443525344011327
3.472121895829715
3.487074812794494
1.924055692083139
1.962466594811551
2.031121604457222
2.120001649747634
2.2142305876157
2.296084611478003
2.347648628512604
2.353003803888245
2.299801031003577
2.180571696843736
1.993842625205163
1.744771683105765
1.445010783755737
1.111721506008836
0.7658920504292941
0.4302232607469134
0.1268632234904565
-0.1247620158020139
-0.3097647542892868
-0.4189484642697707
-0.4490440394316746
-0.4021068294542489
-0.2845804058335598
-0.1065571498752067
0.1187327147062279
0.3755378775280865
0.6464441533687442
0.913340415337934
1.158534289433802
1.366253901250958
1.524382242537778
1.625854113293177
1.669233647107426
1.65839081416516
1.601511860043337
1.509770677818858
1.395934560392212
1.2730871107312
1.15357487074421
1.048228087102911
0.9658635451088065
0.913047614951142
0.8940844574954802
0.9111933115894336
0.9648271365595226
1.054039330796744
1.176754806306006
1.329841315227086
1.509040014749388
1.708930518810164
1.923020153321008
2.143962974740691
2.363960307073827
2.575409369392957
2.771709348204297
2.947963708131762
3.101345837779081
3.231058215278034
3.337937567538599
3.423805316438493
3.490714455729109
3.540320658909121
3.573591860305772
3.590902537527066
)
;

boundaryField
{
    inletLower
    {
        type            zeroGradient;
    }
    inletUpper
    {
        type            zeroGradient;
    }
    outletLower
    {
        type            fixedValue;
        value           uniform 0;
    }
    outletUpper
    {
        type            fixedValue;
        value           uniform 0;
    }
    sideWalls
    {
        type            zeroGradient;
    }
    topBottomWalls
    {
        type            zeroGradient;
    }
    frontAndBack
    {
        type            symmetry;
    }
}


// ************************************************************************* //
