/*--------------------------------*- C++ -*----------------------------------*\
| =========                 |                                                 |
| \\      /  F ield         | OpenFOAM: The Open Source CFD Toolbox           |
|  \\    /   O peration     | Version:  2506                                  |
|   \\  /    A nd           | Website:  www.openfoam.com                      |
|    \\/     M anipulation  |                                                 |
\*---------------------------------------------------------------------------*/
FoamFile
{
    version     2.0;
    format      ascii;
    arch        "LSB;label=32;scalar=64";
    class       volScalarField;
    location    "5000";
    object      p;
}
// * * * * * * * * * * * * * * * * * * * * * * * * * * * * * * * * * * * * * //

dimensions      [0 2 -2 0 0 0 0];

internalField   nonuniform List<scalar> 
4096
(
2.10051858188148
2.127722597041243
2.17613506802281
2.238167061533868
2.302847893506677
2.358108794536914
2.3938506764534
2.40463010161373
2.391555522578175
2.363174860055675
2.334595510035259
2.323958735691569
2.34662194098396
2.40957782609837
2.509436152707256
2.634011409540849
2.76203219522617
2.79539822173012
2.78205853574875
2.789411113928031
2.793822885817916
2.796943315868368
2.796689628209893
2.792066687842601
2.782038108934928
2.765528335187645
2.741295775394999
2.707985777682699
2.664396904032816
2.609815126664988
2.545022099678664
2.471864075956743
2.395554837537873
2.320270472082374
2.247711319348895
2.178042413927506
2.110811717359996
2.045352609975484
1.98107446848791
1.917523295729821
1.854389549200747
1.791477701102474
1.728671042255253
1.66590098141232
1.603123139414675
1.540296870113927
1.47736778319129
1.414244562255211
1.350768941799343
1.286674413187589
1.221537033997441
1.154728706815269
1.085426322485562
1.0127126257234
0.9360536982640744
0.8560013360153861
0.7757473371984409
0.7023073955858805
0.6442012350692056
0.6057133169452728
0.5890697535965908
0.5928868096955815
0.6120416354786531
0.6355315995928075
2.121663680729958
2.15428037395949
2.211308572097191
2.282731884542395
2.355609276884949
2.417294649876647
2.457831361367358
2.47138579868073
2.457511954924754
2.422351629654556
2.379023799015487
2.346091822849319
2.343163938669796
2.384037073850334
2.470788836353853
2.59423687194953
2.74214617933195
2.788266004659931
2.772992965463879
2.78017639476225
2.782902628841572
2.784299751148199
2.782262028445548
2.775953440240031
2.764387050393752
2.746590998458937
2.721503515976274
2.688024501570146
2.645249402314105
2.592596262986767
2.530924995737041
2.461182034385682
2.388448443726773
2.316333801240544
2.246032705102293
2.177698887302233
2.111130728462876
2.045905227162144
1.981633154449313
1.91798674634244
1.854727308368907
1.791692250556897
1.72877503330429
1.665905101648768
1.603030429239593
1.540102125317961
1.477060507919432
1.413817759476214
1.350237932852496
1.28611210907667
1.221134306564649
1.154883952188072
1.086862640381375
1.016555312587382
0.9438202516954541
0.8691409213334027
0.7949279284104741
0.727202832648058
0.6737715254792026
0.637238369962823
0.619531958564258
0.6195693896332083
0.6346758780565173
0.6586242246597898
2.165713139368521
2.208730374049655
2.281609379015348
2.36889163456393
2.454619660942747
2.526104374850505
2.574030806502727
2.592025216631288
2.577375701031143
2.532447767081465
2.466269989217938
2.395937153458088
2.346144181056474
2.343576114540277
2.405631103832643
2.532872852114517
2.72013173858711
2.782482785370904
2.76312252977011
2.77197904129692
2.774246763870147
2.775098648633352
2.772298613793015
2.76525704719454
2.753101655595304
2.73498194337063
2.709949333789083
2.676983717479863
2.635209723329116
2.583755531594393
2.523536225888094
2.453781867623149
2.381689332210192
2.311320381386111
2.242854761632846
2.175889926727271
2.11024201851512
2.045555632762185
1.981564924538107
1.918040345475131
1.854813475569296
1.791766405522129
1.728817986151272
1.665910620283993
1.602998768828217
1.540039521240417
1.476982722420954
1.413760567802086
1.35027586774054
1.286387812434575
1.221900056562383
1.156544598190869
1.090018694930159
1.021915267156219
0.9520558267449136
0.8799974738721443
0.8068341690470517
0.7392411615135612
0.6873238064129115
0.6513568407996578
0.6333982441085318
0.6326201120304973
0.6488280291064544
0.6787725662023132
2.242033019035468
2.300507935414103
2.393894557462778
2.498374699186203
2.596533367652364
2.677365881983615
2.732280582693221
2.754313374728825
2.73921173959674
2.6861038599002
2.598461179785803
2.487343454588922
2.376980884794472
2.307580134254677
2.325271366459606
2.457095518206526
2.698634592752735
2.777438103040423
2.753157672964245
2.765069034119984
2.768171403587474
2.76958325009945
2.766995332641114
2.760141550920695
2.748343268081218
2.730898929232103
2.706926559279621
2.675339829159631
2.635035052671508
2.584323955033273
2.524189265197625
2.449876816503976
2.374761351160925
2.30499231882827
2.238322758058264
2.172888428710241
2.108419260604568
2.044533658923656
1.98104758434062
1.917813949909086
1.854739254696896
1.791761775392522
1.728838445832979
1.665936397389061
1.603027506128036
1.540085012482299
1.477079468994046
1.413975664746241
1.350728423500937
1.287275362965413
1.223529218261473
1.15934663774651
1.094554712069327
1.028661811335085
0.9611517790395439
0.8891565166030129
0.8108482296468991
0.7362714767813768
0.6829397728538852
0.646177248312319
0.6284092527042653
0.6286008889673601
0.6483259199456441
0.6856470194512709
2.369988624354982
2.445965704507002
2.555884073206438
2.670057714620703
2.775075174470763
2.861415753762048
2.919185085079524
2.941339095361558
2.924774440780686
2.868186099538844
2.770347630106867
2.632320480988674
2.466458986843457
2.312282498848509
2.246707935913633
2.356924618491589
2.666139597239334
2.770989298393343
2.7423934198433
2.759540599723058
2.764766137063673
2.767552337033547
2.765817012375449
2.759766471993153
2.749018042602646
2.733065273380889
2.711083021397248
2.681825376575909
2.643727237540542
2.593610514342738
2.532752161820019
2.446735174886293
2.36359806076885
2.294506028984256
2.231062180812535
2.168024739749214
2.105289307727811
2.042581168724134
1.979867124926197
1.917114982916869
1.854331525732204
1.79153026009642
1.728720669721387
1.665905375655584
1.603082685632421
1.540249922611737
1.477406443971467
1.414557802011526
1.351720017878781
1.288920015836139
1.226193995510773
1.163570230131757
1.101141477258632
1.038506883353818
0.9749796791152702
0.9020752859279245
0.8105692744948427
0.7187367775692816
0.661805029802909
0.6228852150507345
0.6050798360754396
0.6064674379424215
0.6297536547263497
0.6739737932687579
2.588752587938266
2.667801536590428
2.769144297897831
2.876686276675804
2.981850590586741
3.067256624423869
3.118916641669913
3.13306297905355
3.111689112099517
3.056139395399773
2.963623108302339
2.826960163439993
2.639444398627754
2.412961169568271
2.218313097511274
2.218919098974194
2.583430808734336
2.75829241986649
2.730804246530363
2.756157412936723
2.764909559078983
2.769547821231043
2.768967251216595
2.764089813359941
2.754980166405345
2.741443667210096
2.722847425443883
2.697982325311143
2.664969183338946
2.61896600493983
2.56234109917218
2.453613335224623
2.354629832711837
2.286415975884578
2.227698527360618
2.166877528340226
2.105324295513304
2.043193183197089
1.980724428926569
1.918008368241158
1.8551434142782
1.792205383224077
1.729236533119011
1.666249658637744
1.603241065188326
1.540202196351825
1.477131333575883
1.414049248138767
1.351018760325594
1.288164295483426
1.225703180518107
1.16399957012695
1.103830448212419
1.045500429614847
0.9891004199106272
0.9141660973700961
0.7960619121602091
0.6707503094956486
0.6147458772393063
0.5763542534229789
0.5599635661599471
0.5626798240160272
0.5880568347436277
0.6378043500175201
2.975833501051605
2.984111700831224
3.019073635232814
3.107225808813986
3.208949418411962
3.281146461729412
3.311801591033404
3.307724847798124
3.277556788281788
3.225146782813396
3.148682917555002
3.040151289900535
2.883336726835355
2.654525897455577
2.352326444943313
2.118706145787248
2.41122339415905
2.728193048347537
2.721720011892664
2.757292730647805
2.770254734093129
2.776320055921111
2.776507924986126
2.772657462072503
2.765351378006375
2.754725309158675
2.740330654051351
2.720921254315066
2.693485264541606
2.649917019975457
2.58890957100034
2.38587261244448
2.267979277694016
2.229027181743847
2.195873035916505
2.145231194621565
2.0894213143834
2.031349422521181
1.971835196990101
1.911284283833544
1.850061571250028
1.788434208272097
1.726586992188379
1.664658195145557
1.602769675876494
1.54104268932788
1.479608212028254
1.418621893204048
1.358279872062406
1.298827434285746
1.24054370091079
1.183740297008401
1.129598062448826
1.082152495649887
1.055386204592067
1.010331686097261
0.868366497273707
0.6218923995347772
0.5549574323883832
0.5129522152454182
0.4956289965402909
0.4978755738393761
0.5238589615671296
0.6022071518846239
3.663033503875326
3.380274323286689
3.283505473305019
3.359377556503308
3.444987662745095
3.479034031723282
3.472310139518628
3.44411331628464
3.404007349820513
3.354667597034935
3.295327833607391
3.222063101542687
3.126484805394767
2.989135366738643
2.755623473850901
2.366796620704262
2.325868249204439
2.708737901701721
2.736393274532648
2.771641447388123
2.784280494251668
2.788985244240622
2.788453563034374
2.784976897622836
2.779514205806473
2.772704954998784
2.765036965420656
2.757188475339236
2.749215344621584
2.743900852210839
2.764549373710219
2.613758696805407
2.247791295319116
2.2263425301442
2.235227265768116
2.186260156222656
2.120716448380839
2.055250759621978
1.990595858437906
1.925855819556392
1.86109396000448
1.796537898300856
1.732217965799222
1.668017286268868
1.603762952649831
1.539264953828336
1.474337511916928
1.408851070708416
1.342814836151449
1.276361677337356
1.209457382219677
1.142318238880483
1.082019791811376
1.059943485880438
1.121729432826639
1.106664561051786
0.565982117721215
0.3849299065217799
0.4144494785672416
0.411202029708038
0.4072345762495574
0.4105360169960999
0.4187698844742457
0.5484882569014882
4.760738665518145
3.834274309697139
3.606206667513271
3.634089184981125
3.647242799347944
3.617777601231881
3.572817118594583
3.525550095392312
3.478084995301087
3.430130174807281
3.381342644688593
3.330162551979108
3.274733007903809
3.225425255459928
3.219359553364112
3.196338065470107
2.914707522594435
2.794736968083967
2.814703529386161
2.81560349819223
2.812568706819523
2.808890390807632
2.80440853658026
2.799692564795476
2.795163148310604
2.791530648881046
2.78992788503004
2.792981389430939
2.803917697038255
2.838284599304767
2.870786459903044
3.27007864674721
3.138640841705891
2.717672382450088
2.49416409537868
2.363693757304029
2.259539581059305
2.165675405835912
2.078224322765422
1.995309679389837
1.915895970121419
1.839186312575391
1.764212132518046
1.689757070630444
1.614410734985285
1.536620270945085
1.454749348681236
1.367207567641826
1.272686073045217
1.170509696837111
1.061374644943458
0.9493415416844229
0.8436122079129911
0.742900764044541
0.5656047507701346
0.1168927795866671
-0.2032407665231859
0.2275851802432842
0.2690060862054618
0.3004125181355528
0.2934305832843313
0.2583878998566445
0.1579258292680074
-0.01414474596155638
4.208678293258003
3.919169614528324
3.820206275663871
3.757218744841696
3.701049636947954
3.64588055564168
3.592998485918022
3.542194358021111
3.492842581133371
3.444580443745286
3.397398018019974
3.351421288622435
3.30706957215617
3.266341371737287
3.239755729371653
3.209120058608218
3.109813714588292
2.940485802211247
2.892611083504753
2.860765767361611
2.841917814855409
2.829472658746659
2.820546443328666
2.813983331968731
2.809413792937722
2.80712119132478
2.807902038247271
2.813997055800942
2.826799612542896
2.863351263572214
2.857316216024012
3.193513019453002
3.471450458371185
3.203733573779551
2.886200346314724
2.648141827006011
2.473047187564786
2.332606538353882
2.211637211203921
2.103147727916105
2.003380872539593
1.909607907416411
1.819234787982891
1.729457021041627
1.637155668042566
1.538894596649067
1.430989744964869
1.309697209090857
1.171607195286255
1.014325144142101
0.8372414927798182
0.6407981769847865
0.4197256552572987
0.1488848325242166
-0.2025511169696158
-0.5126130571390859
-0.1732874497208044
0.2357168901866248
0.215124727274714
0.2493317064031979
0.2456102987969851
0.2241159162769399
0.1737085368740965
0.09916795933185531
3.910137018848785
3.816834974507043
3.765469635439185
3.717543174751115
3.673831999721138
3.628209701836013
3.581122044535511
3.533278981182364
3.485088267752238
3.436664513001026
3.387994955221716
3.338934629216276
3.289382368220648
3.239210036302562
3.190029154290396
3.133487503303092
3.051410218482066
2.960953034134436
2.916916816901527
2.882992223070465
2.860356837359351
2.844506463098313
2.833375246945039
2.825724693533312
2.820974198770775
2.819087973016325
2.820372002764351
2.826177311410536
2.835582233336878
2.862845325411698
2.832041065054976
3.024280138228674
3.419785478395255
3.41315601378522
3.197151103986989
2.943292590280496
2.718918889674768
2.531755910109499
2.373435982488152
2.235557289809067
2.111984942532459
1.997905264897304
1.88888056162276
1.780322214178186
1.667257289171134
1.544269101726913
1.40556535578989
1.245193123928988
1.057447700032725
0.8374301409933547
0.5813890528736415
0.2863887776098202
-0.04834334147729105
-0.4056415426522147
-0.6970008195388784
-0.687716800767567
-0.04854474742979635
0.2530286462870737
0.1906730774526114
0.2170075024634747
0.2091480245341794
0.1884486526069122
0.1463994119306498
0.1227908855045493
3.835648115828996
3.795840612675945
3.763950114964628
3.720378535257278
3.676424443522237
3.630106698752869
3.582621832966312
3.534544030190649
3.486185958900074
3.43763445822825
3.388864826648593
3.339727307843493
3.290036282179672
3.239366445906505
3.18783346391674
3.130744261288169
3.058852860333816
2.983455281887842
2.935430815283832
2.898405043570651
2.872862907461674
2.854924175189912
2.842549310872767
2.834313136947995
2.829411337928048
2.827529352071089
2.828574188462604
2.833252330281881
2.839571976331451
2.85936454148395
2.825275907420167
2.951334106917472
3.315135838188545
3.441368416280281
3.358924296429564
3.1649394106999
2.942020031342201
2.730961998544418
2.543311337848431
2.378029038035832
2.230353703183661
2.094751252705374
1.965436983581689
1.836272697104795
1.70063803661859
1.551411390960184
1.381077579417175
1.181971150443574
0.9466825097087112
0.668739096815308
0.3441370549857601
-0.02412453225379106
-0.4135187642026411
-0.7570282282974758
-0.9181634905557894
-0.7128395452395968
-0.009362145239986656
0.2528400244126566
0.178773793354245
0.2005039861278139
0.1917745251180108
0.1747514546625205
0.1400631096694034
0.1388957019458763
3.835616049986069
3.79582812105133
3.763873182450619
3.720286851782499
3.67632523202049
3.629998118278395
3.582492744729556
3.534376953110367
3.485953918204299
3.437295139830169
3.388350489183343
3.338924467946801
3.288759276858998
3.237404852371149
3.185109128133409
3.128223337245363
3.058042783787709
2.985196722780688
2.938056305786258
2.901751187907023
2.876650348078333
2.859076909972868
2.847056725288995
2.839167725838701
2.834547859146274
2.832755446206853
2.833488153655403
2.837103609225903
2.841385777235046
2.856445207221878
2.824805173152612
2.931041585634249
3.245264613447536
3.405273353183881
3.407830104914313
3.288678592643185
3.103470984830366
2.89824024543996
2.698829877691595
2.514898925484805
2.346972332523112
2.191258357150822
2.04195675975331
1.892156723746788
1.734185539386967
1.559834644559571
1.36063849306937
1.128301860449766
0.8554396139103772
0.5371038654741762
0.1742985123647986
-0.2184047011712157
-0.5997300442343131
-0.8876917431992334
-0.9610606347328816
-0.6942213951656198
-0.009458339338782406
0.2462836794022959
0.1715902398475737
0.1897835736606458
0.1810081730306188
0.1668602205075184
0.1378241611018949
0.1456947178529226
3.910649759176349
3.817421180049067
3.765871687154711
3.717896496824544
3.674171847565621
3.628541635917139
3.581418768294469
3.533490063233832
3.485128581201744
3.436389796733477
3.387151749247219
3.337070913173357
3.285740015323848
3.232917390087824
3.180797115564138
3.125127272153108
3.049138932980571
2.96766376996413
2.925699590519641
2.893499943928223
2.871915434064169
2.857030605639815
2.846931639041772
2.840375952010133
2.836604644583255
2.835204986673821
2.835837845791181
2.838722079043321
2.841798131848308
2.853923848979919
2.825453885739918
2.921386635740209
3.196777166525142
3.353745506053173
3.394851499366963
3.331978190888467
3.19363158478427
3.014134549616061
2.821216278183371
2.631250195293562
2.450639412886936
2.279089531148514
2.112343076459851
1.943886909930987
1.765944902530756
1.570153453315563
1.348209223039688
1.092725586957872
0.7986200692647321
0.4655732644330168
0.1022365389101861
-0.2677249128648608
-0.5997587982834635
-0.8273252736816434
-0.8683240957046148
-0.6323567001685965
-0.0233400717016243
0.251351867077803
0.190029285623176
0.2076076670577763
0.2008261097356106
0.1890579633974321
0.1629504189025791
0.158096531792528
4.205794008283835
3.917310168207708
3.818160616901704
3.75522752718795
3.699065020058273
3.643839976723678
3.590832097701568
3.539824613514528
3.490165134327526
3.441453865970948
3.393632673996896
3.346728998282257
3.300814662626326
3.257132969822568
3.225048529170109
3.192599098212382
3.095585708399698
2.950467655362194
2.906980517407904
2.878140582409012
2.861008561273911
2.850147970606767
2.843036282670329
2.838557961729736
2.836113944825549
2.835417537129675
2.836205920632587
2.838677209253298
2.841050639575524
2.851109120672239
2.825875403079788
2.910579682479684
3.152396553617693
3.296871550570198
3.351128015051743
3.321853358008547
3.222860591825196
3.075105702024564
2.900543628653987
2.716249135384864
2.532053909471709
2.351104240331392
2.17159665423215
1.988533017626385
1.795136308053983
1.584010463153147
1.34827506637724
1.082945608841364
0.7868486742352345
0.4652750540291481
0.1331194877599526
-0.1828005979124988
-0.4446927982170198
-0.6094679520504526
-0.6345699059173886
-0.4702093455758153
-0.02573658532930319
0.179516095266878
0.1169773006092995
0.1190174267159327
0.1085293665592702
0.09993686870761603
0.08943008164030439
0.09250746421917304
4.768647576442833
3.838904666463746
3.608847466195858
3.636414663028384
3.649825102188021
3.620625542025903
3.575838395793604
3.528669889144353
3.481215314280495
3.43313667767205
3.383915580579793
3.331061280468794
3.269352317146706
3.202475693556205
3.165914852830856
3.130758332299641
2.936671341133503
2.830383590110013
2.842904150120904
2.842759279467563
2.840053057481885
2.837750776559611
2.835691065679398
2.834278172947339
2.833660594149071
2.833953846756908
2.835118388610981
2.837424760751857
2.839412639211949
2.847841116290024
2.825990197559745
2.898434992310442
3.106904782000754
3.235591007260583
3.291167294543359
3.279301336608517
3.207743669591712
3.088493779936251
2.936347766347206
2.765313407796928
2.585589676650165
2.402377363746323
2.216262270119643
2.024402854877124
1.821956420582613
1.603536219516082
1.36473630341749
1.103850575359411
0.8238465430868228
0.5343817595957414
0.253145841104374
0.005313847294752044
-0.1799112361351505
-0.2751517996148182
-0.2598031374187159
-0.1139166825399573
0.2378409711653383
0.4200744836654061
0.4064858194802263
0.3942978552913127
0.392860028864341
0.4071434433313654
0.4291953534622557
0.3140440074273322
3.706769997595935
3.416925658073368
3.315751176507943
3.390342311596063
3.476312211506829
3.511236294153885
3.505450419289868
3.478153494646198
3.438908773625133
3.390254364564417
3.330609335395659
3.253401564124275
3.144828454817702
2.981114858900585
2.721186764023902
2.355951235548903
2.405207112357106
2.752757771448779
2.774814435641441
2.806194706980948
2.818528964765159
2.824757439880707
2.827587553606383
2.829119457560823
2.830260245955675
2.831531238394228
2.833120560681276
2.835381098343317
2.837160116063668
2.844211270203597
2.82582356437161
2.886080180095701
3.060873623603767
3.171445693275313
3.222279453681099
3.217859750854555
3.163339875098268
3.06584912058799
2.934691288937173
2.779895762484731
2.610102962498606
2.431003051912607
2.244869467928054
2.051069846085106
1.847195774519721
1.630519010984561
1.399620140991203
1.156090612323504
0.9061182315971772
0.6615477766137809
0.4398102877477124
0.2622621057263517
0.1513356740451066
0.1284631915462879
0.2156714080628205
0.4375550141305664
0.7851529741605702
1.031938396412663
1.162135703324101
1.233416828911456
1.279192444387661
1.30489990474904
1.300857522342094
1.249050707523536
3.069653114251769
3.073790333146706
3.104858982395858
3.191209909042372
3.292959367125052
3.366108332175469
3.39795031662574
3.395001932284278
3.365898003737604
3.314487248184714
3.23851833817632
3.128891250868335
2.96904132234335
2.739972818741559
2.452470523128988
2.246588623890627
2.492459037845394
2.763326506195626
2.763413961007497
2.795144142473084
2.808615299017112
2.816950570627981
2.821688991628041
2.824720558886074
2.826909933721714
2.828818671643466
2.830697345618199
2.832906951763063
2.834545845495114
2.840385501985032
2.82537811112264
2.87413614441308
3.016126860236207
3.107149233740565
3.149572388151264
3.146406278633385
3.101248399846232
3.018674059698442
2.904545974452057
2.765612705253283
2.608429395470537
2.43819065508902
2.258062726204987
2.069260205414101
1.871795351725455
1.6656829615845
1.452356915930353
1.236039586407931
1.024751245172586
0.8306027199448762
0.6691249402069411
0.5577923375874404
0.514458034545516
0.5562839183737475
0.6970703151118718
0.935114435775792
1.227512186181023
1.495475455211741
1.701885886885661
1.841934583978691
1.92952581770079
1.974519863805361
1.985107687277206
1.980412690092796
2.747893156721991
2.825117198991988
2.924130975602294
3.030148376424002
3.135016396487591
3.221000046227578
3.273536942837174
3.28849115942574
3.267871231587812
3.213440149196768
3.123303121800827
2.992090948937749
2.81645814464019
2.611603310446893
2.441754557633455
2.432667373713918
2.670653921949903
2.788796560423869
2.774649365501368
2.795637423530838
2.805426372712061
2.812888093376205
2.817806822657996
2.821309096220246
2.823947769685557
2.826156022662285
2.828153068236757
2.830257981978966
2.831767767693884
2.836527148982877
2.824660331146665
2.862973311578551
2.974399670249571
3.045589078465596
3.077337484046024
3.071364036357865
3.030128021725113
2.956778637615877
2.855224839309486
2.730042355554606
2.586037452058949
2.427612312526321
2.258272695151401
2.0805597527333
1.896488973459569
1.708388627319717
1.519909264215345
1.336917404409233
1.167984002355869
1.024261951968177
0.9187458371683905
0.8651292341298972
0.8763804518088036
0.9623141800378103
1.124376428114539
1.348066800591257
1.602792694342842
1.859255789983405
2.086511377991201
2.262744047121628
2.383598511499786
2.456107687161804
2.493848422678351
2.512018943777355
2.606399306807513
2.681355633461676
2.789630796763694
2.902197098899573
3.006177064772567
3.092142389998564
3.149958047316845
3.172331688211775
3.156254766428343
3.101201365206347
3.007726718783323
2.879639029546865
2.731426249469576
2.598972868741375
2.540669706278558
2.603596213742638
2.756251259001753
2.798468446447986
2.786044109315189
2.798567648258944
2.805138762661726
2.811067314657168
2.815443193171638
2.818823807602176
2.821488401340471
2.823720360264224
2.825675666383048
2.827608872632703
2.82897335335944
2.832774951238707
2.823692732409852
2.852892397593705
2.937069265347391
2.989207636300059
3.009122271206861
2.997662200424417
2.956519121380709
2.888031790386567
2.795080314446664
2.681017464908855
2.549518955751649
2.404330625225577
2.249033408176569
2.086996594119886
1.921616024430747
1.756798891570559
1.597536261987958
1.450345227936414
1.323384639832262
1.226145846677743
1.168734340536566
1.160758331699544
1.209624919026434
1.317890290693252
1.48018363126707
1.682642978636378
1.907976997803442
2.140178218055468
2.358620393482253
2.54323720737065
2.683149352989093
2.778990493669184
2.838510353250091
2.868977259991671
2.563302178196081
2.620186033397956
2.710811836503188
2.811931169662521
2.90685700190109
2.985182770262988
3.038614414621272
3.060236993669252
3.045855235461752
2.995026840017788
2.912198649158109
2.809284109640236
2.708910238782824
2.643169365470074
2.639950363854717
2.698555737955467
2.782401696903921
2.801916392499726
2.794129342931144
2.801543572309772
2.805974047253695
2.810462261608239
2.814078753027478
2.817056053036993
2.819496458165846
2.821564193115953
2.823356291311246
2.825061810917488
2.826259128013209
2.829228773169806
2.822504411984908
2.844108313109492
2.905053312548254
2.939749994560035
2.947590086215629
2.929017106744953
2.885345340341183
2.818536016876251
2.731018922871013
2.625592521600921
2.505367754825966
2.373711547323745
2.234197198832015
2.090616594323218
1.947100814245074
1.808333994974038
1.679773027490088
1.567748209971457
1.47933662008942
1.421950313540223
1.402612038330471
1.426870109410103
1.497334426756525
1.612174240670069
1.764658584170626
1.944881894157199
2.142472519473369
2.346533729711179
2.543675374915756
2.719554794173195
2.863340865822729
2.970659155514587
3.042064935964895
3.079223705228715
2.574984124568602
2.61447221506321
2.681164759161453
2.760604886886287
2.838247389916254
2.902934182300189
2.946569787152969
2.963323015936175
2.950222871211057
2.908687336091925
2.84616525819438
2.777051815810867
2.721009254366208
2.696211533413702
2.708523567879086
2.746137344836354
2.791503609770625
2.803883321178128
2.799470931917524
2.804042415615344
2.807123591005569
2.810459811471418
2.813329561202278
2.815802737886985
2.817890125792483
2.819679170406152
2.821226280827423
2.822665880091464
2.823677845212698
2.82594510465979
2.821122997080815
2.836712388885907
2.878763192330386
2.89819165839529
2.894448919691425
2.867997551522234
2.820143633953502
2.752820096646335
2.668391932772455
2.569534427418207
2.459192411637109
2.340592923938004
2.217280034564673
2.093158380848085
1.972542090616202
1.860193424769402
1.761311380292371
1.681415964898891
1.626078835537431
1.60046648821676
1.608680044042957
1.652928214441874
1.732732987166634
1.844627033265064
1.982819227851021
2.140570513209953
2.310971349445228
2.48639379794825
2.658010876785908
2.816143397214418
2.951830223431839
3.058507809692284
3.132337046870797
3.171480910125932
2.617647753057529
2.643297441877266
2.687969258851356
2.743495747616191
2.79967324779413
2.847009711984154
2.878271920567209
2.888974705345711
2.877955895630187
2.848339812605238
2.808132282559707
2.769204051738161
2.743667856857904
2.738301837069659
2.75077123958968
2.772600919032979
2.797856032405806
2.805678954248051
2.803240963652218
2.806135548058957
2.808307266618888
2.810750726595552
2.812954101666413
2.81490895963637
2.816584538693325
2.818028890355237
2.819279638110003
2.820430722223747
2.821245074118853
2.822937399497094
2.819569907813468
2.830669663415879
2.858129282196801
2.864766870786037
2.850471181412908
2.816073130749191
2.76318231199009
2.693980535562474
2.611029577853874
2.517140176859733
2.415321746817474
2.308798578356822
2.201056313565877
2.095879907432681
1.997353555076556
1.909802268304069
1.837659052191788
1.785243630395288
1.756442704155056
1.75429332743293
1.78050459578224
1.835028759205112
1.915893248503735
2.019508148301104
2.141398597630418
2.276874890796576
2.421124279018311
2.568885389748734
2.714229757490039
2.850495582129264
2.970617322069601
3.067905681288326
3.136922594348774
3.174083919495193
2.677291062379846
2.69240738568714
2.719094708458826
2.752962180764571
2.787812088083084
2.817102343400109
2.835566067870442
2.840346934209356
2.831673773813996
2.813137239961047
2.791173443282411
2.773226632633504
2.764788787701101
2.766895145454404
2.776345803384086
2.789038448523567
2.803027453071457
2.807321745543264
2.806030108837742
2.807874748586645
2.809408536126649
2.811171171392254
2.81280617288377
2.81426711314408
2.815506735710177
2.816566202614644
2.81748779422121
2.818337292838169
2.81894632206268
2.820181114134078
2.8178584576765
2.825839905031815
2.842678297343213
2.839059831226567
2.815581772872553
2.773703369422463
2.715570322589416
2.643809676855865
2.561342058006504
2.471247451261945
2.376700075798197
2.280962518737903
2.187408141032885
2.099532139649188
2.020917011960519
1.955131997702676
1.905561034554696
1.875165841151901
1.866201774086903
1.879921833015845
1.916336493143805
1.974134435611662
2.050864807117679
2.143372492289831
2.248286295830269
2.362275252409493
2.481983175441997
2.603814614409373
2.72370467057686
2.836903719937776
2.937941044293571
3.021009443662793
3.080773841391097
3.113270452897718
2.74505529633801
2.752293497605928
2.765079095453946
2.781263403685179
2.797647980162257
2.810650514756575
2.817374120214076
2.816595773516784
2.809277212811125
2.798398512897363
2.788019093810279
2.781712891978752
2.781047766891299
2.785152224342182
2.791852545616375
2.799363320875248
2.806741392978725
2.808746895680584
2.808134779481248
2.809312832098084
2.810398140272101
2.81164994910636
2.812812702896772
2.813816292727696
2.81460266447132
2.815240976808946
2.815807716877867
2.816344979641734
2.816742972137767
2.817620280496091
2.815993292583913
2.822003427520087
2.831626192121889
2.820127699323096
2.788992595402915
2.74047627571345
2.677402300542093
2.602950794782517
2.520474518719833
2.433364656696209
2.34497227723132
2.25857535873285
2.177367770798443
2.104439964603149
2.042724330564935
1.994890028027148
1.963188089938503
1.949263690547829
1.953967964653453
1.977217897265866
2.017965273610024
2.074326902128209
2.143875060829083
2.223995413189789
2.312156964041244
2.405986743612341
2.503169804551305
2.601255010585219
2.697411725446398
2.788199543669248
2.869482982518405
2.936665341843474
2.985292941262803
3.011856592144138
2.815048728174577
2.816526535479266
2.819005502141235
2.821733351201928
2.823579964811924
2.823302034581777
2.820055264416704
2.813917276340818
2.806084788809207
2.798547985841436
2.79331197673211
2.791523710647314
2.793029016987968
2.796690922751846
2.801200252404421
2.805619002409799
2.809217098635512
2.809959903067735
2.809744896539276
2.8105106497785
2.811292110736478
2.812175291427291
2.812958790445515
2.813541875083057
2.81383919417057
2.814000426252671
2.814184409654506
2.814395081982083
2.814576809947111
2.815174353732839
2.813970743538381
2.818882523983653
2.823964015037667
2.806635182743429
2.769369046939613
2.715291714382113
2.647950072133567
2.571096450665797
2.488512361158322
2.403877443151088
2.320680331516068
2.242161573908062
2.171273291014522
2.110637439561811
2.062486853634944
2.02858160488968
2.010106039563033
2.007566205135472
2.020720135901661
2.04858015645873
2.08951913180637
2.14148298060356
2.202262890968877
2.269739615336868
2.342017147672205
2.417418284788362
2.494369142509947
2.571211272020271
2.645980740213151
2.716221058066233
2.778925148543004
2.830701102349909
2.868194438096608
2.888692373626164
2.883221379935933
2.880640901999346
2.875823005941773
2.868908339958048
2.860107148784207
2.849749847834706
2.838405458668622
2.826985900790433
2.816685481243066
2.808682647629603
2.803717711172685
2.801806720468296
2.802306829759114
2.804287288424561
2.806885973241587
2.809360416592017
2.810888033172978
2.810984297107523
2.810998396621179
2.811525965739603
2.812124252025177
2.8127706746457
2.813276826700454
2.813477521795534
2.813201654370305
2.812779994742467
2.812548121428665
2.812411394324117
2.81237369401624
2.812745513670614
2.811780247600574
2.816159069633047
2.818536900131836
2.796998802285662
2.755023043930305
2.696581071387726
2.625892977018621
2.547224114452592
2.464723786382107
2.38229855682853
2.303513242576326
2.231513938354581
2.168967083581443
2.118007850515605
2.080192377360968
2.05645308536194
2.047064187830659
2.051633239253513
2.069140150952347
2.09804224823325
2.136448280151305
2.182337314677214
2.233772319017274
2.289051697854843
2.346763588168173
2.405741753278947
2.464943892886101
2.523281063412251
2.579437790896959
2.631737304783601
2.678111125623784
2.716218820871091
2.743732018939134
2.75874968472977
2.94669829108472
2.941414831325742
2.93172511571168
2.918314416514015
2.902179954319284
2.884554144968171
2.866796366285941
2.850252782939432
2.83607296331199
2.825006986298668
2.817270058368094
2.812574040890627
2.810330802408234
2.809887261367737
2.81060335159343
2.811711435253774
2.81207919502052
2.811836764487577
2.81199803115044
2.812419426721674
2.812955968198835
2.813516668310764
2.813888872248605
2.813757526740122
2.812707587523017
2.811487333713101
2.810807125091388
2.810296768556812
2.810045197624456
2.810226070200512
2.809406179712047
2.813496155274616
2.814136374774761
2.789554392721789
2.744131857406119
2.682550015558721
2.609567706209094
2.529848722386363
2.447817416537965
2.367531174529837
2.292568191288587
2.225933498810978
2.169986562931767
2.126392544809191
2.096098638287792
2.079337896570539
2.075665465544512
2.08403436327031
2.102916804461123
2.130469634160658
2.164728613278561
2.203801268364523
2.246021027040274
2.290032965404491
2.334800201524768
2.379538390853779
2.423596999105697
2.466313606973864
2.506875135768439
2.544223521159738
2.577038623519581
2.603818664289236
2.62306224953882
2.633536291193989
3.003346265404054
2.996410640665336
2.98372760662342
2.966264203796833
2.94539666317334
2.922763663626696
2.900059791953658
2.878806532041163
2.860151165152465
2.844749023173263
2.832771824960239
2.824039254538671
2.818201529875813
2.814856325852209
2.813509166296678
2.813359234434009
2.812950464075742
2.812492197278572
2.812749349901198
2.813146834560554
2.813729029782016
2.814389125787872
2.814884141417377
2.814558250034955
2.812344373855097
2.809934616891911
2.808833345938292
2.80793527863494
2.807498697356696
2.80751400323738
2.806833898653058
2.810576745083818
2.809635189412614
2.782762123529524
2.734975270587814
2.671422321954676
2.597210794089011
2.517266287834768
2.436190806060668
2.358120552086757
2.286594033816923
2.22444313456501
2.173717623906974
2.135650215486451
2.110666048267219
2.098437890807363
2.097986235398223
2.107820757947846
2.126115032606802
2.150899471766982
2.180250053892796
2.212446584753076
2.246077772226585
2.280081105040274
2.313718663285167
2.346500476187563
2.378073885771042
2.40810211553657
2.436157459054189
2.461652244130282
2.483824084669141
2.501783495954998
2.514624436235042
2.521591859369658
3.051494691025642
3.043697757256773
3.029430855331757
3.009748745545346
2.986126497761431
2.960289393983352
2.933991065426543
2.908787636301015
2.885866582889342
2.86597706516666
2.849472038247115
2.836424501463828
2.82674544223253
2.820230572247002
2.816492860551886
2.814766596912486
2.813555673603224
2.813023821938895
2.813433483520128
2.813991198276465
2.814906027970417
2.81610493127694
2.817253292159119
2.816834245890253
2.812345587674153
2.807712422745914
2.806363871247192
2.805132998019529
2.804611777025988
2.804511066395171
2.804046391321876
2.807164011112733
2.804177861239199
2.775439257446641
2.726162785843829
2.661652153062599
2.58716542643246
2.507765903412495
2.428150931772345
2.35247658056235
2.284200036703727
2.225958582484755
2.17949888436439
2.145664552691654
2.124444080910429
2.115075687687204
2.116200390869365
2.126049739667114
2.14265004817869
2.164021440590759
2.188349144103972
2.214107883994707
2.240128046598527
2.265602304992625
2.290040517419234
2.31318710216381
2.334918805671637
2.355142071028276
2.373707656763858
2.390355809427148
2.404699634182513
2.416249552457384
2.424479374289812
2.428934516469876
3.089778533234436
3.081709710281194
3.066912422448196
3.046399686407883
3.021572927196603
2.994062072825003
2.965531321414431
2.937493407423579
2.911176965667318
2.887474316221801
2.866964711747921
2.84997706097329
2.836643950376403
2.826908739243974
2.820463196673035
2.816597864722332
2.813969045938567
2.812885769458084
2.813184587586161
2.813424889345087
2.813883900849404
2.814847518330593
2.816951195627172
2.81836119149152
2.813595283120137
2.804619386021387
2.803473696261066
2.80191306829856
2.801394019844793
2.801214519257401
2.801064706079346
2.803173574843324
2.797389091374473
2.766962139603517
2.71679697468086
2.652068734026449
2.578032002305723
2.499797761390979
2.422097256186842
2.349058889505803
2.284022769388772
2.22941254799953
2.186677384665968
2.156309007389078
2.137930728035136
2.130447722650208
2.132241606034021
2.141387806480285
2.155871969458529
2.173782200658541
2.193457900695523
2.213583028854146
2.233220505758549
2.2517930361843
2.269022168084431
2.284841232274444
2.299298989777079
2.312469504781347
2.324380299948629
2.334966238580657
2.344052403106164
2.351367003214325
2.356585737449738
2.359411582592505
3.117079625530601
3.109196132815288
3.094697065989819
3.074479989842603
3.049780496877398
3.022039643525209
2.992751225173681
2.963321577156967
2.934969957267177
2.908681597530687
2.885203889480327
2.865060207919301
2.84855449431602
2.835752213885296
2.826439806380861
2.820064204129383
2.81558681882656
2.813481151394734
2.813767919961876
2.815111104874207
2.817923358300706
2.824695600024071
2.837443288512451
2.84419473122508
2.80610748078924
2.793948383189481
2.797939157641431
2.797468417110129
2.797543758508386
2.797530463876031
2.797857519040654
2.798694045895296
2.789490387311645
2.757332004245628
2.706512977866792
2.641931495968901
2.568758247113966
2.492097467558012
2.416667263025861
2.346523816083755
2.284851433068809
2.233835019224645
2.194623358401862
2.16738177477113
2.151423102212054
2.14539789723335
2.147519491312649
2.155797268936774
2.168252612485981
2.183096143150795
2.198851696093791
2.214420845160086
2.229090250959886
2.242491190153682
2.254525387490622
2.265273372225701
2.274901060218819
2.283577473379168
2.291412267857588
2.298417350938071
2.304493738523127
2.309443924915084
2.313011541596889
2.314953107186993
3.132539909661681
3.125236595546589
3.111766901618871
3.092879391023395
3.069601243986785
3.043135129893962
3.014744714628768
2.985653416167595
2.956973884285279
2.929671851460596
2.904553014453711
2.882253307845409
2.863216166362494
2.847653599342451
2.835507924591903
2.82647403149682
2.820279015841233
2.817630521433709
2.818597997923148
2.823033434096629
2.831609447610782
2.844879438513912
2.856985464562976
2.845671739234333
2.790853157727059
2.788300523371996
2.793212671270889
2.793335697654392
2.793758842509336
2.793810076735466
2.794597680233768
2.794071059710976
2.781162723826751
2.747010465319224
2.69537559077587
2.630905391304237
2.558681914309359
2.483776042628261
2.410850203237848
2.343837198166453
2.285715923625509
2.238396201632732
2.202713621548527
2.178523432293635
2.164872613342352
2.16022281004645
2.16269433773886
2.1703027316345
2.18116373737269
2.193649342865318
2.206485419364944
2.218789663155128
2.230055784559646
2.240095506657758
2.248953439856979
2.256811035772526
2.263894537549907
2.270398449843896
2.276431456806647
2.281987336108851
2.286940666269621
2.291066765365446
2.294087087891353
2.295744088446004
3.135620013839962
3.129290563419437
3.117591917403336
3.10111160505919
3.080646754697578
3.057122089959949
3.03150316375842
3.00472726544476
2.977665854043392
2.951117344353611
2.925814252522281
2.902422340179333
2.881516286275689
2.863536800823249
2.848765874545829
2.837387344414549
2.829659031808024
2.825961334869937
2.82641970213765
2.83085725831977
2.838232943077548
2.844775261966364
2.841673790908146
2.819477290036049
2.789206272921376
2.786498966937045
2.789726829000581
2.78980020685986
2.790212511722024
2.790183371122005
2.791351746021035
2.789591504698971
2.773107166993922
2.73659577218162
2.683696772410974
2.618995042870874
2.547548272966639
2.474388487073023
2.404076842400364
2.340358332735875
2.285942534425273
2.242418110265089
2.210291488477679
2.189126468450415
2.177753401915567
2.174514137812887
2.177510942486426
2.184832711064415
2.194738759848209
2.205788255847138
2.216910939984244
2.227421535525723
2.236985734243003
2.245549792898187
2.253248443760301
2.260306753409381
2.266950368803079
2.273335175687842
2.279502496337519
2.285361188069244
2.290695113751497
2.295194252741951
2.298509646442063
2.300334985402295
3.126181267257377
3.121266725232813
3.112174504236643
3.099322402795607
3.083252224871726
3.064555807122366
3.043806076908465
3.021520111401867
2.998167804267231
2.974218160690854
2.950197015390103
2.926724903757199
2.904513973200047
2.884324178681445
2.866901369396301
2.852919208078219
2.842897605882544
2.837038724102107
2.835080606229493
2.835945548526438
2.837053913894672
2.833952219812725
2.822187989315979
2.803033446830884
2.787807978020497
2.784658388129618
2.786513802170565
2.786472860077427
2.786790489391729
2.786647527362943
2.788125176165989
2.785369780362711
2.76570628087999
2.726542778694404
2.671873071571744
2.606486942662584
2.535527726434133
2.463994641189204
2.39629263870849
2.335898974237733
2.285179798412463
2.245357828683891
2.21660780120494
2.198242646594592
2.188949949984782
2.187042294117544
2.190692691356964
2.198134649253579
2.207814263324213
2.218488692753028
2.229271162708841
2.239627135051392
2.249329713533371
2.258385080699139
2.266940967469648
2.275192434452719
2.283298670112292
2.291321411906795
2.299190541949639
2.306697285997588
2.313512365930442
2.319226386205245
2.323411929997981
2.325709540507411
3.104577219833971
3.101603612022576
3.09610970754619
3.088321011931519
3.078472450095339
3.066730459947485
3.053140681580825
3.03763663750627
3.020117510114601
3.000570947396407
2.979199574608485
2.956511760018441
2.933348614476508
2.910831010269528
2.890219459206592
2.872687683547546
2.859031200369926
2.849382595392595
2.84301490450479
2.838179686443482
2.83220933960104
2.822492286272853
2.808628759355742
2.794122256098652
2.784295386462299
2.781927357289774
2.783222944139977
2.783167953161848
2.783425568236444
2.783189395047661
2.784919944255684
2.781400753438031
2.759011205452989
2.717098035958432
2.66033747377233
2.593949570728527
2.523260480889389
2.453226047282498
2.388019442767337
2.330757220632357
2.283392386026063
2.246761325179552
2.220744656747258
2.20449259733115
2.196669868161015
2.195687280100184
2.199900400895185
2.207765821159062
2.217951760747733
2.229403557923067
2.241367178929976
2.253375726685242
2.265205445282476
2.276809386090393
2.288238895492383
2.299564642873801
2.310808593691856
2.321895539445013
2.332628538983559
2.342688605361588
2.351656524709808
2.359054566865558
2.364407859905358
2.367327902560063
3.071749397275684
3.071360838383963
3.070667220326547
3.069645932604849
3.068120612257503
3.065676731705155
3.061645783674726
3.055194841520038
3.045502801332006
3.031968276650307
3.014396133306307
2.993128691655056
2.969096811823992
2.943761076463356
2.918910014481956
2.896303903100965
2.877214769412072
2.861996321036632
2.849862634651785
2.839063144807076
2.827626159053864
2.814579665411557
2.800903642762363
2.789010017801091
2.780856071340601
2.778942263246767
2.779970800900681
2.77990032961354
2.780116846266784
2.779809016802201
2.781742369997602
2.777625852625819
2.752920083473488
2.708436921324457
2.649660186921402
2.582327956562911
2.511952436633623
2.443369006733579
2.380404983254602
2.325719615816108
2.280815640276397
2.246183604652715
2.221522696577356
2.205983366848085
2.198390709068682
2.197426404827246
2.201764459021691
2.210166308431333
2.221542937743736
2.234989420703695
2.249795292931387
2.265433581217554
2.281532014429277
2.297831554588425
2.314139295097083
2.330283132011247
2.346073289763923
2.361272827470242
2.375578596731956
2.388615418372704
2.399946630612183
2.409102875921207
2.415630524041585
2.419162857533425
3.029330477130129
3.032327238592008
3.037904682608767
3.045673833067525
3.05485033308508
3.064187549675215
3.072058716002365
3.076689277712402
3.076452582284686
3.070138029312661
3.057152449899011
3.037652377348736
3.012601055947971
2.983719476988779
2.953284005305458
2.923736617793944
2.897134745511591
2.874578097687823
2.855876397674106
2.839768062040004
2.824780075004638
2.810291000394833
2.79692701185186
2.785851002171145
2.777794513569597
2.775803284219409
2.776732128023565
2.776649258908982
2.77685057130601
2.776502042357108
2.778590259146534
2.773980255881991
2.747374895771867
2.700897269326322
2.64077084336876
2.573139108359711
2.50352987927599
2.436460514868944
2.37524743883923
2.322016243215323
2.277859503802839
2.243071460628603
2.217396136685087
2.200244271815312
2.190854472098948
2.188392766138104
2.192001887972991
2.200821987816294
2.214002244988888
2.230711850865835
2.250150084560559
2.271553088881171
2.294197240080662
2.31740289971745
2.340543904675966
2.363062904807674
2.384483322964881
2.404405560807829
2.422483677573395
2.438392515072275
2.451802337163076
2.462373916127828
2.469778810235261
2.473747042105512
2.979767488155314
2.987160965751003
3.000827533618518
3.019777567463916
3.042266607224773
3.065836710471319
3.087624747818083
3.104806800045192
3.114987452912184
3.116452876551522
3.108315269288118
3.090594039534764
3.064246537064477
3.031131874516518
2.993872741835182
2.955564631668099
2.919288825298998
2.887461154283252
2.86121459414551
2.840176987599513
2.822936894708211
2.808047155937404
2.794875758774618
2.783648589196825
2.774841435278121
2.772528285052305
2.773470492836379
2.773402064372916
2.773622682204256
2.773279703577671
2.775457862464456
2.770436284781726
2.742527861322709
2.695244932692001
2.635260217918351
2.568743666355362
2.500828617171906
2.435366494755919
2.374963417794623
2.321204926905703
2.274951393814348
2.236611885399951
2.206348310470586
2.184198857437858
2.170128645586657
2.164021216771112
2.165630622088531
2.174524431711144
2.190048735092011
2.211327466821796
2.237288263373049
2.266703873498412
2.29824582198751
2.330557890779313
2.362355659154088
2.392537681733775
2.420272093686856
2.445023597370804
2.46651133662096
2.48461973443069
2.499302531822053
2.510515287781442
2.518189960592469
2.522248937912931
2.926492235320235
2.939591470226571
2.963620056650463
2.99653152644029
3.035022935944504
3.074922166674977
3.111910435290234
3.142171095114808
3.162743934523998
3.171651878415031
3.167930618922044
3.151614332154919
3.123685919924191
3.086013523752781
3.041297525548214
2.992998291937363
2.945124335293155
2.901711257958568
2.865923022707515
2.83902154510027
2.819846646189638
2.805498036372739
2.793156472180251
2.781733172507541
2.771805878219469
2.769122144498826
2.770134915429436
2.770146751470745
2.770437667108244
2.770179030544047
2.772334251294568
2.767039441149698
2.738912454391248
2.6929793987299
2.635736623112439
2.572643381608424
2.50775164546519
2.443775190476
2.382446494555374
2.324956463074306
2.27231630697698
2.22556407123417
2.185814641913951
2.154199747525694
2.131755848021442
2.11929777694306
2.117290268793576
2.125730381706274
2.144074638037735
2.171237114918286
2.205646025591038
2.245336167644955
2.28807353612039
2.331532730252816
2.373530989151102
2.412271066371379
2.446517238704514
2.475650722260521
2.499595922958234
2.51864949074802
2.533273615892354
2.543924119512291
2.550955350650889
2.554594264263114
2.874194891115037
2.894740825919932
2.931981597203178
2.98193176047782
3.0388061098982
3.096229236879449
3.148464444552229
3.191011588938915
3.220696017859312
3.235612114916202
3.235044181320413
3.219316578529408
3.189576529548766
3.147617100544787
3.095864349078796
3.037561584565895
2.977013272424652
2.919548545770591
2.870754664784402
2.834764064068152
2.8121717335252
2.799197945572921
2.789721543233294
2.779487180060114
2.768609554012178
2.765588352087688
2.766654126867818
2.766874173828759
2.767314970073132
2.767281145759581
2.769202118540182
2.763964194107718
2.73769361791827
2.696724323502592
2.646212150399486
2.589717859392071
2.529282718837531
2.466005040538257
2.400751924125994
2.334719979282974
2.269710665092798
2.208114739751012
2.152678350777245
2.106162396932695
2.071013051615274
2.049121459952823
2.041670704790366
2.049016462866198
2.07059259337436
2.104900651478942
2.149600143307089
2.201664126118459
2.257609017913644
2.313837714818132
2.36706313023115
2.414694906864511
2.455084601316129
2.487593011751924
2.512486870405621
2.530687745470671
2.543426322859109
2.551906895182853
2.557095061205134
2.559647555990129
2.829320309839808
2.859671514831085
2.913587537370774
2.983503682300745
3.060022307629923
3.134505449603928
3.20032172158249
3.252790124509558
3.288895090770336
3.30718512465913
3.307621911935257
3.291200780376929
3.259457155923157
3.214100198491417
3.156965896210362
3.090373330138766
3.017823232443888
2.944733567522016
2.878546988702832
2.827300243356645
2.796221707528189
2.783735049032452
2.780655355636902
2.775914353987067
2.765536297364235
2.761968614944408
2.762905420853811
2.763574680267789
2.764295500618159
2.764736362918178
2.766036491814436
2.761631074997787
2.741083807419606
2.710726990287832
2.672439188427049
2.626250080823559
2.571198934177134
2.506514373992345
2.432556975122007
2.351272350865995
2.266151375988758
2.181818601990436
2.103402545331427
2.035843186312896
1.983296134256505
1.948771748357191
1.934035215067054
1.939616248521738
1.964749407851231
2.007302051084256
2.06386008316669
2.129948422378437
2.200453728030856
2.270255852832579
2.334881042471685
2.390969462174864
2.436509958388225
2.470892497785545
2.494803126071361
2.509942131672814
2.518561293524824
2.522910404793526
2.524803683205231
2.525466677391981
2.801054909869086
2.844340404419127
2.91857104695984
3.009954985690232
3.104938671710627
3.193649878284911
3.26945682900713
3.327838031211548
3.366218294898531
3.3840852736188
3.382612006337995
3.363846702871641
3.329899616222131
3.282429579990822
3.22253933146152
3.151129252527095
3.069775237913689
2.982114349941159
2.895336824082121
2.820597008781949
2.770381304903171
2.751602764272164
2.757477962534214
2.767587678040706
2.763447807569364
2.758416293601837
2.75861016719079
2.760219190662064
2.761448593908297
2.762796169416736
2.762805691553924
2.760925049212165
2.752969821034243
2.741379890059313
2.721990707576366
2.689506550666139
2.639307070550582
2.569031944048653
2.479397239692283
2.374199253770616
2.25970584312862
2.143695100349925
2.034370063008126
1.939317261204679
1.864643576589226
1.814451848358102
1.790799196900421
1.794017499760825
1.822895878428944
1.874459095254448
1.943872899057303
2.024733925954359
2.109927405973483
2.192741081172192
2.267674647250681
2.330792490385857
2.379832695880264
2.41423477710672
2.435071640023108
2.444813227604909
2.446863236330161
2.444841524443792
2.441774281113818
2.439642554855134
2.80342593312675
2.863155419529142
2.959472355455687
3.069736300455514
3.178224015016862
3.275909034405533
3.3563575274946
3.414980553624712
3.450072324802844
3.46283201162694
3.456173005470185
3.433341151112967
3.396979870810435
3.348689706953914
3.288928934761502
3.217200373180984
3.132674814283638
3.035580472730446
2.929638239011939
2.825132040344673
2.740388446430215
2.696960086368439
2.704433487898953
2.741816047163772
2.760997189782478
2.755046720861118
2.753058096739661
2.756707179201262
2.7588877282751
2.76184842422294
2.759477927547978
2.763496893518278
2.779616888193206
2.79743765019793
2.803702936509672
2.786588250275468
2.738078457747107
2.655317398380015
2.540762906607324
2.401409978608345
2.247425734689481
2.09053655336467
1.94247865023013
1.813712225988763
1.712431768691175
1.643866449112666
1.610081836999175
1.610581822151802
1.643215856921825
1.703991618838488
1.786202322272277
1.880944383791618
1.978937420988942
2.07221144053196
2.154702879874244
2.222225654469185
2.27242544970137
2.304807925443583
2.320697922671933
2.323072862913735
2.316284615872242
2.305511417324968
2.295608130891972
2.289733294931179
2.859944670722544
2.936856067041951
3.049062032223804
3.168009883248706
3.281606615539681
3.38161448249193
3.459650708040685
3.510956546361907
3.536052710665153
3.538853310019719
3.524110020081171
3.495873661064029
3.456942630925634
3.408759557395795
3.351391705463937
3.283495019540831
3.20239433196712
3.104707252964385
2.988318270961041
2.856679279429279
2.725438717172175
2.627399516639778
2.603661665736759
2.665561820730011
2.742656786857707
2.750679076072439
2.744689611341603
2.75277427417771
2.756797419620148
2.762428149662325
2.756026146441776
2.771967475643854
2.829916793056238
2.889262928200834
2.925986156829567
2.92235229349542
2.868715139256495
2.763696957609452
2.613224678554781
2.428834385504253
2.225519505252552
2.019447117617587
1.825961316937874
1.658202283072063
1.526317561580534
1.436857366203982
1.392101946971888
1.390092352910215
1.426457800127741
1.495789058939688
1.588769105659286
1.693650505252459
1.799602961329415
1.898301692928607
1.983685626327191
2.051623035804277
2.099894163823463
2.128160885142973
2.137822869047866
2.131876106076105
2.114917225555927
2.093280260180675
2.074376133013009
2.063770313423515
3.013676601528898
3.092103318979796
3.193538471828989
3.303507966871913
3.41440054870855
3.509337186561193
3.575069032175275
3.609496894822791
3.617853604587771
3.606984871352695
3.582512344233788
3.548315839387912
3.506787789715689
3.459075830799176
3.405122332430873
3.343484966321447
3.270958773974054
3.182183193419953
3.069912409456673
2.927534114767387
2.756477396962717
2.580910273160842
2.464267832467098
2.493160124108181
2.663516780795792
2.740833476694256
2.732225372803723
2.748551042780185
2.755743721963792
2.765272310827342
2.752474524467226
2.78966753537509
2.914129787769166
3.026228448086441
3.093672883977529
3.096514882644677
3.026935529889413
2.887651646011929
2.689799563822238
2.450459361081578
2.189868776759889
1.928615011100445
1.685291642934932
1.475090446909258
1.309474833210677
1.196354124876238
1.139399252256029
1.135938661212822
1.176899848852712
1.252754986962787
1.350645406125998
1.457307782699694
1.562726688739351
1.65923915779703
1.74085660636855
1.803703370321936
1.846138305254625
1.868202841702599
1.871138346241352
1.857400209069254
1.830954593064918
1.797914518766243
1.767691282021954
1.750692131980385
3.345749273017093
3.350521601729993
3.382849375980563
3.471237646961783
3.576114653745374
3.653994092382832
3.692959214851198
3.700762018606369
3.688092436705744
3.662472684391065
3.628391958343637
3.588539211551169
3.544521658381645
3.497116718506007
3.446286651958821
3.391007943221222
3.32881035241324
3.254843368347768
3.160505921933766
3.03261679965997
2.855964035605183
2.625086423761577
2.377005247168694
2.252616464837367
2.491709862177464
2.717289743602104
2.718228955747163
2.745783547396799
2.757037651224152
2.77123938721975
2.748937757015943
2.819558205225717
3.03996875341905
3.211830234105344
3.303727318820158
3.300553054250229
3.201018761931257
3.014803141635276
2.759743714575855
2.458808627869764
2.136966255603799
1.818350367159357
1.524019293757435
1.270542139542699
1.069791214302496
0.9301288195925564
0.8576575529227649
0.8533726936962889
0.9036037987456782
0.9811111639754715
1.070847939013005
1.164671144130359
1.257574666357606
1.341958843443158
1.411079498284362
1.461750806003316
1.493675201905662
1.507515627220926
1.503921704166545
1.484189325119314
1.451532395706879
1.410950704739681
1.369306905207282
1.340463970911854
3.990409519587027
3.700840727465181
3.600148233916678
3.675465196757684
3.76254918225511
3.799211596060313
3.796140192666997
3.773057017836057
3.740330398371161
3.701995837146932
3.659920820738461
3.61532371750756
3.56901963770127
3.521417390920954
3.472500842427548
3.421765899286727
3.368009938196864
3.308649883553637
3.237931276489285
3.143925189047038
3.006934681188321
2.804215448673456
2.523201147632112
2.224697795536321
2.408863595514691
2.712369775592108
2.724404291130183
2.752750188628526
2.763855269752778
2.78123144382514
2.745718646082508
2.862361085234417
3.206072256046778
3.437600258845296
3.541197761014229
3.515457013155558
3.370734887987334
3.126647143139555
2.808938531992047
2.445865932656321
2.065191009077008
1.692386006219551
1.349599703534687
1.054620794936789
0.8198959460801543
0.6529379761916434
0.5597141644369074
0.5489354252708014
0.6198497603374808
0.6883981168768408
0.7460547106190503
0.807022531573414
0.8725719152110715
0.932059973324735
0.9776985365944109
1.008016601552294
1.024404195358147
1.027978360237352
1.018375159695551
0.9949920719057173
0.9607413694740538
0.9230645777136572
0.8813092086633928
0.8251305806645763
5.056205260839788
4.126577678786689
3.896599608246912
3.924232265698369
3.937737769786498
3.908706283183602
3.864219321718452
3.817558415435276
3.770851609421824
3.723717764966955
3.676038038739039
3.627972018212163
3.579677970241725
3.531221437993429
3.482570547827387
3.433605968757188
3.384157127401511
3.333956617475998
3.281886287502429
3.223562813195394
3.149820032342151
3.058608511101364
2.985212749837815
2.930514556503907
2.854079619527937
2.782825881291392
2.779678268973653
2.780687813262771
2.779585822285493
2.795289036010602
2.743000934503832
2.91386901382143
3.395910518845598
3.679112692041567
3.77752634555713
3.71132486798248
3.507658134594342
3.199441139384555
2.821138865566575
2.404358542154255
1.975990150465937
1.559056807437155
1.174438845396565
0.8412981772346855
0.5752093640414412
0.3852881174876278
0.2738011152770023
0.2435327528399999
0.3275787521613707
0.3761603150683637
0.3707344944772949
0.3791626295497446
0.3961980331399939
0.4124702032279675
0.4220267497152699
0.4246124178720764
0.4210151298906429
0.411547490047305
0.3954397800768771
0.3713437669126811
0.3412746465256184
0.3182592027920751
0.3066586040610116
0.2112545355173646
4.4940170780658
4.205564844049649
4.106389133246908
4.043416419581926
3.987188854510955
3.931862031771294
3.878692565460416
3.827424097502274
3.777325641041697
3.727845127398607
3.678691713188359
3.629719324908267
3.580845915428858
3.532020826313741
3.483214667542147
3.434418652859417
3.385659798322632
3.337027676834128
3.288658915934896
3.240533441538409
3.192345275898979
3.14448945309571
3.104984625857031
3.065751492115305
2.967126241778959
2.859925217726484
2.821788050488542
2.801842161267414
2.790983158049329
2.805771899640947
2.737600464454558
2.962972543131002
3.578071387944778
3.897927539482847
3.972605310638236
3.849102226461288
3.577253583534455
3.206900310470336
2.780559143161571
2.329307455073865
1.874217923710756
1.431248475380119
1.016595478229458
0.6499081845352541
0.3532275476368197
0.1455508281887211
0.0382783703835953
0.04208897974800475
0.1903847467717915
0.265514910430901
0.2414330405546838
0.2457331401788347
0.2453143435157062
0.2442788349607764
0.2404245699723407
0.233524947821636
0.2232263871394537
0.2092911013600025
0.191473383765254
0.1696199347990384
0.1438990816533156
0.1168161723528191
0.08888688082330996
0.06888082021148509
4.198641574882676
4.105436613938637
4.053880693050967
4.005926045009614
3.962238267956388
3.916672834918166
3.869655567238649
3.821897497135788
3.773811846263363
3.725534229512107
3.677119231920371
3.628599244302458
3.57999147056872
3.53129338178768
3.482477597728952
3.43348328182124
3.384199508006751
3.334425164307872
3.283787850035421
3.231626394844733
3.177200574036748
3.120216742489978
3.063705796790603
3.00691556240549
2.935678154962849
2.867239085853756
2.828853592883638
2.804851603281354
2.790977181807569
2.807242908557035
2.727503855102519
2.996542023025571
3.715786093407077
4.0497850516092
4.079570476557762
3.884109082058152
3.543513764250984
3.125643329647082
2.676181528731123
2.219692001976324
1.767033839905433
1.323817680180114
0.8980639470055652
0.5066793898608167
0.1787995144514551
-0.04787402143423887
-0.1382411775382017
-0.06798877072386836
0.1830516892704864
0.2986534407309071
0.2746630953627384
0.289063013290806
0.2945861063809579
0.2987278150331436
0.2989658322202084
0.2952062784791241
0.2871702173610713
0.274707134317022
0.2575753757746508
0.2355734364969101
0.2084522918912389
0.1770361886432819
0.1376044230733769
0.1117584400189348
4.123667448051102
4.083915545605874
4.051934269559291
4.008356073482284
3.964412711240916
3.918120259805701
3.870667114810264
3.82263174168899
3.774338628217749
3.725906261132008
3.677385193895451
3.628800074321496
3.580163202006518
3.531476426482049
3.482730879038299
3.433904466925023
3.384954980933016
3.335802232611296
3.286298407498462
3.236158357640862
3.185042129891989
3.132329640498901
3.078040775526905
3.017972647782199
2.943337698049965
2.870522831449417
2.824965399572967
2.796060722904268
2.780023276884339
2.797877534343261
2.7123484796291
3.003960179912368
3.780802558607004
4.093774483362314
4.048946162547973
3.771831767035019
3.377887546348536
2.943844142089388
2.507120708204421
2.079773018890616
1.661585501332539
1.248465633636171
0.8388144959800903
0.4413092079076156
0.08483120670418885
-0.1753995953176072
-0.2694292451201606
-0.1493591226790673
0.1778366412166697
0.2931364248124278
0.2596781039165832
0.2761507397899288
0.2811758078784862
0.284712645549288
0.2841454579665349
0.2797071598818175
0.2712198762727836
0.2585881409417142
0.24157639080623
0.2199148170232471
0.193056829232668
0.1615627815220571
0.1212714037343217
0.1044400582345881
4.123660936933558
4.083918970450813
4.051945645489708
4.008372869734456
3.964432775146531
3.918143952657544
3.870696214681754
3.822669271897891
3.774388951068648
3.725975465035198
3.677481884211756
3.628936776418204
3.580358827262609
3.531760758762891
3.483150811677934
3.434534229294808
3.385911006188302
3.337267801415448
3.288569939152933
3.23974187323539
3.190805926908459
3.141278607428656
3.090372139304578
3.028066442781329
2.940655577644422
2.852363910352995
2.802049485783239
2.770401988640252
2.755022916223636
2.775907018338992
2.692670249626901
2.988538816989537
3.76612621938305
3.991313113543513
3.830342542625521
3.480211761945313
3.074178892523663
2.670973558544826
2.286388952208155
1.919287170237806
1.562885119295925
1.208333024165387
0.846960325606759
0.4753310842590851
0.1072392065565192
-0.2062655299471031
-0.3644811995053913
-0.2542191310643804
0.1495648019785214
0.290574295169156
0.2528219604103272
0.2754277782147493
0.2827748094323785
0.2875877422891553
0.2875393993030331
0.2833673875831492
0.2751492380090745
0.2629237628343193
0.2464597010591296
0.2253437192540245
0.1986175414115144
0.1662562581024374
0.1233834527311155
0.1021520067241304
4.198439255838351
4.105267722737572
4.053727284358091
4.00580892943183
3.96215783034706
3.916625985846201
3.869633927916831
3.821886581849397
3.773790870738675
3.725477422958937
3.67699906586528
3.628393131714037
3.579692212761092
3.530926628492402
3.482129522544516
3.433343749047285
3.384630806911236
3.336081987205919
3.287857227555935
3.240291682719675
3.194270435034496
3.150218206201027
3.107795570648114
3.043448318496498
2.92674083490827
2.803853609732356
2.753911906605385
2.723593273207388
2.713445782374407
2.740847122866279
2.674331942048865
2.996883548758546
3.674126324261053
3.684620311695529
3.383663249895748
3.016139463124411
2.665722643000056
2.34209140386625
2.039513457739855
1.752119862625736
1.473757120036203
1.196623564845351
0.9107742213893036
0.6043130442102516
0.2675659530877401
-0.0873350913398773
-0.3774623050678661
-0.4025420536663162
0.05529184909626146
0.2788005923065244
0.2434161636391963
0.2751600011181198
0.2860256683286643
0.2921018579036543
0.2922900961219839
0.2881181581029846
0.2800699753844592
0.2683732843952008
0.2528095210915385
0.2327715104120759
0.206790261059342
0.1740207306221276
0.1287183911660401
0.09606589030556159
4.494595595122169
4.206218219442314
4.106985527214345
4.043930382730021
3.987611297834261
3.932207896539973
3.879003173938244
3.827769841056462
3.777808252010384
3.728599023795622
3.679884377735472
3.631551294273157
3.583552743743222
3.535878878997207
3.488554100308496
3.441645568135426
3.395278033945422
3.349634126137289
3.304920312415007
3.261372443607364
3.220258767547693
3.186134895263329
3.173844672641899
3.140367594690864
2.997951181180464
2.751802211564152
2.691537655522862
2.659816244656294
2.656189924522646
2.693068043514103
2.676310405561558
3.103310639862453
3.414624850810586
3.085392740112674
2.732783812477102
2.461273734938307
2.229038248640153
2.009449170512552
1.797944874929385
1.594522955130457
1.397168443746609
1.201645696387119
1.001646547087207
0.7869084245771711
0.5380187704868544
0.2223136681064662
-0.1740839489232106
-0.4906145550841957
-0.1479682742009853
0.2458017528959324
0.2377959281273129
0.2809104405360948
0.2959166739535846
0.302464128213876
0.3021195089150223
0.2974609717016803
0.2894908278928056
0.2786980461036009
0.2649868056565774
0.2477648583559382
0.2252744522953786
0.1960263890358639
0.150087925230141
0.08879516485069701
5.05459281637737
4.125338798925208
3.895649857406367
3.923489657202356
3.937170169521335
3.908284339913806
3.863883497909745
3.817203890921058
3.770321201539524
3.72280025673333
3.674473075838191
3.625463271544568
3.575916631866802
3.525926660339904
3.475559045078032
3.424896066401191
3.374058432768586
3.323064605790756
3.271462771685898
3.219238782190687
3.175410287551525
3.177900108574839
3.277241423674127
3.288613304068511
2.696105022641641
2.506342150380949
2.543706280344878
2.551224869866521
2.56569851761037
2.608004058140843
2.661687758817622
3.103869162429709
2.677749472259882
2.215941157289537
2.063020567344481
1.971517081990688
1.856321170952518
1.725716248251734
1.593715876162136
1.464709098355669
1.338553758157452
1.213988738420698
1.089071409850116
0.960273957731719
0.8202890371746304
0.6464946050635583
0.3625331078545067
-0.1333876386594659
-0.2445543981839939
0.2250842479033356
0.261552072677117
0.3029565160958188
0.3162471460961174
0.3195226807669218
0.3164683169597506
0.3100890559870862
0.3015806399377959
0.2914171963512682
0.279453394375631
0.2646934977832983
0.2440851576729974
0.2126034373198439
0.1416315693390078
0.02814948818313513
3.975687338532218
3.687290870347892
3.588528597059616
3.666207386422648
3.75580660842954
3.794803479669169
3.793448286789596
3.770938469601698
3.73706934810163
3.695306779875328
3.647014521539923
3.593038341075122
3.534007433373061
3.470368107517363
3.402381201022924
3.330069982257868
3.253115489387393
3.170847591907906
3.083092557446181
2.993631327204631
2.915052096029755
2.854203508753143
2.731235130849122
2.316827957335676
1.923045931618676
2.336367425385863
2.384497590990908
2.425152255791554
2.435767765063098
2.435851975188347
2.467972201054976
2.243596592965035
1.602694804210894
1.611456078217282
1.706215793013118
1.687825534140269
1.617971372913883
1.539292170193432
1.461175440004841
1.383425189774959
1.305737859838286
1.228510803498758
1.151995430852925
1.075098635641174
0.9975295562767126
0.9347933594751793
0.9306943538487986
0.8955747637083995
0.5008981057778024
0.3392658515389868
0.3651712647717481
0.3622985450320924
0.354387301305492
0.3454562943475046
0.3356216506913239
0.3257445996358376
0.3163065429686482
0.3078038936509341
0.3009280511858287
0.2970531650247875
0.2987087118587429
0.313450861422877
0.3469582219899716
0.5166679881962924
3.304978166464937
3.312657318912946
3.350152860451221
3.445326365105142
3.557767344332365
3.64295328726698
3.687714107445368
3.698358867316785
3.68403047783851
3.650735843143887
3.601649832427569
3.538521929677803
3.462533803571529
3.374615120823665
3.275429024980299
3.165141826950109
3.043127323493561
2.907949593836111
2.757985911953952
2.591685947846259
2.402566589581842
2.165118432362059
1.844774513546324
1.554350585362636
1.911735755119808
2.333331188836016
2.306113964253988
2.338069596890319
2.325862756887239
2.280576903287086
2.203051094678222
1.921148055136932
1.749278838049434
1.703712177828689
1.677965406523215
1.625523539697389
1.564406998785726
1.500199198472856
1.434473606267296
1.367719515912573
1.300436473964032
1.233180698352011
1.166547959188312
1.101095388519222
1.037743496107209
0.9794271266710237
0.9392834848932836
0.8926088815328037
0.7618451712530714
0.5366414554995569
0.4708369774098529
0.4242935325008084
0.3942397387785256
0.3722024331267374
0.3548092382051596
0.3407349919693357
0.329456409015851
0.3209738418908407
0.3156587743991474
0.3145338710047802
0.3193938753339799
0.334985996287726
0.3670982057071318
0.4462256556623125
2.935476718343632
3.0194004470014
3.130739114510391
3.25395956330969
3.379921494939039
3.489779554888981
3.567909648885709
3.609504324169842
3.61691400132311
3.59417114575631
3.544454771224324
3.469886304047668
3.372050060725048
3.252390471809238
3.112253610111043
2.952582163482897
2.773379862141681
2.573092172421916
2.347858708411985
2.090561907360457
1.792596080421102
1.462643238713402
1.189032241116213
1.23201740802186
1.988825308858369
2.342531216839268
2.263042351231927
2.285819586455535
2.265392831795066
2.220455243188861
2.152661865428487
2.005565602895418
1.865011935608781
1.782232758792104
1.721160060767632
1.656456877285808
1.588528575434365
1.51830725559855
1.446975385792189
1.375079028079328
1.302951535872877
1.23083412529765
1.158903445716341
1.08724015921328
1.01600826834883
0.945201073177091
0.8763654990170836
0.7977585680372663
0.6881039757154723
0.5681070129037
0.5066375551768393
0.4565810338934368
0.4199475899696508
0.3916218558330557
0.3695198723480119
0.3524010120713792
0.3396317681352755
0.3310058310754582
0.3266955398356456
0.3273671282373856
0.3341150012850626
0.3491583362039679
0.3745309233250741
0.4142151246643757
2.734640845314476
2.82038215507016
2.94857317778304
3.089091059152984
3.227516751015281
3.352560349411217
3.45212789112364
3.517240079659603
3.543947666168805
3.531808443130934
3.481763662002665
3.395053908010949
3.27308558984227
3.117635108009395
2.930934552309458
2.715423113212232
2.473114100035506
2.204709168052049
1.909160289418108
1.58626120277562
1.248671804020105
0.9512387292174885
0.8299768198501148
1.103783595283883
1.992058723410374
2.335334547098689
2.235575090010276
2.251376024633909
2.223730298276156
2.175736579850544
2.105999958880636
1.996667699581526
1.88739428115384
1.803697401032181
1.731571642754936
1.66036244577026
1.589158912841359
1.517638264938066
1.445955683572926
1.374171103875701
1.302340895299809
1.230512639107838
1.158711652872559
1.086898053644505
1.015024950160992
0.9427595800142049
0.8700704773567977
0.7916474861435594
0.699245318754526
0.6039249510383462
0.5367760675158444
0.4813006964197417
0.4385340416874672
0.4050465241647528
0.3791211911472215
0.3594820271315567
0.3453316486766075
0.3362398850039781
0.3320886695586121
0.3330830814935988
0.3396345984823046
0.3524955819911355
0.3722877902870021
0.3995173491205419
2.623303617304374
2.69584647901425
2.815434214036751
2.95728114918773
3.10244172246103
3.237615099699709
3.35116155103582
3.432609561633884
3.474077911264086
3.470773169587202
3.42032817302395
3.321976073067717
3.176165743222998
2.984598557097657
2.750401294787001
2.478169010350928
2.17379075612853
1.844402129322576
1.499732383534073
1.157394000286212
0.854565853659673
0.6633222245206947
0.6964891680782209
1.091269346752251
1.990670091855049
2.330326629790406
2.225634398500795
2.236630755735032
2.205762869593166
2.158199796345485
2.091490657053227
2.001295530632863
1.907308247642274
1.822993812384802
1.744793820390156
1.668901398832825
1.594473745313395
1.520844728648974
1.447752053328778
1.374974738629508
1.302352639692995
1.229742662473792
1.156999735798638
1.083936038977314
1.010345784277704
0.935843959929663
0.8602131517500833
0.7816074119319202
0.6979186466069426
0.6153077999312189
0.5484579915201895
0.4918374676702851
0.4463008886284903
0.4100279488461179
0.3818372533531688
0.3606413358577275
0.3456300967936861
0.3362436225660567
0.3321360038283933
0.3331266623356989
0.3390556505775878
0.3496963540722018
0.3645247604114965
0.3828461421323263
2.560802131364559
2.621477382892853
2.72738546570537
2.86196039450485
3.007400971160101
3.148173699479813
3.270812187594843
3.363202003161782
3.414934348701819
3.417971160658826
3.366825591573797
3.258334992319385
3.09146706839739
2.867431621394779
2.590113403996006
2.266729503129733
1.908696515947796
1.532983230257338
1.164573636285703
0.840374019231261
0.6128397339062214
0.5483562864630834
0.7168443006249978
1.182719424906971
2.021090015970112
2.332825581783801
2.232463939429942
2.238559882494663
2.205536743849106
2.157360374998009
2.091496261751758
2.008895271210775
1.920737273239855
1.835493989982132
1.753775929122033
1.674760633298091
1.597990345351119
1.522802951476835
1.448721382385452
1.37532117228742
1.302254945276777
1.229221501260789
1.155938995671841
1.082109077322749
1.007434198726817
0.9315623527443501
0.8543476336976265
0.7754124966167948
0.6950288958768558
0.6172984069328316
0.5500597165109005
0.4923068067126782
0.4449155627793897
0.406940252366838
0.3774644105264584
0.3554930398205119
0.3401803910047588
0.330863939293175
0.3270348639699733
0.3282473515031648
0.333938930884837
0.343254644065268
0.3547666991446025
0.3670518340150049
2.526698618796166
2.57959562439983
2.674740451082075
2.801043176825379
2.943600295647761
3.086490425666157
3.214510864214112
3.313763000258856
3.371985913624117
3.378991660554591
3.327015324193848
3.210867273860172
3.028050396366562
2.779121658875905
2.468527596530503
2.106035530741758
1.708759122088132
1.303573833512267
0.9292588153024601
0.6368076177667857
0.4853360536009742
0.5314045064553401
0.8134415755382924
1.339676764492349
2.093964756947376
2.351074741779889
2.258493171182662
2.25846586543232
2.224147425691462
2.174079512923646
2.106091327966777
2.023228704133693
1.93394066819839
1.845443888781222
1.760174015327976
1.678459589188914
1.599886066955425
1.523649489350416
1.44901790133466
1.375354415137925
1.302149065406435
1.228972370606022
1.155424598590321
1.081089386080856
1.005537363810278
0.928341188383307
0.8493250945894897
0.7686634658750611
0.6876213338226261
0.6098914600600103
0.5409485553127809
0.4817190423525223
0.4330587203621971
0.3943291500264681
0.3645860526659543
0.3427551821816537
0.3278965464142025
0.3192763955593748
0.3163293010542469
0.3185173498763875
0.3250760436155864
0.3347231022375647
0.3451543036742847
0.3538324689419568
2.510957400913629
2.559863999837189
2.649231195855182
2.770420524972515
2.910474540696538
3.053808020417526
3.184361306111529
3.287077871258257
3.348587487652491
3.35755794928555
3.304999465560924
3.184548017568364
2.992781226784177
2.729792501479212
2.400348078199978
2.01587934846959
1.597259443988214
1.177685355924092
0.8040611558441856
0.5345484854835777
0.4304664647248366
0.5430693533950436
0.897958418746867
1.477413104824075
2.192716841106112
2.391260985749618
2.298591208223595
2.295081338217451
2.259974028127822
2.206740681298974
2.133407036126294
2.044180636600791
1.948187883206868
1.853630280255724
1.763967027730082
1.67962101439493
1.599728119270221
1.523023333836625
1.448384790719227
1.374929858752416
1.30199813845731
1.22905970256382
1.155616547183723
1.081118337054301
1.004935828660122
0.9263947766547258
0.8450519023978302
0.7610858619520821
0.6762588597066689
0.5948785449130423
0.522525049742121
0.461115920710967
0.4114264732070683
0.3726598852271191
0.3435365253116217
0.3226987028687557
0.3090315801316778
0.3017569459935803
0.3003733193301804
0.3044523707250921
0.3132746407736313
0.3253629343642931
0.3376815757013098
0.3460152287014284
)
;

boundaryField
{
    inletLower
    {
        type            zeroGradient;
    }
    inletUpper
    {
        type            zeroGradient;
    }
    outletLower
    {
        type            fixedValue;
        value           uniform 0;
    }
    outletUpper
    {
        type            fixedValue;
        value           uniform 0;
    }
    sideWalls
    {
        type            zeroGradient;
    }
    topBottomWalls
    {
        type            zeroGradient;
    }
    frontAndBack
    {
        type            symmetry;
    }
}


// ************************************************************************* //
