/*--------------------------------*- C++ -*----------------------------------*\
| =========                 |                                                 |
| \\      /  F ield         | OpenFOAM: The Open Source CFD Toolbox           |
|  \\    /   O peration     | Version:  2506                                  |
|   \\  /    A nd           | Website:  www.openfoam.com                      |
|    \\/     M anipulation  |                                                 |
\*---------------------------------------------------------------------------*/
FoamFile
{
    version     2.0;
    format      ascii;
    arch        "LSB;label=32;scalar=64";
    class       volScalarField;
    location    "5000";
    object      p;
}
// * * * * * * * * * * * * * * * * * * * * * * * * * * * * * * * * * * * * * //

dimensions      [0 2 -2 0 0 0 0];

internalField   nonuniform List<scalar> 
4096
(
4.364263844288398
4.415268744947395
4.509470078864001
4.639893539927368
4.795998320658128
4.965246218759981
5.135120184264499
5.29444195913985
5.433830163759122
5.545723853568179
5.624232039172063
5.664815173025202
5.663814569631247
5.617983676156003
5.524240570855859
5.379807741142902
5.182783494543807
4.933051335825596
4.633310237164325
4.289929210230691
3.91332996710758
3.517702085621226
3.120028244973104
2.73856697568547
2.391037782935535
2.092783412055977
1.855213640326926
1.684874213325744
1.583394166768735
1.548203828406831
1.573481835269633
1.650793613515502
1.769423234013408
1.916784498223962
2.079085014870308
2.242126293376041
2.392287213298863
2.517914340245389
2.610915430542688
2.667926502896496
2.690556009188437
2.684682544502828
2.659158353188884
2.62437879924605
2.59106980949075
2.569419287683844
2.568449350252203
2.595449413401558
2.655430772485047
2.750719439323989
2.88075409108444
3.042090214523659
3.228675070019166
3.432502352890052
3.644613466927144
3.856201011847452
4.059512777504467
4.248359776966986
4.418171723131771
4.565660893325315
4.688276573739714
4.78373760611227
4.849895324612222
4.884972816741729
4.387665878449243
4.4426637363133
4.54256817110589
4.677849877310651
4.835844015924597
5.003449774180663
5.168772708528335
5.321569205382336
5.453348209781936
5.557464502215965
5.629011075325128
5.664388895786728
5.660696442146626
5.615189183351008
5.525009054775137
5.387288989556332
5.1996538937175
4.96106242819229
4.672847556247466
4.339723671033984
3.970469848732516
3.578022477274856
3.178841699491415
2.791612778850772
2.43549949865795
2.128198178977103
1.883995280611919
1.712068580609792
1.615448620693883
1.5910995075613
1.631102929469978
1.724211234633489
1.857032807729055
2.014848026542915
2.182345715534897
2.344243590344988
2.486418659774063
2.597687984721093
2.671444008369978
2.706380561107825
2.706174592640461
2.67842904975116
2.633267855074651
2.581903223069146
2.53542026393959
2.503938653653849
2.496139233250146
2.518921573132369
2.576944808264102
2.672126466381498
2.803351334897033
2.966434173349703
3.154491900283803
3.358796083879238
3.569898749136788
3.778710006527039
3.977328107516108
4.159550528427134
4.321033908396174
4.459088186296434
4.572152631680866
4.659145397900065
4.719045653151063
4.750943897447262
4.435671014261771
4.498438076624452
4.609001673870086
4.752124503940353
4.911883551752546
5.075151277151615
5.231365934519011
5.371684667152477
5.489081186339925
5.578652140514057
5.637352744638431
5.663238886316195
5.6546558125815
5.609667750905186
5.525804869442173
5.400115347522339
5.229519357279329
5.011482980387116
4.745006551393276
4.431831661573649
4.077630431934353
3.692818431040637
3.292634791685117
2.896319952357262
2.525499374726249
2.202023748168205
1.945410034536254
1.7699280748255
1.681755498336835
1.67745435686315
1.745123424801689
1.867827699025475
2.026940285207384
2.203797547822815
2.380163371015392
2.538497485986313
2.663907413435783
2.746670188295495
2.783445041641501
2.776856876436375
2.734197409020252
2.665935027479454
2.584297597899474
2.501941066551854
2.430730961256751
2.380824122320516
2.360292698936536
2.375194046918836
2.429460745362757
2.524235371558271
2.657294225176914
2.822948994821324
3.01277133368887
3.2168836532264
3.425183063429598
3.628223673676005
3.817874865546163
3.987858074078114
4.134101781540163
4.254797766356051
4.350045451120493
4.421009370923386
4.468826742653246
4.493987998547515
4.51694442463275
4.591644187100418
4.715861394749108
4.865733887287674
5.023645513062776
5.178166930454818
5.320081379769646
5.441711983793841
5.538046225406524
5.606881677172803
5.647773376354986
5.660772778021643
5.64557689653966
5.601120975341413
5.52543298426941
5.415623593397151
5.268012696867989
5.078499415765393
4.843332308155946
4.560392032993072
4.230920061614612
3.861333070466194
3.464496021336262
3.059820197376453
2.671917582113813
2.328031131689032
2.054606466577328
1.873095202553984
1.795066361911242
1.817960889727347
1.924745944987703
2.089583889172923
2.285612168539917
2.48855999943569
2.675197037345748
2.824213826431096
2.920662919505971
2.958603728570768
2.940329435430603
2.873990454280246
2.771339171882562
2.646125425774084
2.512961555270736
2.386310544815754
2.279352960734684
2.202791015293315
2.164109254286717
2.167894754991585
2.216669985987151
2.31039389621392
2.444968840243676
2.61227615440633
2.801869233577611
3.002842388626563
3.204751355013401
3.397978205393779
3.574176844596431
3.726899257635789
3.852187775394431
3.948958627518229
4.019066029831554
4.066706417359714
4.096637518360228
4.111902127408875
4.65004317823005
4.738238722537594
4.871273422396164
5.01924654444836
5.168409288790329
5.308856152482732
5.430473961460376
5.526558765214186
5.595422185818615
5.638585219214269
5.658367329034832
5.656495385857594
5.633668588237241
5.589528327671371
5.522661805141721
5.430515408414379
5.309254032270605
5.153722093319714
4.957776692918102
4.715332078499809
4.422365187947986
4.079766834105508
3.696303374388124
3.290401376455643
2.889540269456552
2.526979724273131
2.236709314405096
2.047825089233514
1.978674071762687
2.03047071351726
2.183002864660328
2.399572275669322
2.641143513879646
2.87532900854783
3.069294544841917
3.197230339225581
3.247713713722458
3.222567496999448
3.13193081660053
2.990111221514787
2.813209623369267
2.617940758213243
2.42100688866077
2.238592482432177
2.085599596193333
1.974282470731054
1.912471948986696
1.90285478154324
1.944905045652539
2.036557428876358
2.170519352120416
2.335408037278587
2.519164100296018
2.710802763548819
2.900219575278882
3.077969754159356
3.235663629768886
3.366680468789967
3.466931188340644
3.535533696821779
3.575379793961798
3.593500464742843
3.599843804509228
3.602329754846606
4.873411766346064
4.960639853115842
5.077387811905024
5.207299269720842
5.341461324930502
5.462205519697845
5.555535542444685
5.618349712937905
5.654580536278571
5.669574325559126
5.667394019331748
5.650433444994904
5.619776746085547
5.575510044079499
5.516794936764709
5.441707229789423
5.346885981401592
5.227105691071087
5.075034838055902
4.881654106211836
4.637953115704659
4.338348410985363
3.98547427690977
3.594620293007987
3.194999744480894
2.825806235730789
2.528027124767044
2.33590243500106
2.271828235588573
2.343184277982637
2.53553334325213
2.806884981927854
3.102155785551354
3.369882177952986
3.559346966520351
3.645648789485102
3.628962853512505
3.522710230066781
3.345219292811434
3.116104674931596
2.854935240235279
2.580693479946984
2.311548694260465
2.064813856942342
1.856869098391486
1.702419387126581
1.612031261827998
1.588099447936874
1.624115547891241
1.712192052678073
1.83983478443792
1.993139340559071
2.160845319599089
2.333278963269537
2.501095126550569
2.655434641763324
2.788414069478788
2.89350420457887
2.966263425416575
3.005462470379787
3.014024727559069
2.999943529062846
2.977652942119223
2.963882488941326
5.264026872679638
5.276862381539529
5.320361397134581
5.420818967424713
5.538393983455312
5.629846670001071
5.683245543620886
5.705947120571447
5.707982918551422
5.696084670614645
5.67391982258044
5.643407135897951
5.605505418945054
5.560514388837193
5.50810483185767
5.447141513541486
5.375280306831125
5.288342973846111
5.179602949002165
5.039391162663476
4.85582997135163
4.617775489355028
4.320598648203397
3.973573030891987
3.604607535936299
3.256834093649861
2.97618990449713
2.796893893997594
2.73593105323527
2.801591070120809
3.001190711734867
3.314903297909406
3.678682647272593
3.971923753445128
4.128746948108637
4.145107126073604
4.040638499984501
3.839496358650803
3.565698380933529
3.242426199839319
2.891719694302936
2.534188426748839
2.188898138635788
1.87352836735954
1.604848352175087
1.39933334459461
1.272526745924551
1.233081796890966
1.269374956150977
1.350750363143987
1.45936422237342
1.585048604675167
1.722048058892877
1.861919147012837
1.995598422269823
2.115595060491999
2.215732013147101
2.290240318306254
2.334148593251427
2.345395541620641
2.327022486608288
2.286568309143623
2.235570721724448
2.197019554324358
5.953390477215949
5.672418956000601
5.578939603943678
5.659488056859914
5.751097037386707
5.792455983893346
5.79445747160709
5.776675179434806
5.749216077472265
5.715828025427165
5.67809332368741
5.636974285293159
5.5930927813773
5.546759109558922
5.497963588870339
5.446273203041592
5.390553900205571
5.328450888192881
5.255607650414737
5.164796664524945
5.045583466690388
4.885765023601594
4.676034775017164
4.418086698904694
4.132613951974472
3.858890867105194
3.64045899339213
3.505212731625825
3.454095202174751
3.478718086498723
3.612025460487307
3.923626130774008
4.380350280986251
4.655723452367547
4.73616587484306
4.658267133679226
4.454207684298902
4.152114276471045
3.778802595543842
3.35990603828395
2.919309802955045
2.478799356165607
2.058032923039565
1.674751584445806
1.345226075942676
1.085283050470813
0.9126554427999419
0.8487868594943617
0.9006060947181621
0.9674105175411062
1.03327366725024
1.109509621918133
1.197965878840352
1.288270687861279
1.371356796220414
1.442701372042509
1.499218758117434
1.53693551124156
1.550790080758101
1.537302074676846
1.500326430980057
1.451947165120218
1.392234337702853
1.306662303921966
7.051795637392272
6.125609849483588
5.897912440123608
5.926261273807755
5.940003237163292
5.911259612191193
5.867178727505311
5.820979433611323
5.774744419743016
5.728067281599625
5.68081032019774
5.633118562474376
5.585146113893513
5.536975119286771
5.488619795260335
5.44001312981368
5.390942229208132
5.340902725942462
5.288837805730249
5.232781339371574
5.169614046963036
5.095396303411102
5.006710999087129
4.902916015717031
4.789567448417365
4.681588737902669
4.59637345702018
4.543010973540767
4.509485599377661
4.473908455292036
4.443650496521671
4.689199934502723
5.161844719053805
5.33359634828183
5.31646715412155
5.143057117073966
4.840940983980971
4.440130980870593
3.97055393004899
3.460198738158579
2.934392210666845
2.415737896978903
1.924395226962222
1.478485811877273
1.094478223582193
0.7874486045104299
0.5716028310633202
0.4656218980139128
0.5254778462155634
0.5703747400053801
0.5621071405709701
0.5684299226485513
0.5852946495699658
0.6032174166915883
0.6156128118971365
0.6215375074912484
0.6206232438901467
0.6116632583673501
0.5922011524870665
0.5595200203028063
0.5166815927494042
0.4838737736239149
0.4675460585840655
0.3227102872189589
6.499764634658431
6.210230370475103
6.111129262664716
6.047917980153532
5.991439878621197
5.935865606255424
5.882457453254845
5.830957305159806
5.780641881228943
5.730971065105694
5.681667137033687
5.632595683715806
5.583683641174381
5.534884770605615
5.486168027250584
5.437512389202279
5.388905721153975
5.340345617551201
5.291840399007196
5.243405635787786
5.195069361756401
5.146847943082724
5.09877267130038
5.050666302380023
5.002270179435078
4.95768988974413
4.921158127198713
4.893153798718165
4.869996900632293
4.866112664657079
4.777296889083104
5.062206304521338
5.664368412746032
5.867208365588183
5.808413594291429
5.560836146425459
5.172657912047901
4.683410789243736
4.1277612382215
3.536085008058031
2.934864953865821
2.347340387628063
1.794282533339355
1.294777984475334
0.8670123474878052
0.5293822371714092
0.3033960213968922
0.2221905243212148
0.3493348470444725
0.4295582016661849
0.4025305958193541
0.40159338944266
0.394767053852669
0.3863255174984832
0.3742675438385611
0.3584507306843925
0.3385190207345685
0.3141391579844026
0.2849129776810408
0.2505572797158334
0.211282244942577
0.1708774365853636
0.1298612780629417
0.1014100712837499
6.201392481922691
6.108136006655367
6.05684340190753
6.009019598067665
5.965435323192438
5.919963594765273
5.873049766196369
5.825405537888392
5.777441222083382
5.729288740067256
5.680999459392568
5.632603442184848
5.584117451326068
5.535541175693993
5.486851598399031
5.437992779533456
5.388855275832807
5.339243585262916
5.288835000838569
5.237133540629922
5.183480782580574
5.127014728801079
5.066910900303844
5.002257796854074
4.932615280302236
4.867218375701126
4.815640819181244
4.7786868383539
4.75395655853652
4.765672696493821
4.676193498392705
5.055093500824678
5.879588714703829
6.196991122195091
6.15503371453274
5.869592016418816
5.420153812703078
4.862511655650227
4.238585971240227
3.581778190997645
2.91988426038882
2.276976380178336
1.674881573882038
1.134582741135836
0.6779171226939892
0.3302654175604983
0.1251553915521547
0.1099900305370691
0.343727603741382
0.4719330997225122
0.4469983107980368
0.4572673495633846
0.4582871248115287
0.4575818613317302
0.4529243184513999
0.4439779774071357
0.4300605216551212
0.4105094037841024
0.3845722103888075
0.3516794979852286
0.3113338905630529
0.264805050788149
0.2063593249009452
0.1686812427683574
6.126934468156973
6.087127708100611
6.05525127369293
6.011713350628647
5.967803408279087
5.921540838241438
5.874123575075012
5.826131474881185
5.777889512271401
5.729516162348071
5.681061991336147
5.632551826246673
5.583998485097373
5.535405380938522
5.48676637730548
5.43806348886978
5.389259059790212
5.340281011722816
5.291003243892034
5.241205135861592
5.190578475407631
5.138410074427791
5.083511874314741
5.022269904815716
4.949063146433164
4.879335029483032
4.828688712645523
4.792056862049142
4.766862594158295
4.778847251583684
4.672819667387482
5.019186366344512
5.929899317877382
6.327592939341705
6.323154911080839
6.034829480374818
5.557730310530273
4.960766874601439
4.293504117898925
3.593197089577646
2.889676740699488
2.208528421410202
1.573397639846148
1.008086898752014
0.5389472627802282
0.1977475193802755
0.02394666724280837
0.06217997771602762
0.3479138752614627
0.4671883831131978
0.4335269982276099
0.442668239620182
0.4412912256582208
0.4384218813304229
0.4317828852391846
0.4212058973893162
0.4060487969167563
0.3856988863152612
0.3594298110467134
0.3265977686872435
0.2862904996018219
0.2394497636653473
0.179839849319731
0.1565304556926466
6.126961223434717
6.087184109589814
6.055255176805968
6.011714021222951
5.967808812347892
5.921555375691856
5.874146862703046
5.826163048844232
5.777929359770864
5.72956510408752
5.681122298249193
5.632628504213101
5.584101257446477
5.535553457069286
5.486995388142983
5.438438382902415
5.38989455369706
5.341370766760879
5.292864097096532
5.244356152237987
5.195931036111944
5.147243350758962
5.097012130657252
5.035572580164589
4.945068917884117
4.857325908052895
4.803510973281862
4.764640579271152
4.739654223397229
4.752486866946146
4.648123767646454
4.982480729275379
5.88400842376593
6.295028580608087
6.315112935452349
6.044521464891748
5.572055552984978
4.968341278355131
4.286842293472404
3.568281539702422
2.845175135870525
2.145439946929976
1.495218966140119
0.9213246713345701
0.4534554398935568
0.125671321549714
-0.02438896875064078
0.03976944626925617
0.346760479833327
0.4694671526584812
0.4340542102440897
0.4441442500381605
0.4429168923674684
0.4403201069338041
0.4340627539876089
0.4240735484859759
0.4097119011048787
0.3903311922610053
0.3650933645953895
0.3331020664057978
0.2928692918378032
0.2445599086714213
0.1811598403232945
0.1515622940960153
6.201668525574013
6.108467125684627
6.056921712576516
6.009013468578654
5.965383617024478
5.919884232736191
5.872939845115434
5.825258365259129
5.777249638291876
5.729046643214064
5.680703934004179
5.632258935970666
5.583743614561013
5.535188022017111
5.486627922171611
5.438117358911007
5.389742246247186
5.341632155601267
5.294000142842769
5.247277054838044
5.202566520204789
5.160852809739847
5.12185029575409
5.061994466221539
4.935747752970338
4.812874897296871
4.76111640552224
4.722670745141422
4.700510988697783
4.713427765730826
4.618244373021358
4.926383225745366
5.748321114858796
6.127609299211346
6.155553017494823
5.911612351658517
5.467588461690404
4.885950852743534
4.218517446844627
3.507439182654062
2.787649032439858
2.089664559269723
1.442186600804326
0.8742769234603732
0.4168243547517969
0.1027381701004512
-0.03456444280975855
0.03658300217210273
0.3463802926844795
0.4710899848967726
0.4353164290912483
0.4455931246549721
0.4444190298060182
0.4420537587669059
0.4362603123012582
0.427054650347878
0.4138325186489337
0.3959357951590529
0.3724110218896201
0.3420485674677841
0.3026421659765785
0.2532498747742144
0.1860064872552252
0.1392542575770614
6.498465553105791
6.210123196026112
6.110920827874827
6.04790592071209
5.991619435717431
5.936225935379396
5.882992614744182
5.831675480157923
5.781558648638059
5.732107265322276
5.683049540667316
5.634259870645963
5.585680359009768
5.537289803430661
5.489099510438306
5.441160248498253
5.393578249632348
5.346516772145449
5.300155239681473
5.254698255814453
5.211524044516106
5.176255816912817
5.166572259827547
5.143189622170344
4.983211125222178
4.755759802433772
4.704753162488649
4.66526523448488
4.646941722732255
4.659308186780327
4.579458098746708
4.838226214176355
5.527702464016353
5.852728636288696
5.879851554825872
5.666051917397633
5.264435568902911
4.72531738932309
4.094836129339958
3.413913659176878
2.718553782545205
2.041168333720883
1.41226888273918
0.8619313432181943
0.4205691570000031
0.1188015993577858
-0.01317679948260813
0.05448986997205154
0.3530781328399613
0.4743720541601734
0.4398654249943326
0.4500836932372514
0.4492505517338828
0.4474488882556718
0.4425780188673392
0.4347535088831977
0.4234855656102606
0.4082364566512413
0.3881469545504338
0.3619823763833733
0.3271098501187468
0.2817319563336019
0.2123414446585778
0.1222389849140965
7.056966611955525
6.12775970356505
5.898084966922229
5.925921959061792
5.939616727986119
5.910793444330841
5.866523274105723
5.820060220571012
5.773499391581172
5.726425289193793
5.678685907615114
5.630412096680472
5.581744049554247
5.532756427712259
5.483495250410066
5.434053534911786
5.384627102108417
5.33532830138357
5.285560446704435
5.234670241632604
5.191883140479866
5.201855656392993
5.331257842985871
5.385824469681227
4.750365482987673
4.523257726984911
4.578278955701171
4.57435453078779
4.574424464217786
4.591317609341371
4.532526472806196
4.72701946356193
5.251157256139662
5.509485449288205
5.53042258617884
5.346062396899911
4.991949746478928
4.506201463589725
3.927608758137696
3.29369874018962
2.639663174105923
1.998315772209723
1.400680268039076
0.8766615378304458
0.4554211818339809
0.165463423418083
0.03485118895769015
0.09197283243915716
0.3664866618499857
0.478931076385309
0.4470044462784883
0.4567654787566002
0.4563467821403792
0.4552249041522637
0.4514909197040702
0.4453403004019225
0.4363983677032481
0.4242063869629085
0.407830044964833
0.3854732664765608
0.3525980553486588
0.3020997173693229
0.1924553076891919
0.02027044116255769
5.969501023870583
5.680658375894363
5.581183431615815
5.6580825214722
5.747095268363979
5.785988606901073
5.785308655479938
5.76454994645654
5.733800835372334
5.696802775169721
5.655156292364298
5.609881976985295
5.561711963378113
5.511152139209995
5.45857615049353
5.404345547145067
5.348890397006044
5.292740424141175
5.237164319432125
5.187605336840705
5.159825340987589
5.166800030715011
5.126992033212823
4.750729470780151
4.116632731541471
4.365048331693143
4.451694979838313
4.482321277066433
4.499261781477998
4.519501913653126
4.481981287921185
4.610521093759548
4.963239500602254
5.146472027506089
5.153043323161008
4.991738637995845
4.682416153284575
4.252124967767648
3.732025103329624
3.154884728897358
2.553308973297083
1.958800603458837
1.401476403802373
0.9101139225548656
0.5122985560139806
0.2346688867276809
0.1033685665184509
0.1446120899468251
0.3849624491798015
0.4847432455022291
0.4564758817095979
0.4654869341270785
0.46555267209007
0.4652299956082363
0.4628920227050315
0.4589132524697893
0.4533225854559818
0.4464382774041919
0.4389374271180596
0.432516751727854
0.4303071336415507
0.4423547540442964
0.4741170384945462
0.6852838637733989
5.282761292649579
5.288923305233055
5.323925353285296
5.416246289103714
5.526243469294467
5.610251894113095
5.65599987851608
5.670699424115437
5.664367361144194
5.643815427272493
5.612906594560279
5.573918092574376
5.528387803715833
5.477497796321618
5.422258341627885
5.363628404315365
5.302661181496136
5.240843865327786
5.180725491347867
5.125347927323908
5.069975941053491
4.977363361641054
4.760172169099333
4.385954262939663
4.179667050447882
4.345431296847263
4.393403577065201
4.420844997667382
4.437018669553296
4.453309155301409
4.432130828182847
4.50413825450027
4.704352673629454
4.808583028751749
4.789636347599504
4.639843132765745
4.366397490494582
3.986638219917651
3.52430147663549
3.006670677889356
2.462480119808494
1.920510608640948
1.408780083355527
0.954174599016511
0.5823843322619526
0.3180661092898937
0.1851401309608756
0.2070467388750761
0.406833885110733
0.4916634172176601
0.4677515687709596
0.4757897914240183
0.4763183407055439
0.4767288854933694
0.4756557667888892
0.4735210275931804
0.4704914205026275
0.4670424987402507
0.4639970626045233
0.4629717272378132
0.4665801674022109
0.4816019184551226
0.515733922427498
0.6103622575993172
4.891187709514411
4.971851355631144
5.077700024533866
5.19440403077822
5.314364807371248
5.420489158342622
5.499007468111426
5.546969700019245
5.568491098798489
5.569185476178861
5.553549373259185
5.524699729313281
5.484881574532017
5.435940387133269
5.379584200050679
5.317486363549794
5.251302250170795
5.182490859779845
5.111169161518051
5.03223643376385
4.928522940439247
4.771280282586611
4.554116539639624
4.357978004914814
4.315938053768163
4.338483521099453
4.356140838544393
4.371026574574002
4.38167661571338
4.392224750531336
4.382740169177292
4.413686938353139
4.495964512790044
4.524767426838133
4.470751498209619
4.319351832652471
4.069511790775614
3.730696164353692
3.319773625151518
2.858353121698934
2.370666108142207
1.88196454403204
1.417405623967797
1.001387365787233
0.6572606427642792
0.4072965085041615
0.2727661200649264
0.2740286611129752
0.4306377363233027
0.4995659812342134
0.4803248842892941
0.4872767452267053
0.4882390716933302
0.4893118016735721
0.4893834595230963
0.4888758933474501
0.4880345761319659
0.487400393835782
0.4878159605681566
0.4906795126268522
0.497921506607481
0.5130186660168312
0.5387944248796118
0.5803657064131795
4.663761730351519
4.743691484609708
4.861929446509997
4.990297154465813
5.116947581054167
5.233580915930776
5.331302793050512
5.404324819996098
5.451666081747641
5.475450587112817
5.478662371255988
5.464001777271726
5.433744762697041
5.389991746683151
5.334871108600501
5.270504217478062
5.198621582052646
5.119625015983205
5.030861019955143
4.924861835088416
4.791561846398086
4.631275771121159
4.474681961375215
4.373902803353638
4.329262413677039
4.304426229699871
4.315582730686569
4.322700320850789
4.329334905024139
4.335214478661137
4.333584218662631
4.338509741100311
4.339879504571588
4.304493289613515
4.211872021966028
4.048663461517462
3.810365168273055
3.500978870890116
3.131564255096942
2.718461078123094
2.281501943850415
1.842341570257064
1.423056591438372
1.045184570333516
0.7292429879471298
0.4945888583077026
0.3594235907239371
0.3408567469193564
0.4550703066473147
0.5082921619014099
0.493685187024208
0.4995368844464724
0.5008897115291234
0.5025234776395211
0.50354463967703
0.5043138374312477
0.5050631863379367
0.506259281965062
0.5085757475224115
0.5130283346284299
0.520833239524515
0.5336957791433936
0.5526858841996469
0.5785821953926765
4.522810294136874
4.586025575142581
4.689429233008287
4.811068822286383
4.935863714559406
5.055113852651983
5.162155960004799
5.251454098924212
5.319610869756644
5.365544326647914
5.389647985067429
5.392916505139779
5.376578383708411
5.342133584612049
5.291440279285546
5.226524834559959
5.148928482771617
5.058681733820725
4.953636352977787
4.830926230696829
4.692494339122906
4.552521645589721
4.435494704078858
4.353990770175218
4.287999111391299
4.261614529772867
4.271631026934244
4.274563334326338
4.278718278833128
4.281378140410249
4.284664344385794
4.274997918848793
4.226283331090495
4.142511210211985
4.014857678664526
3.835377272929876
3.599757581368566
3.308953854886082
2.969691411174012
2.594067078133769
2.198371300085497
1.801349881878231
1.422376266325067
1.08008299923705
0.7917402990072291
0.5732372594927827
0.4392802793639618
0.4035693590198748
0.4790027432074102
0.5176621091029239
0.5073603522668082
0.5122048002420595
0.5139271133049997
0.5160542548501476
0.5178690800446337
0.5196405514817257
0.521543725473495
0.5239305949252825
0.5272742352552072
0.5322117307911133
0.5393825056913502
0.5494290454389033
0.5622935112949128
0.5776278070917048
4.428923625373294
4.475631134324466
4.5570283443573
4.660412312299187
4.773431173759557
4.88718011579504
4.995412068762947
5.093112394839508
5.176165542439767
5.241505613361618
5.287029164546192
5.311321200399727
5.313520216437478
5.293418077053093
5.251609221407344
5.189408233580467
5.108395812637801
5.009869163440179
4.895059334402637
4.767067454919881
4.633861358417101
4.508425954201131
4.40181610288784
4.314014642768511
4.238412041796836
4.215982419542908
4.225394408502064
4.226277653509372
4.229072714787651
4.229800545817568
4.235992088794806
4.218951002697014
4.142127296386981
4.026518695453286
3.872679583261987
3.678450209514721
3.441224325838479
3.16057414296177
2.840461143845904
2.490255054904835
2.124147727613772
1.759237116586142
1.413111572292958
1.101908176238542
0.8395036803254354
0.6378245741002501
0.5076158384090291
0.4589622786870219
0.5014819598942696
0.5274742595792001
0.5209150300193794
0.5249510798826096
0.5270596096676772
0.5296617058806328
0.5321655234764032
0.5347357984976924
0.5374733854051096
0.5406094107794289
0.5444449556093995
0.5493277637195976
0.5555296022344191
0.5631722300674651
0.5717173531123942
0.5806566736422794
4.362373886918959
4.395387087464884
4.455245629974995
4.535934180945122
4.629943285815072
4.730468104249939
4.832214448357902
4.930900263510267
5.022601261593597
5.103454727418915
5.16959284361138
5.217181662072563
5.242624559008313
5.242974868523556
5.216454465838344
5.162882872905509
5.083867708612603
4.982784086976822
4.86476708893878
4.736798961998788
4.607249225372461
4.4838843887279
4.371275742450255
4.271603940105971
4.190267277062699
4.168922665842717
4.178039932237337
4.177925722225096
4.180066620694451
4.179812475584542
4.187636645276955
4.167071414146958
4.07618285058585
3.943414247008747
3.774700220366145
3.571553908664858
3.332494892984828
3.05639647928049
2.745999805302089
2.409726824897766
2.061218922734982
1.717198026707168
1.394625803463602
1.108142849496385
0.8687354845927895
0.6841739829456707
0.5606925784420085
0.5044256876354196
0.5216672001632112
0.5375062157177383
0.5339453843693543
0.5374861643192715
0.5400552757121938
0.5431835990043884
0.5463437462315054
0.5495993099728629
0.5529806386472609
0.556616263232423
0.5606744906350737
0.5653153495492862
0.5705966552853045
0.5764097750935145
0.5820975531861389
0.5872422428352817
4.312914909907049
4.334570216259226
4.375016572619493
4.432286526104321
4.503225577405457
4.584302450065908
4.672346887876035
4.764583303358313
4.85813354317632
4.949451954572928
5.033963847488581
5.10601622712093
5.159223449628871
5.18723381719767
5.184815198672245
5.149065574998339
5.080498754093728
4.983592078636696
4.866206839635096
4.73756017053095
4.605394244159121
4.47435295959142
4.347823879731238
4.232786352003091
4.142870538247377
4.120591151767551
4.129922382787859
4.129459123161709
4.131496351873051
4.130996868901826
4.139723344554876
4.117435506341867
4.020892217432785
3.882890187640392
3.710802023519972
3.50626148396397
3.267014213628135
2.991717880583968
2.683818696363047
2.352550096909365
2.011814377861434
1.678254688665226
1.368936404828303
1.098599739367818
0.8771530045861328
0.7090297523191048
0.5954134929000642
0.5376751552955817
0.5387087163807471
0.5475088978358069
0.5460625575803625
0.5495580925830553
0.5527410388482502
0.5565296841454959
0.5603874854805132
0.564293682910903
0.5682223627126275
0.5722340710452775
0.5764126743718871
0.580812119568496
0.5853855347666888
0.5899453824006891
0.593870709937002
0.5968635969746339
4.274964140531413
4.28680872222564
4.309727793166786
4.344107158749281
4.389978135569637
4.447046709106436
4.514934953135751
4.593209675990528
4.680982348765622
4.776203616372261
4.874929649656468
4.970865604066743
5.055488082800314
5.118941203191648
5.15163863510433
5.146260370970694
5.099769906694903
5.014894623440616
4.899971021799082
4.766211609674702
4.623348042321473
4.477094657829189
4.331876747947225
4.197796573756698
4.095372460252586
4.071130999522381
4.081042736007591
4.080809820686807
4.083267388380825
4.083221193291071
4.092446309186388
4.069317592016437
3.972447125040505
3.839135661809291
3.673968676139013
3.473944837138495
3.234570262654285
2.956434603202863
2.646563224279193
2.316134035755877
1.978398611347207
1.648251987532293
1.342210579529177
1.076760579891595
0.8643863501047265
0.709511381791331
0.6086850556551222
0.5565457886926953
0.5517426229297118
0.5571989644622035
0.5568618343581453
0.5609350100926345
0.5649828223853213
0.5696572391476684
0.574327091662433
0.578922726310018
0.5833849749852508
0.5877347296034388
0.5920170896263689
0.5962519753529658
0.6003650233203388
0.604166861194116
0.6071301814686321
0.6090555320867194
4.245308404232333
4.248330384836723
4.255078478605962
4.26729534617394
4.287137652156145
4.316942513173895
4.359127853352868
4.416051022140073
4.489589203574495
4.580341046021752
4.686544858698584
4.803007399803866
4.920538974522732
5.026452201009067
5.106344336298171
5.146726995584065
5.137808476660024
5.076151666819076
4.966586033498724
4.821459454384924
4.656476850343014
4.485148145993605
4.316848736360156
4.162907239142148
4.047455829425169
4.020744194135934
4.031078198934752
4.031846877636896
4.035350648402428
4.036644596780016
4.046037431679119
4.022494023088313
3.930616971853906
3.812145949031506
3.661199329333793
3.465263273473451
3.220443647968037
2.935023013369384
2.622659841589546
2.295666103166461
1.963578903839959
1.635938671553887
1.326002218257271
1.052074220630458
0.8337117160602837
0.6828270318238066
0.5960384774117593
0.5586627981524753
0.5604127520726736
0.5663182076381128
0.5659199841879582
0.5714545579043206
0.5767634736276932
0.5826613902835948
0.5883167354273514
0.593659314120931
0.5986380665501981
0.6033011253007062
0.6077087291477952
0.6118848265009155
0.6157725807054574
0.6192211752803639
0.6218178466000788
0.6234377877418551
4.22193237541629
4.216815258866887
4.208393416342672
4.199149651270648
4.192550703268696
4.192819744069961
4.204733866875124
4.23338969314849
4.283775877316768
4.359974305104011
4.463885663078475
4.593550516874855
4.741487845791484
4.893947642871998
5.032070526640102
5.134957931012344
5.183208235779598
5.162180548900103
5.06651767326481
4.904761228446175
4.700474025149042
4.485220270364706
4.285365394555422
4.116479770978659
3.997525599830345
3.969663376670141
3.979221323688591
3.982313772815788
3.987777075546915
3.991821303586274
4.000695107677094
3.976432286390018
3.900811353499695
3.809559482328515
3.671118960495594
3.466013997855392
3.203795420983796
2.908217578513932
2.598957488686403
2.285253368960603
1.968943335317882
1.650699781971376
1.336437869302017
1.042547482384819
0.7966701345222655
0.6283585826285514
0.5491230089026641
0.5389358090969301
0.5656165077832679
0.5747252721631686
0.5726668092686477
0.5810009675282025
0.5881625913614617
0.595730383977087
0.602573097130195
0.6087191838742926
0.6141942525460015
0.6191304934154097
0.6236538901591974
0.6278410420990412
0.6316876078526239
0.6350995764457131
0.6377867289210818
0.6396802939558603
4.203377051744013
4.190688029455982
4.167976768978466
4.138045102518671
4.105050958574689
4.074396966812035
4.052583719044926
4.047005369331831
4.065594368398891
4.116156363411001
4.205186272107868
4.33594153539776
4.505727290864229
4.703048690623958
4.906479264619841
5.087262370403975
5.214505953741712
5.258611628187594
5.195400739318324
5.018545912012108
4.754228036438542
4.461416757274093
4.206870394636193
4.030053192595635
3.937172757114809
3.917771820529385
3.923866979176954
3.931710752521663
3.940653351557487
3.950017590691095
3.956782556503442
3.933580895926924
3.902885588395708
3.845690288335395
3.693859796595855
3.450038146248632
3.158729185720424
2.858512217938372
2.565575395746227
2.279556515307525
1.9929529488153
1.697459080139529
1.388937656377156
1.074300952676973
0.7804589281873082
0.5570259092570257
0.4552981121768677
0.4799052177546122
0.5658296184514713
0.5821661527306646
0.5760185281440489
0.589491200652586
0.5994508220601054
0.6092462115055489
0.617460789427002
0.6243992917103441
0.6302752465057445
0.6353785753932248
0.6399509271997853
0.6441605562038214
0.6480812554580845
0.6516868559933636
0.6548189924536411
0.6574536047896338
4.188383548789705
4.168696096318362
4.132642002145231
4.083032637808421
4.024237811019876
3.962224648520368
3.904542973010539
3.860233985557225
3.839605993432809
3.853777474356838
3.913818335358594
4.029162636360729
4.204711911208316
4.436111084316052
4.70424787811046
4.973603805381824
5.199363587026493
5.335667373560093
5.332499230356582
5.156110667718161
4.820951468244113
4.408029133604691
4.047051900262315
3.85117527703759
3.84098148305301
3.863478261342347
3.862648649809987
3.879294423792952
3.894385886444664
3.913921271098884
3.917185208651462
3.91987529575646
3.984127077507825
3.922799736737616
3.6906379316565
3.37717373935808
3.063718481550112
2.779219281860457
2.520486681820159
2.274909097056674
2.029358909975155
1.77119185871466
1.488155602669576
1.171956554580064
0.8306319295050401
0.5114858816608064
0.3141575351772642
0.3366139078105401
0.5357452303571001
0.5858837703861681
0.5737264603038358
0.596822757248874
0.6112569423430803
0.6239140307236581
0.6335555617377102
0.6410982593736285
0.6471159281615247
0.652152710148592
0.6566121812226433
0.6607766758843531
0.6648103006692465
0.6687578312383767
0.67260471976612
0.6763653993670027
4.175716606297896
4.149682316122323
4.101418887720328
4.033517198691873
3.950188494579074
3.857452986438323
3.763282313392951
3.677661740932508
3.612520409438664
3.581463339103903
3.599230173656827
3.680738783253448
3.839210399287181
4.081892666420716
4.401024403486956
4.761341170363052
5.098664540109158
5.344407196737026
5.423385835158075
5.276970677059229
4.895300134180403
4.34610703877702
3.804529488212933
3.524417720176942
3.671720487067533
3.803680110501335
3.794304510711326
3.824208394201443
3.848888307085922
3.885608806169664
3.892344863183334
4.023172661473573
4.189539376707057
3.972384290424846
3.580895939120941
3.213348724307395
2.919872422401023
2.680519740206326
2.469184772303681
2.26887058389744
2.06818611557688
1.856257768197248
1.619145400432484
1.337766429182555
0.9913113046399732
0.5812163714330733
0.1949984913131315
0.06217704725613816
0.3887476464358545
0.5755480994887284
0.5644823040549035
0.6040643277856177
0.625294656593208
0.6410795073111382
0.6517429176207387
0.659310857338073
0.6649466610140299
0.6695012030518875
0.6735597581210233
0.6775167279173961
0.6816198863508981
0.685976370535396
0.6907240882421533
0.6959107945232589
4.164115784737516
4.132500189286961
4.073411612027003
3.989060174985394
3.883226778620663
3.76158209100861
3.631979572382211
3.504682732033514
3.392467046835215
3.310518036811339
3.276054548947117
3.307680714873456
3.424559726932257
3.644993938919678
3.980893744315583
4.417824696568653
4.876315653230316
5.218519881016009
5.36444636257936
5.273266666254228
4.922610278907477
4.312828677703576
3.570239051891616
3.084337105182732
3.450342183192709
3.740467134697405
3.723972656032478
3.766431742742529
3.802157781014765
3.861804967416097
3.908968249786568
4.339388924043754
4.372870036025038
3.791150116885624
3.292355189021992
2.976975150181295
2.760618568296795
2.582254913331185
2.417963520989264
2.258832922585163
2.099396278176334
1.93337842310319
1.750921261766812
1.534958361349724
1.25446315657961
0.8574723302480657
0.3082296881482132
-0.2077970174620967
0.03652397507927359
0.5265057145611816
0.5534844803366759
0.6156475799290968
0.6451331975874501
0.6629228181567468
0.6731932775165507
0.6795557972966688
0.6839102526128953
0.6873534623272679
0.6905920673722064
0.6940887340793044
0.6981410533528035
0.7028941339771441
0.7086358568326457
0.715439308489916
4.152340601500506
4.116036209622187
4.047780267468761
3.949308295190339
3.823796120791507
3.676279207420234
3.514067739571707
3.347123056344101
3.188339993164081
3.053645463923793
2.961784090488655
2.933660574498568
2.991302229096132
3.157260085029571
3.456228538374511
3.913948051267835
4.501862481827239
4.874231809631315
5.002525513645605
4.958946365508488
4.74038973678797
4.266390525953577
3.522862622443952
2.831329181507096
3.332240961575296
3.695151274832418
3.66984180421352
3.706214890779719
3.738606482974689
3.797364458032072
3.898293619404107
4.49150733274086
3.919553978044978
3.186690064265064
2.900908160402286
2.756614612814677
2.625656377156941
2.495307089700314
2.367690441622515
2.241869655784532
2.116223874401776
1.988617531035135
1.854403601189141
1.704660240677286
1.526077123065009
1.28956667066499
0.8878072005795283
0.1424295861596264
-0.1492094406720672
0.5044105553059366
0.5870851400254596
0.6509114971341972
0.679034065355659
0.692786444054207
0.6990982691868984
0.7020814369274264
0.7038692175740345
0.7054064249729317
0.7073247615229472
0.7100565076449559
0.7138860560422434
0.7189559974953197
0.7256831596603573
0.7341516303509031
4.139280990910841
4.099309265044768
4.023817812693541
3.914034503931537
3.772448431565232
3.603297011119121
3.413063734732785
3.210965043855816
3.009391774530124
2.82423677483767
2.674978255583173
2.584297895760413
2.576877936586964
2.676829145169559
2.90392490187232
3.278172166352432
3.886107816856478
4.187858975106331
4.165483520161704
4.124907229689749
4.060000566211014
3.901730324824709
3.635358455424427
3.466374205555957
3.66115008809465
3.626489336985616
3.628045679106024
3.632918732962326
3.626855194677302
3.615190840045249
3.676130937250116
3.330346553168954
2.519839141090556
2.564181387228439
2.667338739325131
2.617496167580496
2.517623016372167
2.415614230311221
2.31586687927393
2.21594946082654
2.11557528907794
2.01533161553147
1.914546284055612
1.808992836993446
1.695968717700392
1.605599442987877
1.626057761904285
1.605018262486815
0.9620268501763819
0.6912988075301237
0.7436443543201037
0.7424025738982925
0.7386648072972993
0.7343488550406064
0.730176459614938
0.7265935593177577
0.7242752816628734
0.7230771238257007
0.7231812838114529
0.7248509760279666
0.7282732605158235
0.7335348866315171
0.7411348600378915
0.7511436649267057
4.124105880397304
4.081617620754276
4.001091814650111
3.883265551047302
3.729939405043141
3.544505649434181
3.332493865831096
3.102126180485134
2.86487736758962
2.63602005443415
2.435086486110087
2.286090347535939
2.217302443000922
2.260829223329168
2.454621196566147
2.855198514532996
3.572476271143386
3.883316492426542
3.789810767102475
3.790005914527052
3.770370296460527
3.742893118170778
3.702696010627991
3.687850417779447
3.674984427071493
3.62221872997413
3.595750330782979
3.564801658257904
3.518138312979785
3.43761631824987
3.334624072287653
2.956300755827921
2.716105078792786
2.674287533926229
2.639922085828291
2.565874980977556
2.480425434275608
2.39102949506321
2.299467170727437
2.206445209250589
2.112712995841779
2.018995804371488
1.92598555199103
1.834195715049083
1.744730222835259
1.662636393102595
1.611358774399416
1.551058455673861
1.32246723740034
0.9887202817704596
0.898860869194312
0.8346559499835547
0.7985773169084009
0.7754935934267682
0.7603067262354529
0.7497383378840947
0.7432192829050146
0.7391608653667209
0.737270927314584
0.7377311590194862
0.7406267042448427
0.7459582035985032
0.7542397160634171
0.7654876934257181
4.106425125036234
4.062705110093773
3.97961754760217
3.857460408121359
3.697400226359334
3.502026210876684
3.275929467118437
3.026309112600223
2.763626000667696
2.50234747118218
2.261860662342202
2.067726877018278
1.953760915074643
1.966167013647995
2.171675673801395
2.668702526155293
3.584511128963079
3.9729034440689
3.875130158580703
3.883447370449795
3.849264596084251
3.796999866758923
3.728512488876944
3.670492266412013
3.639254306862197
3.596927362814478
3.560115493478584
3.515581338746475
3.457180840722172
3.373022072062214
3.271557180346331
3.066288715853255
2.87309024530422
2.766312098465463
2.681226636907303
2.590870485826628
2.497623601820315
2.402558778398234
2.30657351539355
2.209967147445878
2.112952259486679
2.015647144789454
1.918008186679812
1.819755415265545
1.720866759902259
1.621427800136876
1.524231024889302
1.409476914268332
1.226919251137587
1.04027790487913
0.9508304280034625
0.8811871181882429
0.8359476356448743
0.80466428646292
0.7834336416610775
0.7680552870146642
0.7588029327716919
0.7525286270914892
0.7487700023436588
0.7480357062407768
0.7503816013054651
0.7557007408164618
0.7644222250771034
0.7764452064544152
4.086444399169318
4.042922087315762
3.96003032405158
3.837697211709557
3.67653448299332
3.478413878528199
3.247097018422814
2.988925238236184
2.713597956235654
2.435136793396134
2.173280780348466
1.955798412703123
1.822451236432991
1.831088705547645
2.064018001275527
2.626203871651184
3.619479394654027
3.977750667490102
3.865026878540033
3.875972282874796
3.846489568746843
3.804007037147634
3.747823883728738
3.683589075257403
3.629267897488012
3.578919947571163
3.532849283769547
3.478905371624018
3.411451255744993
3.322069912433265
3.21443937074451
3.058293174516817
2.906312504477062
2.793983930674362
2.695037349935143
2.597482996964764
2.500498251972699
2.403622448924452
2.306773013201218
2.209851348758876
2.112824763339507
2.015640008059588
1.918155395251326
1.820033499163136
1.720917701232188
1.61991126498147
1.516499098188167
1.399412388737863
1.242874488610757
1.085966389938761
0.9873377028497785
0.9113017247578661
0.8597176018514721
0.8236142614334252
0.7992231544340683
0.7804053515363393
0.7702560454764145
0.7625270476659303
0.7568216773966552
0.7548233352342142
0.7566451314231484
0.7619889294074456
0.7710413960874647
0.7834086557169642
4.065097970601886
4.0233636838783
3.943732723456971
3.825829687870204
3.669777584113033
3.476800886048694
3.249955715074909
2.994990943982538
2.721334132246731
2.443277431858753
2.181629023885904
1.966268473982691
1.839863317876196
1.86194956589193
2.110498491172958
2.676979050389257
3.656327741224963
4.001911511495527
3.890974550351474
3.90271338552853
3.873960070750057
3.830750824803835
3.772623427403525
3.687908384455152
3.608672991291413
3.554154753900953
3.507509713435822
3.451726261777223
3.382369393002098
3.294498138304339
3.190472847983782
3.060273653953962
2.929184844654373
2.814874404662957
2.708745532252056
2.606142278629365
2.505832799063254
2.406840649841147
2.308653821809468
2.210895849970281
2.11333327130005
2.01576468501665
1.917935415841125
1.819409734011402
1.71972469559347
1.617945600699554
1.513705923739534
1.396863815589692
1.242012138591702
1.08783649534475
0.990257850944487
0.9152892992273824
0.8646150518375793
0.8292313059054559
0.8059995882207831
0.7852022752485966
0.7776171028487053
0.7699480524196917
0.7622223543870057
0.7591016296829667
0.7606853160988387
0.7661970493402979
0.7753701256835365
0.7874995020274455
4.044149813926366
4.005977099792367
3.933006446449368
3.824589172454632
3.680361831593308
3.500890945828584
3.288577722702203
3.048794493209597
2.791141055261409
2.53075081854617
2.289711802104456
2.098716141186818
1.998765709932926
2.042139726928816
2.291760462113248
2.820288092809587
3.713974763633674
4.03134327265135
3.93030720733428
3.942282031487678
3.91687172208159
3.875250702512791
3.819046365755628
3.700623501526281
3.588514848538173
3.538809498967896
3.506355587622564
3.458352003318686
3.391992047710924
3.30545250980527
3.201722558241138
3.079682599816491
2.953762653175435
2.834911385398964
2.722065951736266
2.614029408737966
2.509864363719287
2.408398273292926
2.308706094260122
2.210055881169014
2.111938154415249
2.013958504089963
1.91568505003678
1.816468594889338
1.715883042938156
1.613878953515303
1.513861111249332
1.400434878981156
1.224188194924547
1.047312908736464
0.9604269855640069
0.8937241744197444
0.8512703431149363
0.8226748279554889
0.8060589564540042
0.7826628954703231
0.7815283137103447
0.7724529207647232
0.7576067488575985
0.7506454999113068
0.7517952772102028
0.7587627243832546
0.7703604319061041
0.7835600194413773
4.026260601750043
3.993640991258748
3.931096300695916
3.837631042686339
3.712253131937352
3.55471674536797
3.366691718154045
3.153213144547108
2.924149185182332
2.695445367352625
2.489925056604199
2.337423992780304
2.27411250532339
2.341156000644667
2.58359927052802
3.051415161704718
3.804158493501581
4.069114502215744
3.984196073005817
3.995232066487043
3.972860171859966
3.928910255624616
3.864544886663668
3.629621236652275
3.469223661830141
3.433352318079511
3.412563419521969
3.356653725395427
3.284930373795778
3.20250901919837
3.111727436823769
3.01164574961173
2.908571841112837
2.807328303569256
2.707316039775989
2.608120699037526
2.509628512487454
2.411664232034627
2.314111731417105
2.216928093041208
2.120175439130136
2.024050872846259
1.92887050817188
1.834824372830407
1.742524220506946
1.656216561373274
1.598114688431765
1.535006548680864
1.306181669452485
0.9981872154320816
0.913327134495308
0.8539541248743756
0.8221391308942398
0.8032345415376547
0.7955111887299883
0.7533722883124864
0.7752094522246318
0.7923770878384413
0.7874532022913745
0.7869379723679222
0.7897572768728597
0.7940080663233575
0.8015926386098869
0.8123524505498654
4.0150337717861
3.990237521992996
3.942292154885795
3.869541590109785
3.769952063121761
3.642138374844927
3.486889654420199
3.308786587959896
3.117613807001948
2.929371971957437
2.766502479280568
2.656774818883067
2.630691184623237
2.718281303086936
2.946832444518579
3.340102227579313
3.917488180737229
4.114758773001962
4.052046437196172
4.067715213224
4.064014177727641
4.057176736158534
4.088488161335157
3.892937817770298
3.339956104220327
3.459629869870789
3.651648539802638
3.689198256397938
3.635140022532949
3.533468564564696
3.396142720457335
3.231518810566972
3.058484600070458
2.895246593930414
2.74943218117458
2.621017383215695
2.506201772781954
2.400209095772988
2.299042596110124
2.200080830377513
2.101982885720014
2.004210114478551
1.905419000395241
1.800248704251359
1.682358748059626
1.574932988515456
1.564897028736911
1.532889319786802
0.9862924143104368
0.7270091844220016
0.7710433776818282
0.7720229593370849
0.7748071409417225
0.7852749287208898
0.8125488319276278
0.7655170413193879
0.8110103734983413
0.7663892522320204
0.6697065429553731
0.6333340821216678
0.6468559070495541
0.6773869990986485
0.713600807625697
0.7470910668810408
4.015090732372689
4.000770998163282
3.972049213676248
3.925806379206618
3.858147005332273
3.766139452170891
3.649678119817867
3.51281114086663
3.364628257218787
3.219910514333183
3.099184581829383
3.027287244945714
3.029716720998568
3.12731455943004
3.331323954926472
3.640125620411903
4.035680916568343
4.163863191743102
4.124126345342173
4.144444705897305
4.160566632804929
4.19588663126539
4.266396956619255
4.593279376428984
4.201458017524271
4.126207618401498
4.349624469670863
4.530530412144475
4.560408344362592
4.442409287610182
4.202151650587177
3.879049251789523
3.526647571461901
3.195327463545413
2.914150848220086
2.688663434078405
2.509850675222935
2.363876532964013
2.237964809766777
2.122569056183335
2.011286876459979
1.899336363430443
1.780470398025233
1.643084328567998
1.468199367333803
1.222043347668173
0.8117586197290767
0.1122958621464878
-0.06911193993133649
0.5422976202428449
0.6183304063147446
0.6819457616854245
0.7159094903585085
0.746296697737942
0.7430909003593839
0.9544025867193936
1.135079137793009
0.7402617487531102
0.4210061435694388
0.2865414589354444
0.2859443461597149
0.3507556633500382
0.4325272236618217
0.4943999377672843
4.032306903332805
4.031650416234683
4.02717877102705
4.01264678621827
3.98112816079794
3.928016824552955
3.852681463969756
3.758752756000368
3.654114020909789
3.551074566963458
3.466454859548428
3.420795600586054
3.435262854869634
3.524946027358475
3.689952964782628
3.909540529227249
4.142629930708082
4.211386650075709
4.18946693820617
4.206490110642702
4.222550730128046
4.255125658853171
4.283436934985037
4.507793540019965
4.577195959262346
4.620214931284705
4.797727616081592
4.98899252234424
5.061521863181969
4.963982579720242
4.706579722291194
4.334105648955801
3.907310734575888
3.484564060932458
3.106375594635432
2.789994968950385
2.534080430447514
2.327185903488343
2.154858036137728
2.003649388818986
1.862377305508122
1.721224506470392
1.568879662356424
1.38763998813533
1.146360893241792
0.7967449563117772
0.3128676559471907
-0.1272577853033237
0.09951902929013179
0.5458731969396888
0.5774682896503626
0.6398222091264312
0.6749726640255165
0.7094089281281386
0.7062781259585046
0.8768081170983503
1.06987634406359
0.7785188401616123
0.4278314262843346
0.2060084780423724
0.1287693196975799
0.1470797169965823
0.2029187422657382
0.2478399568989943
4.074511957671848
4.091347881153885
4.116031601950511
4.136405765668987
4.141759607423761
4.126576859834995
4.090315470114597
4.036259801269197
3.971008791171011
3.904057591857431
3.847204418859703
3.814318854737784
3.820913660765179
3.880006643654704
3.990708994991763
4.125475388881878
4.23338207947388
4.257767926294614
4.249054606362098
4.261501539547841
4.273038672440155
4.293354944828771
4.290639062601124
4.350705740810395
4.569742311151632
4.812189090253279
5.044101407482589
5.235304513482257
5.317493355350233
5.240693561638248
5.000513192875746
4.630745610920671
4.184938343201257
3.718711859277216
3.276562151210424
2.885233773951382
2.553949013226698
2.278990463495319
2.049283323675803
1.850813754588874
1.669187933253546
1.490400990179744
1.30006967583683
1.081866515910831
0.8193594709344969
0.5149734060001009
0.2417339905432252
0.1790093018631197
0.4377293778925573
0.5806800251742088
0.5774369151376958
0.6161217371660065
0.6406031370243038
0.6666025415106736
0.6658754974999572
0.7502013480504985
0.8530708680539171
0.7084160493081058
0.45313461135932
0.2257780857214438
0.09024993180435266
0.04280951014410172
0.04625690102963212
0.06035263854336996
4.153330488896708
4.19168385058458
4.248167963143062
4.301865579462693
4.339921186632394
4.357548337072545
4.354048707196249
4.331878621320402
4.296959919940608
4.257323184915947
4.220341149266768
4.191153296802296
4.174938200589606
4.181375627860967
4.220652302085621
4.280894260227118
4.309512722385685
4.302981401773
4.303430320079699
4.3133462640141
4.322468157593852
4.336288689987373
4.327226072076146
4.337368252807986
4.536642863828523
4.8547809976891
5.14911580293486
5.359488760387708
5.446224941678301
5.380859427224126
5.159459141694435
4.805774046226782
4.362216244677774
3.877153410880227
3.394133523663348
2.945092663302201
2.547917500498579
2.207538158969718
1.918935683013472
1.670577375987115
1.44751625154851
1.234125561279728
1.017211324508924
0.7911322639359885
0.5675568809571824
0.388902352002895
0.3269105683736523
0.4227901164407169
0.5656004943514424
0.5780997131309273
0.5719140218657195
0.5937485669943317
0.6095768858695038
0.6265075268541777
0.629525661025943
0.6447869276053249
0.6654942585339789
0.5941037530729216
0.4323448071682743
0.2446493593674215
0.09429223804324167
0.00482122645902802
-0.03494194131161118
-0.04790196942013516
4.288652037792874
4.349522946884421
4.431983863548882
4.509033815676617
4.571084643782569
4.613524369127661
4.632799787422754
4.630023211920974
4.611984904392587
4.587751875162279
4.563346545596295
4.536968235792973
4.499013956328731
4.443713115836632
4.389008614488739
4.369261471233012
4.365144760744552
4.345618515594069
4.352446685112202
4.363404959481129
4.372688621009179
4.385069079771359
4.372936329368741
4.391678649452148
4.577682928730533
4.897353434400469
5.211642143864038
5.433479660821669
5.52015215395756
5.454618340644512
5.239097497074455
4.893806767634225
4.452834042716132
3.956933515840966
3.446005684241301
2.953273323743142
2.501939519901119
2.10423413443872
1.762179572312511
1.469408802929884
1.213910547624719
0.9819804692803126
0.7639412302795215
0.5622734812283562
0.4009896306824634
0.3245863315590294
0.3655674503758923
0.4855870141567783
0.5627652623372612
0.5612246212579369
0.5564551296731649
0.5697682347646783
0.5807666344522975
0.592470044998979
0.5992149384020318
0.5845039270476401
0.5617523070698396
0.4980764169000028
0.3755389309856147
0.229066389391776
0.09826255892132944
0.0030308574457826
-0.05507553416593335
-0.082699774293962
4.518655847006824
4.586313781825122
4.667847961536333
4.749929952417902
4.826779814297598
4.884149211153318
4.912258697864672
4.913219813907034
4.896905280535787
4.874466344867845
4.853477530071524
4.832508989996653
4.793630176448391
4.702805620215523
4.544566241670394
4.388841259771796
4.358327083123958
4.379713890322126
4.39591451348133
4.412731928332684
4.424748908598857
4.439320544298869
4.421114781390513
4.466199404111437
4.689815991404623
5.007214852069877
5.310296916127365
5.517984095364505
5.586924575849038
5.503970839039797
5.275847774050208
4.922830722574242
4.474625269362695
3.966098313474984
3.432654006876657
2.906101945953174
2.411760824827535
1.967012642380076
1.580961866201309
1.25474509366856
0.9828557505833714
0.7564025802889813
0.5669915406667755
0.4117486555664305
0.3006845373771238
0.2588619665269527
0.307208006657172
0.4225208090782999
0.5202360661764507
0.5407188933573102
0.5333260115881826
0.5437431445367097
0.5531258388611056
0.5642994879240719
0.5758934183067295
0.5769630549723731
0.5322028749495796
0.4201257906466617
0.2939512097954274
0.1852005239181347
0.09425373447691963
0.01908114609284055
-0.03629843894880318
-0.06666006894388855
4.918417934252243
4.917230841845141
4.938510968314143
5.011355651100175
5.097228270977654
5.154154199651356
5.172184996505639
5.1614393256204
5.135252343957061
5.103987971644537
5.075248964723802
5.054002605784152
5.034727840233719
4.977048666672472
4.788720156953343
4.431364191566558
4.22396565207583
4.386769438389592
4.434650263683202
4.46300238927294
4.479819890243762
4.49870343796832
4.470192448888627
4.554587110220331
4.866074122281313
5.200104253747039
5.479404156484732
5.647729214393581
5.674272596576765
5.551966495604773
5.291097072248448
4.91289942384746
4.445013242446481
3.918212525912005
3.363602837531652
2.810153194363178
2.282882824663785
1.802014706374537
1.382929593411108
1.035960623098433
0.7651806415038621
0.5681031241060596
0.4319979437416833
0.3359266652809065
0.2599895056931097
0.199668937125739
0.1850501576419178
0.279839991467756
0.4860049624233593
0.5238145076150572
0.5068569712995792
0.5160130153494835
0.5256197353118585
0.5404461070282128
0.5676058631980646
0.6427098770336092
0.5083731765247229
0.307180002010481
0.1941388753745314
0.1389235771827426
0.09270903747901445
0.04281136851435658
-0.001769495750826318
-0.0286723335014702
5.615205736697423
5.323541816971419
5.218750115501118
5.288048326729918
5.367580467060455
5.395732187032424
5.383896331500514
5.352662253920565
5.313386298806445
5.271050764120909
5.228833280846455
5.192883128924797
5.178732272937101
5.198452327924086
5.169101341825717
4.798574086438376
4.160883361849843
4.406739840716673
4.493641422939669
4.524662782421541
4.541842166359714
4.56380187088271
4.520168526920482
4.658750387357753
5.099562491920794
5.465096299208542
5.715449079107185
5.826631016077866
5.788983315187522
5.606648417040189
5.295076768730157
4.877047991251934
4.379039854649006
3.828739335629689
3.253431367066963
2.67884050391016
2.128362246460304
1.622997830031154
1.182348559791429
0.8260434415220806
0.5716085330319616
0.4227331400659093
0.352159811272239
0.3165121510127017
0.276696747751259
0.1993054767594437
0.09383583324209493
0.1005295407967315
0.458087523625229
0.5061901306410533
0.4776028921224035
0.4843302285538943
0.4924584757004901
0.5070051216324372
0.5525315125386763
0.6716765996454319
0.3212249333608255
0.1278642723244672
0.1138007577417442
0.1185171803886378
0.09802332157341909
0.06285463555731657
0.02829014842557339
0.004916906152675014
6.710020325022227
5.780560594725089
5.550362949309093
5.577405852246081
5.590065329590226
5.560032752633936
5.514464899848071
5.466779877269385
5.419352844479542
5.371946268311837
5.323822146574043
5.274390044861481
5.232919298358843
5.244183319712753
5.375069485196406
5.430637421632857
4.793218756041998
4.565211036638306
4.620450370773401
4.616724028476576
4.616836137110303
4.634918136027141
4.571098967072565
4.773746883314668
5.367657521777923
5.770533567254067
5.989190651396387
6.03396851132247
5.919025136188248
5.663180116591007
5.28936138257861
4.822773933504243
4.289038578634618
3.713094065193519
3.11881491001983
2.528948677036013
1.965151390096041
1.44829550650677
0.9996928131667869
0.6448075420599915
0.4235605177558313
0.3346515684345854
0.3200755776626342
0.3201682731511155
0.3142450411049061
0.276625257496792
0.1901732269276801
0.1504583591485591
0.3901186688087021
0.4521542286041227
0.4366430512839635
0.4420858704509959
0.4425554969014693
0.4387517899810852
0.4657230391434896
0.3414590650459145
0.002755404595103191
0.03613858610403617
0.1091358689866323
0.1161219869557862
0.09290755426806095
0.06448262284596454
0.03950383819247616
0.01500665438327358
6.15315817562876
5.864943275291021
5.765964373068819
5.703302018605507
5.647476396968151
5.592650677017018
5.540095719426684
5.489596006253068
5.440517486918397
5.392463065164732
5.34532728857902
5.299193754431002
5.255407794550194
5.219627277638403
5.209624256843689
5.18609052570461
5.025452189519341
4.797972128254921
4.747028787267864
4.707636833480732
4.689253955935936
4.702478131569551
4.61851463762957
4.884042365935271
5.629049461821401
6.069076615101569
6.25660077285669
6.234055316045408
6.039242180400883
5.707049136196198
5.269119856912242
4.75349613726936
4.184918803119423
3.585661163862926
2.976561867236598
2.377971795541452
1.810490590436386
1.295678429130915
0.8575236368228123
0.526285721001109
0.3462739391289341
0.3109974564678478
0.3210353741025435
0.3200478758192349
0.3195266260754454
0.3156531742688579
0.3043318123243075
0.3031331813747083
0.342038668993165
0.3898901272303525
0.3967974040056692
0.4011308795270315
0.3940975399418506
0.3725256350727944
0.3443531416459206
0.2230654205788958
0.1382433057742711
0.1278532542478381
0.1243734802930102
0.1067456893695736
0.08469092260306429
0.06126612218542671
0.03782869287578297
0.01380166178677969
5.855529533643584
5.762271632120376
5.71057900004529
5.662507992456456
5.618693889229732
5.57301704135134
5.525941470740375
5.478238207066369
5.430417632308698
5.382749841957222
5.335499616500346
5.289121304965521
5.244725457935995
5.203293807577733
5.164523600202809
5.104786533003788
4.978251502445174
4.855263381951674
4.803467993094379
4.765046461078058
4.742775137136067
4.756335782138577
4.657778662820059
4.971576733157073
5.838198918738867
6.310020394999599
6.46922377368014
6.385151663349228
6.118265321382766
5.718787534532006
5.226044076218177
4.670091034521571
4.074491865593751
3.459061819524124
2.842130347039264
2.242323157217127
1.679967444390031
1.178216898683182
0.764019405449043
0.4688372554031582
0.3275093892862016
0.3142471979561626
0.3223977738582046
0.3192644038588742
0.3168572652075172
0.312261831283735
0.3069918162196733
0.3124591461752094
0.3435131193038786
0.3689250719173486
0.3747833074079595
0.3750432274351891
0.3655772751164196
0.3443960562203281
0.3158794597309934
0.2496987361388129
0.1823404535873639
0.1515201939007647
0.1318667992516221
0.1104619724452868
0.08720101705253056
0.0627288336946034
0.03807386837315319
0.01346297271863559
5.78090883198499
5.74115854892331
5.709168099516216
5.665574198958769
5.621610953301313
5.575306733565053
5.527861231133439
5.479865508939467
5.43165871405625
5.383369234539064
5.335042788771363
5.286680859437644
5.238376121372335
5.189786206848163
5.139622791881862
5.078202902446955
4.987554261352455
4.899739989650528
4.845883239255727
4.807010821965614
4.781900610908939
4.795239027119084
4.688080823087079
5.027126005047974
5.965361732070347
6.452780084030509
6.58249058819719
6.446861297743099
6.125655467468884
5.679625132049405
5.151836553368652
4.572457588789477
3.963640308799996
3.343342242762406
2.728152064665635
2.135499308983592
1.585487308061249
1.102181942691356
0.7134800072164283
0.4478718494095594
0.3268842292475497
0.3148313468607854
0.3228971232226321
0.3211718785129338
0.3211251755298212
0.3206594240831249
0.3210297221827735
0.3265894618693396
0.343106702435186
0.3565623883891744
0.3599498027857688
0.3571383895769385
0.3455952824677043
0.3239696997747981
0.2945078720107859
0.247027605792194
0.1984597646498615
0.1661087562126027
0.1398991772778564
0.1144717628460688
0.08912815124005227
0.06370178152849988
0.03843346207797509
0.01323534045012286
5.780801178951654
5.741051181066218
5.709052070438986
5.66544312845008
5.6214561045143
5.575108127364416
5.527582290903077
5.479441180816843
5.430974243102352
5.382229626781073
5.333129505282265
5.283473835351841
5.232961836629155
5.180881297733052
5.126037222711476
5.064808792128512
4.991530656070339
4.921750640741054
4.871056881132748
4.834403977341537
4.809085569961619
4.821491562465335
4.713098063666013
5.063230477284369
6.005613374443407
6.469590763553498
6.559852459054119
6.387334340086167
6.039440520898009
5.577053517535817
5.041314014676657
4.46072720212174
3.85631573484096
3.245153526475696
2.64295996467312
2.066210229050286
1.533918738071795
1.068828106986194
0.6970352048404255
0.44433818180634
0.3282879572305525
0.3156153887736212
0.3236421738951879
0.322379953252579
0.3232239533267314
0.3243287635550507
0.3267084881904301
0.3319588146048399
0.3417642240589586
0.349342639400739
0.3505045590014293
0.3456910338123308
0.333263937854241
0.3124314309978568
0.2845251300103098
0.2465208394978909
0.2069619078264543
0.1742434732697176
0.1451302708999615
0.1175596966729029
0.0908532322651071
0.06460124985928545
0.03883516934189937
0.01304673896739496
5.855653761760168
5.762483085857504
5.710933833734851
5.662977242435489
5.61926753668973
5.573647552619302
5.526513537834396
5.478516793020099
5.429957472238156
5.380770712588006
5.330683318988346
5.279227040468101
5.225760488869085
5.169430161669862
5.109412891757235
5.044799703695633
4.975138873482919
4.909717780573198
4.858108853913186
4.821141974261992
4.79633024636023
4.808470115019257
4.716864639617547
5.099025934613247
5.954073660334045
6.333289529665787
6.376409354917304
6.191984461975128
5.852892322941099
5.408483411201874
4.893991982050899
4.33579481551017
3.754520014632891
3.167308758485508
2.589711791029289
2.03732453908278
1.527115083006205
1.078341105179744
0.7129701312263931
0.4554176952052585
0.3303354146544343
0.316941186423819
0.3255392699021921
0.3248969208061878
0.3270245571614491
0.3301641655550349
0.3349911819217313
0.341857805194381
0.3506735399451315
0.3573964018843589
0.3588359695280853
0.3538877908362584
0.3410877088514002
0.3199115528866799
0.2914735766517366
0.2558080125930007
0.2181418499912625
0.1834447408247042
0.1513762944721748
0.1213640218574826
0.09292929063841615
0.06557963000810105
0.03939625123036639
0.01307036094846127
6.151342457469733
5.862949571789479
5.763736548115461
5.700691067456019
5.644368372152361
5.588933698033531
5.535652223327723
5.484278082521157
5.434093901230076
5.384566127322779
5.335428868709034
5.286565388408363
5.237930256667219
5.189492989402857
5.141252644633695
5.093010441498969
5.044485154882733
4.999794298929665
4.963158388976088
4.935065606317431
4.911765585781067
4.90804119894513
4.817087786339252
5.109276429429563
5.746084692010736
6.010179161662651
6.029769317071811
5.871021119910364
5.576684380170814
5.181147381757595
4.713762521672304
4.199310107983496
3.658535002214822
3.109101075089662
2.5667296945786
2.046265396599559
1.562494917680888
1.130763595609613
0.7679640378402367
0.4952908293037724
0.3441978915755587
0.3127743463676289
0.3213545697143264
0.3201299272914308
0.3199167903550926
0.3193406741468033
0.3186499048881981
0.3178821539342177
0.3170164650768127
0.3142760512101196
0.3083690211490636
0.2989845763749719
0.2855803027015897
0.2679729815321505
0.2466411990640855
0.2214223997991816
0.1945440410117682
0.1681764269811007
0.1421114657968154
0.1161582102674557
0.09023040780576383
0.06422693539263412
0.03921067346325805
0.01287654341033425
6.71260862461477
5.783249252671013
5.553476424548434
5.581270111999351
5.594947744646715
5.566111544627702
5.521814453468755
5.475240266335848
5.428274776407117
5.380000251926606
5.329201825385219
5.27403481911217
5.21150856384063
5.137748320742871
5.049364253268574
4.945735186661065
4.832448778510391
4.724482161986034
4.639244958104905
4.585798899871585
4.552025888274758
4.516436202289229
4.488946275325082
4.751685503636399
5.264897088823218
5.497283232675691
5.552170695392882
5.456568286684887
5.233486879579525
4.908622088977652
4.507512747610907
4.053593009792697
3.567534697583906
3.067365599182946
2.56896998137853
2.086684672744358
1.633837065827666
1.223299820162817
0.8685498813306447
0.5866369074452773
0.406558703420211
0.3339139721159317
0.3241789876876785
0.3277642898013339
0.3353990709561107
0.3473775733330536
0.3657101649804618
0.3908308870901359
0.4203727874536786
0.4483081453712579
0.4678753169108786
0.47373763757409
0.4622280482521007
0.4323246682797321
0.3862061945386744
0.3288737032907487
0.2688099620172853
0.2137766604829809
0.1668061589314558
0.1274191103446296
0.09342379336447981
0.06325999776935161
0.03955233222131478
0.01443769157108736
5.640470081595447
5.351588193462525
5.251967205603708
5.328520053235614
5.416817777057578
5.454411787300266
5.451535982956114
5.427089861270307
5.389937631585028
5.341402142624123
5.278661296536072
5.195430528441663
5.081922561746056
4.92635852276253
4.719724168324885
4.463964461636842
4.180036825784643
3.907488176977924
3.690091814658826
3.555970128655844
3.506644719516123
3.535729312778254
3.680996549897251
4.019218414947324
4.520364527018683
4.853051956432767
4.998283972775744
4.987717983853005
4.849226143141669
4.606968469736329
4.283889601933159
3.901726069372606
3.480425412816075
3.037850763287878
2.589840100038943
2.150495847705295
1.73264284008589
1.348544835923306
1.011044363936689
0.734812073088322
0.5355972529746802
0.4253811174993077
0.3860820656378364
0.3879233211407713
0.4146199601130068
0.4633239260618796
0.536050407512518
0.6316858018254927
0.7413146983487738
0.8481249936770839
0.9321987109244223
0.9761359314067981
0.9686234239499821
0.9067182009400047
0.7973921002632371
0.6575197901435266
0.5102557449584249
0.3765836682076284
0.2678480932916533
0.185108604674746
0.1234975933767526
0.0774741754612142
0.0439800878826448
0.02227214653272649
4.981752195333893
4.988010418140102
5.022832960367355
5.11414729521613
5.221603646704462
5.300668723874473
5.337938050994858
5.338952527256398
5.311030999092705
5.256560398892543
5.172475223575848
5.051179798947438
4.882103853777313
4.655026568655956
4.366052722777252
4.025118017039813
3.660783372202815
3.316841708529333
3.039937271373395
2.865216759335639
2.811244544183145
2.889073222047418
3.109799993790572
3.456522231525052
3.865104378076531
4.211608113815128
4.425974381892691
4.499821191862408
4.448659173432505
4.292799009248064
4.052607932484575
3.747711402801426
3.396621281325215
3.016414766907141
2.622602353279549
2.229245529869896
1.84932862212054
1.495344803643846
1.179862564977198
0.9154555077417765
0.7134075874725346
0.5817041712126435
0.5175271284076522
0.5092208273827594
0.5447211467287018
0.6173223624235549
0.7232263738098519
0.8558233110045491
1.001603281824741
1.140190497958101
1.248240893931057
1.304949667307525
1.296864359224422
1.221094764046757
1.086680802050993
0.9133008106953009
0.7263105317239122
0.549266099576604
0.3976217657095997
0.2769599393504635
0.1857136414014797
0.1195800446368763
0.0750784314570853
0.05148373910134425
4.627727303345033
4.708918860645546
4.815025133430449
4.930435530280894
5.045869309854902
5.142192716974878
5.203161876598857
5.22268514834919
5.200665453031491
5.136940178493822
5.028332287874448
4.868695985794184
4.651018306331902
4.371245233529409
4.033325529395776
3.653781835561473
3.263044658597821
2.901555329271632
2.611663762677674
2.429246403615392
2.378772540825531
2.47001801542105
2.690550557516707
2.998915112204604
3.338752129898704
3.655978820919758
3.896426610374976
4.03134159371762
4.056985204002511
3.983001494072583
3.824133292277559
3.596570667512778
3.31655774722086
2.999789714711852
2.661138969784458
2.314620588769277
1.973546319132263
1.650728963016803
1.358475128060831
1.108124988033784
0.9092598721300669
0.768910761978809
0.6904118514380125
0.6718755530921815
0.707095690925707
0.788359802717176
0.9069385714449455
1.05117126707274
1.204679593844491
1.346740876838526
1.455101462675104
1.510275168900603
1.49985075538546
1.421492618088965
1.283784200521114
1.104404033216478
0.9057987732606885
0.7097538464938165
0.5328673905040191
0.384539508135787
0.2678204553656285
0.1819729220309391
0.1251391743687844
0.09586530639388993
4.444017853808737
4.525525943652714
4.645516936092174
4.773544165627481
4.894689616161947
4.99693520548466
5.067101879036131
5.094550051579185
5.072817838218458
4.997889530068109
4.866186746236964
4.67427250469332
4.420475409454792
4.107787578180858
3.746949467058031
3.358315822420452
2.971286681152883
2.621062893871836
2.343634034666485
2.170171035351154
2.121056840492634
2.199140775834936
2.38490579109302
2.641069418636119
2.926889000916751
3.207495711673969
3.446948598707047
3.615901605251548
3.699200471399192
3.694948128244457
3.609704750687779
3.454387601770982
3.241891175318096
2.985893518418857
2.700270286584006
2.39880365211161
2.09501401335076
1.801966398374415
1.531934604467617
1.295947485680472
1.103414725710583
0.9619445071805549
0.8770680283259837
0.8507674721386016
0.8802717499230024
0.9583147837003122
1.073908696022881
1.212684815198084
1.357150913188896
1.487702809464168
1.584783850969404
1.631923553359738
1.618844925123317
1.543614561029123
1.413045221588732
1.241125704212547
1.04595298752862
0.8461476407568091
0.6577624393366238
0.4924219749309585
0.3569962852662382
0.2545171503289114
0.1856054001585738
0.149712563039518
4.349566929080444
4.416370776613602
4.52474321750016
4.649250373981951
4.769988009593487
4.872407963606461
4.94334524577621
4.970538490171408
4.944121009403887
4.857348037882613
4.706467775457597
4.490840840330786
4.213872749846069
3.884442126553897
3.51801569463613
3.136668254365793
2.767677761973758
2.440900555456801
2.18527496914853
2.024499277317638
1.971912530731867
2.025937102525881
2.169488970708966
2.375643044276156
2.615622718632715
2.862635653240922
3.090438146079553
3.274324931339834
3.395721150321434
3.445001008442683
3.420871562256813
3.328112790885108
3.175407306987732
2.973830708792148
2.735896711492807
2.474910106166357
2.204438585419562
1.937798726326903
1.687544613186902
1.465038272035288
1.28018154197878
1.141225066713971
1.054319611211837
1.022398513310031
1.043871827309407
1.112050952072983
1.215615200518724
1.339693858537515
1.467180825431952
1.580258888448203
1.662241042600768
1.699659125235139
1.684226875712341
1.614116699882511
1.494102134050914
1.334504795849398
1.149294622760812
0.9538689583072265
0.7629773190587419
0.5891305138230472
0.4417139153602074
0.3268534481042582
0.2478763238370031
0.2061277563876223
4.30187057549451
4.355474858916201
4.447469556156858
4.560293861677584
4.674715012895399
4.773454753786284
4.841181403368745
4.864088603957148
4.830682776049803
4.73305267852351
4.567812260213029
4.336684912226675
4.046925797152817
3.711506053937953
3.34875468832747
2.981236381093556
2.633914889840391
2.331810886788429
2.097264490783874
1.946820827703405
1.888166125187617
1.918426853684867
2.02527118169253
2.190440014932515
2.393266327519849
2.612490926076614
2.826843363182427
3.015407014985688
3.159686406949073
3.246276333142156
3.268243404123049
3.224885551820595
3.120616448682588
2.963687410243526
2.765045694914389
2.537355595663138
2.29413478352431
2.048983816104458
1.814931372140045
1.603926944151437
1.426451418082367
1.291110000045235
1.204021181965906
1.167941568628173
1.181326644776052
1.237821321299627
1.326601723305772
1.433525101227286
1.54272346553416
1.638307296019757
1.706009189663289
1.734666150459671
1.717393457119055
1.652254195533227
1.542284094092765
1.394890322800369
1.220789712283433
1.032693444781367
0.8439151067881037
0.667056427684759
0.5129349366971012
0.3899106629698128
0.3036926780224238
0.257578215712307
4.278858538752601
4.323689318836841
4.402873892955612
4.504034047898783
4.61044791213765
4.704062481445109
4.767593746501043
4.785654464612815
4.745814350011478
4.639893619887768
4.465158447443487
4.225053543612542
3.929301479116723
3.593317232855967
3.23695669342088
2.882718217766282
2.553607935633746
2.270885087241834
2.051859504781969
1.907970993576203
1.843586680207915
1.85601186635234
1.936715951391857
2.073010263413178
2.249384153856374
2.448458498050426
2.651837869103871
2.840831888269053
2.997694113697745
3.107541599023492
3.160171217888006
3.151010329182714
3.081062793943521
2.956146146802507
2.785785142695348
2.582023143897464
2.358301873409488
2.128488673684546
1.906080968795405
1.703564574577464
1.531846809532309
1.399662141358423
1.31289547419141
1.273874696600728
1.280774457840499
1.327382649747635
1.403490399714763
1.495961658352984
1.590264809016117
1.672122543892921
1.728988946950653
1.751187360027963
1.73264858714193
1.671253719901952
1.568822194184048
1.430802077641919
1.265712572946157
1.084368819739356
0.8989169992400738
0.7217443960241462
0.5643924360467396
0.4366451362954487
0.3459334622138103
0.2970651233301433
4.2692622493883
4.309576796105028
4.381839443253072
4.475970583730234
4.576973668988042
4.666913762030488
4.727544985738652
4.742480014565489
4.698765387359039
4.58821949265272
4.408598364470945
4.164295452265889
3.866265853898288
3.531083907342508
3.179272252125529
2.833167825798701
2.514610285876143
2.242715409523381
2.032015499740742
1.8913067931033
1.823472877515185
1.826187981283895
1.892941792456654
2.013806230637591
2.17590590438598
2.363957874915734
2.561050025309892
2.74954545687516
2.912175655953695
3.033569881371545
3.102039684851914
3.111000288388877
3.059525235169073
2.951977169473311
2.796999898066386
2.606241072541822
2.393089886991477
2.17158243248935
1.955509168175172
1.757672219762715
1.589200979174358
1.4588587636228
1.372348508671096
1.331701813468363
1.334876521428622
1.3757120683088
1.444388589200909
1.528440906812782
1.614191544671932
1.688307951732978
1.739169102715424
1.757841979944622
1.738631468843254
1.679287745501697
1.580988821037268
1.44817211825917
1.288215838134265
1.110923556960867
0.9277746331718987
0.7509642817279287
0.5923389825265344
0.4623900285036666
0.3694622497036294
0.319265404956342
)
;

boundaryField
{
    inletLower
    {
        type            zeroGradient;
    }
    inletUpper
    {
        type            zeroGradient;
    }
    outletLower
    {
        type            fixedValue;
        value           uniform 0;
    }
    outletUpper
    {
        type            fixedValue;
        value           uniform 0;
    }
    sideWalls
    {
        type            zeroGradient;
    }
    topBottomWalls
    {
        type            zeroGradient;
    }
    frontAndBack
    {
        type            symmetry;
    }
}


// ************************************************************************* //
