/*--------------------------------*- C++ -*----------------------------------*\
| =========                 |                                                 |
| \\      /  F ield         | OpenFOAM: The Open Source CFD Toolbox           |
|  \\    /   O peration     | Version:  2506                                  |
|   \\  /    A nd           | Website:  www.openfoam.com                      |
|    \\/     M anipulation  |                                                 |
\*---------------------------------------------------------------------------*/
FoamFile
{
    version     2.0;
    format      ascii;
    arch        "LSB;label=32;scalar=64";
    class       volScalarField;
    location    "5000";
    object      p;
}
// * * * * * * * * * * * * * * * * * * * * * * * * * * * * * * * * * * * * * //

dimensions      [0 2 -2 0 0 0 0];

internalField   nonuniform List<scalar> 
4096
(
-2.340658501903051
-2.272652973100732
-2.146022258743483
-1.967625833511836
-1.746959254850005
-1.494269714187149
-1.218812207268032
-0.9283126929523576
-0.6294435426722798
-0.3284798606472584
-0.03163455277169311
0.2549630765221367
0.5255272078849944
0.7749997316530647
0.9994162700601708
1.196116847516746
1.363780894773781
1.502353826308649
1.612883914527057
1.697239977789516
1.757768143061434
1.797037459389215
1.817729175966631
1.822591376231735
1.814363740322403
1.79563778126771
1.768669284121265
1.735182745744737
1.696220891103436
1.652098889231901
1.602515917704171
1.546863597478382
1.484739076946107
1.416547814988528
1.343869837232139
1.269222079287548
1.195227428020599
1.123878945289642
1.05692105947297
0.997640805652321
0.9529776881106481
0.9426155558123226
0.9478835957556699
0.9491670423251367
0.9513830789604951
0.9537840555631256
0.9520032082133044
0.9575853242378447
0.9996675084734583
1.095923170214407
1.227298729688577
1.368658957001647
1.492227505864358
1.574093191937515
1.599523254320495
1.564705929423273
1.475414295143404
1.34422345824865
1.187559615087446
1.023147924185346
0.8679885061724567
0.7368597201914171
0.6413300999380669
0.5892268835685578
-2.21389317271329
-2.144928542498786
-2.018360586458114
-1.842645575862669
-1.628129545944599
-1.384375486280897
-1.11918672328261
-0.8391633074029718
-0.5504406031106073
-0.2589776778286872
0.02942132597294446
0.309088416486087
0.5744917736884906
0.820427134365838
1.04244009427944
1.237268332982742
1.403066032470133
1.539382582869826
1.64696550289033
1.727395576221977
1.782784648560141
1.815668416743952
1.828973614625989
1.82591742314597
1.809817754183337
1.783860679747171
1.75086106727224
1.713032843879952
1.671798509800539
1.627696681967691
1.580443357460687
1.529156676462092
1.472737121307614
1.410428778189418
1.342483006550803
1.27056689189495
1.197546404731598
1.126603042122513
1.060426090116214
1.001789653059113
0.9554579043439884
0.9432354431915498
0.9484370934130159
0.9493697340756581
0.9512167174106348
0.953443604656337
0.9504793460571193
0.9547616194942592
1.004866339310989
1.118852344222135
1.268056890025103
1.418814730540281
1.539973817297402
1.609773760271576
1.618231077872651
1.565969911841721
1.461613589389302
1.319040795417189
1.154929940156609
0.9866315494790174
0.8303787609262296
0.6999257992262828
0.6057136116241219
0.5545213346784269
-1.968384111395897
-1.898143122110173
-1.772280369916721
-1.603076778904585
-1.401611321355989
-1.17517800008595
-0.9289907165984438
-0.6682529382311631
-0.3985263087014306
-0.1251958823891777
0.1468225376569552
0.4128461992408869
0.6679608176559527
0.9068150807727671
1.124049263225446
1.315203181361187
1.477422391936216
1.609535390671518
1.711669629900781
1.784726430629396
1.830324530700522
1.851006992025809
1.850252205150368
1.832199041645623
1.801248176443097
1.761678791881273
1.71731961667569
1.671260273753592
1.62559689247813
1.581256433957707
1.537979035658031
1.494465561191438
1.448584970406757
1.397703749839051
1.339537638704437
1.273517754508292
1.202050261357505
1.130308032320239
1.063754742934121
1.005390963911823
0.9567013188432313
0.9428284461602258
0.9482718518862367
0.9493569962866375
0.9513852163300093
0.9542441119155886
0.9498875484223975
0.9533939653561169
1.019556218636567
1.167816779210857
1.347742759922764
1.510447880231959
1.622201544585468
1.667469726114668
1.644849915777573
1.561926358849111
1.4315882385607
1.269682026660212
1.093250222232642
0.9189336748589469
0.7615267193963572
0.6328869825661394
0.5414065715619064
0.4921053277386127
-1.595293251981577
-1.523297874215082
-1.401171790590296
-1.246134938550332
-1.066766435968581
-0.8656935951727087
-0.6459172047411318
-0.412343844642346
-0.1701836323867706
0.07625328484923834
0.3235202578017848
0.5683863502039689
0.8070206091948586
1.034272281996418
1.243731058456219
1.4291239805547
1.586029577111299
1.712259029776427
1.806725424725212
1.86899777710528
1.900017707070933
1.902590803573347
1.88116100502859
1.841226414316612
1.788723520127212
1.729470218398565
1.668685423030139
1.610606805147802
1.558192984072619
1.512876397949179
1.47442670871263
1.441057792767102
1.409639888028663
1.375628684880266
1.333352552591521
1.278037299051464
1.20926048506082
1.13341256967239
1.061596386372149
1.002162552870552
0.955048986514196
0.941297813697113
0.9468844277914281
0.949035579934836
0.9519605625888525
0.956544771536604
0.9496711133182681
0.9541116609693949
1.053536900120469
1.253221450204299
1.466052484741326
1.630418190500508
1.718499692586208
1.726271284127527
1.662191902703868
1.540564207269458
1.378389766417544
1.19360073777218
1.003591480686773
0.8238705207209659
0.6670405537965345
0.5422805567247299
0.4553428250842342
0.4090718572535151
-1.077125178789408
-1.006077146540537
-0.8987704734395613
-0.7717478611540126
-0.6237974749445928
-0.4535892283290299
-0.2658652664375293
-0.06690586772807836
0.1390971978218947
0.3499426028806535
0.5640386272065007
0.7795327400148981
0.9938755614777345
1.202973091190353
1.400175432909733
1.577194645264227
1.727245634408234
1.846538865847012
1.93129855479325
1.97905659517746
1.990431290440476
1.969053585426577
1.920695247836967
1.852498790738201
1.772300051295472
1.687862159341606
1.606096923581755
1.532501926491293
1.47089997813259
1.423287815719576
1.389569836023711
1.36741138065016
1.35268057171635
1.339576622568153
1.319161894797791
1.281263597124116
1.219394066431961
1.136820626356454
1.050206328069018
0.9831028178757397
0.9462071677469116
0.9383692763939973
0.9438889488624546
0.9482965497016337
0.9531734713727245
0.9614816689664253
0.9505844090163941
0.966338514602832
1.128886508459484
1.383948350107554
1.607503836667381
1.747314788022332
1.79419927051797
1.75610603247508
1.647545692536134
1.486663292678971
1.293600182349755
1.088369879988391
0.8885935107274243
0.7079349278165756
0.5557640620049229
0.4378284495331935
0.3571843090346423
0.3148447667302371
-0.3799727822567642
-0.3292154467526386
-0.266938063775938
-0.1851410830565049
-0.07176624871742508
0.06622791464344341
0.2164827999020843
0.3726358276043449
0.5339111397144765
0.7011561267558687
0.8743839281486815
1.052246180975439
1.232724711800886
1.413593079171954
1.590750644336475
1.755756807764864
1.898608929723625
2.01085294763829
2.083196013916267
2.11176920065667
2.098256369755458
2.047631474157023
1.966982696361994
1.86514295817165
1.75210556593123
1.63792490256757
1.53144693036367
1.439411374100654
1.36625590376116
1.314404246476606
1.284233877295858
1.27319134996982
1.275457181093886
1.283932465612759
1.287812953358204
1.273531339235467
1.227998824365102
1.144255499481127
1.034335562452416
0.9416177807881632
0.9219949140406417
0.932967850432542
0.9388782703540063
0.9468978024894921
0.9551896585010478
0.9702764851617446
0.9562917087421055
1.022377942765579
1.275821655759409
1.54343087469387
1.722838827209171
1.805910815974677
1.802082493260915
1.720954732037966
1.575364152044739
1.383909931788538
1.169159699810996
0.9532621545424237
0.7536195270165401
0.5808741046029773
0.4398196419078509
0.3320405176264324
0.2584060384214739
0.2198513443824262
0.5608345303439684
0.5135284935192408
0.4748246647426697
0.5085054855663385
0.5965497980880441
0.7006451996774492
0.8046493800522578
0.9091853242918829
1.018578058140281
1.135776385393677
1.261589440241977
1.394345492223709
1.530611289923959
1.668700443029358
1.811532520740546
1.9583089719411
2.097721520882586
2.202358109724161
2.257022097505571
2.260765240755441
2.217714893387573
2.133769282746426
2.016964323440908
1.877816634153269
1.728556398072358
1.581586795519082
1.447779310548371
1.335157972600616
1.248494209790822
1.190064779358579
1.160816088043912
1.159592277029338
1.178795099013396
1.204318828343077
1.226517684331912
1.235500761283563
1.217324612739853
1.152657250946714
1.031696436196198
0.894100903577699
0.8803663489070886
0.9234562215645336
0.932055939835947
0.9442334905812618
0.9570682872404935
0.9815609768962658
0.9742624614571251
1.152914067470203
1.47062662317025
1.643394430490789
1.719797171431385
1.733878299099529
1.688373839667617
1.581143486629283
1.418062640380957
1.216061263491563
0.9993342259737741
0.7914374835032026
0.608259094490227
0.4559972332093352
0.3339708101132565
0.2394308903283927
0.1716954632480512
0.1342447202864887
1.847810422009708
1.486049882626458
1.30266108951023
1.32268835209683
1.393415383096828
1.450196630813079
1.496225412437785
1.543698529292202
1.597951109221212
1.660773287161707
1.733113773424702
1.813646107464372
1.896276896097979
1.975064119206389
2.060051229668196
2.176709187907807
2.322919125807642
2.412637853314974
2.441608805659612
2.416079458188575
2.340521980176864
2.220696181385163
2.065890493908454
1.888552229649408
1.702707542481225
1.522335903909909
1.359943408944466
1.225154573226764
1.123560551923535
1.056805688649725
1.024848954295879
1.029054359497685
1.067273541974477
1.099229459447804
1.122149476893597
1.141852682401232
1.150772226926715
1.127755330403593
1.047608156420449
0.9036187639975489
0.8534806949795978
0.9155840172566496
0.927499041900369
0.9400688503592017
0.9542032238068877
0.9815613668989969
0.9865048164185205
1.238433728731505
1.496409943810633
1.501421133957079
1.4886323719677
1.458801881969962
1.396131731591593
1.291297704627694
1.14414359388095
0.9673447579566707
0.7831857929420496
0.6128657303749816
0.4680017074845215
0.3498753451229198
0.2537474647833499
0.1744933911573203
0.111113974633328
0.0677350918731211
3.526371486958849
2.539121120701636
2.273845968488257
2.290400247211139
2.308054333529707
2.297741898695302
2.284180735543074
2.277600427333311
2.278146064324964
2.284766429760146
2.297406634527632
2.315521887067873
2.333253747218869
2.342673518331039
2.343962490809695
2.418636376144396
2.560089746794857
2.618791332292469
2.620430874086052
2.565624837611363
2.45582934566278
2.298669036496806
2.106759986156104
1.894650749562175
1.676595970782558
1.465995787485051
1.275593656227604
1.116948090783512
0.9984740858066445
0.9231224770169095
0.8882800674387448
0.8906059658612461
0.9411808057146054
0.9676253861494275
0.9658623552821041
0.9728647080256895
0.9823918134537516
0.9859681509759241
0.9866772102979341
0.9970743721050583
0.9421016922839296
0.905752281540129
0.9246966118231371
0.930718770893911
0.9353094047918229
0.9422951445757189
0.9365918553784731
0.9242459259797694
0.928723777094677
0.9497226792146336
0.9510121276572145
0.9132579095645292
0.8605232471802827
0.795121023944017
0.7149852739088334
0.6227748105456014
0.5275984393474019
0.437364803382318
0.3553750269216866
0.2813020105375984
0.212755980236431
0.1476819752208618
0.09089496405072045
0.03384544492220851
3.119342470267166
2.80607450703349
2.699126561755717
2.64093286357109
2.596399227286493
2.55962696012605
2.531076455720721
2.509713967462297
2.494155733698814
2.483318519538737
2.476366636577322
2.472819381082914
2.470392058763024
2.473184640718384
2.447479391183584
2.52935514231262
2.713063586990205
2.787156841582846
2.778442749464291
2.695667865594016
2.548834379052381
2.354304255029454
2.130476069188673
1.892934737653595
1.653227396904628
1.420815882678619
1.206036747273671
1.021747082213202
0.8817660366661676
0.796054054767565
0.7666426752376417
0.7915964676164119
0.8792956451286276
0.9191567361990188
0.9075801249704305
0.913967143749409
0.9192711766721774
0.926186428189544
0.9352283480172723
0.9510893873558353
0.9509826335212075
0.9274263249430049
0.9282075159792897
0.9254259680578917
0.9215598099835253
0.914128700777191
0.8933781676700261
0.8337548533838588
0.7872158793259947
0.7644351381920582
0.7408102178328313
0.7049709320451814
0.6633249389016731
0.6161744871230239
0.5639472893060129
0.506134423803361
0.4464254621031431
0.3866327153662439
0.3268927896916369
0.2671378443876702
0.2073943348114145
0.147419136308981
0.08878493661753092
0.02904970202414273
2.74610724934468
2.631850754035156
2.56894408031834
2.523129966042753
2.490629748962968
2.464882846692634
2.445070203566861
2.430837367148943
2.421732922644388
2.4172733929555
2.416910122377126
2.420388281123851
2.425254103942432
2.438918535112216
2.415051941933016
2.52808389901107
2.791563530779859
2.908936437624754
2.899495531472561
2.785975921338028
2.599349323757045
2.371843901033174
2.127768380685428
1.88061475813072
1.635826813935441
1.395849000466615
1.165420756261846
0.9560206795519756
0.7874406059919282
0.683397380564204
0.6612050168414154
0.7246506805778203
0.8715527412362574
0.9324244283617416
0.919049154431009
0.9293371838088081
0.9348400643386596
0.9396878183056794
0.9423401313278557
0.9444379892588999
0.9392989920174545
0.9283360558791246
0.9258771264468661
0.9212646062711263
0.9154498687607324
0.9068652021388213
0.893117009292822
0.8687094136323975
0.8469682569394549
0.8275653452367788
0.8028952902758784
0.7682880102917197
0.725253763041793
0.6730878093264301
0.6127219364420342
0.5431140002614904
0.4721038117541432
0.403503062665916
0.3374010963091561
0.2733109907769017
0.2109563692771588
0.1497889900714282
0.09008590097556707
0.03036608448936191
2.656547175506111
2.605209745947152
2.569198092404053
2.533597251413647
2.50469050019436
2.480709879194549
2.461784158852966
2.447697275652474
2.438145151942797
2.432834098567422
2.431393904439122
2.433893316344422
2.437806495251925
2.45250648074014
2.420464606368787
2.529429614352839
2.847503994568555
2.993280186581535
2.965986771051779
2.80968363053029
2.584815703225345
2.337967849712617
2.093010442497804
1.856600723257127
1.62639249916837
1.397333376636188
1.166716072724777
0.9399753085609147
0.7374143732182263
0.5970103347181599
0.5631257185611922
0.6579713851575024
0.8619539616480605
0.9284497485157189
0.908843711671242
0.9215697978766245
0.9276714863815287
0.9333320874664005
0.9366966493342288
0.9384187941530397
0.9356096966747312
0.9290051951209635
0.9246837458295959
0.9184873054207611
0.910613821986364
0.8997865702501993
0.8846681122393301
0.863113661981848
0.8409640462155804
0.818319445828853
0.7916449169756681
0.7579000646798063
0.7165632790009377
0.6657742758328481
0.6064696229530823
0.5332374498784895
0.4606898029230794
0.3940955324682918
0.3308890586865675
0.2691277668968247
0.2085200741040611
0.1485757141647082
0.08936145145360111
0.03025250978087499
2.602045359463734
2.570121113550854
2.542893654613837
2.513833181464159
2.489400703447556
2.468999618007275
2.452809390615933
2.440672939968236
2.432465297608446
2.428150181532209
2.427669356659517
2.431568033627743
2.437615131182209
2.457313900286017
2.422571725892418
2.550702650144705
2.921754013617329
3.04587195376959
2.951956904178596
2.738471966711583
2.490340349791889
2.249883490135337
2.028323175351887
1.822513322462286
1.624374278712519
1.424569951912011
1.214453396832798
0.9898490601337392
0.7600525315308462
0.5624122436133513
0.4697475080232594
0.5589813825849539
0.8335121418104338
0.9243710850411908
0.9002068108436225
0.9180142484204097
0.9258718251061117
0.932373499883255
0.9357785486669836
0.9368197579658761
0.9345704967129558
0.9295848310072978
0.9245525084370039
0.9178281846434717
0.9094352176177354
0.8986500465991808
0.884868786437925
0.8671336589930863
0.8477551825209587
0.8264714033422063
0.8012221979599318
0.7697240534975474
0.7303934874936086
0.6797412090885016
0.6189979400707822
0.5324501153666928
0.4513799933103623
0.3850802945542375
0.3246458197385359
0.2649194523190337
0.2058690817064553
0.1470733111928512
0.08873764058540812
0.03046073808514402
2.585943054871395
2.550606294567298
2.523202311161119
2.496577760173426
2.475041549844885
2.457508592924998
2.443666319678016
2.433209696119755
2.426075283194116
2.422446193822387
2.42265175941098
2.427909166762714
2.437048951814593
2.464088886562782
2.432323628185388
2.624927538550979
3.027594002487323
3.027606073474998
2.815016177910804
2.557767955777055
2.323582520638126
2.121822382246369
1.944636048319424
1.782498874049769
1.626729081498024
1.468618255413685
1.298255484869896
1.104233725342365
0.8774297624082258
0.6274307381054846
0.4204215178927916
0.4100344478233409
0.748788207322716
0.9127233841388689
0.8887769388391686
0.9147170626077186
0.9256646407708813
0.9333752772261238
0.9369862439067339
0.9377110539108896
0.9356060347802789
0.9312111943655751
0.9258197076339062
0.9188549388304953
0.9103319485087425
0.8998771717979499
0.8872402127498991
0.8720306566812704
0.8551875886327361
0.8364407171657697
0.814521592840673
0.7876303996924525
0.7536343289413661
0.7073283976482733
0.6510045706162304
0.5398556704820037
0.4434126919229815
0.3780983035000405
0.3218279074283731
0.2637679184716738
0.2056537377397658
0.1474142375834609
0.0897835736686339
0.03162451673571513
2.607500865429136
2.530854901711972
2.495916878040927
2.471635894983045
2.45417655720142
2.440568593407102
2.429748268576962
2.421274248570331
2.415185332861751
2.41191664231924
2.412259878821478
2.41830690120649
2.431120499768956
2.467358202894526
2.45939118909942
2.787958770181375
3.078215341600989
2.829897995912729
2.526334051527348
2.29556857518094
2.123235138388427
1.982300737978865
1.85772815735652
1.74189077019901
1.629683096318448
1.516062897857408
1.394315165935886
1.25375653303037
1.076282328626004
0.8359563832895707
0.5282112543023525
0.2904906257507663
0.5727783034868962
0.8833883890761428
0.8789768731816004
0.9151417370746092
0.9298040010149952
0.9381514599958901
0.9413361908453319
0.9413249392402406
0.9387769367691534
0.9342894793023647
0.9285860279863254
0.9215280407178372
0.9131623620753407
0.9033397093747357
0.8920253700384011
0.8791250703806387
0.8651480653393265
0.8499633315639015
0.832709416459772
0.8117415931241472
0.7835949707592723
0.7397260001654195
0.6776791612002963
0.4622057983282782
0.3477703109653812
0.3160045210755306
0.2881183160527807
0.2418979979759909
0.1905388129691091
0.136745734805833
0.08298530913712104
0.02737431161757327
2.783060777290397
2.557953221128761
2.485683271602206
2.452382355449675
2.434496305302899
2.422997971313382
2.414364863908901
2.407298433815352
2.401560604407701
2.39754764185599
2.396216110104047
2.39998661428824
2.411700303340119
2.446499972144078
2.476468823583807
2.864623902020574
2.760333104474736
2.366375510413473
2.157372413291856
2.038272505547121
1.945230654132979
1.861526903258293
1.782559069291352
1.706086153992309
1.630723205325727
1.555068700034777
1.47665321522404
1.390472238791794
1.286907842348566
1.144604446210652
0.907467361171269
0.5175832904811126
0.4829562739971934
0.864224714951753
0.8923293746511194
0.9281087156084621
0.9419173098827941
0.9480394922874877
0.9491626854533574
0.9474979317800912
0.9438696760496121
0.9387934659605555
0.9326818801260449
0.9255278555540886
0.9173868772083896
0.9082358127030777
0.898223442350217
0.8874987118049895
0.8767494790539501
0.8664339200240636
0.8568433438683263
0.8485759327049914
0.8415098990606656
0.8393873458620638
0.8641781642313323
0.7067538750998742
0.3436489677097364
0.3262299945791022
0.3310882998027869
0.2796496595641377
0.2157355864935481
0.1537815626297135
0.09942031601185011
0.04084726888082248
2.029004723410764
2.268724023599326
2.347473267930006
2.380001295104638
2.39280501055437
2.396111718774992
2.394631193540862
2.390631960252715
2.385242285905014
2.379143976284731
2.372869423342992
2.367108189198198
2.3618636974822
2.360169550255055
2.38224108743808
2.246429820348485
1.915006319765267
1.906054740289576
1.922114393091892
1.885050074218757
1.833609589197246
1.782407322681415
1.731685391692865
1.680549749275411
1.629153878744543
1.577927191771548
1.526881235159519
1.474443483873486
1.418411660228526
1.36815024945714
1.360169584776096
1.338794032738261
1.065999306003348
0.9468963260173762
0.9681985622785777
0.9700150787387088
0.9678521198804418
0.9648705118130173
0.9608028218507143
0.956020862457006
0.950568859062571
0.9444880083604359
0.9378329425142726
0.9305203769831407
0.9225535269385947
0.9139401162778692
0.904979346716879
0.8959307418705404
0.8879315102665954
0.8820576186057079
0.8795963654486837
0.8834298828758912
0.8969336751367398
0.9381002874332011
0.9709926825359976
1.440412473070842
1.360728807574092
0.8798547372210912
0.6083178329005909
0.4543814318125364
0.3434025998467615
0.2528681394425896
0.1793224300239539
0.1276634921103328
2.21830970399296
2.305188950292587
2.344221236048689
2.36556910980455
2.376362386150867
2.380523650505422
2.380175765664072
2.376505108042249
2.370095927495584
2.361099730204746
2.349163539530292
2.333207275085865
2.310446916529511
2.2735786043665
2.220965354110507
2.036561286276863
1.937175006121445
1.910807885326081
1.889331353102667
1.851791137363954
1.809706977564223
1.765722559424797
1.720572354298258
1.674659616456183
1.62840156018587
1.582198979232519
1.536466226769352
1.491567885623079
1.44805728385112
1.407984601047613
1.381880451597125
1.352864270909328
1.25724871113684
1.090436936387281
1.044222060181041
1.013362467999637
0.9950704387133466
0.9826914226485265
0.9732060630930707
0.9652133833779206
0.9578985881584778
0.9507957697677366
0.943613791788679
0.9361298269215528
0.9282557486230593
0.9199095273330875
0.9114984809730897
0.9031103630764388
0.8964956476882482
0.8929385323896041
0.8935388514833021
0.9008356257214367
0.9162146968322313
0.9591496992994162
0.950292529760721
1.340977685108024
1.692575016640113
1.392698469575167
1.02231478334745
0.7474301029012868
0.5575174366126825
0.4226191607915922
0.3290387549616602
0.2773980222354638
2.262058970728234
2.302447819421471
2.330009242490125
2.349721827025846
2.361625874651956
2.367395558624507
2.368209742883148
2.364844690789886
2.357663456041432
2.346658221908285
2.33140118785098
2.310908220144401
2.283530429881922
2.244941797560701
2.197324435429447
2.102156325086172
2.018497321365939
1.96374162663911
1.917961542414559
1.870537040944316
1.822694288041832
1.774465802353988
1.725995674499936
1.677313261946441
1.628491147785183
1.579586702369294
1.530593689544726
1.481374876112405
1.431821827849129
1.381815784503084
1.333069634672901
1.277861961670244
1.198578877747993
1.110080219736292
1.067435337643709
1.034337377395361
1.011935432759353
0.9956662572149357
0.9833085309729537
0.9733689135537387
0.9648501290180626
0.9570878619164909
0.9496216600873096
0.942085233568873
0.9342696452073376
0.9258982761541655
0.9175151568692695
0.9085315203593645
0.9019644137318239
0.8992347673947116
0.9006717721600748
0.9077285067330506
0.9192053889373143
0.9507528669213192
0.9168713546315744
1.134064492465769
1.582129675273057
1.574911311700633
1.329610293997529
1.047092953805121
0.8118197086284255
0.6390602640292197
0.5250619249866318
0.4662356099615369
2.283545023062718
2.30860704791396
2.328595364906524
2.344439465317378
2.355012326518346
2.360598582809134
2.361480558888325
2.357883361107586
2.349832281178619
2.337096779604786
2.31912528143076
2.294937107542619
2.263215603603153
2.221156096792304
2.170016300113608
2.096441767473434
2.027107905996428
1.971404187173471
1.921315813355835
1.871925332320684
1.823056668121017
1.774359059923151
1.725736827763368
1.677102477654487
1.628428591321951
1.579685963780409
1.530807577616021
1.481626390310538
1.431949953895677
1.381393960841355
1.330247336944353
1.274352789255758
1.205336736792642
1.132049968042713
1.085375782026031
1.049131180653606
1.023618031196962
1.004960984633492
0.9909703601705773
0.9800130074251282
0.9709628512107121
0.9630302609429353
0.955636010038213
0.9482789690650992
0.9406185541173169
0.9319972042076612
0.9232111626310872
0.9118267623701535
0.9038061228223953
0.9010033351962118
0.9023817576377264
0.9083698703891494
0.9165106746923093
0.938755285303888
0.9039149020756818
1.033524414321886
1.416501612843206
1.551714331383762
1.463387994846873
1.261198615219999
1.043857983040101
0.8639312053874065
0.7399898252550396
0.6752861674522397
2.296907807351759
2.31333360368086
2.328174138855985
2.341053560541174
2.350344566825137
2.355465447673859
2.356135834144941
2.352209609145929
2.343492124231835
2.329643133148424
2.310123420375217
2.284153663308145
2.250886080321491
2.208893636419389
2.159159807012291
2.097239967442355
2.035724649635831
1.979782063223723
1.927098068740379
1.875808909378963
1.825559697649954
1.775927739255317
1.726673917697671
1.677616931957089
1.628637157360849
1.57962784844004
1.530447970367728
1.480841762493545
1.430484959824393
1.378894062500741
1.32649507751724
1.270527620176862
1.204322309484891
1.134084078378571
1.08821938415737
1.05271083160481
1.027488341416435
1.009027911602275
0.9952158566045547
0.9845001004484754
0.9757999246610511
0.9683406675908319
0.9615114344203525
0.9547193867157524
0.9474910508150474
0.9385389946992266
0.9292967001621071
0.9127350320592602
0.9016539887698402
0.898977678262582
0.9007341701023984
0.9062199777419508
0.9126416213743691
0.9290297586827146
0.8995168233949411
0.9984428146816201
1.302115252549548
1.464803401414533
1.473348242988415
1.366835942325292
1.210223125583285
1.058775815464682
0.9450149082951738
0.8829885175816766
2.310650762196121
2.324302964541611
2.338975609219618
2.352273427711369
2.362758316401147
2.369278636327397
2.371183473984147
2.368094493007288
2.359680980310705
2.345507494499324
2.324973794638334
2.297330990839048
2.261915734775893
2.218064573647399
2.166772511407281
2.107420796229628
2.046886637894763
1.988779836185053
1.933162878060621
1.879545389209329
1.827611088125784
1.776873741082298
1.726922896172248
1.677419476413144
1.628103492665157
1.57874670992988
1.529059719252915
1.47853780185687
1.426534715145043
1.372551591939797
1.31894110121136
1.263601654205519
1.194832813754007
1.117461279864258
1.076741171863908
1.045543834264129
1.023749783551679
1.007911603516592
0.9960018978305559
0.9867445288892229
0.9792771695753549
0.9729985280321752
0.9673995686764008
0.9619067580578
0.9559933918217572
0.9474881412206535
0.9391357774574318
0.9111276123320662
0.8925945977236137
0.8888797647301878
0.8906329473510203
0.896008506358005
0.9023338464461789
0.9161251697736458
0.8945918127232653
0.9868514323582593
1.226610775050854
1.370581870723196
1.420255659331981
1.38727013697425
1.301458197245491
1.200350114652827
1.115467684774503
1.066392441010315
2.284064271903123
2.292979097630592
2.300349242569638
2.305526483850983
2.308718267380374
2.309078992615248
2.30603216270665
2.299138002518322
2.288016621082817
2.272316351822241
2.251713820288876
2.225923677550932
2.194786018573095
2.158166795962661
2.116671061822526
2.070034527712378
2.021471587137232
1.972697926889534
1.923855270673898
1.874924288501284
1.826018499109217
1.777166885173796
1.728406375977868
1.679780346072727
1.631374834485997
1.583350647128137
1.535960833855656
1.489397526646992
1.443692132574769
1.399560401595455
1.365171862662442
1.331486899028567
1.244931230558668
1.1040932933062
1.06019956298177
1.032411021678169
1.014824860181828
1.002923647536229
0.9940205527857091
0.9870535750082829
0.9814404389043441
0.9768508451667535
0.9729462849472592
0.9692142059890986
0.9649287533711421
0.9566073510020484
0.9491711304540958
0.8885276243829345
0.8770349748072357
0.8936803707575698
0.9072258729469725
0.9165818433731043
0.9231082886957285
0.9315869405937315
0.9120074731557938
0.9822253706367434
1.157581748663035
1.273373911304497
1.339082048148277
1.355438197023496
1.330741149007459
1.283696161826774
1.236437212203327
1.206750760217814
2.351454729064653
2.377875845779441
2.410404826856205
2.442427110003602
2.470798022123863
2.492127915888458
2.505358267431794
2.510747425433837
2.508547462366075
2.498305673485685
2.478653323390461
2.447468171206673
2.402515546827866
2.34257735445464
2.268850276326233
2.185348146222433
2.100317847315562
2.020674524035305
1.94920492465764
1.885649571617711
1.828296776018872
1.775044722517728
1.724118361344567
1.674272762056289
1.624777983807251
1.575343325837026
1.525543228157303
1.472692131145224
1.409896589928957
1.335284031708648
1.278532878577352
1.230099178426157
1.083776535193296
0.9914917458124994
0.9990591235969112
1.000110195425945
0.9966498523990209
0.9931955208557508
0.9893578885057465
0.9856870855036126
0.9825341730920507
0.9802411600880071
0.9790153619441013
0.9791182628098301
0.9810115627278059
0.9847746162801387
1.010313533468737
0.9436085081382712
0.7865164859897826
0.7953832167876235
0.8140912693187828
0.827699966663406
0.8406242900196619
0.8479489431488503
0.849461069446798
0.9188098440169603
1.062219169195799
1.167517066758721
1.246646579836453
1.296503488674897
1.317075776379206
1.315530425199986
1.303948593086177
1.294211053110943
2.647406304893183
2.707019749958424
2.798273774053158
2.898768038614074
2.991636101327494
3.06777743880982
3.124462498167814
3.162178877306718
3.181526042592848
3.181192382866687
3.157192674010183
3.10340607827642
3.013584375945771
2.88477755781035
2.721244686831514
2.536634817263404
2.351320958295118
2.18385930238494
2.043979360824647
1.932140638372694
1.843235871545017
1.770418256851039
1.707361278910653
1.649014219183183
1.591464383177886
1.531195810871782
1.463325607418877
1.37819804401835
1.257185839918482
1.069896148733394
0.7761975537867086
0.4000266304100695
0.542930224101416
0.922360612046666
0.9341637376933372
0.9671733260324731
0.9784994321301987
0.983430895878327
0.9843924526774359
0.9836998722277135
0.9826834910692241
0.9823645727763135
0.9833223749007116
0.9863431818972983
0.992433870666049
1.004538406522214
1.021375490859122
1.133662036900867
0.9838789305751204
0.749692637345201
0.6418191554709761
0.6146794684113248
0.625502566735529
0.6534327158503433
0.7020737936578646
0.795064026398034
0.9352480806655828
1.056228157499056
1.152193946563821
1.225082950203954
1.275783065313027
1.306578259722851
1.322303658083764
1.328646636041082
3.04504595196473
3.107771521887686
3.211088407807742
3.332060885787226
3.450069259460441
3.551543826887029
3.629723147593511
3.681968562868335
3.706646342609816
3.700837078008277
3.6594871083857
3.576238607113865
3.445904502703053
3.268055883348991
3.050325417181068
2.80922940316122
2.566588906442993
2.342765749425284
2.150664550675062
1.993927738396582
1.869032703001594
1.76872153455865
1.68472097124481
1.609099835428919
1.534385004920333
1.452625531523007
1.353440736714999
1.221433341323601
1.035105124609105
0.7750334809494913
0.464418895706494
0.2767552989552828
0.6277016825515914
0.9379610364456374
0.9260876985765323
0.9601104309984934
0.9724458443745346
0.9792838370534247
0.9818925287098449
0.9823597192086284
0.9822878992915222
0.9830685194514512
0.9851738882410165
0.989290041935337
0.9958699088641783
1.008894038884661
1.011536717759845
1.113513967464865
1.131259975373916
0.9012595451329597
0.6996072112714637
0.590149888363559
0.5556176821761074
0.5725568294964727
0.6304574467030198
0.7234351705909199
0.8403657106563097
0.9578402762134348
1.061805967530996
1.148409585267175
1.216950789008383
1.267365732598666
1.300335546939496
1.317155814777944
3.490713600220275
3.543992538073819
3.634955453013882
3.746155875595212
3.859232729533169
3.959446944851947
4.036937026290609
4.085568072923944
4.100874885671814
4.078357979651187
4.012924979211533
3.899776909905234
3.736532733458375
3.525828132684105
3.277117516210985
3.006335882152231
2.7329186124776
2.475290992677854
2.246721246210651
2.05324716241155
1.894107222557206
1.763717983038146
1.65383817952072
1.555028518126372
1.457131000969028
1.348942082302671
1.217757322767458
1.050567705301514
0.8409947604890968
0.6087671261618101
0.4329339077682213
0.4623435974958771
0.8067314165968333
0.967683369848348
0.9416130745167729
0.9653034746246736
0.9738120795321522
0.9793923046216633
0.9816652476041929
0.9816828147036072
0.9813128522475787
0.9824272140000874
0.9849725124996638
0.9892054367001304
0.9948126080323476
1.005424236935853
0.9998294234446757
1.06633454865934
1.145508623112611
1.011626709024364
0.8201572452726781
0.66984976682248
0.5902323362203857
0.5764955408849852
0.6143282952860804
0.6873756174054044
0.7807887232240261
0.8829325323421676
0.9824774960043032
1.072056173707357
1.14774393181936
1.207122454520789
1.24841625916606
1.270442470666626
3.948311146047099
3.986958566017152
4.054179502416263
4.138505976920957
4.226187209344315
4.304156350437278
4.361677165386943
4.390483550677247
4.384054719203713
4.336883686144119
4.24438804548388
4.103692750439184
3.915036236405231
3.683151346257172
3.417819669850916
3.133050576674868
2.844953339318363
2.568940831305905
2.317080242184558
2.096334855061113
1.908118883215468
1.749012951641027
1.612039074130928
1.487879241397304
1.365783402028453
1.234489030429618
1.08421954733371
0.9116279525693297
0.7294658056944826
0.5787390087069495
0.5291717442813827
0.6421801185804479
0.9006140826823612
0.9835139226446695
0.9591702189733453
0.9741619297046793
0.9791095310676033
0.9824849309544703
0.9833981402197953
0.9814187543979954
0.9793557791884883
0.980322409579957
0.9831089445688375
0.9872988353377797
0.9920682446004777
1.000344581900371
0.9933364261277988
1.03646538472818
1.115636037001239
1.054644414956
0.9173673373055131
0.7758017205390577
0.6757869953493081
0.6319365170646499
0.6387814085026617
0.6827251070141176
0.7504053449353159
0.8318075150681943
0.9178553556548477
1.000648278698391
1.074175706137674
1.133995175075817
1.176706891965635
1.199860911893272
4.392813179159454
4.415030254910056
4.453936418365102
4.50294595175672
4.553138254907961
4.594638183029793
4.61786238826903
4.614262667021783
4.576626082948467
4.499259957719529
4.378368412452613
4.212699333936817
4.004262977127171
3.758752679808132
3.485339385206295
3.195751755444306
2.902828358057418
2.618846078671739
2.353918372187604
2.114736217870207
1.903898421986031
1.719931457686064
1.557878512982148
1.410253987299237
1.26834847635704
1.124266877127098
0.9744058204127842
0.8247005122708093
0.6958741627177685
0.6227610763454537
0.6395619310607675
0.7537428547057842
0.9379168142337648
0.9939764474657962
0.9748528739192192
0.9842839864099584
0.9867479323984244
0.9878289853424418
0.9871153554356146
0.9813741092866077
0.9758487431050145
0.9767876022751779
0.9802942456160191
0.9847657693116758
0.9891513323212032
0.9957205067313847
0.9896588776912476
1.020202659420456
1.084534371937692
1.060956834449806
0.9744537405192077
0.8644800523603582
0.7683474236187949
0.7077305787632867
0.6874999288752076
0.7021522735357162
0.7427631687278312
0.8006736838422418
0.8679059393996452
0.9369665551925785
1.001195890595799
1.05506810665801
1.094251489460027
1.115694519897878
4.805495767946343
4.811279659279729
4.821053442140071
4.83193710915149
4.839217424318378
4.836601328085189
4.816852004173988
4.772620483842902
4.697308139591965
4.585880472592827
4.435581688778989
4.246462554632007
4.02159451036117
3.766869397701508
3.490391946854975
3.201598759354152
2.910285772296915
2.625670572955352
2.35554212590251
2.105538222846826
1.878639737101214
1.67500333004055
1.492228272504077
1.326130261772966
1.17214649415568
1.027545392563134
0.8943618970938391
0.7820275736459946
0.7071003756757128
0.6870302559348812
0.7290307797925544
0.8242916584830577
0.9599514193712501
1.00377724150071
0.9892045282053823
0.9953725527357662
0.9964078146883942
0.9955506527769287
0.9936712710650778
0.9804543625424292
0.9673480593074709
0.9683167038413997
0.9737496823417821
0.9795199316830585
0.9844907989146691
0.9904687027749279
0.9865802939267204
1.011952908496102
1.061284804913018
1.053173646244336
1.000893537146724
0.9236987602456603
0.8441731875899221
0.7809494065471377
0.7439881812620139
0.7349756790649985
0.7503932360086076
0.7843975772032101
0.8304474732791683
0.8818800383607719
0.9323009498501871
0.976027709048426
1.008464167992867
1.026386896420983
5.170477685683204
5.161086444973381
5.14350467793981
5.11754391330626
5.081785734219782
5.033151483901962
4.967054565645909
4.878134464782154
4.761352358131807
4.613119820294159
4.432149023427074
4.219820285097448
3.980014995614705
3.718516550813375
3.442194228721899
3.158210109182296
2.873413130040011
2.593953808253799
2.325049457330918
2.070809470653969
1.834093411359142
1.616470844252957
1.418418515444097
1.239894973548124
1.081357977281757
0.9450799628063233
0.8361945499396078
0.7623791668238148
0.7310682520774153
0.7446587734492682
0.7973304397718494
0.8783746252676518
0.9810618939516808
1.014190035767013
1.003168094735336
1.007346685631665
1.007676038270906
1.005163128575273
1.003765289067072
0.9757978733046274
0.9608675127644648
0.9703640825383517
0.9807704553094024
0.9868063881627043
0.9906318349326827
0.9942818272087924
0.9905104602543592
1.008551108531953
1.042355107369688
1.039520716257873
1.008405953358405
0.9570093711514294
0.8964181450136126
0.8391028919174377
0.7951951346370785
0.7702154956845676
0.7650440486825595
0.777183662106061
0.8022100631134141
0.8348002533050679
0.8694168282071999
0.9008772049935385
0.9248561331241605
0.9382850972513396
5.472208869978056
5.450165625507466
5.409438907121197
5.351496549052825
5.277041590955662
5.185270269325248
5.073826178508908
4.93951597731973
4.779496680525074
4.592444486685471
4.379265496909393
4.143137835826874
3.888945618118879
3.622367687499665
3.348960648615009
3.073518362380854
2.799838691962548
2.530857448713839
2.26899277494355
2.016520517125414
1.775866683097734
1.549811959582062
1.34168730018019
1.155631840439277
0.9968462119384445
0.8715284448500525
0.7859724427091195
0.7444656609953171
0.7464892037710699
0.7850507841316205
0.8482730468037484
0.9238605193542168
1.002273990049475
1.025325584693566
1.017411681244903
1.021046530991285
1.022826416785097
1.023452256627919
1.038454611775317
0.9970408755937977
0.8762310311368149
0.9003668493506823
0.9391819272714523
0.9584384931429443
0.96708724649688
0.9716427445379495
0.9741625192227297
0.9920648586142472
1.019861479917646
1.022324199466146
1.005463395480302
0.9719919721246603
0.9269702999120232
0.8780119139403286
0.8332735463356089
0.7991673458990819
0.779056459333154
0.7731915274898378
0.779428487581441
0.7941468590716562
0.8130637086591695
0.8319094667569121
0.8469916351370458
0.8556387384347004
5.69369772437669
5.663094007838796
5.606236063389318
5.524863189549113
5.420128878610955
5.291990884459828
5.139399481067309
4.96122596370523
4.75746103354455
4.530096642713964
4.283304151759291
4.022859348469748
3.755060934832243
3.485545462712277
3.218393152464255
2.955775197479745
2.698187757433189
2.445137448575506
2.196045490017124
1.951134084932264
1.712124773564655
1.48267153471009
1.268518374719642
1.077360129109202
0.9182794507238976
0.8005043569713369
0.7312698184932495
0.7130082011175389
0.7409460170984594
0.8028303789759716
0.8817266638918292
0.9601619400919369
1.021774701277868
1.036548689868885
1.030967674294789
1.034291895375319
1.037129950036872
1.039951873252544
1.057774619562921
1.060984476613867
0.8892800685072064
0.829638934229069
0.8460157496380628
0.8749564900905673
0.8989510614618071
0.918648789459378
0.9384282283189201
0.9638614450283197
0.9927688857561568
1.004331920908495
0.9975051314839061
0.9748890900578175
0.9400882207933323
0.898118976680116
0.854999586669575
0.8164521799424722
0.7866063297863802
0.7673441326425926
0.758373957212537
0.7577691195702094
0.7626612830612184
0.7699051624857298
0.77664579990967
0.7807628378897136
5.815452253977538
5.782408430547181
5.719863424985041
5.627682394449108
5.5049425953245
5.350206737339101
5.162594077111288
4.943146804493412
4.695767599171011
4.427255376977818
4.14639750744789
3.862427735629782
3.583339860714767
3.314553195024795
3.058275067737608
2.813661696866607
2.577648893097664
2.346193541943745
2.115647551111132
1.88403229158806
1.652041098242798
1.423643888162529
1.206197212812278
1.009973159519851
0.8470140021213064
0.729235580083561
0.6658239743404584
0.6602504920130355
0.7076159475986683
0.7934054638388062
0.8948522603393033
0.9852216360969929
1.038613210229126
1.047530193305855
1.043283718346459
1.046109013471223
1.048672792342797
1.050936350589556
1.063244883028846
1.059946639333215
0.959007916311016
0.8694464081319832
0.8399295769927068
0.8499016485074701
0.874661167777623
0.9027293711312415
0.9311240333050951
0.9582683786707531
0.9807050026495492
0.9916189617545946
0.9876411646341706
0.9693990773532691
0.9394872770773426
0.9016004775811874
0.860173943409318
0.8197613346952562
0.7842007558045093
0.7559533644645362
0.7358678975696727
0.7233679067423098
0.7168995433140257
0.7144624295859793
0.7141054159214205
0.7143265719049786
5.815335610518829
5.788460632577634
5.734695787257544
5.648652244648463
5.523585168559536
5.353916421655446
5.138051996463324
4.880106370682796
4.589799030506721
4.280713539108901
3.967631283742672
3.663753444053851
3.378512681806769
3.116434887218481
2.877164459660599
2.656430501880685
2.44755642800915
2.243140599283103
2.036670548643925
1.823952600264846
1.604270446726595
1.381142138061816
1.162495562393802
0.9600999538681021
0.7881913884302547
0.6613673583778321
0.5919401572681627
0.5869687885936294
0.6450700721303007
0.7530894887004709
0.8837491035706837
0.9977594714118925
1.053401798564928
1.058304413538106
1.05441576736404
1.057038005424227
1.059120855341791
1.060462492292108
1.067705041747901
1.054935222687919
0.997281048763608
0.9293424417125068
0.8876506194367917
0.8804750773746752
0.8964323939698338
0.9221259500375982
0.9485847273091171
0.9702093949863765
0.9835263272798588
0.9865983177033562
0.9779510500305175
0.9577777479836043
0.9278513259352467
0.8909023569514077
0.8501666587182495
0.8090121108726807
0.7704978425980239
0.736938892247945
0.7096385834959336
0.6888768369653412
0.6741243785324572
0.6643833303015397
0.6585505451477435
0.6557292666697846
5.669806637871623
5.660366739361772
5.63389463983996
5.57466367803244
5.465044221977205
5.292481589692322
5.054765775500722
4.761253579998572
4.430253911246409
4.084287518854481
3.74504019037275
3.429335719428325
3.146897304363038
2.900066236211555
2.685054499088805
2.493975158338328
2.316955080569015
2.143951615438495
1.966225509104522
1.77759669641571
1.575582618764538
1.362346372741976
1.145190548142919
0.936273323115596
0.751372309839887
0.6077784591101653
0.5215719442568978
0.5045395734956097
0.5607930129562242
0.6824997148331629
0.8437187956725073
0.9946291527774288
1.067038848261298
1.06891574708036
1.064299992703535
1.067519932994465
1.06966418533809
1.071119162501944
1.075930383954579
1.063603687460561
1.026363377015413
0.9881425900150501
0.960083294779118
0.9506776047690602
0.957994837661272
0.9736732971266482
0.9890077603035069
0.9979272734099185
0.9975852425434097
0.9876147408768563
0.9684716235017632
0.9411110375828743
0.9070679806641653
0.8683160738387263
0.8270493745559058
0.7855064887784522
0.7457945804378054
0.7096859746938161
0.6784402146208373
0.6527266422788813
0.6326794572130082
0.6180593222335085
0.6084626581699017
0.6035175748175892
5.357323491175513
5.378571627633649
5.400315444491876
5.389527758950241
5.312223182141651
5.147331556572109
4.893839722700897
4.569596830578231
4.204430243223183
3.831310637634474
3.47856602365592
3.164977401724381
2.898396238416701
2.677285127796204
2.493759829611593
2.336710272822871
2.194173259455385
2.054812068002272
1.908802498854836
1.748566241372946
1.56969031804418
1.372097036239757
1.161166865992028
0.9482325420311838
0.749886149598284
0.5859283141258652
0.4762257186544644
0.4369595376217866
0.4769549982487441
0.5945391397455337
0.7725031641960098
0.9643183533912327
1.074173810642381
1.07868280265442
1.072279862238607
1.077520280056548
1.080453712151597
1.082888925434997
1.085456156682343
1.078469307929697
1.061892157656823
1.052957466545221
1.047797966518801
1.046512125301312
1.048615912453761
1.050770885668801
1.048375750430021
1.038017193613473
1.018644926970708
0.9912138465358629
0.9575351396012418
0.9194213178949883
0.8784433296313803
0.8359619718877871
0.7932044698966914
0.7513334263425866
0.7114796818691651
0.6747136335943379
0.6419679744799156
0.6139596538057994
0.5911571251645537
0.5738083870140139
0.5620122303152886
0.555797187047633
4.86501492402976
4.929709720409769
5.017524802814002
5.070630593561023
5.036209592876661
4.886775298851305
4.625832490009839
4.282344785642824
3.898926899620348
3.518546624916412
3.173969220872422
2.882774054623165
2.648181988390244
2.463428083583979
2.316759682062326
2.195185967078663
2.086487040276291
1.979869982057555
1.865960401874123
1.73679106099396
1.586301218157075
1.411619349849673
1.214975890810337
1.005472888019049
0.7994642521465424
0.6186263130903876
0.4859575434641361
0.4208272859903058
0.4342568382553453
0.5261784713840123
0.686189346079382
0.8888103435185212
1.050032625648257
1.084590078795601
1.077516733400767
1.087117496177572
1.091875930213271
1.096186507941118
1.095802225135089
1.097816090095018
1.111600229793378
1.133572969534728
1.151779003918394
1.160364434171446
1.157817767729083
1.144056769601406
1.119287381465395
1.084412149965304
1.041452809047294
0.9932529231969457
0.9427240783514005
0.8921560552642442
0.8429726568769669
0.7958800118732821
0.7511685789209706
0.7089975209455764
0.6695882608470691
0.6333085129908707
0.6006614335746547
0.5722187943447941
0.548543576098565
0.5301329475715955
0.5173881760015336
0.5105981221534058
4.200121286670521
4.31424818542343
4.469412715831004
4.581755374811817
4.587298372067576
4.459486819072741
4.20853191438851
3.872772593691987
3.50422433209935
3.151603386286137
2.84732452167217
2.603710188624801
2.417413592973593
2.276856158174454
2.168357384139521
2.079475370697082
1.999986514926285
1.92152161885952
1.836737038114108
1.738635120405395
1.620527679538665
1.477105335350665
1.306843950597619
1.115187971477001
0.9166095106307809
0.7330973491374773
0.588769830268728
0.5036676383011461
0.4891895747032791
0.5437916952865487
0.6500774014004804
0.7895146937523679
0.9621155949572375
1.078860198971096
1.080448025584018
1.097106990300562
1.104727149609367
1.111607338723875
1.107006677205403
1.123368296613658
1.181027272647879
1.235825962492794
1.273562550537465
1.287391006804163
1.27624856169565
1.242796392127035
1.191756245295123
1.128794943965174
1.059649418234511
0.9893503377411791
0.9216562135668711
0.8588144427566392
0.8016875204381962
0.7501474429842819
0.7035563627076157
0.6611818966966216
0.622476153696085
0.5872096893815171
0.5554843265099142
0.5276649620535122
0.5042748440165439
0.4858895493434696
0.4730458616178351
0.4661637646030686
3.408555573984818
3.555285794817352
3.734811521884621
3.861360432989843
3.884822693892706
3.788716946636616
3.586108478911416
3.313833128611161
3.021038482888742
2.751318923799093
2.529131523661517
2.358856250019817
2.232382567432428
2.137367065992358
2.06234424747109
1.998547360197368
1.939729571936647
1.881201862864951
1.818760791128788
1.747809476916921
1.662940084120518
1.558440543634657
1.430295244425948
1.279761815955138
1.116957441731715
0.9605729545354098
0.8312976387405712
0.74427582690727
0.7086539128361541
0.7288011911375418
0.7878799042381348
0.8260951799533438
0.9029919073845301
1.0765535515255
1.091810329971345
1.111775106849163
1.120804631378317
1.129866434218974
1.119307148957823
1.156400938748753
1.271841683932684
1.359460491914198
1.410292626687322
1.421205569836503
1.394092388688064
1.335328359491097
1.254406108295026
1.161733943841834
1.066513853100191
0.9754739681281831
0.892584901319987
0.8194428049631559
0.7559381878788705
0.7009579084381169
0.6529900363749394
0.6105747042795109
0.5725879408342366
0.5383714422150463
0.5077358287981634
0.4808750187489511
0.4582354911332608
0.4403799555271205
0.4278672422969286
0.4211488165549913
2.604691617807679
2.698476235759949
2.773185431592802
2.811137098924248
2.812089452734272
2.770370819820372
2.689850310583825
2.582563208209383
2.467147731969145
2.35935102262513
2.266246978317002
2.188159152097236
2.122081879319185
2.064073809317949
2.010801791226474
1.959980291187609
1.910168816264731
1.860377272663591
1.80968645983245
1.756940962089424
1.700576855216713
1.638753461370821
1.569995134169899
1.494186723430985
1.414093781351342
1.336395985769411
1.268805298812382
1.214332304126263
1.17530402961976
1.163630418081157
1.204604595735216
1.24222392898868
1.163663785941422
1.137491112880411
1.13764962731849
1.141622202481786
1.143979329972283
1.152112026560827
1.133273525788256
1.195762221899064
1.378544689042186
1.496867210636836
1.553266720281267
1.551563911009344
1.499270832387525
1.408786497481269
1.295489670138232
1.174182698470371
1.056279845549327
0.9488128366436255
0.8549081928097138
0.7749061172597728
0.7074948757781871
0.6505993497206172
0.6019981932616005
0.559722972459877
0.5222905782558145
0.488800264336407
0.458915599967686
0.4327554238022476
0.410731893889229
0.3933836828596484
0.3812410948729208
0.3747269182828113
2.394117467483097
2.430886314104455
2.447439751290144
2.447667580391921
2.437044599877049
2.41491607780234
2.382627697860484
2.340535096838916
2.293865733342391
2.246359256322294
2.198495041434975
2.150205826118439
2.101654625026641
2.052904927401122
2.004036903797772
1.955105392574011
1.906151329610639
1.857205149271689
1.808284827670579
1.759398324270343
1.710562208451825
1.661794018672846
1.613202818052612
1.564776529130346
1.516626256965512
1.470294628136631
1.428783484089005
1.391591899571284
1.359293548107523
1.332998162676259
1.319350968470954
1.301460509164125
1.251713842139004
1.191633343959666
1.173961176717367
1.167717350278293
1.165737201587296
1.174020423610686
1.146993196300414
1.236413897109217
1.488845595568374
1.634603517057053
1.688686896785279
1.663596491928656
1.576375539604637
1.449118383727594
1.3041553146538
1.159240336231757
1.025617461080837
0.9086410091780344
0.8094945642324731
0.7269103062159532
0.6584492802846442
0.6013223736737682
0.5528805290205089
0.5109014909623949
0.4737508191624721
0.4404479948844146
0.4106408723263442
0.3844876087900452
0.3624649513691899
0.3451551705280254
0.3330808223092937
0.3266210833089252
2.490255889564236
2.530104652165757
2.557808756676928
2.567019301931879
2.557794686440552
2.528541733661082
2.481706492566402
2.418197926659087
2.349670343305551
2.284482311082042
2.223580948520434
2.166197015910895
2.111725486466004
2.059326558048782
2.008316308683381
1.958132559139343
1.90834877818754
1.858623161588457
1.808638764831883
1.758052257691384
1.706492641696242
1.653536411493955
1.598948708196174
1.542360219288137
1.483907196098391
1.426999426705508
1.378271599056069
1.337044697488808
1.304490405221845
1.280335025461376
1.265215141470961
1.250355951033532
1.224587803474321
1.199609200510432
1.188836749615003
1.184191051374954
1.182714268280916
1.193332373236814
1.1595438588524
1.273105995633733
1.589892778484984
1.757941757205379
1.798995110187734
1.737406699287939
1.606811286822144
1.442585768797566
1.272640185850135
1.114074387036719
0.9747972970700776
0.8567475870495805
0.7586479581246336
0.6777801630326836
0.6109783600630097
0.5551526815889134
0.5075675670685204
0.4660003999644268
0.4288389155371904
0.3951339205650615
0.3645954351533495
0.337504297545871
0.3145196888138332
0.2964096010553048
0.2838021541310659
0.2770777145097322
2.486882129693911
2.52599050585954
2.549758311847119
2.556649793880258
2.54591279392606
2.515543306352385
2.468195607813536
2.399150616537327
2.327527966353117
2.265627508191235
2.210210636724411
2.157467543083195
2.106364001812061
2.056137661836777
2.006461642519572
1.957094360911352
1.907873178164039
1.858669463584915
1.809347089878504
1.759723401156239
1.709583316011691
1.658542706561558
1.606327445922517
1.551317096087875
1.49145199732174
1.431593939868844
1.383862895394254
1.34364319807297
1.311739659471199
1.286628986889625
1.267540479314967
1.25012874545268
1.229600527988253
1.211317493663023
1.201376410250409
1.19745149084766
1.196773962636175
1.210310980615726
1.171177081803364
1.303739453887514
1.676688995111825
1.85465432288653
1.862030536554928
1.747921283553161
1.571560484338737
1.379790685418115
1.199422764549181
1.041461519049371
0.9079905841634182
0.7971352422669701
0.70565718532161
0.6300710870940821
0.5670760820678946
0.5137269649803405
0.4675189269712946
0.4264451690581006
0.3890473169045867
0.354464792492186
0.3224733966399723
0.2934757664403089
0.2683808797071752
0.2483252897122701
0.2342871924263598
0.2268085837354452
2.508637178454802
2.553842020762374
2.580945728700017
2.589361552757511
2.578201872537586
2.544279452545617
2.491285628658973
2.401778710525889
2.313938783098367
2.250974368559641
2.200130590561028
2.151026963435879
2.102411566609006
2.053752580214852
2.005106243329098
1.956457017004788
1.90780857196917
1.859164832451203
1.810509393015676
1.761758709125239
1.712813873691814
1.663331219806515
1.613198740368162
1.557997353994756
1.490391441607707
1.419244385617929
1.37039489150754
1.330268259729793
1.299796939335091
1.276045141143763
1.257492086892511
1.241591225237151
1.226135892701743
1.213464513695697
1.206450546283659
1.204959260607019
1.20667421236067
1.224675370101
1.182591588145646
1.336146615633245
1.757927164184849
1.909909018248514
1.846306043976483
1.668223848052167
1.458919505737118
1.261950560644692
1.091950575954857
0.9499175601933133
0.8323633956167193
0.7350550121509076
0.6541108559904112
0.5861720189649479
0.5283568085890519
0.4782117054773419
0.4336925818624084
0.3931664785807173
0.3554272850808977
0.3197321086384484
0.2858701352179318
0.2542533001682744
0.2259596476036906
0.2025983980235275
0.1858748617513559
0.1769275657603605
2.536410849788195
2.592273023326044
2.624515683922385
2.636513411106335
2.627579060164273
2.593126227507932
2.539078189311543
2.411542691902558
2.292968455538664
2.229692106419324
2.189085198270677
2.146444204945318
2.101213464364316
2.053954164676458
2.005731925508106
1.9570505455667
1.908199087873379
1.859368279941927
1.810674457411996
1.762131623456713
1.713803565670057
1.66562423998222
1.618814004897166
1.563788472873072
1.481929888385686
1.389834832564879
1.344894554104398
1.308450636625275
1.282277047875038
1.262073641740464
1.246023529542222
1.232522341733158
1.220582789483499
1.211436141021958
1.206758981166512
1.207610072574627
1.212608325778422
1.236797894839257
1.197722059871368
1.400785979284523
1.842788342867991
1.884179975082346
1.710178658048291
1.4837198822938
1.277106342824639
1.105946273332825
0.9664286511740598
0.8517460921170689
0.7562829243827563
0.6758651044281572
0.6073084190192437
0.5480561432158776
0.4959847119300606
0.4493175628352949
0.4065900807817594
0.366633540883973
0.3285663525710572
0.2917999041840986
0.256090534324506
0.2216828449479692
0.1895447868735552
0.1615694030383961
0.1404694812546105
0.1289148726676877
2.55542550964457
2.651144802632373
2.692019251876149
2.706045800009114
2.697076573945014
2.657615345181251
2.591274350574306
2.336145826702721
2.192291718113791
2.162606833064467
2.15332287142043
2.120835980591225
2.080874256911747
2.038451863934408
1.994947074821366
1.950646516427312
1.905863163022387
1.860994307563712
1.816498261688068
1.77281652037497
1.730681928446717
1.692521142777424
1.669327731722662
1.641576162865984
1.543316288263566
1.364282523011377
1.315093555603218
1.280783487492177
1.259363284012669
1.243835444411809
1.231407166413208
1.220839492186901
1.211693039767948
1.204866294901726
1.201724387609832
1.204193560870136
1.212711499319422
1.243872985682192
1.22488674654021
1.527941433695755
1.867257474678033
1.691074101576854
1.429849854456494
1.219480379345854
1.063201142864469
0.9422096360622096
0.8434486313876067
0.7598909720806103
0.6876654185705023
0.6243168164315642
0.5680114439435844
0.5172376083129232
0.470717011292185
0.4273804377192461
0.3863545256382376
0.3469485680075574
0.3086382774161198
0.2710433155612633
0.2339161639887151
0.1972249117458233
0.1614728541437677
0.1282842265864404
0.1009753750341185
0.08468972630957912
2.437455282460665
2.679407332597449
2.759832529189109
2.793227543399195
2.805004489690373
2.806037748091884
2.839561154655577
2.632668732467139
2.024052430847873
2.046752995776653
2.158203689865202
2.166357876754236
2.123666607029461
2.070426822998011
2.016849202838488
1.963510881797557
1.910366630955851
1.857805188702291
1.806018316514144
1.753980367364173
1.70113826261946
1.660046995922342
1.667917469741162
1.653494100191683
1.335786445091586
1.204805540828529
1.229262926449344
1.229727474418355
1.2256961639344
1.220421069420979
1.213962087538371
1.207021795478366
1.200146640243672
1.194388263862427
1.191123484208293
1.192635380246971
1.200904840382576
1.23054009754915
1.244898804623312
1.584842182432535
1.586292598983713
1.266511290145016
1.072171229586515
0.957273227343755
0.8736903144908459
0.8041425652286407
0.7423751044514622
0.6858152800942124
0.6333999228668901
0.5845036003451909
0.5385293237047991
0.4948788704263085
0.4530100385490298
0.4124669840992841
0.3728825328711389
0.3339727977110072
0.2955319703244621
0.2574140821671098
0.2194720022330522
0.1814816695552788
0.1433269326361552
0.1058989241950627
0.07219271441253566
0.04720517342200613
3.266492720147431
3.03604405170228
2.964502547306188
2.939738061802868
2.939663304061108
2.971821398340732
3.018852485237054
3.406370526968927
2.967950376572526
2.562840602463275
2.46282915117975
2.416480898225057
2.338815571344301
2.239482830830454
2.135644750177511
2.034692982099044
1.938275561943358
1.845800201671544
1.755359977278937
1.663296312887147
1.562545319112034
1.433371268860601
1.211867351529051
0.8123748483608086
0.7253343358311966
1.114346469222899
1.145297098608918
1.181160591510966
1.193803147122267
1.198061887351549
1.196901631676806
1.192833948172845
1.187068090844516
1.18059074365689
1.174189850503253
1.168741129922536
1.164072922989245
1.1642952607726
1.177297134156108
1.084331441794185
0.8608533498330648
0.8410063936675595
0.8366930303465824
0.8009407936706838
0.7593464973908718
0.7191439196900349
0.6794399503462157
0.6395864353774864
0.5997727533360824
0.5602147447921947
0.5209556045075627
0.4819505915366601
0.4431408807816599
0.4044762987926308
0.3659167989545815
0.3274322998179774
0.2890077046969002
0.2506475969842056
0.2123427303791801
0.1739267436187186
0.134991373076041
0.09574251735802881
0.0604575013904927
0.02349246538972148
3.15807358463976
3.069006987003246
3.031313378426836
3.015434227021828
3.015792512202919
3.050824159627705
3.031415823433558
3.423069434455919
3.715309462479195
3.424959894140418
3.12779749606058
2.904188666494559
2.707283971543449
2.514378289957811
2.327208202188889
2.150988714838042
1.986665833872195
1.831005888410283
1.677627144431733
1.516162524917383
1.328372897089748
1.084947985874211
0.7720246010933107
0.5201187851387674
0.8076089076770268
1.132678041086397
1.126447198254353
1.163123988863437
1.176629349849551
1.183118946716803
1.183787665018981
1.180750909069069
1.174903774297391
1.166811181229449
1.15651588095904
1.143461878313371
1.125394114178328
1.097529517473096
1.055491577771379
0.9131697582064352
0.8430637128674391
0.8202516301468062
0.8011122788979983
0.7709251304736513
0.7376432703566308
0.7028204952473651
0.66691332018781
0.630207550656838
0.5929641527370071
0.555360410676382
0.5175068775146016
0.4794753239237604
0.4413159972691401
0.4030654881661029
0.3647506183326901
0.3263909949127273
0.2880013667352971
0.2495935800573115
0.2111759318415797
0.1727342268124596
0.1342322809473147
0.0955542305551095
0.0577388800993331
0.0193162807289294
3.189776948041239
3.137542830639891
3.104378130535406
3.084165331746883
3.076300429323489
3.103246488934955
3.0335932838595
3.352897855945065
4.039002885609873
4.080015097773438
3.818071742910017
3.480552074980882
3.148251819118034
2.837615954369624
2.551123716341858
2.288637449593094
2.046708961210682
1.818041077844616
1.592043568159334
1.355774082814319
1.097851963814318
0.8248855089058094
0.6022119412140587
0.5929181781128875
0.9759417584852086
1.160664659407539
1.131547541838134
1.158451775470204
1.168129675071544
1.173843756758039
1.174587643402993
1.171590793363352
1.16526772982892
1.155869713043967
1.143272394090159
1.126921253396537
1.105549663522512
1.0762973332134
1.039884301678313
0.968289045079051
0.9080761107679186
0.8646365444493536
0.8270292543904481
0.788486506227185
0.7501059113474857
0.711721573971328
0.673302259377907
0.6348133608386365
0.5962825206603806
0.5577453513194812
0.5192236054151418
0.4807254811356756
0.4422514384593739
0.4037985583340353
0.3653628467796084
0.3269404293788783
0.2885282175545756
0.2501232543318285
0.2117208705317182
0.1733069528728867
0.1348897848222208
0.09645209749983598
0.05844481896164436
0.02027089174674254
3.24449427816466
3.193299954969194
3.158251638555081
3.133697124671603
3.119822032338324
3.141527369763835
3.050933337845608
3.364165294979293
4.202563317305284
4.470456756453151
4.325902722437033
3.972518491512423
3.556457337092936
3.148225923539874
2.771278524654999
2.428137603194201
2.112859815585215
1.815705093281278
1.525956795122554
1.236694418166863
0.9550894198111164
0.719237562389151
0.6086977831451005
0.7140745431171445
1.053931127580508
1.170885907990554
1.139548378807629
1.158671205449778
1.165147574476311
1.169500585498216
1.169698630624104
1.166285853299998
1.159266024594354
1.148605655277724
1.134006330090731
1.114845247172678
1.090126933212615
1.05789152503832
1.018691057085024
0.9627977262812464
0.9111449595840577
0.8676249178932761
0.8278587094202893
0.7885801965589353
0.7497980773111844
0.7112135759631674
0.6727278226992128
0.6342687751830235
0.5958175331554888
0.5573724122868513
0.5189340643230399
0.4805026067548769
0.4420774070083024
0.4036574875287232
0.3652417727746887
0.3268292376500667
0.288419044899419
0.2500100919727937
0.2116011715106328
0.1731864562635524
0.134782597627023
0.09637778658657363
0.0582138700416076
0.02010072465234236
3.325504961684266
3.254363013007971
3.209625121566837
3.177210297827567
3.156901837323317
3.172965265888931
3.072987035641858
3.408308431035633
4.298568678213564
4.653568960209194
4.590065866432984
4.271218951294466
3.840373367051658
3.387602608381874
2.95463520881379
2.553652071241511
2.182758926902805
1.835137142127095
1.505243676861871
1.195688129710666
0.925734756859516
0.7366297699506781
0.6822286774173508
0.7986906083495736
1.077289927097326
1.173324892448055
1.145285364209767
1.159196811502862
1.163549362295363
1.166615522378608
1.166120183034462
1.162171173189659
1.154523518179485
1.142983372725674
1.127207105183846
1.106678088013264
1.080769675037715
1.048472441146872
1.010356068488486
0.9631261816256191
0.9165393377194281
0.8731241141609305
0.831796882418234
0.7913521128580839
0.751656874400411
0.7124266694957474
0.6735017065372325
0.6347612907264329
0.5961355715840149
0.5575829952426112
0.5190781321898982
0.4806050999153932
0.4421536705930132
0.4037170733317762
0.3652906931812678
0.3268713111878694
0.2884566453733041
0.2500443277173089
0.211631474484678
0.1732103030821492
0.1348018299078033
0.09640338761662588
0.05830881197943369
0.02016243236121441
3.421692320112232
3.28601059077935
3.211770845074141
3.168123772666265
3.144853021499962
3.159985137340181
3.073245914082599
3.465212995092644
4.313158657247205
4.641066891701879
4.606584853011316
4.343060545774376
3.955053569804072
3.517553976164661
3.076108382144492
2.65267825455402
2.254654032866641
1.883436719954841
1.54159315225535
1.238654412811517
0.9941767775880861
0.8349547247626317
0.7859612641330432
0.863635866448312
1.081283040612169
1.178169303000283
1.157851245782923
1.170037039809327
1.174730831245523
1.178183527023019
1.178185692077568
1.174544637169879
1.166887441624127
1.154920171350828
1.138240543941924
1.116346247246379
1.088759667688275
1.055006810411098
1.015742230180484
0.9704512282041906
0.9243500880104443
0.8795176679515715
0.8362417588702821
0.7942428898209887
0.7533894384946543
0.713381475138139
0.6739659384419597
0.6349365749708786
0.5961507067033208
0.5575149144506361
0.5189705568280407
0.4804818425879385
0.4420271798042377
0.4035934823774956
0.365172639717123
0.3267594613641401
0.2883502947674893
0.2499404141940543
0.2115206447976561
0.1730720029731421
0.1346239369178195
0.09621327248015453
0.05850840415723186
0.0203219619591752
3.852862800011263
3.518163737742161
3.403006256651039
3.347784742007322
3.308225985534325
3.293222363607252
3.195378721412144
3.499126200648614
4.150682487680005
4.398121564665287
4.390917252093035
4.207160514683563
3.903209846583189
3.528680384205433
3.123920725478276
2.716915442874963
2.324893076820986
1.959071924764975
1.629742822128917
1.349417743798742
1.132308081882062
0.9900973334890902
0.9283624861195343
0.9523360142586446
1.086201011118686
1.150209646547254
1.129556563476205
1.13313142135222
1.132683666283048
1.131650151498056
1.128135883804087
1.121889126197656
1.112533856043885
1.099782335645377
1.083362900895566
1.063044785199672
1.03868501690162
1.010177829463319
0.9779346695950023
0.9417517032539025
0.904099755074442
0.865999077079968
0.8276909515871674
0.7892086495126666
0.7506781496172724
0.7121311815893501
0.6735896764023703
0.635059369660382
0.5965448098034483
0.558046829146754
0.5195637125825762
0.4810927391732828
0.4426311904635097
0.404176903821371
0.3657284761493558
0.3272855577775369
0.2888497506628587
0.250424589095985
0.2120094266907626
0.1735691505348099
0.1350568725989401
0.09643058376115479
0.05927995629733595
0.02040484573201423
4.138721251367208
3.099459742810074
2.803724038708745
2.819769905349563
2.845149622103323
2.829825286679073
2.813623516140031
3.104534625241661
3.660393320231618
3.913895499484433
3.986783045420732
3.91150072718753
3.716154989292938
3.434235736831557
3.099900764630657
2.743114706272087
2.387810652933859
2.05284852122658
1.753907434360572
1.504305200615263
1.313842652755876
1.186733127751595
1.121515147121509
1.117320398808585
1.198604969228715
1.242598073500978
1.238662367275979
1.246035300888092
1.260608763025287
1.274452132546118
1.282411328047998
1.284035285275995
1.27966682861937
1.269248389213928
1.252022297928534
1.226640222759186
1.191593343331306
1.146014102314157
1.090670045153315
1.02832076855905
0.9647758883778457
0.9046841879082012
0.8500194561078456
0.8006983744783851
0.755650089926645
0.7135201456285389
0.6731688442170679
0.6338144390509334
0.5949854704075432
0.5564193415151942
0.517978104884197
0.4795931947388332
0.4412321576768584
0.4028795689243358
0.3645273770666499
0.3261733747107558
0.2878265557179445
0.2495003870670788
0.211131288581847
0.1723785979355402
0.1327667726573421
0.09345234014361915
0.06091838830586453
0.02367815004832959
1.998776646408636
1.569712213952015
1.322798818011031
1.32697348672253
1.437711986147445
1.588169320931733
1.8265515261265
2.251299516965811
2.841140851986703
3.248464445547168
3.459017851064313
3.510035594268414
3.433555974659672
3.258815118292445
3.015548143421875
2.732951405466449
2.437649623596046
2.152467275014401
1.895917359025318
1.681739278848046
1.518460760266765
1.410057451117045
1.359047314762914
1.370412212775975
1.442283709627188
1.506518396339803
1.558398966358617
1.611806059639111
1.668606909182009
1.719817336194928
1.75837130453727
1.782217980588778
1.791460859196318
1.785712149908715
1.762887244994068
1.719274205836742
1.650805687978317
1.555454286018146
1.436062983124407
1.301974649648086
1.167164526036219
1.04427576151858
0.9399851327164388
0.8547965650248056
0.7855337561356301
0.727897880429718
0.6780094120464633
0.6329682453155794
0.5908399511040388
0.5504275851587686
0.511026098793293
0.4722304954364733
0.4338065913966944
0.3956121370662634
0.3575534873273188
0.3195650100869287
0.2815943450289927
0.2435604458382189
0.2052551349594789
0.1663024982007258
0.1266397723457394
0.08785538754092516
0.05373490211587984
0.02838420091150224
0.2707388258170284
0.1877794292453708
0.1167196545053423
0.1640075221933878
0.340560403425336
0.6275021683289427
1.027387402598514
1.530157852856832
2.078981963990896
2.550647889205371
2.876185019079011
3.050602215229593
3.093532355414769
3.030192207626558
2.887281609595983
2.69202066149376
2.470708642402835
2.246968124633889
2.04027369948986
1.865125738604593
1.731210620791352
1.644706203625485
1.609670639861891
1.626146826719879
1.682796484781433
1.757970459925014
1.84038368643265
1.924392705430644
2.006389145827066
2.079789983320025
2.138035644603272
2.177009499265076
2.194522525911002
2.188580945235194
2.156231334135299
2.093686384173421
1.997796843037418
1.868472465641425
1.711021705657519
1.536795476307288
1.360755078813456
1.196875994494347
1.054127423372567
0.9353403799690942
0.8386756086191934
0.7599724396887285
0.6946441532510114
0.6387176139517693
0.5891733974607229
0.5438926164578406
0.5014548620725848
0.4609241211242867
0.4216776739353464
0.3832880064257013
0.3454485737438687
0.3079274000325963
0.2705306513068408
0.233068363123238
0.1953617916833292
0.1574216611723084
0.1199352830424335
0.08492170382665631
0.05612673788914518
0.03909015456895931
-1.037138236077926
-0.9855149444737503
-0.9037501904751128
-0.7541102747913605
-0.4960524672171928
-0.1199005682657056
0.3560299374997177
0.8890435183455615
1.426041147936952
1.91732924528702
2.311579022836284
2.583262405547839
2.732968251717981
2.775776694877983
2.733047700918676
2.628583298778839
2.486440254011035
2.32906073459804
2.17571772313031
2.041657618772127
1.938105541887218
1.872684774374931
1.84914729408988
1.86592747765055
1.916253688759781
1.99294693190724
2.085897099348057
2.184391095534671
2.279967857069907
2.365459318864832
2.434362148348624
2.481244999413633
2.501870521145058
2.492674641992053
2.450316644840314
2.371977513570116
2.256547443529802
2.106264899381961
1.927919200438492
1.732646027609409
1.533943328639193
1.34466566390138
1.174272316675231
1.027502881453989
0.9047541601159571
0.8035083061750795
0.7199181659942184
0.6499905574521759
0.5902301357967296
0.5378566141229728
0.4907752846834479
0.4474477687942682
0.4067501296374708
0.3678558456422242
0.330151118516375
0.2931773154692743
0.2565978914669709
0.2202059951221412
0.1840167244896808
0.1484859154381577
0.1148136160072805
0.08516893272348793
0.06261362922549693
0.05023084954201151
-2.012913051594719
-1.909814752571248
-1.73309802413769
-1.483486992550847
-1.144250947021629
-0.7100189096776189
-0.2015355865391511
0.3418384723802087
0.8799689897766487
1.381266912501752
1.813692399178072
2.15218936597697
2.386774738589464
2.521762995239202
2.570828523010845
2.552544268164572
2.48732841585958
2.395304048622366
2.294751471114302
2.201132819721966
2.126594284529657
2.07960612911492
2.064529346869759
2.081710245488781
2.128960726315636
2.202607186718728
2.295113391951644
2.396333384954324
2.496282392664581
2.586393273611725
2.659268240794867
2.708415523443103
2.728297360514625
2.714423380378256
2.66350475599868
2.573886791512727
2.446295419484446
2.284598531692528
2.096086979816858
1.890898455056112
1.680608695887128
1.47639448145368
1.287300320830887
1.119116938442479
0.9741677514319677
0.8519073975177973
0.7499335142873285
0.6649878178823397
0.5936952309752739
0.5329862142186945
0.4802673410626866
0.4334397980580341
0.3908489801080839
0.351216150668346
0.313576422654825
0.2772342236049784
0.2417479852774785
0.2069626074478662
0.173103218427785
0.1409060066100101
0.11169924775678
0.08730933469494401
0.06967656939164006
0.06017876479880972
-2.726396157893519
-2.598834553372026
-2.36876981070456
-2.049540870081127
-1.648310283380844
-1.17450455087724
-0.6488407655465085
-0.100763835570597
0.4403572540172299
0.9497327350453681
1.405130792474988
1.787128248611602
2.083422212245391
2.291493295272102
2.417699240181637
2.474564438258088
2.478018325764288
2.445197657912808
2.39281191084758
2.335941062993712
2.287132698550074
2.255738788172831
2.247652788504518
2.265690544643916
2.310226289339428
2.378982940292743
2.466350402286363
2.563914039727086
2.662074574059604
2.751539400033001
2.823900766238965
2.871730081475242
2.888731646684943
2.870065624962825
2.812751930866414
2.716086579106322
2.581990489945402
2.415141187279314
2.222729118573342
2.013793154010876
1.798242540292222
1.585741386883687
1.384637555218547
1.201125919037214
1.038832128081153
0.8988968209384047
0.7804632210497414
0.6813519749298622
0.5987116849325478
0.5295205571338285
0.4709097075490868
0.4203379646610529
0.3756667818859302
0.3351781616230371
0.2975658855163283
0.2619213460205114
0.2277308952299615
0.1948947353524861
0.1637579298916314
0.1351123158736885
0.1101052051538543
0.09000865891117307
0.07588533525020387
0.06833826784433998
-3.225761135986296
-3.08423592518413
-2.825159364818443
-2.465735331709662
-2.025697786062851
-1.52560128440158
-0.9877630311599747
-0.4356793070784158
0.1081819219886546
0.6238736394298456
1.094134873245726
1.504015089939772
1.842239657966183
2.103335119578317
2.288522167942583
2.404969660666703
2.464155208409959
2.480068166331069
2.467583903124081
2.441074839889506
2.413273323181739
2.394467777492101
2.392141503106058
2.410972068488632
2.45281081013428
2.516448757497749
2.597603075264429
2.689309588698416
2.782839602539484
2.868857929349105
2.938352210677889
2.983225587272504
2.99675256660161
2.974039787519826
2.912457139311219
2.811928243480379
2.67498662547417
2.506555555592525
2.313475215639408
2.103860990512364
1.886392382362849
1.669597976631431
1.461172002429998
1.267371055441956
1.092580797196447
0.9391477541733151
0.8075072547900716
0.6965461034917906
0.6040818275662577
0.527342565677314
0.4633721102716496
0.4093308413219132
0.3626958039088785
0.3213787356871005
0.2837848310954732
0.2488331362589039
0.2159536946723369
0.1850656823699127
0.1565254218686995
0.1310215869711578
0.1094023392366219
0.09245716483194207
0.08073610189818284
0.07451297323242083
-3.544990595070471
-3.395700599321918
-3.121733316589972
-2.741968239747063
-2.281134134018153
-1.765259873586188
-1.218633311471509
-0.662784399603468
-0.116593382286563
0.4034288616314295
0.8830136231327251
1.30992085554056
1.674285261173566
1.969762272718563
2.19469552638513
2.352510629907711
2.451176608265714
2.502024577043874
2.518287910957402
2.513639574685625
2.5009182094049
2.491170891882202
2.493038166775451
2.512372376900205
2.55196419474238
2.611428641302444
2.687367120608437
2.773753403739046
2.862574205661474
2.944719207393115
3.010961879198604
3.052848778682669
3.063433490837994
3.037857545609093
2.973749627439348
2.871379699227843
2.733528708250919
2.565102781354014
2.372585539960513
2.16344240085318
1.945556554274523
1.726717470911483
1.514144545061289
1.314035362948954
1.131169884801694
0.9686405940317958
0.82777683839937
0.7082852940301401
0.6085682082361458
0.5261410627310279
0.4580651036577529
0.4013300004301835
0.3531516952730796
0.3111769841509167
0.2736030305995872
0.2392258239041449
0.2074289140850338
0.1781171580274649
0.1515964844559314
0.1284069618300352
0.1091353966941492
0.09425718536809201
0.08406242310842299
0.07867963527994007
-3.706508831393389
-3.554246570724835
-3.27385561047513
-2.885456519788551
-2.415517133935651
-1.892074920760817
-1.340598065384753
-0.7823080958907717
-0.2346444024176662
0.2876807698452556
0.7719987855349097
1.207409796410195
1.584878963203539
1.897900351932408
2.143553238938145
2.323332826142138
2.44323511344714
2.513018262743993
2.544913143492186
2.55215590532309
2.547639981158245
2.542837372431662
2.546995722595681
2.566560178516558
2.604826145649728
2.661877158832639
2.734784596221348
2.817992649434719
2.903874734797675
2.983505748277081
3.047624029730263
3.087637767752915
3.096509185866215
3.069411301655274
3.004105231323487
2.901012064781946
2.762989421306127
2.594880279742231
2.402948089602437
2.194312259474452
1.976451247970666
1.756779037169948
1.542261279733476
1.339038727413545
1.152061991712819
0.9847881768400125
0.8390137218488859
0.714899564203555
0.611193500019114
0.5255999469389143
0.455216168918961
0.3969548810572556
0.3478967350387687
0.3055462411213289
0.2679879571272369
0.2339507663380632
0.2027890096316119
0.1743878556828621
0.1490054733785437
0.1270802104815627
0.1090500166249361
0.09523588762138206
0.08581500654037433
0.08086203192800925
)
;

boundaryField
{
    inletLower
    {
        type            zeroGradient;
    }
    inletUpper
    {
        type            zeroGradient;
    }
    outletLower
    {
        type            fixedValue;
        value           uniform 0;
    }
    outletUpper
    {
        type            fixedValue;
        value           uniform 0;
    }
    sideWalls
    {
        type            zeroGradient;
    }
    topBottomWalls
    {
        type            zeroGradient;
    }
    frontAndBack
    {
        type            symmetry;
    }
}


// ************************************************************************* //
