/*--------------------------------*- C++ -*----------------------------------*\
| =========                 |                                                 |
| \\      /  F ield         | OpenFOAM: The Open Source CFD Toolbox           |
|  \\    /   O peration     | Version:  2506                                  |
|   \\  /    A nd           | Website:  www.openfoam.com                      |
|    \\/     M anipulation  |                                                 |
\*---------------------------------------------------------------------------*/
FoamFile
{
    version     2.0;
    format      ascii;
    arch        "LSB;label=32;scalar=64";
    class       volScalarField;
    location    "5000";
    object      p;
}
// * * * * * * * * * * * * * * * * * * * * * * * * * * * * * * * * * * * * * //

dimensions      [0 2 -2 0 0 0 0];

internalField   nonuniform List<scalar> 
4096
(
2.109376726093083
2.153291923274454
2.233387283297312
2.341564287083158
2.465758502432654
2.591756038995217
2.705568498001278
2.795225646398122
2.851813723351835
2.870131094839182
2.849119502401894
2.79193293702508
2.705503526416792
2.599634652189567
2.485792804262128
2.375811242749093
2.280682388193617
2.209542618542493
2.168879107042992
2.16194138101925
2.188335069403462
2.243808930521752
2.320294472079141
2.406280959183397
2.487576379286241
2.548424178543337
2.572863310693141
2.54619115066679
2.456441908555026
2.295906411529194
2.062828532040638
1.763427822902184
1.414209704001923
1.044041060560438
0.6947401795424165
0.4183907692185334
0.2700892502252156
0.2967785375501232
0.5244997275104359
0.9439747865494186
1.48717060216254
1.638109640149508
1.566280736078967
1.563242574207083
1.53549487955844
1.49334439667264
1.435145553131675
1.3641050306622
1.287290643937326
1.210907163753595
1.137326694045321
1.0663377682192
0.9965457038737718
0.9261638362818424
0.8538709197021936
0.7795482890215231
0.7056882449217352
0.6384246318849021
0.5853681312374552
0.5503065218654422
0.535206983989795
0.5387594250805536
0.5562645701847987
0.5776815852426015
2.127825352833518
2.176156831419737
2.262860735867447
2.37736995530618
2.505621359093668
2.632961432061748
2.746087922078409
2.833897413313255
2.888090575384479
2.903839451970321
2.880254309461554
2.82041261951364
2.730943138366662
2.621267290270077
2.502601815981714
2.386823904022213
2.285313339722112
2.207878239906308
2.161828522566771
2.151217104618788
2.176261832793193
2.232999075422278
2.313268919719552
2.405136895315406
2.49379163878463
2.562850358897078
2.595911367070536
2.578162173148825
2.497897750091735
2.347906071193425
2.12678705277175
1.840326839798825
1.503007256690069
1.139555112116077
0.786044406471711
0.4893552448943859
0.3030307846532036
0.2779624883893763
0.4495064669001974
0.8281087803959067
1.40563706332693
1.606319412450614
1.534192043046461
1.533978818768886
1.506819552157927
1.467116246394649
1.413072225179859
1.346979912240777
1.275404974798755
1.203816044717891
1.13390008339803
1.065554165694816
0.9980366168065354
0.9303009775132763
0.8616820318992183
0.7921890266365512
0.7237069021246331
0.6615133187755887
0.6125960196245284
0.5792141177703283
0.5630714077083564
0.5631291727634985
0.5769164758324365
0.5987399821223571
2.166886597552398
2.223790733972121
2.32278090747975
2.447761161057877
2.581636953374987
2.709950045936741
2.820859685060281
2.904577586374111
2.953831848127742
2.96463082475299
2.936533532810259
2.872446813732646
2.778270559039568
2.662510360398165
2.53575042114303
2.409858751024551
2.296924597475036
2.208047687106741
2.152120895446154
2.134712960616834
2.157151017583511
2.215943007182358
2.302709568450267
2.404738151295506
2.506141663649635
2.58947359016273
2.637573189877674
2.63539529357039
2.571607722225565
2.43980757654204
2.239305327919655
1.975533210899404
1.660254753867412
1.311943823482713
0.9569258388380917
0.6316112662712301
0.3844979664951906
0.2740571063186103
0.3599471585092114
0.696249114927824
1.346097351209818
1.591835079113741
1.513202587868215
1.517989124726448
1.491899017143611
1.453730688252574
1.401405059656363
1.335566420358916
1.265007928662449
1.196207478028172
1.129547506766958
1.064166278945399
0.9994559143245766
0.9345832230546689
0.8690430048942076
0.8021560004557449
0.7347088533876647
0.672639303765358
0.6250865070346892
0.5921855917650397
0.575784311828356
0.5750765501162436
0.5898530142967255
0.6171308060734165
2.236197278233626
2.306114456629212
2.420922350682381
2.556121935264863
2.693215901568366
2.81973996102194
2.925399725623507
3.001537519497432
3.042447406561398
3.045803201487074
3.012030894073267
2.943647056382546
2.845142256058338
2.72328207176444
2.587363575848718
2.448993878516195
2.321203665726875
2.216999998800209
2.14762617694079
2.120818020549155
2.139355373865965
2.200221888798335
2.294605196452985
2.408754808951284
2.525512369466856
2.62624673910365
2.69294219422403
2.710216072036274
2.667031606769944
2.55784912762521
2.382997973942536
2.148200030651882
1.863417879649576
1.541566559797498
1.19834001666568
0.8553977034470293
0.5490039886586818
0.3418458824346565
0.3272856086560508
0.6158872666030453
1.321027976591877
1.590071230418082
1.507484627645962
1.516382010452418
1.492094963999701
1.454530153082695
1.401666674471765
1.329956932399717
1.255045142523361
1.187312628370344
1.124043396468282
1.062151960353321
1.000845819650996
0.9391875456912873
0.8765276830258637
0.8101324283262707
0.7382287408400834
0.6699020664576625
0.6211358442997877
0.5875261150747487
0.5713077617719359
0.5714835830534486
0.589460817784948
0.6234497695261557
2.355599157501576
2.440243445060042
2.566320443529651
2.703516757667579
2.837506122027095
2.957675593049328
3.053098526754477
3.116161561381621
3.144184323992658
3.137683620507827
3.098189287585257
3.027364816669622
2.927464642568177
2.802528933522956
2.659642045736883
2.50958072404701
2.366317528482102
2.245271837881198
2.160712237358565
2.122991494763993
2.1363621426336
2.197994961076045
2.298362929414618
2.422659995624722
2.55274778158508
2.669251159855347
2.753642196865445
2.790261806354279
2.768151784111362
2.682374555675695
2.534362840767784
2.330966823600822
2.082284729121167
1.798844025359339
1.489269954884325
1.161061334158791
0.8299206627845936
0.5437023828384552
0.4139154192935393
0.6159283802560469
1.320690791764474
1.594304706430672
1.515059862533533
1.528125067754937
1.506558530460847
1.468843144538626
1.413797171552676
1.327144078956164
1.240562255538282
1.173761482071666
1.116106249559512
1.05927222571169
1.002644540743717
0.9455843603981724
0.8876017612088105
0.8210585307154522
0.7375356426657002
0.6537056597075559
0.6018488454235718
0.5663365673363299
0.5501306436668519
0.5514160388299518
0.5726466833248465
0.6129191996371375
2.565001057378573
2.649920816440334
2.762168141420188
2.885167762799393
3.00969804496144
3.11769031963366
3.194626355419868
3.236685421160676
3.246763199147247
3.228725206467354
3.184682987336125
3.114869614102676
3.018793427978273
2.897056775916169
2.753522324546635
2.597145240398871
2.442341139822132
2.30704655761177
2.208838722102256
2.160622603716096
2.167587693858711
2.226493159353073
2.326932843450949
2.453537025204518
2.588216712580262
2.712078242263871
2.807096586456257
2.857819293230186
2.853227259774116
2.788476996998352
2.665791590633014
2.493643668692155
2.28397166407031
2.048318592916637
1.794157383653174
1.522564296960524
1.229956541340911
0.9247835183127932
0.679379414504389
0.7039751819216084
1.313663015271323
1.600046501212059
1.536489617287323
1.555636770001316
1.540037782303502
1.504975010332106
1.451674061471458
1.3350486586062
1.223763884565192
1.15726552944892
1.108170347164498
1.056959142735037
1.004667547809699
0.9523005675974746
0.9009055129712883
0.8324117642785793
0.7245021204222685
0.6100227765009034
0.5591141346492775
0.5240638286988734
0.5091770186911269
0.5116889665492714
0.5348431227995456
0.5801710181981483
2.94291079382403
2.954544052609164
2.995709747078645
3.092627588149565
3.205343218332528
3.290453184266528
3.335768769283954
3.348193078505192
3.336932379012718
3.307282219278313
3.260623440472518
3.19566665260378
3.109655386771093
2.999989070761836
2.866751084835296
2.715769789526032
2.560501936752231
2.420424615632369
2.315567427532986
2.260185780711582
2.259151991719183
2.308235349072518
2.396610094800494
2.509723208901057
2.631462962450139
2.745477899232179
2.836060277685815
2.889191486615268
2.894186663117469
2.845873378729803
2.746468038955244
2.605647617083568
2.437526377274745
2.255677986973961
2.069246432143697
1.881708168075754
1.688142296093296
1.466349393992641
1.18758558664286
0.9454044594301577
1.243003522892954
1.592037184923068
1.570409918482402
1.597504058762789
1.588688308621896
1.55359141934447
1.492741343164945
1.26904445859362
1.135411278251932
1.101429855627581
1.084815414531138
1.04896961129431
1.008830552427353
0.9721851441358946
0.9527536233419391
0.9155105126806942
0.7886130492421484
0.5647253878308253
0.5045868814443785
0.4663492145048397
0.4507198003293544
0.4528562667774449
0.4766218750447997
0.5480922070069012
3.622348725091016
3.340984691481336
3.246749464296125
3.326189551312575
3.41632265436487
3.455806244487093
3.455458929518077
3.434658061870387
3.403050148208929
3.363440868108923
3.315698702665782
3.258018323385881
3.187168445921146
3.099209504529207
2.99146939960352
2.865873616025171
2.73224803221773
2.608044177090908
2.512045575546287
2.456460570393415
2.444220202796515
2.470589253069251
2.526300229479427
2.600257883676438
2.681065649391312
2.757538408305626
2.818772989364053
2.854431073629037
2.855824277311128
2.817969600743081
2.742053987332856
2.636738792911279
2.516016520834681
2.392956927500908
2.275389458585479
2.168209085270101
2.079567942360022
2.011705667285142
1.897525519814494
1.552753019337552
1.247365830082253
1.594588455665837
1.633609119070267
1.66759171108007
1.676880697934997
1.677890454186943
1.704201112633436
1.527834897969209
1.017830834882941
1.017380356973296
1.084621246227715
1.063441132690687
1.008250380033134
0.9810684392480419
1.031146555335402
1.013069995219314
0.5156776618376215
0.3488893977363435
0.3771525264292908
0.3739412461019863
0.3704668896772858
0.3735882328921882
0.3813075712057244
0.4998823262910281
4.715075615771764
3.788825436368726
3.561065697499659
3.5893549991419
3.603033274616582
3.574212364373595
3.530028524517953
3.4836604874581
3.437083338855037
3.38965231824167
3.340761755980456
3.289733807063026
3.235475384125976
3.176572651321627
3.111913484891315
3.041587137450283
2.968214577325825
2.898065075076949
2.838558720273186
2.793092348079845
2.762322649534394
2.74442718131507
2.736252115006273
2.734212189148926
2.734759992859526
2.734466962749742
2.729957538120755
2.717904543323526
2.695381756566162
2.660557749014371
2.613631635471114
2.557086652754239
2.496819068921162
2.437747784608141
2.381736167179608
2.328971086209998
2.285785903831437
2.281786181511123
2.358486341523691
2.366874260428999
1.889610453242353
1.734545845344319
1.764025311853131
1.769875355502982
1.781337128011158
1.815452160590438
1.858246905861352
2.21549846174216
1.867677117719751
1.455669619358153
1.272696706921608
1.132384397687863
0.978418743046276
0.8197099045348115
0.597447618850135
0.141820652295244
-0.1798476634127697
0.2053643716442466
0.2454752546706495
0.2733173039357458
0.267017961952797
0.2351418688525027
0.1438018338838797
-0.01267010969978146
4.161977891254374
3.872442656486087
3.77337327815314
3.71018880208029
3.653736604945065
3.598179356977285
3.544769323105264
3.493236162658655
3.442843125692672
3.393033844803464
3.343514116338192
3.294132839179003
3.244806423970769
3.195483471152443
3.146206058685794
3.096912403652297
3.047535315089285
2.999423623966093
2.955258254368498
2.914408041083188
2.877046824328991
2.842650832869794
2.810652833942877
2.780350178515725
2.751006635013967
2.721864817726828
2.692179285330008
2.661250178040291
2.628503810058858
2.593428407351858
2.556141858617604
2.51614235490743
2.47576211927374
2.436086801759884
2.397305145086857
2.359612176918772
2.324097654481001
2.294460401132741
2.28300909691846
2.254787752600399
2.137435097347381
1.935074783323458
1.884616942474962
1.857755948715115
1.853888067695728
1.883101154054421
1.868992670680793
2.216890725786759
2.44899599489514
2.09436732043204
1.669149986440311
1.272615466299621
0.8794294653544539
0.4582662638526657
-0.009974533835758668
-0.4020325399977718
-0.1516191258355386
0.2111197588232843
0.1967064165392927
0.2268150747641657
0.2235327500304264
0.2039411005367899
0.1581317180240776
0.09037559910122786
3.863994368361748
3.770747017901332
3.71945315097767
3.671594924634976
3.627952765775853
3.582391158238719
3.535340058524472
3.487480935285552
3.439169686486268
3.390444348744706
3.341207351881951
3.291267625439635
3.240369769996845
3.188195095428969
3.134576680429555
3.079235483496134
3.022115589661674
2.966395709776649
2.918148482393322
2.876326771783304
2.841406453548096
2.812239514463623
2.78755219602312
2.765829005625696
2.745518468470916
2.725062516688775
2.702934677071018
2.67768115012127
2.648061055020528
2.612965817540029
2.572672017681617
2.526251078374422
2.478766821392993
2.432473559911658
2.387576675019333
2.344212077533595
2.303027747818336
2.264177826241282
2.227307054820383
2.173361462317777
2.077990766491697
1.977394136029475
1.93528386348321
1.909098822995779
1.899458314220678
1.920628743197863
1.866588284198348
2.132706365775562
2.644844329853076
2.5085400264192
2.028321836427696
1.421422959987294
0.7799853321362177
0.1527382235377901
-0.3609728441990901
-0.5301280213865571
-0.03718378086690661
0.2251118111292618
0.1747106698740827
0.1973555403736537
0.1903472910591829
0.1714402776455032
0.1332072630772023
0.1117562589078075
3.789488116908308
3.749687629770741
3.717803614624451
3.674237931528782
3.630286505510592
3.583964027942984
3.536461867391345
3.488346572994544
3.439919024066267
3.39125331880939
3.34232135665921
3.293007908057453
3.243145658347401
3.192423374662214
3.140637891817986
3.086418821592807
3.027469615047309
2.968483772076163
2.920788113912919
2.879610605093982
2.84545551991874
2.816532336801769
2.791516244988888
2.769014237321098
2.747707052810141
2.726296291838278
2.70349136685785
2.677977882404496
2.648502160747216
2.613467308251144
2.573190077713274
2.523792386416682
2.474840417953485
2.429199281182829
2.385246496079104
2.34196950492246
2.299306361574633
2.256604989960589
2.21287872813515
2.160126340312333
2.088984447495935
2.017264841807923
1.974118748516295
1.945940639916124
1.931228949003815
1.946507221195234
1.878622669134813
2.123608729991314
2.706400695934698
2.690115775989959
2.229105930838296
1.521995786129643
0.7364424149417305
0.01662369942292187
-0.4685771784492627
-0.5221462682174856
8.436677402809781e-05
0.2234708988981152
0.1642114092253076
0.1823433197811853
0.1745602339965082
0.1589645275566912
0.1274105134181172
0.1263385809002159
3.789548298241973
3.749757153914987
3.717810340033601
3.674242733512866
3.630310719962541
3.584028903270864
3.536593217167886
3.488586771382153
3.440339885437605
3.391970215706922
3.343508149663821
3.294890823942868
3.246026234576483
3.196633148431551
3.146713918428556
3.092498357898261
3.026298172146094
2.956902248213621
2.908696180847165
2.868219111692841
2.836337978655407
2.810012655544905
2.787570669268844
2.767499925989774
2.748503471079696
2.729352899280718
2.708791226052488
2.685418058651115
2.657689929009078
2.623020976626277
2.581967984789931
2.523783277610679
2.46925468296717
2.423191701226175
2.379923602534607
2.33654438554698
2.292951329378449
2.248324686452506
2.201847152694235
2.150563807488677
2.092107659974126
2.035794854948723
1.99589672421259
1.968841696358653
1.952420331054463
1.964079190540747
1.893593116663746
2.14453628127484
2.717525436376188
2.7183080786195
2.275420224023689
1.560821617943806
0.7543933162741757
0.03156939750187577
-0.4325407179390988
-0.4784407330973794
0.001462442050703214
0.216424575767145
0.158047839066846
0.1726879410589187
0.1648484687052781
0.1518260145366549
0.1253740760020199
0.1324799945307472
3.86455800474245
3.771299662765822
3.719723586595348
3.671742927612387
3.628028260019428
3.582433558612879
3.535392413271049
3.487630372491393
3.439591441402583
3.391449827289987
3.343277164625726
3.295038188382625
3.246728867311287
3.198316153595695
3.151262868628121
3.097596044201369
3.017872939870534
2.928979185399875
2.885210472461209
2.848882393644888
2.822065818875345
2.800363545831691
2.781955769223215
2.765449056097737
2.749759281738406
2.733905929917751
2.716859504314271
2.697357918158196
2.673729315147545
2.642356286663029
2.604614649638012
2.530501666664307
2.466453929405263
2.420273913020653
2.377774026888914
2.333133242675298
2.287303027797264
2.239488621011723
2.189126294262574
2.135500600820374
2.079276328118044
2.026684973651916
1.986199777936771
1.958539006158987
1.941723895758102
1.95206634920097
1.89371107235011
2.17154252119876
2.672502341608376
2.628054730073963
2.202074237759822
1.547743796297349
0.8145634254733013
0.1508884603033226
-0.3000263896796393
-0.3996699009853987
-0.008283772680652458
0.2205566439535762
0.1750562245856779
0.1888294776601257
0.182672147815869
0.1717761796949078
0.1479731329252001
0.1435953242897723
4.16016298649197
3.871676682662404
3.7725481983596
3.70968243642087
3.653630841636649
3.598574388239917
3.545814159573487
3.495163684226374
3.446013874524959
3.398023055906399
3.351212693480364
3.305772742873789
3.262206899962622
3.222686269345357
3.197980491659966
3.171397809566847
3.074099755782003
2.903938665953768
2.857806703410228
2.824382783398076
2.803262669455262
2.78741706785009
2.774215866762177
2.762349390704124
2.750986569702598
2.739460276271672
2.727011291897918
2.712490409513459
2.693515658368548
2.664392407490678
2.623323775604262
2.479952586919638
2.403023221063677
2.379966289045635
2.357646456230744
2.32389274026942
2.287379933696114
2.249710943687141
2.211443003253923
2.172793807739691
2.134323676794311
2.098926528432903
2.070425936183116
2.04918245616936
2.032249169002863
2.029428363877543
1.969864138900013
2.172321424289587
2.509998131871835
2.410854682389711
2.035886191809819
1.496941899936044
0.8978522389416711
0.3433005737265262
-0.0665742128108999
-0.2284364542477795
0.001857806960518295
0.1558694640582241
0.1095860259991804
0.1098975413437775
0.1001974614424047
0.09205209450182619
0.08221733429779633
0.08475564250054955
4.722036101052145
3.792222655443996
3.56205908258972
3.589481246418777
3.602691778960119
3.573236725213635
3.528151471138186
3.48069345482189
3.433076572630801
3.385184308742751
3.336964572975765
3.287252349071665
3.234554162144592
3.189573884310885
3.190241179764167
3.176647181710873
2.884095676417696
2.752759154815239
2.777929043358531
2.777940002420372
2.774429771449783
2.769797097878659
2.764263378882673
2.758377970101157
2.752350029097558
2.746359241310239
2.740641395498811
2.735682892765109
2.731504917067193
2.730752860681789
2.747162745631945
2.641516365948367
2.424654604060087
2.404297487009945
2.389019759155689
2.338636496293191
2.279732672055029
2.215013566721508
2.139749028373651
2.052872292052177
1.959669214068511
1.872374787506976
1.805430266986683
1.766069140123081
1.744291270291518
1.722640731440147
1.705229820438702
1.872950125983015
2.135982832989892
2.068878841147969
1.807317931243714
1.423677525174117
0.9901572816307839
0.5820964038388662
0.2707535334173654
0.1268852633800909
0.2766816807538601
0.3838651444669929
0.3666379482388321
0.356366411303655
0.3555435683555233
0.3685634331851921
0.3886313684051168
0.2844171427037066
3.654897585019706
3.364765033999415
3.263074085148498
3.336912432704183
3.421869972405442
3.455509417568159
3.4482099378724
3.41934882276304
3.378928876447425
3.330424179051388
3.274199864238188
3.20755942965895
3.12281056591898
2.999367972806087
2.777255881505333
2.383196389088312
2.30231600092527
2.666454081976336
2.699729996588898
2.733505795627224
2.746943098023038
2.752873683912329
2.754529068492191
2.754344490406467
2.753432275332869
2.752701056989342
2.753319366953825
2.757484744117979
2.767799952701048
2.796413018901339
2.817619994523083
3.143269248990034
3.131626755120368
2.783411856023419
2.55563373035355
2.400745911920153
2.260337356113222
2.103743677394528
1.915250236210545
1.693710132215325
1.455666349596038
1.233058291310007
1.061265560497534
0.9624569574959335
0.9355776959962209
0.9687935588973294
1.076317116938953
1.292247133411689
1.571437893723825
1.653455883241881
1.554888159309559
1.342390113178257
1.08190764013096
0.8372738840247289
0.6738655624455704
0.6584370741072932
0.8187740248449374
0.9597264897513269
1.04674711500097
1.103331711694569
1.143612114655284
1.167106309757498
1.164033239878916
1.117918114635145
3.00826364387085
3.011988849812243
3.042298044413438
3.127566673880242
3.227945433902653
3.29951325843965
3.329751770550665
3.325583138603007
3.296428922532817
3.247533473265377
3.178819834909278
3.083618566546552
2.945193447091631
2.735018707738841
2.439697093239723
2.181172317229353
2.394223708581702
2.679349490008321
2.68320290548924
2.717401698622794
2.732605924589762
2.74200915363078
2.747423715831244
2.751097634877309
2.753923358742397
2.756706868643779
2.760663779979934
2.767916902083397
2.779985526848657
2.809664406983869
2.806543784888298
3.068936197092288
3.300725817528413
3.072464585410023
2.768236917279056
2.501878350022997
2.260116270228246
2.010795985876176
1.73495034290837
1.432779776884349
1.123772006633988
0.8413991623440193
0.6216331667084595
0.4901196321165406
0.4563993435633902
0.51943099072484
0.6740327821276927
0.8945698576065336
1.126569304296907
1.279329080926229
1.31746990684104
1.264552545621505
1.167730383469313
1.079356282350694
1.049145192288245
1.109255904351774
1.245426549348261
1.398707268684017
1.534529667499077
1.637421991633638
1.707178895623006
1.744571311077942
1.753263725141655
1.748989863430358
2.67305851211249
2.749843729689766
2.848064008613672
2.953012155080321
3.056663984589221
3.141498000674556
3.193312286946204
3.208560859720517
3.190138519407376
3.140915428722638
3.059781338950093
2.940301617535773
2.773701447433521
2.564466162529888
2.368387166992103
2.325579791001082
2.573834528669781
2.703455785536754
2.689875168269611
2.7134511525284
2.72545204580781
2.735126520974963
2.742298053868553
2.748602548919787
2.754145881810027
2.759110325991471
2.764503179605363
2.771926868555495
2.781392839020518
2.802350840040063
2.785573084633737
2.915672985632067
3.165727205885987
3.114552339763813
2.879366604997499
2.582289905528113
2.272204727900865
1.952688228882825
1.618771497923807
1.275008716149509
0.9396112068907967
0.6406486147766329
0.4081302764598321
0.2659098567947265
0.2267017328016769
0.2896277208178811
0.4367912223081967
0.6321604108390053
0.8347561564823638
1.011506771968269
1.135031989680057
1.204110921526301
1.240986940864205
1.277649164571334
1.341980079834553
1.445250065113695
1.57885810813048
1.729606927496262
1.876419120800016
1.999160816873589
2.088278993180885
2.143739813848876
2.173184793497985
2.187732803215137
2.514526858159926
2.589135014290121
2.69682011148814
2.808697747152284
2.912115521435357
2.997974110912534
3.056596578849162
3.081272018769649
3.069578081704482
3.021200595795023
2.935747964762111
2.813921817672846
2.664873838411521
2.520002984915327
2.44104820091248
2.49104505161446
2.658715877474561
2.709234186895675
2.696967122612034
2.712023290013943
2.721175756716776
2.730299210995406
2.738286081110497
2.746755433765387
2.754602815845582
2.760863359966176
2.766570999484856
2.773145119533684
2.780061272546635
2.793593654162617
2.778717797029456
2.838461274261008
3.008865108501254
3.022809661215079
2.868534026780511
2.601039396706837
2.276510781064854
1.926758882504014
1.567355951343677
1.211360148536308
0.8763381568644633
0.5844209274655967
0.3585051390206001
0.2173248190331022
0.1706658352396184
0.2150729373763838
0.3321247497470838
0.4939347515428195
0.6746398729398958
0.8567167337906223
1.024608501257415
1.170395753309165
1.298131409874349
1.419309036755601
1.54431123680205
1.677013331930409
1.816824396456458
1.962035330552885
2.103510638841905
2.228032632029124
2.325966736748493
2.395166620362661
2.439294619006037
2.462386157217181
2.451133498696791
2.507888230768448
2.598370187719705
2.699526651895256
2.794956234228743
2.874620198935101
2.930639886170465
2.956457531349652
2.947938640010872
2.904007129269691
2.827369205406133
2.727170089982925
2.623583794174009
2.549250392299588
2.537401356168234
2.594425100473151
2.685283728293002
2.70773793742739
2.70062356918557
2.710278133438162
2.71752004579534
2.726055265982636
2.734377704007633
2.745371504351534
2.755898888700985
2.762863123365476
2.768069271318694
2.773430457384901
2.778508713655095
2.7871601455134
2.777555327150235
2.811010827214095
2.903489591334601
2.905267975164767
2.788412010005551
2.562531020778898
2.261634032762696
1.921065763167017
1.56802163775738
1.223356455124266
0.9056640114003676
0.6330561911322028
0.4222838284248241
0.2861590664592929
0.2302651064610308
0.2504438157436332
0.3334539595435881
0.4619242592627395
0.6202371095371447
0.796580518471158
0.9807416981845571
1.163819635532591
1.340358536711604
1.508517993284417
1.668143041752111
1.819729617849207
1.964798790576275
2.104388963476609
2.235977461571765
2.353605451954796
2.451165578965341
2.525399763625368
2.575765184641016
2.602346252491765
2.43957093022006
2.479270834531608
2.546483579533643
2.626966650973581
2.706458458368463
2.774109891296159
2.82207554103533
2.844567342498937
2.838243507759288
2.803561721086292
2.746504362559662
2.680120704077536
2.623979316942767
2.598144349318251
2.611101943438741
2.65081145460679
2.693591166010073
2.703877713954057
2.700809388843322
2.707169367161028
2.713013785040259
2.72097713668686
2.72905332008211
2.744552608636091
2.759849281750454
2.767267722944478
2.770628511538643
2.773891058442505
2.777162644477762
2.782515236682353
2.777410396469952
2.799572403749553
2.835970436841219
2.803022783786148
2.690490158210853
2.495710985273192
2.232745460444946
1.926678013077067
1.604238566990577
1.288776758113052
0.999509343639171
0.752176451199102
0.5591910548316725
0.4288152064804311
0.3639063607530359
0.3614310877039269
0.4137786854992451
0.511437030682795
0.6451725922138081
0.8065517421360794
0.9873016628439975
1.178427417047388
1.370776243342833
1.556474035881545
1.730161059376191
1.889643156740562
2.035387755534597
2.168663504596102
2.289780426833145
2.397217722325596
2.488160184738301
2.559708091952903
2.609555573776003
2.636139994705673
2.456308743831939
2.482610283998475
2.52863400837326
2.586402053854145
2.645928050375617
2.697897755908812
2.735120930188629
2.752906914539218
2.749559396689118
2.727398595117446
2.693663876554
2.660010316741603
2.639210295162524
2.639038832770311
2.656802886504881
2.680369911611728
2.696267610192983
2.699080036501329
2.698452276346904
2.702690538572433
2.707417540340356
2.715095719402168
2.722155046538413
2.74708008007989
2.762255699007747
2.767674594548973
2.769991339669203
2.77398534904117
2.778046050577522
2.782370708178617
2.780197949836245
2.78815375718178
2.782874637206885
2.719499125537616
2.60193095779459
2.428465309538054
2.203653515410265
1.941717885927966
1.66268257159304
1.387061186295997
1.132563385391987
0.9129645606428933
0.7379951638119041
0.6134150026781753
0.5411831911470861
0.5200390188870601
0.5465523059423426
0.616140563784136
0.7235222192942701
0.8626350009232245
1.02632123425313
1.205945923948763
1.391754054431554
1.574301277596837
1.746234237469366
1.903342556230755
2.044311918860812
2.169583859639091
2.280114032212624
2.376285633589435
2.457333273407734
2.521471006012845
2.56652493313615
2.590701826332883
2.487567482207432
2.503841695807961
2.532818595496572
2.570236466242093
2.610008388751404
2.645618186841114
2.671671911398097
2.684991784361391
2.685325650071577
2.675778694011592
2.662542091988851
2.653209746439223
2.653580160630651
2.664355567271841
2.680322706866558
2.693151723644506
2.694920599639304
2.693351512056871
2.69376813771112
2.696006775905473
2.698403521733964
2.702439732679865
2.69642581861071
2.723908540306651
2.815608390931745
2.809235963111526
2.784443604633664
2.772431872131583
2.770973142627018
2.771605563521673
2.766680027611199
2.758053950050556
2.728322013343694
2.650474062922742
2.53329621228472
2.377991864436717
2.187102408227223
1.968542197733572
1.735309552487623
1.502575188997625
1.284588510221379
1.092779887043503
0.9351432160278796
0.8164496329154517
0.7388925889509141
0.7028783228453961
0.7076547436938206
0.7515221925148448
0.8316483092197721
0.943749087283144
1.081855781740453
1.23830368267542
1.404204829465426
1.570575888403186
1.729751452992605
1.87638469938438
2.007649133296299
2.12278687196719
2.222291156703317
2.306939247393858
2.37697001923332
2.431747520321174
2.470022039442255
2.490536278492011
2.524690518686882
2.533621833537534
2.549679546666972
2.570769249139593
2.593692518950887
2.614765630084309
2.630862205880985
2.640419301566281
2.644027622006696
2.644386718487733
2.645443282441585
2.650720347510725
2.661420708819892
2.675465375605829
2.688299716305055
2.694789877907625
2.690405076503916
2.687141684997824
2.68796077496333
2.689006688561624
2.690048285363368
2.692225062924452
2.683094400797505
2.697533384196164
2.8283787662636
2.843384444658163
2.80614638276065
2.772414589382662
2.754758595172098
2.745554166350203
2.734507577715132
2.713405875893092
2.672816405472923
2.597306330500763
2.489012107912139
2.352144205596832
2.190623372576989
2.009916160103348
1.818119297843437
1.625216784528063
1.441346778799946
1.275242845991876
1.133469691281889
1.020456251621237
0.9389937550380165
0.8907852098537044
0.8767230903062775
0.8967929936240192
0.9497382171291433
1.032715740262498
1.141125202386996
1.268722793186629
1.408076099615493
1.551362050242197
1.69134780925117
1.822250660389344
1.940224905136854
2.043382851615799
2.13138015726704
2.20471382373155
2.263980375582506
2.309381110976256
2.340639525354697
2.357261725646546
2.56201545924646
2.565712845867977
2.572432158353112
2.581411527408926
2.591437034730077
2.601082565462148
2.609224996133953
2.615605749929113
2.621090517873649
2.627386170734652
2.636217356223629
2.648277253639316
2.662526334484546
2.676336409170014
2.686402207697083
2.689707228380319
2.683910158918656
2.680602405400806
2.681468569689067
2.681922519472666
2.682410839235468
2.683915180907571
2.678228055158055
2.688573360154983
2.75792448093953
2.800356501443974
2.797678638835539
2.776403457327758
2.755834176337859
2.738799544980879
2.719320292590209
2.689032000859053
2.640834151315917
2.568892080659761
2.472210492317547
2.353632322409281
2.217160351186695
2.067261745370618
1.90924053821446
1.749313247589403
1.594050281000625
1.449590476285485
1.321114991753598
1.212754992973968
1.127782870026322
1.068806717065504
1.037768315615881
1.035725639664386
1.062537407524403
1.116594029383228
1.194701902406801
1.292177260966319
1.403142714062662
1.521023749593283
1.639236448292962
1.751958564588536
1.854771475105619
1.944967151548739
2.021437591663989
2.084227049745784
2.133935912517224
2.171198281584109
2.196396234142466
2.209646197722392
2.59580950389653
2.595923839719601
2.596231918469496
2.596833086994287
2.59781635644826
2.599296571809862
2.601540955010509
2.60509989590869
2.610770067780027
2.619282665004429
2.63080566271904
2.644539517119605
2.658702801019811
2.670970443434439
2.679093693859885
2.681322368234115
2.676468495506636
2.673824762005188
2.674547443993286
2.674693755978575
2.674873596843255
2.675745152685048
2.672593458735016
2.678432754953747
2.709447098448584
2.749851275329178
2.771712330629637
2.773005631986273
2.762641431573705
2.746271485856604
2.723117706959492
2.688812801082054
2.639174056059472
2.571869744242938
2.486181766493349
2.383656011612782
2.267328151386508
2.140759855325189
2.007696196730541
1.872078103318291
1.737998441515626
1.609526569058725
1.490550108250191
1.384735195952563
1.295543288532182
1.226163485937043
1.179287973810036
1.15678788640249
1.1594145806287
1.186613587862352
1.23645554855815
1.305662078091706
1.389703343506612
1.483057179852457
1.579750179983717
1.674125117018267
1.761576573923806
1.838991268193354
1.904784494326156
1.958599595359404
2.00082283782549
2.032101991871956
2.053011260240396
2.063915941740157
2.623661064595727
2.621442392984137
2.617588089790805
2.612756697484725
2.607844122319217
2.603883569659974
2.60192704262469
2.60290290383502
2.607424838068893
2.615563446715086
2.626672337126453
2.639401921546347
2.651959227947728
2.662511380337226
2.669524447914922
2.671881246742604
2.668750900275051
2.666889727173835
2.667412166243096
2.667409660472028
2.667412424601043
2.667802337104511
2.665788312904829
2.667842540991982
2.684669003926349
2.71718755672962
2.748460076336739
2.767619051186241
2.772699129794854
2.765459807295058
2.746654243080243
2.715173001587979
2.669436276167888
2.608602243571525
2.532655245909302
2.442702054735933
2.340915698165926
2.230038659807879
2.11292899609964
1.992380923787467
1.871129802737384
1.751918610740427
1.63759726553044
1.531243548879731
1.436221350096648
1.356051314699392
1.2940510782905
1.252856921081286
1.234028525667864
1.237874258965853
1.263429136164752
1.308393372516148
1.369099133607499
1.440723688909511
1.517842174637776
1.59519769007982
1.668421444664912
1.734448663500941
1.791541346395076
1.839007440727257
1.87678491036089
1.905076958390137
1.924118671156605
1.934079192800605
2.64408753533032
2.640410647235119
2.633967089740999
2.625766710135833
2.617171154085641
2.609696133706217
2.604759528504958
2.603416329149718
2.60613279418348
2.612661063449185
2.622071069207903
2.632955799147689
2.643747645517975
2.653015250725237
2.659611876078738
2.662617676400889
2.661095886813737
2.659850798019309
2.660200653625148
2.660148606731757
2.660089473806535
2.660285681426863
2.658828053668746
2.65990017725756
2.673155072762608
2.702066855908005
2.737431318670471
2.769038029424131
2.789963932041564
2.797286143188847
2.790149156966578
2.768139081843281
2.730906764002542
2.678413832821886
2.611124963266056
2.53012784557229
2.437176136736314
2.334522881574839
2.224637176928202
2.109978296397152
1.992892776114815
1.875624029658351
1.76043725421216
1.649857814693706
1.546924562028594
1.455247087998106
1.37869036924768
1.320737059952773
1.283816299618353
1.268930572771396
1.275662716820497
1.301920079924933
1.344028801760625
1.397426098595903
1.457421079520992
1.519698373420733
1.580706685732871
1.637867764009038
1.689511264300149
1.73451480787363
1.771989635136322
1.801158443908123
1.821356894459939
1.832097654739745
2.656268386023902
2.651662529691329
2.643573224852013
2.633227709597787
2.622251114498788
2.612404032704231
2.605269412293319
2.60195337294898
2.602875852872107
2.607714539832898
2.615524342627963
2.624993036184654
2.634736472670803
2.643515739199637
2.650288113269032
2.654066268723608
2.65362731351661
2.652731653690722
2.652971406136908
2.652916095984021
2.652852659168279
2.653026710216606
2.651744375564109
2.653216326165558
2.667553079993003
2.698376636584523
2.739362754335914
2.782292386687625
2.819155078595802
2.844063397855493
2.853588075983174
2.846084142821236
2.820971879612677
2.77835523766916
2.718889768761074
2.643724076955003
2.554489194253729
2.453277449385446
2.342561010054212
2.225052771771388
2.103523487183395
1.980604904511187
1.858680169648385
1.740015717907483
1.627181014253868
1.5235178114718
1.433206454275248
1.360659002634841
1.309465008619744
1.281388269851438
1.275978810114025
1.290032029907863
1.318533601873133
1.356781557164792
1.401521732331997
1.450484995518863
1.501771721628922
1.553634768379895
1.604437375515649
1.652203635903813
1.694634683335832
1.729374296850637
1.754302487617557
1.767831687208974
2.659864375249968
2.654568514381614
2.645250661096004
2.633286550777714
2.620479271306508
2.608759105160893
2.599844953498998
2.594939793506859
2.594534229563481
2.598368894383718
2.605560252118842
2.614840767396866
2.624824921668293
2.634202268924559
2.641779772999196
2.646342292896102
2.646365203318954
2.645542564738456
2.645741600023344
2.645701408315799
2.645658916798454
2.645885126957479
2.644541471069335
2.646554208164962
2.664120381292526
2.701235226457971
2.75173948617475
2.808212437695845
2.862457593466083
2.906914766184135
2.935871929844706
2.945814344961894
2.935084804323475
2.903334545780888
2.851073519156247
2.779391196791599
2.689851455187556
2.584527503802642
2.46609417816205
2.337865827392958
2.203659656900367
2.06741266349455
1.932644576414605
1.802097418154353
1.677966866461513
1.562796404783267
1.460410211714647
1.37591846543401
1.31453450971357
1.279758774735092
1.269778917543133
1.278177201129743
1.297326245384333
1.322340993662608
1.35246841746789
1.389208548904388
1.433496338198497
1.484700528932027
1.540609603208037
1.597521296726813
1.651032944683128
1.696634168270471
1.730233901114279
1.748740128579861
2.654895445986637
2.648944331676702
2.638446450475239
2.624903722917252
2.61028985446403
2.596731806792192
2.586156155059279
2.579971967750827
2.578857538052582
2.582693633778978
2.59064690068322
2.601367417254885
2.613236205053025
2.624584796427399
2.633808432758294
2.639312716074507
2.6392826460981
2.638285405149074
2.638501741483957
2.638489512524099
2.638486722695033
2.638800471585562
2.637286172922076
2.639675158617986
2.661415504053282
2.707854837240078
2.771797972203379
2.845177831185116
2.918953395149828
2.984209898661326
3.033561116523619
3.061915005403925
3.066416216127749
3.045929777803771
3.000475093320512
2.930826221957599
2.838340917054072
2.725013416233283
2.593694686026485
2.448351344487032
2.294146191221544
2.137080249412379
1.983066097818723
1.836707109639156
1.700591926510061
1.576020682533049
1.465126736758228
1.372693365758077
1.305665037665182
1.271976611911829
1.264784821005978
1.271892120462021
1.283994578099057
1.296916402708421
1.312349896008981
1.337320988104319
1.377346414733014
1.433737499300274
1.501684391350563
1.574688051566625
1.645693587952765
1.707539309026731
1.753721114384709
1.779338223790817
2.64165150525918
2.63498693920219
2.623187046906587
2.607872851702694
2.591207260247491
2.575574092915522
2.563210209178246
2.555857587540837
2.554500384272742
2.55923207515472
2.569266051700157
2.583072722044933
2.598606219132457
2.613570024343747
2.625652093812481
2.63263841666739
2.632316859853478
2.630955622230521
2.631220117958708
2.631264021410154
2.631332622746634
2.631774266596149
2.630061548896911
2.632690533402418
2.658993235893199
2.716891252920616
2.797458570360266
2.890516907059329
2.985110543787444
3.071001894394584
3.139908741380888
3.185931032833461
3.20533459222657
3.196072611354669
3.157328121577973
3.089205114965375
2.99260064872687
2.869268907392625
2.722085722351155
2.555470884938612
2.375787415758316
2.191339336840623
2.011480088837876
1.844612489986909
1.695757349380601
1.565563096582559
1.452731524803758
1.359359534104685
1.295067202434839
1.270633822028853
1.269900289999509
1.273966736825982
1.278078110848142
1.281259746594767
1.284084825618239
1.298053624164262
1.336378332245336
1.404610532225472
1.491359951954377
1.58701127589684
1.681363728032765
1.764099497655602
1.826043725636034
1.860435700996024
2.62061649592967
2.613212828093509
2.600039639560342
2.582807415738933
2.563855375822447
2.545848541317804
2.531403454301489
2.522700755467812
2.521151175680286
2.527171031253247
2.540096486365485
2.558236970928264
2.579052229466265
2.599433121474635
2.616049788471658
2.625677716267612
2.625338220773057
2.623541826282465
2.623835475192648
2.624001094372348
2.624199965367883
2.624843678150762
2.62293651609053
2.625585041282934
2.656697941988265
2.728046612261233
2.827499117482419
2.940975774557522
3.055047207918539
3.158862134865132
3.244402229133613
3.305865373502865
3.33900954565908
3.340758255115051
3.309058687604615
3.242899561162653
3.142399086412096
3.008926710517488
2.845306788864462
2.656200742487986
2.448685774311664
2.232785137805202
2.021295234540969
1.827965760856367
1.663574547817267
1.53142885141729
1.42663990168568
1.343296982740011
1.286210232948987
1.271510472461055
1.275269113583911
1.276072871486613
1.277003794255023
1.278328193446689
1.275425412688709
1.280742177246661
1.32015851244851
1.402925098142801
1.513540286286426
1.637151743031203
1.759017388632414
1.865316828805976
1.944454689526705
1.988229316959692
2.592400092334107
2.58439072121917
2.570048892211395
2.551088534200674
2.529928147140033
2.509437453944912
2.492586290679347
2.482036869547241
2.479740896196977
2.486608113315705
2.502297254449159
2.525150820699774
2.552271554341271
2.579739417340968
2.602978610365422
2.617245508841661
2.618068689687614
2.616024257369798
2.616242571228865
2.616662878485821
2.617097853335802
2.618096037859427
2.615947982137732
2.617967396993995
2.654885037732528
2.742450927501715
2.861361395808992
2.992133140821081
3.120116792602342
3.235810084442771
3.332856943599332
3.406237325275397
3.451359845176077
3.463894870698352
3.440076763282775
3.377234380821164
3.274312632061624
3.13220030650577
2.953834029964622
2.744251260699819
2.510881385922564
2.264254728897319
2.018864907578036
1.793069468108836
1.606017590221302
1.470186073364895
1.382629173874639
1.325302343720028
1.28292755525974
1.270718398452675
1.273692729849636
1.275602390451383
1.277590294911246
1.280436112170394
1.2766204257289
1.28056611810554
1.328948163758469
1.432909422049949
1.572653484840042
1.727381622277206
1.877583198187237
2.00655515769949
2.101372021374023
2.153424488839371
2.557689822402235
2.549480016675661
2.534657438753247
2.514777145476416
2.492117256479779
2.469517871940923
2.450115209029584
2.436979834388564
2.432687453104734
2.438877756432328
2.455878747792908
2.482464437566805
2.51576945512478
2.55135097641146
2.583415177766334
2.605267905859878
2.609951294500917
2.60837083493765
2.608271720915202
2.609187501198277
2.610054249427802
2.611754727729813
2.609129055024836
2.609636953938127
2.656399963849836
2.763366006280651
2.89775171152001
3.036591914320151
3.168106843837382
3.28658028101648
3.388144843249025
3.468744015021634
3.523408708127193
3.546332532193083
3.531579458986443
3.474212560219512
3.371480696473764
3.223639293734536
3.034109530983506
2.809013261365811
2.556529433183014
2.286778190808844
2.012894886770275
1.753268917510963
1.532961585625098
1.379190518371634
1.305498773086646
1.290890977452771
1.282491300215114
1.270869790999493
1.271207766221669
1.275304384439928
1.278128956805117
1.282563533753509
1.276090089941736
1.287408179860029
1.361585176961911
1.498816422020862
1.673188228651041
1.858752167969567
2.033046810559861
2.178723162038709
2.28370491266272
2.340666879764522
2.517252269430514
2.50960374657052
2.495635518181785
2.47650413139649
2.453988115040922
2.430465411891099
2.408831046831009
2.392310485825797
2.384108144760067
2.386880649646383
2.402128902075432
2.429672069447367
2.467318380906411
2.510717175437257
2.553320282691157
2.586502621482247
2.600026270270675
2.600534047770932
2.599673228980916
2.601479774859708
2.603162567721053
2.606375712130788
2.60294358998943
2.604651324977555
2.670504596110933
2.794430906744751
2.930506463104086
3.061499908189812
3.183058207243114
3.293676717278501
3.391537893078054
3.473406880627545
3.534007211413711
3.566083286674757
3.561333812941356
3.512075018373038
3.413235649558258
3.264047995853741
3.068698663352381
2.835482826671228
2.574735088914273
2.296642463662701
2.010613085723707
1.728061081268557
1.469312507785042
1.270594193362883
1.177035434526076
1.201827069315897
1.265218470966561
1.269673561298511
1.265309003243711
1.274482262819536
1.279377194436187
1.286815827446346
1.275741391851186
1.30109585129599
1.422630711419277
1.606680014485883
1.818654067738667
2.029355334402724
2.217044322604527
2.367490467954001
2.47261720803164
2.528621627906521
2.472019256498148
2.466096634782457
2.455062190234129
2.439368707530566
2.419801317441905
2.397636595807102
2.37487271153468
2.354403106988074
2.339913920077412
2.335354377259388
2.344043504159089
2.367694145261199
2.40567680197055
2.454626899001461
2.508190970500197
2.556693274419464
2.586942838308048
2.592434935834639
2.590084289756156
2.593310110030599
2.596433669359885
2.602627577765392
2.599338793932696
2.619674441391563
2.711228031199277
2.829680101231001
2.942304326030038
3.04775109848316
3.146736969508559
3.239128499279585
3.32433090132614
3.399995052972328
3.460883565656918
3.498789842998545
3.503483005297933
3.464601304706458
3.374321332045127
3.230182558441073
3.03687266354111
2.805613559270178
2.550637234448967
2.284083241543149
2.011926431509263
1.734272840043409
1.453257244755739
1.190802786858822
1.010731583188482
1.006985808671002
1.1784060908865
1.261900228875383
1.254694449219913
1.273337246053625
1.281869516425112
1.293739923317026
1.275400612152933
1.3251254541783
1.521629947723474
1.763340404249947
2.009436962091236
2.232107283162131
2.415472723903317
2.552965402748224
2.644085288541133
2.69103124769701
2.423290611513039
2.420672364357769
2.415415451170006
2.406897751998066
2.394295334370344
2.37698227158191
2.355217511733208
2.33085468607091
2.307673016825346
2.291021858734634
2.28671880108744
2.299479685720681
2.331456473775977
2.381405749677604
2.444430400780336
2.511621637481285
2.569235970199414
2.583936859023125
2.579015614241851
2.584157047397853
2.589402795392362
2.600369452007946
2.603355391271437
2.675960314832894
2.767187523099274
2.834684362287819
2.903043526251342
2.97333354559483
3.04099510331161
3.105982286988795
3.169295095253228
3.22954298134541
3.281973947056477
3.318546202737548
3.328566893377229
3.300251759898466
3.223520117994704
3.093721773531398
2.914957579273516
2.700682392387444
2.469422795677675
2.236698697469926
2.007299051141714
1.77239958841523
1.513750382518262
1.217939037841743
0.912923678761199
0.7426310935972237
0.9825418973887806
1.23727925980119
1.242153101885895
1.273857179985488
1.287124789293549
1.304328688523191
1.275251901969812
1.363175182953912
1.666952286320055
1.970957105146683
2.23882647832513
2.452393101232118
2.607679113327616
2.710261819262236
2.770557502060707
2.799018317511709
2.373075130076679
2.37575108560284
2.37983499231033
2.383131855906613
2.382464954278714
2.374470396338209
2.35685938948947
2.329670074833348
2.296085317208178
2.262519443198042
2.237690407596396
2.230594050220011
2.247929669512984
2.292181697394244
2.361274898507982
2.44919259343135
2.545871791568497
2.57481392225026
2.565875131390171
2.572775030157207
2.579185435320428
2.592457480907266
2.604461600700228
2.712841350725089
2.738946646610964
2.743877255792486
2.780721701740771
2.817160881600481
2.848121464017683
2.878910790013589
2.911860258565932
2.945731117568752
2.976834565126724
2.999107701636091
3.004069939307966
2.981577681278228
2.921908900279885
2.819258267824273
2.675736815644714
2.503556858444691
2.321981033555452
2.147539719147011
1.98480278575656
1.82284503098045
1.637615521826293
1.399859898888926
1.085013656524357
0.7339038319465843
0.8880353818678709
1.233549752600922
1.252902909676444
1.285713563270926
1.298843643289927
1.31961064583485
1.275623024845927
1.416103356390606
1.856976147600225
2.219316475294705
2.488509129142094
2.66627609895468
2.766592505156056
2.811145669705618
2.823848505206679
2.824756521936669
2.324592198982606
2.334987834132825
2.352608730997972
2.372872451885168
2.389354093800408
2.395346130430601
2.385639891410213
2.357924118765077
2.313859363580578
2.259875191011145
2.207145749384453
2.16987910881324
2.161703335934858
2.191593386231358
2.262141399811082
2.371617150295566
2.517179189461975
2.564658156158074
2.549854176505666
2.556767814220896
2.55937848157687
2.563096009217721
2.566670860242351
2.544277903566683
2.484749085507912
2.515457744803822
2.549185923689692
2.553827115247672
2.549518714754582
2.545099004492394
2.540899511617492
2.53557155806821
2.527675669798784
2.515287325676448
2.49570540651353
2.465601687663171
2.421688458760104
2.361882726020348
2.286755406541246
2.199930362320412
2.10974244732969
2.023078496538805
1.941749734168227
1.861008187982286
1.770172261477819
1.668374210317044
1.596852395162199
1.541245996301971
1.414010774375898
1.321242260371748
1.321628034974317
1.322412196325629
1.321125259929126
1.339663488000186
1.276713912901979
1.478946839631422
2.072575147379318
2.480566406771077
2.726271924801879
2.840250682557554
2.859985294795034
2.826760273307656
2.779192381265258
2.746347346372215
2.283001559904965
2.304064259996671
2.339880672599036
2.381992042068738
2.41979035734224
2.443326633531518
2.444960793406578
2.420039155022275
2.367825103389104
2.293088747834598
2.207629343877627
2.13025973681522
2.083627067231776
2.087736781293485
2.153869814154259
2.285318583872317
2.485999624646212
2.554599646953314
2.533505045648216
2.54136102873395
2.541687176662828
2.539489957725842
2.531004456642565
2.493997789572016
2.465810758353285
2.463197052957213
2.462806213518787
2.454779912966556
2.443653623874791
2.430171073966712
2.414152836882292
2.395226991252556
2.373023497548818
2.347135650388162
2.317122569869378
2.282535350006661
2.243036503460615
2.198308225485327
2.148853393848477
2.094202803079138
2.03782197807539
1.981457810862299
1.925400133028974
1.869621725924517
1.814001331249256
1.759388035652866
1.715675892325335
1.671196884494155
1.552893327620795
1.420909616167627
1.376028149270064
1.351642996206532
1.338513236009585
1.355539111136716
1.274758935682951
1.538702288157475
2.277357694494692
2.711004528380375
2.907899588437918
2.933081350201509
2.853117054025101
2.731580039934681
2.620191022537908
2.553200059731638
2.256576851078872
2.291864262129881
2.350413293673947
2.417424053453721
2.477852829294118
2.51992351908632
2.534855384793849
2.516155098349289
2.460413359632362
2.369311544263004
2.252280716017583
2.129156343967587
2.030611025094174
1.992560845510309
2.043821038769599
2.196656256994912
2.455621190751344
2.545184631861144
2.518102869579149
2.528641142448003
2.529806114151066
2.529133400804069
2.524707524405793
2.510543682071112
2.496754424883549
2.493005099619338
2.490709349045575
2.485166017153452
2.477292980714675
2.467324120415671
2.455209029992691
2.440546780546248
2.422705697942512
2.400823636719318
2.37382778083143
2.340492199606389
2.299702691249204
2.250361175701526
2.193217762763217
2.127169701881301
2.059471738693658
1.993417819851697
1.928721172038834
1.864310614783157
1.79924422416574
1.732852870601321
1.667994569157716
1.60181573674127
1.515432988446461
1.432633576852476
1.387488430173684
1.358803961409523
1.342182108936486
1.360611764626921
1.267262968198708
1.580191673821838
2.428618681465404
2.860145794561164
2.982472662684077
2.899715365685267
2.713663643944348
2.5091690708529
2.344073972769043
2.250409797544829
2.258911359279006
2.31217914122299
2.395770108801985
2.486085712301533
2.565921526083341
2.624214283823381
2.651910156034647
2.641270413986048
2.587266329102055
2.488782451252844
2.350358538898149
2.186436747132226
2.027956265194368
1.92554680548675
1.938176951047587
2.104572372587376
2.426660862739515
2.53616334195892
2.503275322527548
2.517489402269031
2.519907132026098
2.520318398712045
2.516637827096943
2.507382881872624
2.497351274188901
2.491136217913683
2.485335793045501
2.477862042769432
2.468751219486828
2.457859949452732
2.444984583676199
2.429741882642455
2.411592509889857
2.3898047069917
2.363433700970705
2.331294518230752
2.29215785981331
2.244165796826134
2.188162240951302
2.118886639328521
2.050084873136627
1.986493758021483
1.925584706697637
1.865319142778788
1.805089870451316
1.743809630341022
1.681156802294899
1.611691740176149
1.524076965428519
1.438967542603502
1.386061987438749
1.352099040049762
1.332999257993642
1.352815104157424
1.253848993995114
1.59116824373022
2.492467013594013
2.88109505663856
2.897740358761954
2.698090797519874
2.420947282622622
2.160173838668704
1.965942734013246
1.860019649334481
2.313580987984573
2.385639742704719
2.488263135709007
2.592107975360353
2.683822964562465
2.753374290551702
2.789938773416339
2.785513361168129
2.736391981272098
2.64133609785944
2.500164342983409
2.316486544119191
2.107715735281431
1.922282693724359
1.850312096807887
1.993988708453631
2.387789591716167
2.526342341992454
2.488776080175421
2.508698514141408
2.513680818541647
2.516169971753937
2.514288878817243
2.508383927051208
2.500989708303699
2.494441350279287
2.487596734250147
2.479625066366541
2.470410398792864
2.459761044742964
2.447459379511513
2.433157482466391
2.416362502892135
2.396367014368999
2.37218169622831
2.342409836828565
2.305342453321399
2.257639787796472
2.200533608439478
2.118947829319441
2.042496169449443
1.979618737055929
1.921995412312156
1.864856170316068
1.808199119246167
1.751097608373109
1.692496798248222
1.62115806481119
1.520607680399286
1.419915096157129
1.362397593435804
1.325733874646505
1.307391820996781
1.329894158708677
1.234858773205932
1.57280367415946
2.45651577336226
2.730866675008429
2.603963044584293
2.30310282878267
1.981148257149907
1.710746024217273
1.519696968457086
1.417750453045186
2.464162155086354
2.539268350194292
2.634150654603848
2.733781417375822
2.8296285423281
2.903463144409862
2.940179686670308
2.935159548560567
2.890121242274387
2.806794807350756
2.683302917854946
2.513714467641962
2.293238499942609
2.038168913681914
1.829921530286296
1.852063481349634
2.300118423397058
2.510737438094989
2.474382023322685
2.502594119807223
2.511162825599601
2.515548305952426
2.514790702098194
2.510349738228294
2.503949678304076
2.497067052718292
2.489555994822603
2.48119022747101
2.471912565064362
2.461588165091879
2.450051126610447
2.437039362552019
2.42218861795076
2.404937442862819
2.384415495905375
2.359251153698541
2.327417430797106
2.283943396849315
2.231248306058542
2.126508096863259
2.035637829550006
1.973506577696681
1.919735186994337
1.864926474313817
1.811731606494679
1.76057828468162
1.71122946929982
1.638022113403113
1.50491633477729
1.366826173707485
1.31045564935212
1.275495857569389
1.262863331355952
1.291324288832989
1.216007924174435
1.568904557846925
2.318451017407231
2.351763199594145
2.06846701699906
1.734632004572247
1.444051419531776
1.215228237042838
1.053725977593367
0.966609733949933
2.792637980757902
2.795419358183423
2.823865919232273
2.906189999974106
3.002257083079537
3.067726184573357
3.08952672619873
3.073913585311771
3.029566341892681
2.960969065356081
2.867297314944392
2.741179354078603
2.565801844191688
2.316132191908098
1.993973505361013
1.761590400266703
2.128011319846044
2.478868260568224
2.463952875437212
2.501805237791814
2.514247332501097
2.519571564816284
2.518866559142023
2.514509947945517
2.508046590424331
2.500650500712078
2.49261477284274
2.48399495572259
2.474823525673595
2.465039842487447
2.454560525587302
2.44323961398973
2.430898758294154
2.417175103721293
2.401333426433902
2.381959591272479
2.355883117400197
2.314937046152665
2.257640589366551
2.055607626499372
1.950227543203693
1.923479661241987
1.901329516182513
1.86354812187487
1.823627150790218
1.788996217684837
1.777108539704238
1.741714381578649
1.579369895779851
1.3077586390385
1.24211156777145
1.20616694719885
1.2007893716659
1.238122344972456
1.216458225867004
1.654905069962608
1.989354224388451
1.667152028981082
1.333190280714889
1.092858397208966
0.9042681713617139
0.745891729287119
0.623369427125586
0.5521463872117224
3.434322538298009
3.143788209422216
3.041340984352335
3.114038192236257
3.197370292322092
3.228740167755332
3.218313686838711
3.185209005068907
3.139154152431933
3.08340043812782
3.018181442259282
2.940484742638295
2.841176222483658
2.696558156631914
2.447094678208081
2.042563028126174
2.044757268763467
2.456370061222814
2.478243650484288
2.514858270015901
2.526395073603863
2.529441113386918
2.526728123879475
2.520894653314707
2.513314394984028
2.504942129654551
2.49623143219383
2.487323568552988
2.478288664892728
2.46913067795297
2.459872243949314
2.450519305629639
2.44125557148226
2.432288138515484
2.423856474818065
2.416554111911336
2.410418495052108
2.408581064379494
2.433447207734488
2.284004769288325
1.942791244244523
1.920867069520731
1.916851357110069
1.860089360565696
1.801845053440553
1.796448819176103
1.901203107150113
1.912660269691947
1.253438074702046
1.036536155782495
1.080748681185563
1.088449584719533
1.103911603270274
1.14753921203873
1.201768211042089
1.640611200615811
1.18256638926005
0.7341701443194498
0.6125254716132386
0.5533709356810077
0.469395888301916
0.3734731942014201
0.2869563153261134
0.2240931708026083
4.498883566973531
3.568968482510602
3.338689867082372
3.365990162229939
3.379052740181105
3.349407692324617
3.304072595791755
3.256280000451159
3.20821575216851
3.159770865304409
3.111027046147097
3.061058001665287
3.007913495339015
2.959009052307601
2.946824413729005
2.920553529549915
2.654343041842739
2.537548698435647
2.557089257106304
2.558321285926664
2.553410067393739
2.54690968583733
2.538679318971974
2.529458437151718
2.519667113678917
2.509756291857442
2.500121297981032
2.490824032347716
2.481905045515876
2.473336822058719
2.465226240664978
2.457666832088591
2.451239238805667
2.446689579820093
2.445140975424032
2.449297182512666
2.462566322456928
2.501034986852621
2.534632825820822
2.972312215015846
2.875567926274713
2.37113952947318
2.046043609803979
1.826603418137641
1.661178508936274
1.536907840741777
1.358312387514548
0.8674912739175923
0.4040793401534929
0.8480478233526362
0.9075351994786897
0.9530440913791589
0.9676643373946454
0.9710939372195087
1.007512516175068
0.7827214747401003
0.1232084647120547
0.1496450281315737
0.2683246152852807
0.2715470695559618
0.2199681502711597
0.1589517270937572
0.1054830588665944
0.04624104468123557
3.936574697579472
3.648085333768602
3.548980620096622
3.486169047640172
3.430203178032071
3.375272554757169
3.32268653984098
3.272267526275547
3.223413862891756
3.175790059835156
3.129427733171602
3.084530942040018
3.041543435313494
3.002219711746644
2.976318041207449
2.947476670774096
2.858854690318436
2.686805059780638
2.637886717954216
2.604641742447483
2.582688932963578
2.565953293759694
2.551626692321635
2.5385628642671
2.526158396344341
2.514385818946514
2.503697808227562
2.493954082646483
2.485102216926177
2.477003097002669
2.469781507998572
2.463401451397565
2.458778045973771
2.456760861344668
2.458280510070487
2.465752223825834
2.480848393715016
2.520501411939761
2.517473755006844
2.875448586459314
3.143988069666176
2.739051710569856
2.219021177275157
1.754480116979155
1.343594288340183
0.9394380202903757
0.4880859526354224
0.09368533994892984
0.4030893275423745
0.8414200579519595
0.8230445943733067
0.8599291849524756
0.8524853070087878
0.8116919273989706
0.7390977628180081
0.4602463691204909
0.2998959922242729
0.2672397000200619
0.2559268079969791
0.2182099781936652
0.1719144565582706
0.122640481229828
0.07374263549381938
0.02286227540957253
3.641093694904733
3.547837654944131
3.49622921203253
3.448215012258164
3.404459075342197
3.358815410743472
3.311711801256362
3.263867930209507
3.215721066248232
3.167439435414448
3.119086200037655
3.070598639960513
3.021877846408758
2.972696850009533
2.924544353770135
2.870182923816684
2.795458443644803
2.708168141153708
2.664502758884398
2.628842646687834
2.602126367808408
2.580592572287644
2.562523615883127
2.546606610153687
2.531817129274471
2.518058573791273
2.506339668548839
2.496204817695627
2.487456618049907
2.47974101772924
2.473175802740854
2.467268973928944
2.463535457259447
2.462787704271056
2.465264417344414
2.47250010566445
2.483908096817158
2.512188450904466
2.488476304628387
2.676552169929646
2.990773970805458
2.776383296062094
2.249182684799433
1.613342750255771
0.9655024279813205
0.3522818545766597
-0.1254909774915779
-0.2047541406456718
0.5016692937767085
0.8489338025560672
0.7757612685664917
0.8023054462348135
0.7870118735162465
0.7476993077843966
0.6863426459956681
0.5454879837393942
0.4139206194008951
0.3433269483704258
0.2967834631420396
0.2475728502035618
0.1955696970970895
0.1415157252119395
0.08725069124055958
0.03178987573239387
3.566047489748881
3.52628629220516
3.494294233676046
3.450703985047043
3.406749369265357
3.360447761304079
3.312989520500009
3.264955304122844
3.216672786609339
3.168257534778663
3.119736428791107
3.071040752732193
3.022055134762176
2.972446697942914
2.922309765021927
2.868111898172294
2.804278821011233
2.73589505153372
2.688129938124899
2.648372980742143
2.617122336585542
2.591727379909561
2.570898902039035
2.552901694647574
2.535893144834084
2.519864326199084
2.507283880910321
2.497012464838672
2.48859745641919
2.481315306117113
2.475316738420064
2.468979175605649
2.46528355453611
2.465123295283793
2.467617339603789
2.473709967484481
2.481847028944924
2.500672442742832
2.478679940427636
2.578493475306889
2.788537535583465
2.623027219156212
2.12274890462084
1.4183522172211
0.6507538736076754
-0.03399900533589485
-0.4408265817500058
-0.3255134467396599
0.5063605845510014
0.8366639384156997
0.7428487256074803
0.7624514643261509
0.7407037248780469
0.699509463435499
0.6376020084879112
0.5367670833976063
0.4378983510999473
0.3667052719837526
0.3086064764430547
0.2522797910985808
0.1965039222236196
0.1407163211493103
0.08532382151221152
0.03002330023058688
3.565974567202549
3.52624146929104
3.494262058876341
3.450667830289773
3.406690792581871
3.360345539439723
3.312813783192852
3.264660449486147
3.216185467574887
3.167463294692026
3.11846751519457
3.069088277669527
3.019165411543745
2.968401271640288
2.916701007805516
2.862804411710294
2.805274876345531
2.747262909034264
2.700395382879757
2.660232210050726
2.627240665199646
2.59997073799452
2.577997437093996
2.558972100552455
2.539439880808163
2.519852782744498
2.506316794597318
2.496173881964085
2.488442239200195
2.481796557119452
2.476605610446378
2.468575282562749
2.464246427318845
2.464898469364565
2.467436565913341
2.472639709649272
2.478850393223603
2.491518184391509
2.476613789198828
2.543639413538157
2.641769459068336
2.430947548776349
1.93400419506005
1.235274622308569
0.4695804256221029
-0.190545626887247
-0.5400207485492315
-0.3700297953146956
0.4754737268688881
0.8194854019105248
0.7200896991875486
0.7354333869434598
0.7116080612637095
0.6724386912854231
0.6154042286645135
0.5358910159319803
0.4540863751560514
0.383431337044763
0.3199873921145136
0.2595009113665265
0.2008598435992776
0.1431959057608427
0.08652465125566912
0.02994588532540072
3.64067844850252
3.547531081971359
3.495987727068982
3.448047858530762
3.404354638731652
3.358755110946218
3.311657137287642
3.263738505623073
3.215354323850305
3.166544698158053
3.117216710664318
3.067190608122328
3.01623116222279
2.964047995665398
2.910548150595583
2.855491789128841
2.799151395369555
2.744013965395275
2.696222811464044
2.654808456174997
2.620320998584194
2.592166338274484
2.571629761760681
2.555204538010568
2.535263554278945
2.512299884705503
2.500270135702412
2.492282117464172
2.486663155316291
2.481631689231656
2.478361444041586
2.465595483814634
2.458462570577878
2.459397132727909
2.461004826438236
2.465068645690111
2.470317223786425
2.479653477035658
2.473221152322845
2.529256175799275
2.536480196767718
2.262805678028589
1.767629033808288
1.125466647253197
0.4439114079524095
-0.1369550324626717
-0.454829023669205
-0.3296272885255331
0.4362107713966653
0.8220089742058904
0.7380459855521224
0.752223721055552
0.7282590791310265
0.6887917965165626
0.6313967019129996
0.5572615892248438
0.4784270788689959
0.4038443860441923
0.3342137684647013
0.2685215895060239
0.2060620983052717
0.1458942949817285
0.08819525387549006
0.03031540607516393
3.93695586745618
3.648648277621918
3.549440235994422
3.486382481107392
3.430028274768762
3.374540032346553
3.321177170405269
3.269685825495137
3.219338364870898
3.169587602499268
3.12015167138819
3.070896893525111
3.021771447564094
2.972767645106796
2.924007743928267
2.875523016867444
2.827517866095954
2.781184387702665
2.739453981120787
2.701902839670419
2.668816714954499
2.640498991605815
2.622575411057229
2.606328003688639
2.566360968858511
2.51127049064919
2.494037765548697
2.487340661604824
2.48381260961089
2.480634135178242
2.480608148416565
2.453782571422621
2.450736131661171
2.466873278479062
2.47622148560258
2.483198337752542
2.488598570514398
2.494176199755463
2.490406853501508
2.50735635400042
2.430694093893572
2.120438325204199
1.658583327700134
1.113393321483577
0.5639677933157138
0.1042587642332501
-0.16351572265698
-0.1185006303600115
0.4283561564288171
0.7145403555867574
0.6278219703339473
0.623530928429245
0.5991156827408253
0.5681610910407124
0.5268662841477904
0.4758643029233796
0.4205466626803699
0.3649175063181929
0.3092824276170342
0.2533807270426255
0.197216024808509
0.1407020464953377
0.08622592732158664
0.0288895220488678
4.496578918049362
3.567466989337785
3.337851431470986
3.365708395329656
3.379403650615967
3.350562275054748
3.306248215048301
3.259677439600954
3.212836180563772
3.165067573809274
3.115754968154691
3.06422726923174
3.009430378301392
2.95000846662711
2.884881369663147
2.814076043399323
2.740013622575019
2.66839877632044
2.606093197247862
2.5548664973857
2.512436218966474
2.480334143750536
2.480134124871816
2.497790339407036
2.488089974996063
2.46973263185636
2.468758250993181
2.475663878307174
2.480512115484205
2.486461074577454
2.505690495629479
2.465629667999572
2.405241130176619
2.413161045737862
2.410990614537825
2.411563556423813
2.419621972989582
2.425866075800807
2.417431679312054
2.391333341919868
2.278688544186083
1.991341729743882
1.609567814762963
1.191884743701353
0.7986367422376959
0.4937119155009237
0.3390826429319174
0.4014438746594216
0.8357643933208336
1.080748852783409
1.056402565823405
1.027010047036783
0.9977506127903795
0.9436387682912956
0.8509674158810376
0.7299710652739989
0.6009054249905097
0.4808651722983532
0.3770747128925991
0.2890866263198821
0.2127439531406701
0.1452663278495245
0.09254362240706367
0.03556118990569036
3.415164756842008
3.126571880612657
3.027369591477932
3.104415064020998
3.193357064826092
3.231898558881043
3.230498439882183
3.208449658416972
3.175372281796842
3.134045685155762
3.084324510787621
3.024427039439102
2.951193105437135
2.860750323351485
2.750320064566143
2.621257245212575
2.482093735325417
2.348303349299001
2.236204984496291
2.154559469587428
2.101497992618413
2.066872748302774
2.034230537948051
2.003982646225165
2.205845460229342
2.428537047366215
2.43515525807371
2.459993711468205
2.473731093205755
2.486605660137219
2.49937610552468
2.569484679146956
2.51697909089278
2.353138705825615
2.254304816517744
2.217396049260377
2.216973169618976
2.226107530621511
2.221346036543681
2.180775664427814
2.079511870337852
1.877562629244276
1.613238449173731
1.339716143722473
1.109377829693482
0.9742968894298746
0.9909600757270167
1.221058720614107
1.669884637349249
1.995782184874447
2.154826196072662
2.206368327939484
2.174211478903378
2.042453613596541
1.809508563067511
1.506437133295575
1.183357753543561
0.886268103200587
0.6407224962648674
0.4505852978453856
0.3069390936640344
0.1989256040770429
0.1202401094452972
0.06906202190983998
2.739255431293396
2.745889921687655
2.781477023949468
2.874078034453014
2.98363696024956
3.066106951170275
3.108819885026481
3.118455729065861
3.10415864304664
3.071248562261305
3.021190287118553
2.952822888039886
2.863515472158986
2.750668696753375
2.614029128812161
2.458500931198026
2.29589762849065
2.143452193313403
2.018564035376567
1.932638233662487
1.887921407784469
1.880210869654264
1.911910582556791
2.02176688243412
2.281498179408365
2.4397483055751
2.435369614111139
2.457807027010203
2.470421299544613
2.482923993310692
2.492191108838723
2.54134665356864
2.525192725637349
2.366712535603861
2.219532132242255
2.130485756544156
2.090047009697825
2.072409304520991
2.05152383816917
2.006084566526423
1.924615020724502
1.803645006022294
1.661085913367464
1.532754915600856
1.460237536224806
1.484962253184
1.642819500689365
1.943462958103462
2.327508586925117
2.672424122852829
2.909305724368557
3.00986650065754
2.972048728205547
2.797003054962715
2.499426262225076
2.116617636562482
1.701276153447326
1.304313624672996
0.9601903205446534
0.6826252860323889
0.4699581283576665
0.3142221435051548
0.2087193188069315
0.1525267550846328
2.362959891826069
2.444698370860646
2.552055779740746
2.669855988283725
2.789518896379301
2.892944765498451
2.96535891571557
3.002748629400088
3.007969189381353
2.984989007502747
2.936130941320471
2.861892120894501
2.761998036362136
2.637062598252682
2.490560915786252
2.330515064354542
2.169879393221858
2.024867636924133
1.911638953425795
1.843064571766403
1.827854620267359
1.874001473145985
1.993948659972735
2.192425390214253
2.398486480934709
2.456374263741108
2.445771105423422
2.459663352222558
2.467923588721843
2.47601873016723
2.482400157600605
2.494652037335138
2.469084070174661
2.354843810123312
2.213852569251009
2.095825079580909
2.0149434951665
1.962005522771988
1.920404227182399
1.876879594418941
1.827844197636418
1.779810943460526
1.745825463161309
1.74754741365214
1.81123099915416
1.959934778313605
2.202461155714829
2.519759993327852
2.86359401842636
3.183217465424882
3.421219821219336
3.530162531251018
3.489026057701171
3.300238236391838
2.984838444880614
2.579819435611512
2.132132610469445
1.688445827695666
1.28529940439432
0.9443081870923965
0.6735451895849189
0.4727490041067234
0.3389595415372964
0.2697777372626985
2.154776022028116
2.237059949837316
2.358905443456959
2.490658882113665
2.618634536488093
2.732541959965177
2.821512483123633
2.877920467133081
2.899152669331282
2.88593372230807
2.840134668503322
2.763833824976512
2.659664311657977
2.531859174245704
2.387361864340565
2.236409703630522
2.092166247297022
1.969423456840866
1.882930747926659
1.846139352362548
1.870743758774246
1.965472779133985
2.128080126765937
2.322339346057157
2.44985561114249
2.46202778560545
2.453907409370804
2.461549122455914
2.466498341966303
2.470802943007743
2.477101233623421
2.467974195202521
2.419481082272609
2.325586176334769
2.20119078156148
2.075165182632038
1.968579844569197
1.888039811089917
1.831268038082612
1.795355826086752
1.782094514533496
1.798640381114
1.854520706873355
1.96081382393734
2.127898259863374
2.35972467876053
2.646930861686966
2.964667867578736
3.280261326971122
3.561187051183448
3.766977819384706
3.858014095820338
3.810652602908384
3.623751930995171
3.315646124910958
2.918251482058224
2.470894480480597
2.013820471027217
1.582145768381333
1.201859623892941
0.8889112390574018
0.6509696763247853
0.4903336718058843
0.4064650532165081
2.036437704579621
2.104268755646672
2.215148233034276
2.344817280994442
2.475180828102041
2.594151305297284
2.691692074739904
2.75933257684556
2.791586743353262
2.786460202911766
2.744848590966171
2.669848607117043
2.566569615603789
2.442335047504825
2.306846315838742
2.171939657907038
2.050848131304849
1.957193505699946
1.904017613978788
1.902801228522977
1.961507781465098
2.079496205070562
2.237648984578303
2.38846327514911
2.461694696494087
2.463261123607816
2.458519949300634
2.462677386441039
2.465700394215983
2.467624692600702
2.474405485354215
2.458296890798969
2.393761905010935
2.29949282054368
2.181358450277395
2.054054388684273
1.935731821749271
1.840768434658488
1.778132920180456
1.753898984803387
1.773851457612933
1.84403247879887
1.969391905013198
2.152074982898625
2.389554385582984
2.6722047122053
2.982046250477076
3.295146085245257
3.586222288536425
3.829508747077556
3.996839761926064
4.061090120021924
4.004230813226395
3.823611789902746
3.5322351477026
3.154865509983437
2.72313516148044
2.271019710361279
1.830891182475101
1.430383606593658
1.090522396257448
0.8253428585030876
0.6427447502091768
0.5461286562288389
1.968004710731911
2.022872475730663
2.117986578140772
2.237322817054288
2.363996206102442
2.483850769763669
2.585367521512627
2.659078883320117
2.698070045008643
2.69880039561391
2.661418941383494
2.58958163253198
2.490092823294584
2.372495783005497
2.248513785065676
2.13123135799478
2.034046426691384
1.9695280422691
1.948202741552383
1.976913838363148
2.055992742356412
2.174869662113212
2.308110450376899
2.417323999331475
2.4626557896349
2.463334465479346
2.460678265775103
2.463208574654302
2.465316897460218
2.466079115386781
2.473075072727477
2.455993837643757
2.384616331626579
2.283408753954582
2.1622625230132
2.032822403429184
1.910365673789721
1.811338512131669
1.750474918583768
1.739534040076973
1.787037274750142
1.897923486295171
2.072727673445789
2.306452834209701
2.587851027986206
2.899669418558755
3.220363012713521
3.526954960164098
3.797166907481032
4.009655675259014
4.144345677489949
4.18391472188582
4.117035617955916
3.941838960105868
3.667208974528183
3.311424039863155
2.899399481834237
2.459716418769645
2.02182566874303
1.613474028403165
1.258536476416106
0.9755805059717639
0.7773898631794454
0.6714079031558604
1.929573969852941
1.975849952201271
2.058631402649149
2.167366591256379
2.288100098519589
2.406400157767463
2.509279730023266
2.586017179568572
2.628759950951624
2.633221319710461
2.599198124511523
2.530661957719254
2.435409403689638
2.324361740702656
2.210590860784237
2.108120548745106
2.030535028343789
1.989386424242156
1.992331580868628
2.040949154225585
2.128506308384049
2.238745948209921
2.347618596776298
2.429034805910652
2.461467048139052
2.462940693889524
2.461400860747336
2.46336620146821
2.465252669419411
2.465813787970263
2.472767742607302
2.456239221244751
2.383092965322795
2.275556087069744
2.148564735252492
2.015768010072424
1.892004045088735
1.793848483787781
1.737976242074599
1.738760061774496
1.806173838164526
1.944313653513375
2.150494755537041
2.414932699037292
2.721350806417217
3.048759783698598
3.374068638973317
3.674565786906714
3.929406653842774
4.120320689631224
4.232271011119961
4.25406086066404
4.179234475905304
4.007373553792297
3.745142102566561
3.406362790208099
3.011048527064383
2.583743520219721
2.151485238637783
1.741564984786429
1.379298503623706
1.086128266564916
0.8783546525475752
0.7665349213969104
1.911464450808156
1.953305616961666
2.029431398977085
2.131745503946881
2.248250487419384
2.364909101491214
2.468030370934432
2.546045090465258
2.59052857861573
2.596869278513944
2.564751471871436
2.498310995593809
2.405812372229891
2.298853514775553
2.191214952209113
2.097458521318856
2.031280016519866
2.003525175837654
2.019841695898332
2.078329393038696
2.168241633472197
2.271231937509837
2.365768336606539
2.432804656960275
2.458931896951266
2.461649098794891
2.46107191478661
2.463218422157515
2.465421132137254
2.466245093255427
2.473162246311869
2.457464442010476
2.383892007931535
2.272527114302396
2.141396779057869
2.006077757607161
1.881858104029509
1.785226449746662
1.733246266668954
1.741140857646959
1.819426940317686
1.971709146484125
2.193608430518458
2.472931006266462
2.791083013635498
3.125504110639611
3.452431458541076
3.749168045043261
3.995566938107497
4.175007531780317
4.274995367258566
4.287325830324699
4.208050100076244
4.037736700662901
3.782148688767279
3.45286030511723
3.067238939153247
2.647576834941296
2.219498179519118
1.809898342412722
1.444706474254896
1.146792143737207
0.9343155352601635
0.8197004083730598
)
;

boundaryField
{
    inletLower
    {
        type            zeroGradient;
    }
    inletUpper
    {
        type            zeroGradient;
    }
    outletLower
    {
        type            fixedValue;
        value           uniform 0;
    }
    outletUpper
    {
        type            fixedValue;
        value           uniform 0;
    }
    sideWalls
    {
        type            zeroGradient;
    }
    topBottomWalls
    {
        type            zeroGradient;
    }
    frontAndBack
    {
        type            symmetry;
    }
}


// ************************************************************************* //
