/*--------------------------------*- C++ -*----------------------------------*\
| =========                 |                                                 |
| \\      /  F ield         | OpenFOAM: The Open Source CFD Toolbox           |
|  \\    /   O peration     | Version:  2506                                  |
|   \\  /    A nd           | Website:  www.openfoam.com                      |
|    \\/     M anipulation  |                                                 |
\*---------------------------------------------------------------------------*/
FoamFile
{
    version     2.0;
    format      ascii;
    arch        "LSB;label=32;scalar=64";
    class       volScalarField;
    location    "5000";
    object      p;
}
// * * * * * * * * * * * * * * * * * * * * * * * * * * * * * * * * * * * * * //

dimensions      [0 2 -2 0 0 0 0];

internalField   nonuniform List<scalar> 
4096
(
0.2869472891977352
0.3412941794998296
0.4633105157790308
0.6845693844543067
1.039496447011056
1.551999399628154
2.221267815195824
3.005464503927785
3.794646554662905
3.997753635523899
3.904118652543767
3.902676862263298
3.870081369470539
3.820628249196589
3.752262760825913
3.668970321339097
3.579279978078988
3.490819017312962
3.40684390899559
3.327765481847386
3.25279266232936
3.180750535141714
3.110585703446642
3.04144983671923
2.972672871210993
2.903660443544497
2.833777360487789
2.762248428785633
2.688122883348132
2.610340745765713
2.528201065204478
2.442101677780974
2.355133349776633
2.274497904478963
2.208347408402689
2.160474705914902
2.128837240694398
2.126339825093735
2.039762256238359
2.225770476522359
2.893785465598765
3.431307493940419
3.751964786700398
3.835280632559706
3.701519565588527
3.396495317030362
2.977976838544559
2.503667467455046
2.023490700233367
1.576537917378623
1.190355319796607
0.8800106855486411
0.6466100629652425
0.4779151878418384
0.3543337590711383
0.2593626985448726
0.1878077421394445
0.1712421024411885
0.1795819626873953
0.1838378397531211
0.1901885359516338
0.1959932312460745
0.1992083947879862
0.1990085658984535
0.4929452712387209
0.5412278464017789
0.645432509517441
0.8299920542899579
1.126308163693604
1.563257466731874
2.152762217096163
2.878501888998798
3.702858104521261
3.961465394373083
3.866802348554052
3.868482082830612
3.836513659239183
3.790000220757974
3.726616610692584
3.649268626576572
3.565851011964316
3.483053183052303
3.403188413087821
3.326572429517218
3.252832755340696
3.181221790833323
3.111049349557505
3.041699784461263
2.972653710390343
2.903434991062566
2.833553651457783
2.762451293286748
2.689513164893936
2.614096156009766
2.535910586654182
2.455284444695117
2.374454190277331
2.299714757967308
2.238587622071192
2.193788392647007
2.162968883485073
2.16389650300797
2.077221434592221
2.318695047594171
3.025334787062702
3.514710121254784
3.768158462863221
3.789239149978547
3.610810540373792
3.284738700486356
2.867279414912263
2.408698385811558
1.949300539834517
1.519813603775462
1.143136853398229
0.8350444068817108
0.6025268086534992
0.4406328901002893
0.3319901756563092
0.2539817742478861
0.1909079677170258
0.1731003080159839
0.1802864434114359
0.1842947032118414
0.1900700578458215
0.195467167692261
0.1984203657856931
0.198222046332742
0.8678944428198568
0.9091370180358812
0.9888981926332614
1.115770115000996
1.313514426456647
1.621599457649007
2.083925561588122
2.73901765317344
3.63592402603277
3.944031585218418
3.842296084924722
3.849852808458867
3.819064708121526
3.77434058189883
3.71294118380239
3.635840611319902
3.553503374697521
3.473729812911756
3.397173477131787
3.323073586909171
3.251017471310445
3.180390452001639
3.110742518812889
3.041664242049789
2.972805067648352
2.903837828198102
2.834434047564165
2.764219937908597
2.692806862802887
2.619681640954442
2.544527499019537
2.466694629428228
2.386951827126939
2.312635924794273
2.253719628101848
2.21096553455224
2.181505509260235
2.188441812168305
2.094016345679597
2.387826939432693
3.177478877747475
3.613781124371112
3.762131137512831
3.678601910671584
3.427497863926123
3.072208022193252
2.663660716248754
2.237678581863187
1.818388321197156
1.422933967097155
1.065683780932363
0.7613661951496347
0.5252012051434689
0.3669003581850978
0.279305939011439
0.2327851516616166
0.1897335671626947
0.1730461312204449
0.1784318781563781
0.183747289094753
0.1903563542296705
0.1968875283777238
0.2008956713964538
0.2018235298552545
1.379814176958277
1.421395177541182
1.484430838368623
1.554117786454134
1.640475560507863
1.792270532874945
2.09733406327039
2.664910835171375
3.608745031423588
3.9412101969058
3.835998376361748
3.848103272853425
3.81934484451059
3.775222004147491
3.713025427507024
3.628828593591213
3.541099029798246
3.462141571185989
3.388830583569121
3.317620369855733
3.247738804073345
3.178566135303214
3.109858519883851
3.041409370341679
2.973065493354552
2.904682179605261
2.836111765836113
2.767161198761258
2.697621326813023
2.626937559406333
2.554467896495947
2.476964864341709
2.391876918213225
2.310862787134196
2.251603744532289
2.209931632976517
2.182804165966338
2.194834745980311
2.095513481067217
2.417225034074677
3.272110591170233
3.646930596015211
3.667689520855085
3.460980893865631
3.135897728314794
2.764293068935171
2.383335476385396
2.009140822891073
1.648180049366635
1.303505595414206
0.9786796829273195
0.6823795995389094
0.4332684404378521
0.2589333732253013
0.1790886293383765
0.1751230979619846
0.1804005124525129
0.1712099177016962
0.1727790538317024
0.1819137114772277
0.1910062208394636
0.2005157073415166
0.2074688050608569
0.2117338896932857
1.9952706828344
2.047347656296282
2.107711189667429
2.141644122287496
2.142183347402309
2.145912070231172
2.265019518892324
2.690068083750971
3.610763471755137
3.94511787520355
3.845333423153058
3.861954802463401
3.836293746887518
3.79181850446516
3.726747354945398
3.624641795584094
3.522754702013577
3.444261026131026
3.376557877608966
3.309704654159358
3.242857056081833
3.175696781682632
3.108375382731728
3.040961018424575
2.973520202597257
2.906112956915547
2.838793935192532
2.77160768656233
2.704685445598886
2.63766326732549
2.569798022651423
2.491759158505683
2.392521947068563
2.294163052917593
2.232682852297238
2.191348271836303
2.167758539788339
2.185239366996965
2.089396583268635
2.419056230953553
3.277359826310713
3.541902340153712
3.410342729462918
3.094757823319856
2.732565257330706
2.381204213451628
2.053883276231685
1.748245556985761
1.458523013920083
1.178445201670485
0.9020335491296791
0.626777763744075
0.3620896982153465
0.1413589530683059
0.02212841718242029
0.04369270008131326
0.144392168243949
0.166279409415397
0.1617502567087177
0.1782792116426465
0.1917374336070113
0.2062482408374537
0.2187852993352007
0.2306718602609727
2.698680537185424
2.755319010432607
2.809697852082822
2.836284310207053
2.814602060783186
2.731749663629783
2.65447519851074
2.822412813059386
3.605133480427657
3.950574637400824
3.870938007902596
3.894301741211743
3.875579020334034
3.834104289386119
3.770815744932858
3.633456954146227
3.502724026686054
3.424819336408482
3.36719022326503
3.306203381542101
3.242204972569886
3.176024776687447
3.108782817111002
3.041028289928771
2.973121801191754
2.905351280649443
2.838025334313282
2.771590094360294
2.707008604455507
2.644863869153827
2.585431592875641
2.506155240946852
2.377830512330081
2.245122470205356
2.18649432296692
2.149184899040832
2.133203423339136
2.158838915149569
2.081271995712009
2.435376930601285
3.18775276707678
3.225895619241672
2.93308267151192
2.57546863952392
2.248591484010721
1.964001932660704
1.712286554804169
1.483309162916519
1.268492635178352
1.059313733956023
0.8454679904734866
0.6141839391877342
0.3548171209132249
0.07711386775639374
-0.152714550856586
-0.1969273469948815
0.03166774966507922
0.1525874560099033
0.144369461982274
0.1728570480920454
0.1926448131489152
0.2139336014542286
0.2349318357714076
0.2614577019009121
3.517425169928489
3.50988577676561
3.513657951584868
3.552462857235531
3.578096035220804
3.520613478580477
3.333998896881631
3.134950277799414
3.523994238685415
3.939654564888816
3.911081006530701
3.94342766341854
3.932561818997684
3.890802971069939
3.817682511585077
3.553056255249181
3.393450564174298
3.349972405771751
3.325653363937921
3.276865014724063
3.220245026000903
3.160900714476101
3.100272697324063
3.038811926807164
2.976997549276426
2.91534499418263
2.854339058892797
2.794426287863384
2.736986286776578
2.686635887279188
2.658940366614867
2.610889854660658
2.452357511986359
2.193143520823183
2.12522436510899
2.088531253695306
2.080842637648738
2.116723130409776
2.089719075621343
2.536348688763889
2.919617146619088
2.611767294436562
2.253588363616296
1.978611986919166
1.759238519717729
1.569213991086264
1.398812397910914
1.243009147163553
1.096731568777076
0.9540784454251277
0.8066869645800986
0.6401863344748068
0.4304371956616576
0.1474162629383852
-0.2055513085704311
-0.4676566245178261
-0.1920355472502197
0.1191333300609036
0.1241153056939208
0.1663704957840954
0.1920173982256091
0.2193218553868398
0.2524323629676058
0.3227244638942415
4.538105380466654
4.248002673082691
4.137821873288762
4.197025490573501
4.273354118177482
4.310404671800215
4.241901218908255
3.87200891456181
3.529601334979683
3.941111895335963
3.985522519458618
4.025874943684008
4.036418215543248
4.037422201922415
4.066213945761713
3.859624863710424
3.264011855020591
3.268692136407812
3.354435988289366
3.33587809036835
3.269325564555317
3.194022157855165
3.118864222057972
3.043947021874022
2.969120461349343
2.894558499998836
2.819969313726157
2.745128647040334
2.677977852125605
2.655124914613278
2.729662267920174
2.721861514394075
2.135892048408194
1.94101779483552
1.974637369536454
1.98088384280456
1.993874506650329
2.036343777784227
2.081068124196532
2.53099759745337
2.183489005381539
1.729580238498175
1.560229694368722
1.463727840678382
1.360764912280818
1.254103036263039
1.152166091352758
1.055958652985519
0.9636535019048934
0.8731716435373159
0.781280644750917
0.6800158275303904
0.5515278837937045
0.3620342690367018
0.05415638236509501
-0.3853183997906365
-0.3147789057946012
0.1006541655400843
0.1288290024079946
0.1716109839358314
0.1982494307988041
0.2316128710588087
0.284906309260117
0.4741062515568584
5.827244498922791
4.900992385549229
4.672322591206976
4.698516347299741
4.717084160447062
4.736248805912085
4.832607328675218
4.84456152798343
4.28575095152764
4.105006790177036
4.139219373922742
4.146446649312676
4.15973917337884
4.200399156272494
4.247679685143482
4.674728708794281
4.295835094644273
3.860540492432212
3.708385098305802
3.611132949547679
3.488447118233739
3.348109053538592
3.204343354130868
3.062347650246204
2.922373309693
2.783099999200375
2.643567670677262
2.506518607136054
2.382562089991851
2.275769592826605
2.106368471848143
1.660454436564278
1.31510404493684
1.763196668055311
1.81092871520645
1.855009877885319
1.867756700248057
1.871148543895248
1.90005297778928
1.695637976473752
1.110699664884331
1.116755093842142
1.20262153951077
1.189125056513264
1.133014968060443
1.071343053286899
1.011212575737412
0.9517103166214043
0.8922447822407885
0.8331455278406997
0.7747208800564994
0.7149014805614271
0.6474328643203591
0.5733679392815753
0.5310231745789535
0.5026993446525772
0.2934340545994924
0.1687173962836799
0.1902894671204323
0.1904135041207549
0.1826042406781699
0.1681146932459927
0.1294931907785896
0.07451428488859155
5.311403446523283
5.02282006711583
4.925484524734472
4.865845538938835
4.815612049754301
4.773343272969322
4.754726304622615
4.71833086270813
4.579134190564304
4.341108285821182
4.281571774874362
4.250227601587715
4.245516649740192
4.280898412730208
4.259295524083736
4.679091878235569
5.014749301737303
4.713601584228215
4.369045833262426
4.085348381648634
3.827078733580982
3.573260475592601
3.323299906276695
3.079452964811307
2.84052220502366
2.602825556687137
2.362747372006461
2.117877801236641
1.861986609912528
1.571304217932596
1.216939871030499
0.9239689326185357
1.315378583235046
1.759180738072184
1.733031444630279
1.769994858583026
1.762398389371877
1.72359411750913
1.652221742115747
1.38820110133437
1.232408630760624
1.195662508595018
1.178515929736176
1.137669054074335
1.089588360843315
1.039062913754163
0.9873659706882596
0.9348284355787873
0.8818351452412495
0.8288498134540693
0.7764087649646826
0.7249866524990705
0.6749631575323545
0.6278447413570394
0.5942612084795529
0.5654386353968758
0.4703228722077349
0.3050980376158231
0.2575441154217642
0.2212952334494042
0.1930401011339681
0.1657440046999192
0.1288946029428232
0.08714490322410079
4.996475232253091
4.902774094880916
4.851275889977513
4.804386892698719
4.763296479977569
4.722243950551737
4.681434112119364
4.619319142973751
4.508108884054275
4.390511265027254
4.341318037920376
4.310907396306128
4.299480739146796
4.325869929030533
4.255109523731958
4.582388347110016
5.282436527773799
5.311758070900655
5.008886423828513
4.611252844381379
4.208344356537971
3.819650107490198
3.446798067036452
3.087524009262277
2.736826225180412
2.387683726757285
2.032496416858864
1.663926557123522
1.277288507945189
0.8883326932481754
0.5918928919661088
0.6447408817752053
1.413356756562552
1.768923224533593
1.691431193363667
1.719198943764799
1.704566597872615
1.666725784396428
1.606212182544504
1.469829880824078
1.341925874830141
1.269525570412026
1.218692084547087
1.165915474129619
1.111505933271167
1.055903492541427
0.999861736707653
0.9436102239315712
0.8872540022107371
0.8308628407753503
0.774421738872462
0.7176980928445865
0.6603095080196356
0.6020389984776195
0.545412326873409
0.4876409327473435
0.4108267662442392
0.3224312667971087
0.2746376412393871
0.2315981280612732
0.1934286496046609
0.1553726412140658
0.1107999277248508
0.07504221547731779
4.92213373246905
4.882296027759057
4.850345669297668
4.80666064733894
4.7625125315095
4.715453046942294
4.66570539913382
4.604564443238229
4.521562695543179
4.437754029661927
4.387353956956793
4.354591735957746
4.337204797186651
4.357062021344555
4.268018265255122
4.574334769795924
5.390428948810446
5.62796796661615
5.439946792239496
5.026928422023274
4.534742496144528
4.03432537484709
3.549060721611152
3.081008127959727
2.624188260623202
2.170145807216455
1.711377314593244
1.246709492854416
0.7944446126722232
0.4193460432263841
0.2637293631620862
0.5364746396442901
1.421839586802583
1.759325554200235
1.663360316876632
1.684969302353979
1.664782264013269
1.624985561095553
1.563413090431135
1.459762640966081
1.357977108298606
1.285627269724319
1.226154065439123
1.168434811328658
1.111601989782899
1.055054377177966
0.998739896865089
0.9425319129291996
0.8863657147641393
0.8302156052359154
0.7740416269802241
0.7177255340130622
0.6610950718222265
0.6039259915198846
0.5466990152165089
0.4875428492819161
0.419246104665744
0.3463014231282127
0.2917754346298292
0.2421831900251168
0.1969377257628131
0.1526568339494152
0.1041074291499089
0.06633867534332978
4.919527971435945
4.879861007713318
4.847454756496266
4.802756616382513
4.756789622952811
4.70693932312094
4.653631060253028
4.594056934969558
4.525851982031877
4.460072231754935
4.413470223545954
4.382006576003399
4.362606132231228
4.378461706711373
4.284784815311732
4.601349482263517
5.432088337165617
5.736204233383707
5.622016130036656
5.240161021242906
4.726263736861197
4.167807042842465
3.606604748073966
3.055926991690247
2.515663560967576
1.982027585987086
1.454951744153532
0.9475374771409927
0.5001049821694631
0.1947079382338898
0.1551127894360612
0.5196003110557746
1.412929502255837
1.748827067344519
1.649704021168651
1.668433995984665
1.647435553004549
1.609777370102205
1.552274091416819
1.46062124428021
1.367657181228167
1.296525217432051
1.234052749556828
1.173568638762706
1.114803298709606
1.057047653320897
0.9999441622826525
0.9431739425957395
0.8865526599934662
0.829956809413284
0.7732700651882464
0.7163393979552383
0.6589926514288594
0.6010246786646974
0.5424951021534199
0.4827168043482034
0.4192874312027381
0.3547019866831655
0.2991506262397997
0.2472832055992248
0.1985150793280633
0.1507953812241533
0.1003451687714049
0.05955513117435005
4.992461579585986
4.899256874158622
4.846463166186065
4.795755882250662
4.747334829083385
4.694393115096132
4.636902153247001
4.574876938558996
4.509550558579835
4.448350478077028
4.401231701141281
4.369184836810166
4.349522166785002
4.364095861242447
4.284319690739092
4.636506177547131
5.396979520821414
5.662745085688138
5.569331184157789
5.233216896660608
4.749942380936798
4.191369437441898
3.603387759735738
3.010183499338237
2.422790517904091
1.848299698037248
1.298854545437217
0.8008800894311714
0.4030607341117443
0.1779827178537797
0.2131527907922842
0.598816731733976
1.431658059282243
1.743304282993742
1.650380995210503
1.66761265451072
1.649094571309635
1.61614450929299
1.565864696513648
1.471164466129344
1.373975482072412
1.30607386435035
1.243512103036674
1.180180796693027
1.11885394133054
1.059431671025538
1.001368202768206
0.9440571931619267
0.8871151968311004
0.8302884802547548
0.7733709272589817
0.7161495535542267
0.6584095715289585
0.5999392254981393
0.5406945206506401
0.4805439516407524
0.4190421031196166
0.3579172740142491
0.3020784032987976
0.2495416414883115
0.1997203305334154
0.1510804003835311
0.10080490667401
0.05586493383408182
5.289782154561982
5.002329761293086
4.903717493709192
4.84126176106386
4.785718915881377
4.731377483442008
4.679679788577224
4.630324881528016
4.582935734125312
4.540150038300162
4.506029829729138
4.480882768505652
4.46084436390083
4.458990110077692
4.3777798018586
4.646662038512018
5.211513831657677
5.391340338234474
5.310748986488303
5.035964405645254
4.617834029162403
4.104116391874038
3.53600740264548
2.944627723940889
2.35270043807974
1.780141944349414
1.250960409304005
0.7990201064911824
0.4700255557511309
0.3179370898851564
0.3982714867615031
0.7658281069956706
1.480884334534003
1.743285812109262
1.663503966885796
1.679242166829159
1.664248207045965
1.634892072899609
1.584971760683918
1.430840080378605
1.300856715994933
1.257959925453855
1.217845219474995
1.164362099456974
1.109044124804932
1.053472230712933
0.9975566120862441
0.9412604269599294
0.8847086841465778
0.8279847752922527
0.7711029765779198
0.714030855379471
0.6567193091166986
0.5991135649361187
0.5412285051935395
0.4830003989359193
0.4241511990288855
0.3653749234011189
0.3088788126834536
0.2536798583990221
0.1995801413311473
0.146353823692131
0.09433067444051335
0.04488199553415768
5.848427645610165
4.91925169723102
4.68652230169463
4.706478875578199
4.704933446167187
4.650122872194458
4.566441995440079
4.467256929715496
4.360699087953006
4.260433029173466
4.183228146223191
4.137908247816389
4.112547822260376
4.085972778538279
4.065670531169995
4.306859356255816
4.761521297477096
4.924457449486079
4.895553071738481
4.701289535379885
4.367197803742214
3.926022664294406
3.413360568838626
2.863219276409184
2.306691635372179
1.773750056988198
1.296275045758568
0.909827775006475
0.6523782473348088
0.5602737707336629
0.6642077459614175
0.9879623229827849
1.549108171942532
1.74879071379949
1.687665522835593
1.705330223577903
1.703447055398132
1.701774028787957
1.708312724748104
1.588616362682344
1.375606620706647
1.334348544861593
1.292503356999525
1.207938344480179
1.1287698198678
1.062899355243003
1.003523099386901
0.9461791319848013
0.8895280383846151
0.83315918487253
0.7766688175250884
0.7195005189881369
0.6609408440285438
0.6002178118597127
0.5368437401137678
0.4710549065292972
0.4045233272424068
0.3412759660756657
0.2858445710338872
0.2384193685661234
0.1970468328878911
0.1611342585942428
0.1320432098752131
0.07627321325279715
4.753025162912514
4.455573218364591
4.334975877393877
4.370840542955317
4.389246197764885
4.317401991074375
4.158704421417286
3.936217870386294
3.681332807256523
3.436200887259758
3.244764931775895
3.134902427237364
3.107183465768147
3.151941768958179
3.298605679464679
3.611843755535491
4.057913886008379
4.322461641356172
4.387770526007354
4.284405178839987
4.04099865576261
3.686227022629113
3.251818744911859
2.771829733274526
2.281137402052636
1.814715613500508
1.407314334606953
1.092369982791021
0.8994917328325205
0.8510524018976159
0.9589389604515354
1.221608166728337
1.620900297386488
1.757277179680657
1.715917978787245
1.736066975406245
1.749454214072087
1.781637999604808
1.810476598487989
2.148466006995449
2.180855859495685
1.815069959363379
1.53974466477608
1.349304806509541
1.214478868266838
1.116712599140876
1.040582314338888
0.9755625265671841
0.9159296219785447
0.858581525296006
0.8013118207541918
0.7420022427238788
0.6783843819837487
0.6082809358876549
0.5305532689536915
0.4469067039644667
0.363835631091016
0.2921524303234482
0.2418180599467555
0.2156506340133022
0.2086177764441505
0.2114826734627476
0.2130491837101827
0.2036421809079699
4.033894372024679
4.017932358971681
4.005956575609812
4.017434859923225
4.001795385023255
3.905923226606692
3.715058467211009
3.447541683211607
3.142153448029216
2.8485740197225
2.615586152137296
2.478217959525741
2.452916146063906
2.546179691506763
2.762841725148734
3.081915056330379
3.439835085555528
3.718483817093363
3.851650524170845
3.832486603189221
3.678451387182024
3.414517793519213
3.069727355928862
2.676545286715841
2.269662661968095
1.884195387549319
1.553527598096766
1.306775788457485
1.165923101553693
1.142854163645761
1.23633215982128
1.428686682103435
1.682829164709396
1.765049247942863
1.739240405423008
1.755769684275138
1.769348960116309
1.800570600085009
1.811206162005115
2.059621408164907
2.238015467571012
2.036492939540516
1.753311952534152
1.514888172619408
1.337390606919927
1.207510710571747
1.109470895727726
1.030777072803559
0.9628243344695375
0.8999058267428288
0.8379266666291484
0.7735300858274762
0.7038469154365035
0.6269265106456782
0.5428679700057988
0.4553353522462612
0.3723149425742292
0.3044304761812602
0.2605681808933719
0.2434293712754775
0.2480625220375753
0.2641031053788477
0.2803254340637112
0.2904174787334027
3.584186456148223
3.628870670985183
3.662100686406128
3.661980372606203
3.612876043533739
3.493282202346191
3.293498852585882
3.027242060203992
2.728773353899835
2.443164355580042
2.21539292936225
2.081505717388145
2.064003919274197
2.169356560381501
2.382195391043604
2.660406732240918
2.9490862879515
3.196666009750476
3.352614258823594
3.391838820088603
3.314836496259416
3.137447015786121
2.88370787887301
2.582491573818674
2.265316035122382
1.963939429109091
1.707557195678339
1.519859916512166
1.416239457257633
1.401278018205807
1.466510274786345
1.58869256330139
1.729671675255557
1.772425836147485
1.757817215157518
1.768897571690401
1.777634165235403
1.795896641726305
1.791158409634957
1.869629153097384
2.021066795183808
2.003962917362002
1.845456255776224
1.645859103884352
1.463946622296782
1.316121684097876
1.199441099421255
1.105565750258352
1.0262114841212
0.9546283129556699
0.8855911976148061
0.8151019123431238
0.7403744420313793
0.6602909479629543
0.5761959138620271
0.4925263696815596
0.4164816258062917
0.3561935718482804
0.3178433756368575
0.3030467680532645
0.3078402545274732
0.3240496707764915
0.3424609018595564
0.3553883039889271
3.276448195975726
3.309433837261514
3.335581586175993
3.322133016713956
3.253743809736243
3.123229713278696
2.930790284983715
2.689607687376005
2.42684997066181
2.178465436026119
1.981580610417842
1.867471535295955
1.8554857788312
1.947107304862646
2.122264522044848
2.34449653160696
2.574895575811247
2.781114632579488
2.931061635401572
3.000490780468136
2.980564029831513
2.877324370791694
2.707347802082613
2.493597536134997
2.262161756156714
2.039315426154032
1.84859643871457
1.708014858357587
1.627659818756774
1.607926454505091
1.638614334042196
1.699376500541829
1.762103718362833
1.779775926428058
1.772695642725072
1.779236601637638
1.784226316186256
1.793242342538891
1.789549316831094
1.792852765510491
1.857862654011673
1.894800403494166
1.838857446677512
1.713082772921463
1.563303973239239
1.420362507941184
1.296150798788168
1.191086448929655
1.100804968912733
1.019842217589073
0.9432338413753216
0.8671523718476669
0.7892893832245195
0.7092562716581832
0.6289114902007562
0.5522881697005471
0.4848201181502148
0.4318982420406939
0.3971912902721885
0.3813100095860024
0.3813317620267284
0.3914845706947847
0.4046695420781058
0.414043156863333
3.040416779213659
3.050589026665266
3.051889709104627
3.020945740423336
2.943344304090743
2.815583742758458
2.64263405639975
2.437602988238091
2.221624830168512
2.021394363848292
1.864580699351923
1.774339944250254
1.763720013304756
1.831293196076233
1.960923981177385
2.127520196197135
2.304940162634109
2.469953278751104
2.601218190968871
2.680500304213824
2.697186391256477
2.650951947239229
2.550925459145259
2.412916115392084
2.256231701676334
2.100646027404367
1.963629321254859
1.85796757627042
1.789996594559024
1.75873638761447
1.756254679481666
1.769523253579714
1.7835342309363
1.787225760205831
1.784848747639356
1.788271487847875
1.791041012196388
1.795091617271419
1.794814375033506
1.784924986673067
1.79263516005765
1.813314025812818
1.797934765411439
1.73003552408776
1.624239248415653
1.503752099028554
1.385539480857047
1.277327730019303
1.180183769089981
1.091825185184032
1.008998123601382
0.9288850526056789
0.8498913729671614
0.7720456026912654
0.6970456161620964
0.6278913770881143
0.5681273923380282
0.5208870218214304
0.4880110138905416
0.4694553093170107
0.4631189028023848
0.4651447528814523
0.4706699800256851
0.4750422935402321
2.846182377020436
2.839270857714753
2.818780810436895
2.772990751944592
2.69294304794423
2.576923419092596
2.430536125849992
2.265248136902896
2.097034710599534
1.944616936648992
1.82666084225373
1.758100929837237
1.746502446774538
1.790016270949963
1.878309873165781
1.996024796976892
2.126365200634402
2.253128209640882
2.361517128631196
2.438613421357345
2.475259450126468
2.468265160585402
2.421115252281347
2.342847597340523
2.245848151750409
2.143353002785833
2.047142338398604
1.965719320139983
1.903224539364036
1.859335429195268
1.830322627019369
1.811146826785088
1.797882377020852
1.794808356978486
1.795146221968758
1.796684837995402
1.798270878772944
1.800024818778029
1.8015080842359
1.793738200470558
1.779502728248347
1.776140074124227
1.764551512584482
1.725439251689707
1.65477427356386
1.561617751389289
1.458700171488835
1.355787254410023
1.257873706860158
1.166199507815953
1.080020864634435
0.9981207342491059
0.9197865094689075
0.8452673994224631
0.7757835664519324
0.7131871642885169
0.6594301090894997
0.6160254503707095
0.5836459634556701
0.5619149586727099
0.5493846510697609
0.5437072317947037
0.5420686502206904
0.5419416884983775
2.683635361094475
2.667534212562014
2.634840403974698
2.581774438681066
2.505258312965171
2.405706831751036
2.288087153764454
2.161200571223053
2.036309650654285
1.925626375023904
1.840531479685674
1.789547534886925
1.776631572773829
1.800576835837731
1.85578166833292
1.933743964400414
2.024444879601893
2.117420282141251
2.202642773151211
2.27110351288762
2.315660714551806
2.332266811145938
2.320826485609607
2.285051871090026
2.231354864879487
2.167246164430824
2.09975063870332
2.034226985229487
1.973860155936165
1.919979529382104
1.873165786089864
1.834791196182438
1.808261395238223
1.802497507736583
1.80422967420264
1.804715564866018
1.805645774465696
1.806331631282046
1.808218766051947
1.802622147560733
1.783908056422989
1.767558417709681
1.749727100787599
1.719706954028696
1.66948131722991
1.598874099033807
1.513775848828117
1.42174817700676
1.328856055717567
1.23868333517196
1.152794066924936
1.071675923974427
0.9955628121234392
0.9249005215636773
0.8604460786512045
0.8031098536446601
0.7536949828709232
0.7126699650660038
0.6800449315921656
0.6553527858990643
0.6377064864945502
0.6259277238885688
0.6187770947244688
0.6152678098883361
2.550624769358234
2.531621413454075
2.49579523778854
2.44357259382632
2.375832641382297
2.294812651652487
2.204791057975793
2.111917481064041
2.023379959483825
1.946360212508079
1.887016366814044
1.849625515715229
1.836087835840056
1.845931939034099
1.87667957178928
1.924263371073819
1.983391478177961
2.047980818548143
2.111682492156811
2.168369954607624
2.212630926204615
2.240401381686741
2.249579891708531
2.240264475706915
2.214438635743424
2.175250348484015
2.12620694717469
2.070608626479137
2.01143716686886
1.951753748915566
1.895451841508818
1.847994655866404
1.816650208201537
1.810260410697103
1.81257234578602
1.812518431055495
1.813074222643369
1.813250027925788
1.815007713869809
1.810458901252782
1.792786557148135
1.772279937568581
1.749468126087107
1.720442468302821
1.679573430517771
1.623745666611307
1.55406788571491
1.474685302632067
1.390588468181758
1.306020222921502
1.223917609713521
1.146074468190043
1.073555810349244
1.007047952327186
0.9470325879327069
0.8938152473560351
0.8474956379370316
0.8079560428440102
0.774899163914923
0.7479251896190101
0.7266220788617077
0.7106511984545422
0.6998156250033851
0.6940802928028978
2.447140474772585
2.429337959482089
2.396690142946145
2.351340831584308
2.296002312350824
2.233812541332192
2.168392470046514
2.103764179528674
2.043989701362525
1.992682769908364
1.952616189114818
1.92555485032472
1.912316009489894
1.912934626667749
1.926758705221743
1.95240156642556
1.98765411374149
2.029506946376778
2.074322354124787
2.118098354069199
2.156766432579956
2.186550378369151
2.204381175833044
2.208244285530663
2.197322602009273
2.171921887056911
2.133302447894747
2.083588106013772
2.025865047513122
1.96445515484488
1.905205676950463
1.855549348282614
1.824129076018094
1.818061586765576
1.820486215524309
1.820188553331115
1.820530353807045
1.820472933974378
1.821970457788484
1.818201544647184
1.802768683831201
1.782132865282476
1.75735756492289
1.727687517354817
1.690492471221454
1.643107225383776
1.58473247015005
1.51696134604299
1.443014592857984
1.366564015738819
1.290851218953681
1.218306196274799
1.150533710750358
1.088458164946342
1.032487460877838
0.9826501999052447
0.9387160548676163
0.9003189808952685
0.8670873012209437
0.8387663612025529
0.8153102052715127
0.7969177243539736
0.783991261065127
0.7770060302598902
2.372701396453742
2.358298767432801
2.332246953889532
2.296994875513414
2.255586992877721
2.211142688209438
2.166535129675441
2.124228681118269
2.086167211470164
2.053701400195366
2.027624477340592
2.00834947692069
1.996153242315916
1.991339871521784
1.994212771189297
2.004868211321801
2.022927946084394
2.047336635216114
2.076288406664615
2.107281554767638
2.137266766593259
2.162877039917049
2.180746513629277
2.18788954428277
2.182069945671632
2.162103484473745
2.128089676685911
2.081603508373808
2.025858919922445
1.96579659333769
1.907995322293829
1.86031108694936
1.831235937656684
1.825872033979522
1.828164519741639
1.827784572092779
1.828005365211073
1.827858864060298
1.829091499010009
1.826090277238805
1.812990966790432
1.793664557854195
1.768973014662509
1.739236146932734
1.703721992126362
1.661073499881261
1.61038253966122
1.552030905302536
1.487786119409015
1.420285539717501
1.352337945032065
1.286378397643944
1.224189484121698
1.166847788352987
1.114808950169916
1.068061971063567
1.02631237925347
0.9891706392870689
0.956326004608882
0.9276841911213739
0.9034455477174302
0.8841019850857859
0.8703396797761279
0.8628534353772229
2.32540794412049
2.315185021157226
2.296852517181363
2.272470084282345
2.244595361489219
2.215739073976591
2.187941058118569
2.16255793008126
2.140248589739958
2.121110109275456
2.104924625141994
2.091463076402796
2.080752187422763
2.0732002229694
2.069527789027951
2.070532900659338
2.07677788189405
2.0882949049688
2.104381591891137
2.12351985191626
2.143419707616244
2.161181583866359
2.173577022261155
2.177438244624312
2.170117032840122
2.149949908596382
2.116665958683735
2.071684180341336
2.018251410575875
1.961370893247894
1.90748557764093
1.863928245082792
1.8382275950748
1.833671410247541
1.835720614721322
1.835340053458052
1.835491774044882
1.835327411670451
1.836321364023598
1.834013817375254
1.823079712527564
1.80554806964258
1.782044221275495
1.75316383347397
1.719102443653506
1.679579522800119
1.634224705502973
1.583148488060446
1.527286965839208
1.46833936667475
1.408402862459223
1.349528475000617
1.293376243914268
1.241043419759166
1.193057542348926
1.149488437866556
1.110126478426586
1.074680865778039
1.042960454119901
1.015007070084004
0.9911578213875968
0.972021134766375
0.9583640925051102
0.9509248901248014
2.30185531580682
2.295658764933554
2.284627851524797
2.270178956085207
2.254068056230671
2.237965658146189
2.223092388904301
2.210026877536837
2.19872178532535
2.188694104152856
2.179317206944004
2.170126703691153
2.161052004143987
2.152506664152468
2.145313858183023
2.140491890969046
2.138958822774442
2.141228168080371
2.147162048600657
2.155829656052365
2.165496153776931
2.173749251433977
2.177760843201296
2.174669707748011
2.162048821265186
2.138393275875961
2.103546705405901
2.058983472848704
2.007879876421386
1.954938357212913
1.905974020240855
1.867328132515523
1.845223692236321
1.841447740719113
1.843218958658837
1.84287419589863
1.842984452428492
1.84283359079049
1.84362006452538
1.841882398664865
1.832881969255189
1.817331535090206
1.795630994504474
1.768391950575947
1.736195493134062
1.699405064623082
1.658200640500876
1.612831166382202
1.563900151180591
1.512487099390675
1.460039826878947
1.408112717626175
1.358083025043388
1.310952127258197
1.267278002984169
1.227230606736687
1.190730551446089
1.157622145950261
1.127835940782829
1.101505904273419
1.079018258226713
1.060981965965924
1.048124413697557
1.041127325869866
2.297461319772895
2.294618549377033
2.289614692861021
2.283219845645448
2.276383005531304
2.26996079660444
2.264471277049031
2.259961515271158
2.25603268000294
2.252007198476256
2.247176463867638
2.241049397423628
2.233530613175856
2.224982792445115
2.216160248528698
2.208030481580422
2.201523037634716
2.19725861453633
2.195314924750246
2.19507897051142
2.195220356671584
2.193801383974158
2.18852112722367
2.177072540378998
2.157570694684147
2.128987665763629
2.091513729146722
2.046765279288987
1.997781787756662
1.948794292339211
1.904797357431672
1.871002056219399
1.852275889699306
1.84919586573259
1.85069522266066
1.850398206002537
1.850480802898165
1.850355105507131
1.85096045769137
1.849682914723681
1.842415487130376
1.828951975893531
1.809472038539073
1.78451083634743
1.754765501054977
1.720897668553043
1.683434564572196
1.642829457618477
1.599626744870314
1.554601736333345
1.50877385514768
1.463284340111852
1.419207234095825
1.37738303286411
1.338336229914505
1.302292547588116
1.269274688389129
1.239236892937621
1.212196482146594
1.188328685559005
1.168003931800213
1.151760773601261
1.140219976030557
1.133953341502752
2.306950221666324
2.306587053402058
2.306016738450281
2.305484769799043
2.305285339471391
2.30562607857602
2.306497136628141
2.307602653593277
2.308388607461691
2.308163521480886
2.306274015928291
2.302280367003177
2.296081309695487
2.287955081671782
2.278505534114601
2.26852231672616
2.25878110754522
2.249822825692487
2.241757810407367
2.234139933821608
2.225945816674555
2.215677224802361
2.201583563685802
2.181979428851204
2.155611492057997
2.122012095299163
2.081768804407163
2.036645929371007
1.989518345436871
1.944115842337469
1.904617468665027
1.875167639426678
1.859400628801056
1.856916098745622
1.858168567815234
1.857918861814001
1.857979758162609
1.857882352125235
1.858322790874353
1.857437964059631
1.85178776306817
1.840520479326921
1.823617117457234
1.801495313047936
1.774817382233719
1.744298538205308
1.710588884720678
1.674271816485522
1.63594888877448
1.596328569666096
1.556245936717537
1.516595414996359
1.47821251700684
1.441762026823897
1.407678193821641
1.376174053856294
1.347309458267496
1.321090401648239
1.297567554004469
1.276906850198725
1.259415531387553
1.245519217605101
1.235696000401383
1.230379638585894
2.324846375483374
2.326108771731601
2.328438545175861
2.331721290674629
2.335802476910032
2.340450336502689
2.345310153791915
2.349883731146452
2.353556570413406
2.355675784938124
2.355661087786403
2.353117931166955
2.347920174652885
2.340237627962345
2.330496766724255
2.319277226535633
2.307160530841617
2.294559478163783
2.281564644618348
2.267846156593182
2.25264254929438
2.234854144948908
2.213238081734298
2.186679746596027
2.15449542728288
2.116707919835651
2.074234651530106
2.02893932365066
1.983522593932354
1.941259788860348
1.905625424882985
1.879866676763585
1.866596125374924
1.864613258146545
1.865649027400118
1.865440493438091
1.865480674692235
1.865411347527115
1.865690562341587
1.865175934965685
1.861125806322897
1.852205084957651
1.838239741333688
1.819502734087441
1.796499984713426
1.769808271518753
1.740020043294182
1.707772164646566
1.673788087162258
1.638878381211029
1.603889532876521
1.569623324515174
1.536757320006628
1.505790721277089
1.477029171192179
1.45061067211628
1.426564001514062
1.404882837141795
1.38559545512531
1.368812230703201
1.354740207232975
1.343663165809659
1.335893932844481
1.331710698167343
2.345903296591913
2.348096107216178
2.352090678050361
2.357571162513663
2.364131033680471
2.371292992064073
2.378512023767976
2.385180912291724
2.390653778436184
2.394294554197863
2.395545694049819
2.394002017262313
2.389469279824692
2.381988380247292
2.371812953409936
2.359338328452248
2.344991284408039
2.329100796203311
2.31177800407663
2.29283680993915
2.271782974472288
2.247888620070638
2.220351684489924
2.188519234650423
2.152134434061861
2.111554754943866
2.067888185224226
2.023006465054838
1.979417627873799
1.940008547004215
1.907694572361892
1.885031600042158
1.873852819889013
1.87229596563797
1.873142215280599
1.872966315258308
1.872982640975223
1.87293944103858
1.873047405297967
1.872917254053584
1.870536084990121
1.864176249153541
1.853564966651128
1.838775339274285
1.820004067738147
1.797520091455632
1.771762551094278
1.743433905403014
1.713471188583359
1.68290759698226
1.652711153910738
1.623671076712972
1.596350920502583
1.571093655353443
1.548057460280069
1.527267406296422
1.508673764321732
1.492208670636028
1.477832024455987
1.465558379864212
1.455460645885742
1.447652640894228
1.442258814536099
1.439383678920287
2.365439734937394
2.368101072571255
2.372951049316135
2.379598339356478
2.387537906280593
2.39619176341288
2.404928415222936
2.413075022575359
2.41993622528164
2.424829030392753
2.427134682443506
2.426359045644308
2.422186614859208
2.414512075973949
2.403437219606787
2.389228409744645
2.372238903140232
2.352809455793493
2.331168203836558
2.307355033692208
2.281194946363673
2.252338217737842
2.22037244957596
2.184994398745714
2.146211130567941
2.104525625128516
2.061057001958269
2.017553605026505
1.976277469857327
1.939765619405217
1.910499871468371
1.890536925539129
1.881161400509759
1.879976011877097
1.880652593840282
1.880499596251472
1.880484238078766
1.880463035846088
1.880372213862483
1.880656627873061
1.880089714880246
1.876622547436576
1.869898481896324
1.859627260589629
1.845469550588959
1.827274996279725
1.80540048424449
1.780779349162626
1.754697503102541
1.728463937895312
1.70316230044199
1.679548020327566
1.65805892225047
1.638880969245803
1.622026126240715
1.607401905420682
1.594866422921293
1.584267918097267
1.575468384275707
1.568351545536647
1.562817674103507
1.558771394153585
1.55611254925964
1.554743272081232
2.379581945501438
2.382512835442564
2.387885433081848
2.395315111504364
2.404293349972542
2.414221301572915
2.424421865392524
2.434146659419852
2.442593930266512
2.448946986077204
2.452432557687285
2.452389407762877
2.448332899033514
2.440001326048614
2.427373099057862
2.410649019841781
2.39020024247408
2.366489466603605
2.339979470836619
2.311047990535777
2.279929992311328
2.246706643018979
2.211353913578022
2.173852249350912
2.13434253446614
2.093295464632046
2.051647325289351
2.01085250295442
1.972816375489966
1.939698811200978
1.913609407658154
1.896242574938345
1.888520450996063
1.887667841184364
1.888186180669612
1.888045197143074
1.887984393415296
1.887978537572489
1.887630952387181
1.888341268325162
1.889861059148887
1.889876515452385
1.887760915488073
1.882464821718734
1.87284424202087
1.858441506199586
1.839896953829653
1.818690579185738
1.796556683574779
1.77499992049782
1.75508031803242
1.737410849912176
1.722254094525102
1.709637873781902
1.699452557835613
1.691518841436447
1.685626294325233
1.681547402363669
1.679034137694398
1.677805860764451
1.677538455032916
1.677865039007745
1.678398953406948
1.67879052120343
2.385425850521117
2.388693178524567
2.39473657054651
2.40321308287221
2.413641223186803
2.425408008520756
2.437761091419681
2.449810467162519
2.460557934454137
2.468958138525132
2.474001368095957
2.474802327910516
2.470680452934354
2.461221204278194
2.446310910021199
2.426140100726495
2.401173265712774
2.372087095532863
2.339684098707861
2.304793214646423
2.268173196098108
2.230437736069574
2.192022615715038
2.153212344194862
2.114233689324897
2.075404243170965
2.037298799174247
2.000875216326631
1.967498590149436
1.938824979167961
1.916545359991159
1.902029983941645
1.89594507456583
1.895388169980959
1.895752772218467
1.895611757539635
1.895485704205312
1.895490752459937
1.894771112903244
1.895926953168968
1.900125353876851
1.90471618925585
1.908092523375648
1.907708947971464
1.901587672510251
1.889637848160979
1.873497450518585
1.855481141490507
1.837656427178865
1.821451576861951
1.807666132307342
1.796634209447496
1.788398164987038
1.782844378594046
1.779792530969819
1.779039967666611
1.780365326697823
1.783500691361287
1.788088664282498
1.793645021830665
1.799546363202195
1.805057026539942
1.809404030983639
1.811905489457411
2.381138891138503
2.38506687041597
2.392393939464225
2.402804786515342
2.41580574147076
2.430695244776199
2.446538566058287
2.462181651759279
2.476316596871034
2.48758476892381
2.494691640808661
2.496512695944619
2.492181042214385
2.481154308846259
2.463259411191346
2.438712372439123
2.408109550720677
2.372387112931069
2.332747309851663
2.290553220817011
2.247198688161963
2.203967518370781
2.161905132519744
2.121734140216604
2.083847212809827
2.048398405639268
2.01548279890497
1.985350346442753
1.958565394367719
1.93602593857999
1.918803220464013
1.907825337293468
1.903476394543651
1.903155999630642
1.90336770654649
1.903215198217592
1.903002507272897
1.903032468301118
1.901740276703814
1.903675162772693
1.911839932422399
1.922871343639467
1.932335536354145
1.935352849510964
1.930148476030396
1.918542129349697
1.903896772248275
1.889201604203611
1.876367580568504
1.866345960566431
1.859460409225216
1.855686284011682
1.854845216304402
1.856729149216636
1.86116414693357
1.8680150521362
1.877133033872835
1.88826229979799
1.900938664288874
1.914418797194945
1.927671973792795
1.939451871189706
1.948452075219381
1.953539092252587
2.366022726121265
2.371185492649948
2.380857736824829
2.394682100070084
2.412031473805609
2.431945951086646
2.453116997987209
2.473955805662929
2.492729976897095
2.5077202872424
2.517356869909711
2.52032107737217
2.515618455811322
2.50263254703062
2.481165778736891
2.451469072225259
2.414257185071656
2.370701840289007
2.322390701886314
2.271239787322436
2.21935178184853
2.168823264014502
2.121519410770913
2.078853713068991
2.041628054614429
2.009994789762615
1.98358177757482
1.961763848731281
1.943985044526307
1.929984595300163
1.919808860959372
1.913592846055388
1.911185515459917
1.910990773942709
1.911048415706241
1.91087552682007
1.910558045641714
1.910659227456485
1.908496248986748
1.912409812517499
1.927356107766053
1.947548129627693
1.961809302839538
1.963827791190877
1.955425391578092
1.942164820565875
1.928856600560218
1.918158464941363
1.911096594269747
1.90787359912483
1.908293689424003
1.91200577246626
1.918669961882197
1.928064984710817
1.940126523337112
1.954898671527644
1.972399605504977
1.992435379261029
2.014420388658622
2.037266506096292
2.059386822443335
2.078834712188646
2.093575041021193
2.1018641550707
2.340558457533013
2.347784813255438
2.361313142252721
2.380599096636406
2.404650363456492
2.431960628930543
2.460572594110977
2.488271618832714
2.512824375026506
2.532174845332399
2.544566134154497
2.548602522363473
2.543277591582338
2.527988737377603
2.502553392972429
2.467238148154169
2.422802793704404
2.370546896197432
2.31233290063608
2.250553731648306
2.188017323585361
2.127734158491777
2.072614038506566
2.025103840043156
1.986828821191376
1.958331186060679
1.939012641704778
1.927350628529901
1.921349059253784
1.919040137177356
1.918788648643424
1.919264089965171
1.919154025369495
1.918910503320549
1.918810776099045
1.91861801378598
1.91818468388093
1.918408415588626
1.914842533419474
1.922000027031705
1.951306829736596
1.982932457019334
1.995203875570013
1.988365254817131
1.973060888475818
1.958039308281057
1.947197022918698
1.94139943931044
1.940435966906416
1.943892941035777
1.951226068212702
1.961899857316773
1.975532968158548
1.992015550660976
2.011528665061682
2.034418266770465
2.060946468742828
2.090991699020887
2.123784597674743
2.157759746948398
2.190581985708753
2.219375699995145
2.241149830194039
2.253371106592243
2.306458888782725
2.316860438496545
2.336236279463167
2.363587918508778
2.397160823703021
2.43447196245903
2.472587160805526
2.508518193608491
2.539548887990588
2.563409828719033
2.57833183331594
2.583031866572582
2.576664771014879
2.558765348479943
2.529211713729564
2.488240325862633
2.436524521017861
2.375298761734342
2.306484279019897
2.232758952890777
2.157518370027773
2.084692493175653
2.018406686122424
1.962503027367429
1.919971062583442
1.892383742496273
1.879491374395266
1.879159020793091
1.887768266497504
1.900988304741938
1.914544875195231
1.924562665578116
1.927409041996915
1.926918704333573
1.926642075921247
1.92643086205412
1.925822909506503
1.925959024385612
1.919350789237847
1.927355506303771
1.991771859607077
2.028857252762264
2.023566192771034
2.00091169155872
1.979848927036885
1.966162135688391
1.959548625881391
1.958794062649562
1.963147156486268
1.971924007811988
1.984527295157802
2.00048888384024
2.019594023069447
2.042045393733243
2.068448966498309
2.099561312639287
2.135895579927991
2.177315732480046
2.222714760925171
2.26985111826472
2.315410523971804
2.355346439755597
2.385497728502473
2.402393574151629
2.266762542748964
2.281798485635629
2.309562309418289
2.348110565900124
2.394279622896487
2.444049117038734
2.493227604959911
2.538052800539801
2.57548631898095
2.603269636707407
2.619870599168724
2.624372222873527
2.616313784964379
2.595518843226869
2.561974701520296
2.515821598743456
2.457472156928715
2.387835030795098
2.308579003700746
2.222353943261206
2.132886230433826
2.04488619929861
1.963735102422551
1.894948264969103
1.84343688876499
1.812628130609544
1.80357792549363
1.814330131627612
1.839868440757509
1.872893794758693
1.905186631199386
1.928728691604302
1.935838838014011
1.935018545015441
1.93453014146228
1.934399290131653
1.933731261890382
1.933701698322374
1.923166292833338
1.930936890584307
2.051131657440037
2.063704157426979
2.028021909125361
1.995801976386125
1.977933696500423
1.970039344491854
1.96802637095312
1.970677177393964
1.978159770720826
1.989228594204677
2.003738498785071
2.021709397401706
2.043482276713398
2.069916913693373
2.102260046223749
2.141713388665837
2.188899230930438
2.243407487802044
2.303491763527441
2.365941916274522
2.426203013984904
2.478851945729539
2.518445322613299
2.540561565863792
2.226030114413746
2.247623612441667
2.286954693118589
2.340219254383317
2.401873109746133
2.465811233935864
2.52655824673132
2.579821468514634
2.622530068860775
2.652723992739164
2.669412948072257
2.672350017683533
2.661709030248966
2.637754597853551
2.600621490963765
2.550278993087936
2.486695530375569
2.410167890124292
2.321741289573265
2.223619855112562
2.119456563589186
2.014424713915161
1.915007642848486
1.828482825735381
1.762100345766332
1.721964867078872
1.711665578206398
1.730832779873232
1.774074997546379
1.831018387865735
1.887940285394507
1.930299706209001
1.944119461230381
1.943226097367832
1.942490940585721
1.942841810789554
1.942909090150227
1.944108012856842
1.935970865158482
1.959956760919994
2.042533624789661
2.026188818051857
1.996185279528245
1.981028634303797
1.976104925434099
1.974719685709383
1.974943553800127
1.977887631016229
1.984667824353075
1.992978285516308
2.003822652095804
2.018374949231189
2.03834805701053
2.06582883364058
2.102876205471649
2.150979834607931
2.210492857589726
2.280229554748749
2.357289803338425
2.437056149753758
2.513442490976579
2.579570975038486
2.628861232949729
2.656217565654262
2.190766247188389
2.22147512109185
2.276199277756024
2.347602717791725
2.426586452773508
2.504847221751492
2.576087519520555
2.635921261974139
2.68155101196119
2.711629973979729
2.726074111850493
2.725637970860796
2.711350298004525
2.6840152863285
2.643921538967181
2.590804099994458
2.524047735809697
2.443095113911701
2.348001944348234
2.240047686719759
2.122273936663949
1.999807283153098
1.87984866969902
1.771268411832701
1.683794320590788
1.626780667100052
1.607510546410172
1.629006759549141
1.687583778447339
1.771033042378658
1.859089032108312
1.927257277308026
1.951796776620076
1.951420450463345
1.950225095792456
1.951411182139145
1.952781866635679
1.956263737989628
1.95873798890066
1.977285918892906
1.986520572531049
1.983981047504587
1.979578196705521
1.977815527280927
1.977274844680952
1.977071675321946
1.977207427419938
1.979030397451844
1.981463864771374
1.980529209506043
1.979369373540759
1.982314327941942
1.994090623203657
2.018798517403729
2.059254097805481
2.116714015019763
2.19058811053747
2.278148643762701
2.374546721852266
2.47306115335582
2.565740629195979
2.644479098915313
2.702214307848077
2.733905226309467
2.17033693754051
2.213493578900882
2.28762226997388
2.379179483509877
2.474928909183844
2.565349557528172
2.644161951703246
2.707167826223352
2.752059795339143
2.778516311683626
2.787807487208105
2.781969836831371
2.76296830729555
2.732119137305371
2.689822862066486
2.635558553634785
2.56809573830885
2.485911408241539
2.387805671612502
2.273673372702766
2.145318479215686
2.007126529993286
1.866387725456998
1.733119689393696
1.619340437735618
1.537798408037237
1.500118672152501
1.514212905285461
1.580767232620493
1.689043215935897
1.813778309410562
1.917220017967074
1.958897660797261
1.959301619739836
1.956932422960693
1.95867768376562
1.960189391371018
1.962984840929661
1.965510189371654
1.974242974056862
1.98280272800007
1.98327633092795
1.980710516639441
1.978458965723825
1.977116487613115
1.97627564286696
1.976810023630767
1.977118017068282
1.969752881818833
1.949714146549074
1.924642453550151
1.904766234196946
1.900014633257227
1.91742234793923
1.960181412751399
2.028250649675461
2.119072067611509
2.227402651427142
2.34529065173867
2.46277884013659
2.569686639229814
2.657523977800297
2.720255871174094
2.754142654971549
2.179006531606355
2.238316632230823
2.333981044610209
2.443602864371495
2.551761188526893
2.649757437178685
2.731484216580184
2.792655941724733
2.831830477691992
2.850419852236442
2.851495108448733
2.838407898123399
2.813865943383361
2.779501529329549
2.73574778746614
2.681878960401003
2.616174705366661
2.536244715366349
2.439580533210054
2.324378701273181
2.190593077246663
2.041035442544454
1.882213746071635
1.724575525202629
1.581959418804547
1.470252100024335
1.405330923504875
1.400303124368289
1.461845474348838
1.584996764569996
1.745856023493245
1.895424426728033
1.96576505452888
1.967009504149988
1.962593381644231
1.965360306289403
1.967082819056875
1.969336777934285
1.97104795890382
1.974103195257374
1.977208014237398
1.977409702969315
1.97680025278446
1.976182960012435
1.975854566928439
1.975230609276862
1.976989230364544
1.974971690545583
1.950456910226255
1.898050251388961
1.833944700038634
1.777614748021749
1.746338098471009
1.751134231818128
1.795270369626284
1.875799617087313
1.986516663867145
2.118560167453389
2.259200389478273
2.393632559900058
2.509358417092009
2.599306592232901
2.661025127295241
2.693757712604358
2.240527734646399
2.316906935550337
2.428235851169465
2.546179285438729
2.658904044330595
2.758445948527455
2.836690195652018
2.889127085898827
2.916498407906958
2.922906671266701
2.913260521687448
2.891746700301142
2.861303556180323
2.82356623304642
2.778926328511514
2.726585542703745
2.664614898700735
2.590097445410725
2.499477156206022
2.389256072991852
2.257133161090992
2.103514046561654
1.933049238283866
1.755613418063842
1.586152504236198
1.443189300857541
1.346218254254827
1.31243422564121
1.353304282219494
1.470935388547537
1.651372114405832
1.848905128621207
1.966584557458095
1.973889222848618
1.966480496551226
1.971377875528181
1.973599333302728
1.975375436161246
1.97579482672104
1.974369570275859
1.973710492738973
1.973382722526707
1.973869238282662
1.974213363561741
1.974507131479557
1.973798820516706
1.977209899706299
1.973011953692611
1.921835838721303
1.82141355513666
1.702459364590304
1.595854913042746
1.526992355031609
1.512159983708222
1.555942757219712
1.651337302520661
1.785131977763227
1.943031972040558
2.104977825263747
2.250167689130593
2.365247194719498
2.447094514568222
2.499542480725828
2.526943583664627
2.39816933891015
2.476099188884995
2.576703669897032
2.685682157197647
2.795619842455011
2.889836502237403
2.955273706532418
2.990008117964416
2.999429992819301
2.990522662592532
2.969028656017514
2.938943024377946
2.902792997380067
2.861931673845707
2.816679282705314
2.766338662133218
2.709136450748474
2.64215971428532
2.561412253131521
2.46219319412269
2.340049615431248
2.192471719999096
2.021163006333271
1.834134612474635
1.646400389680486
1.478361701080256
1.352150624910591
1.287182965736037
1.296254213593738
1.383588923841864
1.544825189558015
1.75820345903592
1.93671147138369
1.977116583061903
1.967980790420274
1.977275105674413
1.98102769296645
1.983007730177477
1.982430089993654
1.975437622835175
1.970717595659971
1.969577640848047
1.971626255133049
1.973278480273979
1.974115852814706
1.972744852592527
1.977594717836832
1.967123327089851
1.87579332570759
1.713323936317124
1.528220504623045
1.361105887471215
1.243746241454618
1.198770473833565
1.236495256979036
1.348946036323441
1.510330272608788
1.69356917965189
1.868255172172661
2.010741926175454
2.112488345730809
2.175762261334282
2.209875184055534
2.226737635210643
2.733193972060454
2.737610081475511
2.769344368782487
2.857018027117081
2.961180906369378
3.038463722840081
3.077059057616968
3.084819159223544
3.072524037443628
3.047775634954522
3.015135394953703
2.977366508809105
2.936173295092021
2.892491569928391
2.846572289718826
2.797954043798988
2.745339382425726
2.68639227422163
2.617529851016858
2.533891104087995
2.429817030658404
2.300276946787787
2.143491233963594
1.964234472540769
1.775991176096501
1.599584513596979
1.457955106022041
1.370167453527372
1.347495485202605
1.391017279257283
1.491492014747472
1.642557485904662
1.845521395192733
1.969421681524759
1.967677486900044
1.983833992038114
1.989882630078601
1.991839508063237
1.988251086489317
1.966368035073518
1.961520048329418
1.960783600519623
1.964411207724533
1.966537815735892
1.968025803283033
1.968243391275885
1.976242094885053
1.942225605040521
1.797255158635574
1.567988731671609
1.315423988576232
1.084557523036875
0.9103328830776859
0.8208998212807727
0.8373564156935553
0.9636060318150288
1.163036496287069
1.363381427924488
1.526921505243302
1.643180095273814
1.718954785557037
1.759339091564761
1.769678489794742
1.766162514901687
3.379898703533063
3.090159291355553
2.989189441244574
3.06417690977225
3.15092918661968
3.187303462766538
3.184029298680056
3.160867058639867
3.128219814347176
3.090154173480303
3.048566630238506
3.004708525849139
2.959446712613888
2.913287640754741
2.866394829639128
2.818566835249593
2.769131713436663
2.716739551646048
2.659064792425089
2.592507542345527
2.512154680116356
2.412499998003571
2.289518444454595
2.144201683850159
1.986080194997097
1.832992326933604
1.704677535483381
1.615164300212979
1.571989919170605
1.578244189403685
1.621467564285444
1.661571208415479
1.785028300485866
1.965602018266972
1.976688523881156
1.996601161674572
2.005204381843117
2.010984195589054
2.014427555927687
2.001764148888033
1.934494789190591
1.940995675608888
1.965081281398903
1.979373129628131
1.984409435415789
1.982906587842022
1.963416149871632
1.873354430409524
1.673232517157713
1.388260062086859
1.077776882150443
0.7870615496466846
0.5531884320801275
0.4070463362448128
0.3769605897323948
0.4917281141772979
0.7476443250395595
0.9390762288902754
1.043932541939036
1.104660339074584
1.14559916803553
1.1693051849336
1.166366082634361
1.120294337178501
4.446794139143662
3.517140140024012
3.287124831476746
3.314717656476721
3.32818513476888
3.299123513754422
3.25461909344676
3.207957723389341
3.16127165802718
3.114183890524151
3.066579771794001
3.018624394138515
2.970486955046661
2.922259480325242
2.873964042912244
2.825554982997716
2.776890746780312
2.727669424380219
2.677321599441919
2.624872296808622
2.568860907474679
2.507516835371551
2.439407938721182
2.364402209126287
2.28514665564985
2.208060874125273
2.14064203122813
2.085656711334564
2.044553923535621
2.026979687596426
2.056776542546895
2.088270152504569
2.039745310225547
2.022717930687402
2.019882776689087
2.024525750012899
2.027728339467184
2.034697775066823
2.034704158774976
2.070013639572492
2.027505915311592
2.02315848336342
2.047427377888855
2.061169028760881
2.05136580255456
2.013041970494432
1.928933413621736
1.768139188929687
1.515936706784078
1.193651686553468
0.8396538136623715
0.4968102478271658
0.2062731901021224
0.00331448635038488
-0.08535899271432189
-0.03421931820569861
0.2344735302724979
0.3805841460458627
0.3655778819277226
0.3546573808846326
0.3536445408367376
0.3666939621806718
0.386729992264231
0.2830504279000483
3.884797481423086
3.596347072425435
3.49717840258499
3.434220413943848
3.378011837051567
3.32270717412252
3.26956197210635
3.218319037528663
3.168246920315923
3.118793306582466
3.069667175972792
3.020722092534343
2.971875098963341
2.923073337664812
2.874282215234251
2.825478984690551
2.776650063764173
2.727789723398772
2.678900171784347
2.629989806398581
2.581082180732359
2.532212645922868
2.483517599133643
2.435009539258838
2.386841322475473
2.340482934896591
2.29892721680185
2.26168297189187
2.229243430050877
2.20246550717113
2.187510653554929
2.168985244438431
2.123230870599786
2.069322965338334
2.052542938435561
2.047715454855138
2.04689963858096
2.054118564454272
2.038956293195493
2.106305255630646
2.224618560713202
2.242008586121121
2.234032627011518
2.202460565283638
2.137230015014317
2.031229820773474
1.874205821110427
1.653942300778265
1.36563647974419
1.018298187454942
0.6341968984680776
0.2487225854278596
-0.09338054083776354
-0.3441794687835187
-0.4572779004982328
-0.379288455666598
-0.01706277627972334
0.1605852265500227
0.1062351410128532
0.1078287221065601
0.09834078907495894
0.09052985990075167
0.08100921772992015
0.0837581326752192
3.589324267758895
3.496110652074619
3.444544733273887
3.396584220153497
3.352893974054008
3.30733127352153
3.260323669913608
3.212584053295438
3.164527719349277
3.116292468443528
3.067935414192221
3.019492367082714
2.970986084614651
2.92242355743209
2.873794044705214
2.825064162605709
2.776168940894899
2.726997253692328
2.677374311584963
2.627043250751931
2.575685898364459
2.522918943037863
2.468542621026018
2.412209502255339
2.354097150516237
2.297404343537579
2.2486797066397
2.207208611326049
2.174084120527553
2.149047026246055
2.133015745950027
2.11851470915598
2.096399504321068
2.074939916352601
2.06544520983703
2.062133176063929
2.061902771998384
2.072258516349125
2.045521671551131
2.145278173184636
2.393744609546398
2.469192804570265
2.441257988638001
2.345894438330447
2.202753234455743
2.022511092231714
1.806574960665107
1.549882904278193
1.245973382773959
0.892318732729583
0.4967744372078324
0.08411310469761799
-0.2996709764331512
-0.5876486309622541
-0.6981887668051102
-0.5411191054589128
-0.01959520361533748
0.2254127603984921
0.1716783635686339
0.1871497215036486
0.1810373723614976
0.1704229338591896
0.1469209843818384
0.1426433271399254
3.514354643280518
3.47459885572901
3.442614599884477
3.399036560921402
3.355096012748327
3.308810639304068
3.261370238685779
3.213354884203172
3.165090705761446
3.116697736022789
3.068227958217558
3.019707433613596
2.971150048655957
2.922560202176747
2.873933550449072
2.825255907067021
2.77649899305762
2.727611599930319
2.678505586379525
2.629030206313172
2.578988881251215
2.528022754541312
2.475903701370708
2.421079631317165
2.361657651938323
2.302100553989567
2.254452522577858
2.214157500530202
2.181988277505534
2.156501263245505
2.137111094323922
2.120031250669591
2.101344629982266
2.084989658076086
2.076187846189393
2.073462746478864
2.074034183961821
2.088200681744308
2.052725377203704
2.180515346529777
2.52580104873045
2.650157620375816
2.597313516984009
2.43119490349882
2.211883510876019
1.973988162908503
1.726144079595636
1.461542002475934
1.16769068368764
0.8331355933333949
0.4538608630388445
0.04158183761218146
-0.3644907981484441
-0.6858502579990778
-0.8068345810449845
-0.6067517088340373
-0.007987390298406135
0.2211128348203318
0.1549550729661131
0.1711363190405274
0.1632591519723933
0.1505041715259186
0.1243567292083373
0.1315287573041565
3.514341347375095
3.47460093852304
3.442627978584111
3.39905616997672
3.355116983074568
3.308831187918774
3.261390024876132
3.213374660027901
3.165112199593561
3.116723833934722
3.068263163740161
3.019758830149312
2.971228611218706
2.92268408572812
2.874132178296535
2.825577775015041
2.777023719446918
2.728465531061243
2.679876980144805
2.631167768631706
2.582229305145352
2.532717601169746
2.482570093713352
2.427528212650761
2.360704714468217
2.290063959079826
2.241353978281351
2.201223342932452
2.170548224826032
2.146516219826654
2.127755388916229
2.112003046494701
2.097422230298418
2.085780742513701
2.079593407528531
2.079112528052996
2.082062585246852
2.101629783726291
2.060530501983342
2.217102844730494
2.640946577132098
2.764054135798969
2.646745558709341
2.407111151008163
2.137918378972808
1.879356132148849
1.634600307209611
1.390822039349976
1.131470343851749
0.8416285803762408
0.5111180530932014
0.1392165613652377
-0.2540220079498456
-0.6057074873876538
-0.7883257893269291
-0.6304433924894457
-0.008094316145683327
0.2273515197019677
0.1613739277989423
0.1808267299243845
0.1729897286105244
0.1576479086179031
0.1264040709282123
0.1254296085905675
3.5890296140847
3.495864194278949
3.44431630924391
3.396398955580324
3.35275131695863
3.30722975745343
3.260259340014135
3.212549909971214
3.164513166528561
3.116283856607697
3.067917646006362
3.019452169997352
2.970917070163011
2.922335382743943
2.8737272663495
2.82511607410448
2.776535089457658
2.728025377153573
2.67961290517047
2.631252610142371
2.582957195729132
2.5346244443093
2.487550397756656
2.432598091331659
2.352302699259699
2.261152706112383
2.21639691109024
2.180016014024999
2.153624266553488
2.133094350567731
2.11671037515245
2.103028079953264
2.091245907645529
2.082408965152998
2.078110302874927
2.079709170077005
2.085989273934524
2.112914182559041
2.073480399612515
2.29331794209361
2.757560894141684
2.769866713935802
2.537989013692216
2.247928361352396
1.980220764415484
1.7478857506857
1.539492715005479
1.338822594246639
1.130840892428736
0.9032736468529355
0.6470675559249692
0.3561723010738676
0.02874527044916
-0.3188763523141184
-0.6044853155622503
-0.6130108092543428
-0.04368505474580232
0.2278528254202469
0.1721257531446669
0.1957958873076572
0.1887364647065671
0.1700749650279294
0.1321753942408415
0.1109422919392517
3.885577720295322
3.597252737715239
3.498027223770102
3.434970788839526
3.378635820426476
3.323195480905888
3.269922827572475
3.218578974003208
3.168451631507913
3.119008423674919
3.069979106243995
3.021239256853705
2.972731881341338
2.924437215520737
2.87636818312759
2.828576275226405
2.781172539102312
2.734360185314674
2.688449862502841
2.643784965688784
2.601004396654267
2.562359503417625
2.538538139194172
2.510466825243892
2.414599216484773
2.23678473519799
2.187467298400017
2.153199521109908
2.131431509653212
2.115404111091618
2.102371893277702
2.091197984645437
2.081552867129611
2.074319048892149
2.070932927506159
2.073694378927017
2.083508768965729
2.118716318410929
2.101700842265004
2.447333107859476
2.801798454619517
2.568845317129743
2.24484996828577
1.980577655275536
1.775260417220894
1.604979632481383
1.452258355020217
1.30521605657587
1.154839141831365
0.9943681670813328
0.8197521405440528
0.629067042205641
0.4164749135697924
0.1592956238882086
-0.1695297899865811
-0.4585340953854923
-0.1564355174777537
0.2125759234093267
0.1942938948523678
0.225104872246531
0.2217716422124229
0.2023989473744589
0.156951424947621
0.08971418892630968
4.444509258954019
3.515383863535851
3.285761597795559
3.313615463053114
3.327303131690877
3.29845269217045
3.254140389001865
3.207626220394279
3.161010902011779
3.113883906185396
3.066097823582506
3.017788419509464
2.969100854995905
2.920109257992698
2.870833610437839
2.82128610232375
2.771561325525109
2.721906764736083
2.67240214862446
2.621973425044028
2.569787817898778
2.527428266880278
2.531176788987964
2.513953173681442
2.206725733839594
2.079516783931683
2.102842405697637
2.103280025372412
2.098691715173485
2.092655558997895
2.08522691874962
2.077168700318469
2.069088800654554
2.06206015188454
2.057582617081752
2.058326415517497
2.066934647215053
2.099823770432859
2.120241212029328
2.514103056400979
2.477580607892774
2.084025689954132
1.846646474834049
1.699572912391268
1.584046053985973
1.480944034285569
1.383294632772732
1.287090001776767
1.189485491095148
1.08843310280013
0.9832452999231825
0.8765743590197902
0.7761737559478578
0.6807653130109717
0.5167334367998671
0.1081260767382958
-0.1833078584521526
0.2055995025829271
0.2431025992770414
0.2713659433765531
0.2650520494741791
0.2334453851744719
0.1427668152011653
-0.01258865977839168
3.359650461331678
3.071253660312965
2.972445687628154
3.050067259800687
3.139739070790854
3.179140140445625
3.17875319287538
3.158032422384083
3.127045885237893
3.089529412231008
3.04708599427416
3.000738165998627
2.95120289302419
2.898916709412839
2.844060354704958
2.786589850719987
2.726250082376711
2.662441076331159
2.593656881908262
2.516389999006073
2.423203879383751
2.293930680886639
2.066526970877501
1.664289752629152
1.595718015183204
1.991356442878807
2.020340862260541
2.056111320396548
2.067981740273133
2.071182769411139
2.068636875752589
2.062870240710183
2.055085913411694
2.046220321144812
2.037058728061872
2.028508118853132
2.020441755623481
2.016937491837517
2.031376833299909
1.908952742508878
1.616633204870179
1.584076373154636
1.574275014407169
1.522640380838966
1.461223239922292
1.4005873283533
1.340252307127728
1.27941996147323
1.218253617107659
1.157038764325831
1.095717146298587
1.034387587499532
0.9793852216713063
0.9590849639905422
1.014762237974672
1.00104788150487
0.5120322750519954
0.3480855831910872
0.3746226217356
0.3715386372534405
0.3679255853569217
0.370975372250636
0.3785763320990484
0.4961532192020475
2.678073908191707
2.685511854713735
2.722633705415813
2.817495936426979
2.930028394970571
3.01618734942001
3.063394372446289
3.078636384263714
3.071786244733632
3.049582198747877
3.015863010913039
2.972896368677313
2.922169545528082
2.864682075942246
2.800984217831208
2.731063614734774
2.654065123162686
2.567724263821781
2.467254217484087
2.343158111993815
2.177347750049703
1.94163161119009
1.627290952986295
1.376026544118963
1.679988265507352
2.011566265869825
2.003360052702901
2.03979310398548
2.052307335405538
2.057428430525813
2.056290318168553
2.050978576672064
2.042309548155973
2.030724463231261
2.016086835041122
1.997520339373659
1.972242332835626
1.933822303294887
1.878152656939957
1.697787402111645
1.599963350920136
1.563061299025464
1.531228456624441
1.485434537144248
1.435679913529257
1.38411443699122
1.331453224997763
1.27819836756829
1.224869730283191
1.171936756283504
1.119811610768288
1.068880241856617
1.020275934616484
0.977689643730498
0.9537910283997972
0.9133288247086377
0.785150065230244
0.5621719481181099
0.5015159497964887
0.4634117539553333
0.4477165690458637
0.4497716087020343
0.4733265647991372
0.5442496384016514
2.29466983108273
2.378068231730035
2.488602149140674
2.61113587182549
2.737144155389781
2.848618428454794
2.93097618238921
2.980619633154133
3.001219016106475
2.998151880730331
2.975853320769056
2.937476246727739
2.885278161412505
2.820923044325776
2.745497222127316
2.659230298583459
2.560922361201446
2.447074109843692
2.310833721411546
2.141591507323619
1.928856680278511
1.680409607208262
1.466055220115867
1.458798711677097
1.851353518516826
2.041261328607889
2.010866035481582
2.03731113209602
2.045813753581549
2.049881248137444
2.048456142555811
2.042703942264966
2.032919950183397
2.019190079289014
2.001174049707712
1.977998702751262
1.948006663489251
1.90734174430552
1.857198239321595
1.762314883667863
1.678702194980864
1.616776601264041
1.562117398098247
1.50590610827607
1.449480655045376
1.39278500041263
1.335900676881991
1.278871844788477
1.221817224750734
1.164898270002765
1.108336151940882
1.052469458485955
0.9980031286940023
0.9452183233240257
0.8942004409270496
0.8264280063453974
0.7196017423330329
0.6061767265635469
0.5554149047454169
0.5206023299105469
0.5057488031910164
0.5082094995607336
0.5311783528465773
0.5761776948940061
2.078739050059135
2.163661881108692
2.290587051832479
2.429990823589764
2.568367356031732
2.695654579249103
2.801284816351328
2.87806167912479
2.924002055676609
2.940701827358111
2.931058265580877
2.897990794865616
2.844084112883752
2.77156599953552
2.682197749591449
2.576902923602995
2.455157380629545
2.314431351874191
2.15055352631146
1.961047437606094
1.754846102054204
1.56968652626139
1.484942228235956
1.595751220936173
1.93496311700314
2.053464236054618
2.021720523105235
2.039910678096044
2.044937319981235
2.04733540177106
2.045031956267918
2.038467238079395
2.027484458225429
2.011843977150824
1.990995033132672
1.963993384653547
1.929490638252343
1.884862770807957
1.830850220217815
1.755167589697389
1.683096112910419
1.62109679124813
1.563517021648396
1.506246593456174
1.449326195478983
1.392478851535525
1.335650121179493
1.278807454750569
1.221965877144109
1.165157581691468
1.108420368418874
1.051781376762432
0.9953223633790492
0.9386806386050253
0.8812322547445129
0.815290522016784
0.7324991129087876
0.6493719191058391
0.5978065822077667
0.5625466259529995
0.5464215706470342
0.547677730324319
0.5687422200782529
0.6087208040196728
1.95283379649901
2.024284193110026
2.142168593323826
2.282482289906521
2.427473472672165
2.565443494582875
2.686743421178645
2.783235494579545
2.84963367340147
2.883873998920331
2.886270605166967
2.858443436047887
2.802619619170974
2.721296971842411
2.617021735024375
2.492108283453594
2.348380011886305
2.187424354730932
2.012391031031284
1.832558572164961
1.67036228273358
1.565649225884026
1.566340815404561
1.702195033776714
1.96975157596427
2.059547782649193
2.032331602341172
2.045052479394843
2.047898211419156
2.048941861019619
2.045870760414158
2.038644453285158
2.026808462263296
2.00992066975429
1.987361980928075
1.958310047831493
1.921850689863411
1.876584649556764
1.82320699303422
1.757597215617695
1.691668451266778
1.629362125422281
1.569366972187725
1.510250299323769
1.45189512915466
1.393991712850203
1.3363722794133
1.278888401747679
1.221424487658143
1.163873383503246
1.106120775812742
1.048011677669022
0.9893736236598274
0.9297489517497723
0.8686619831294159
0.8035089289329678
0.7326318069256944
0.6651139549080705
0.6168194168338518
0.5835264024490719
0.5674408187107779
0.567615546409346
0.5854543657677274
0.619187122908795
1.877806738280306
1.937159859135293
2.040993529893671
2.17367292676809
2.318825860862785
2.462838008207417
2.594629366479819
2.704890848236575
2.786352710442531
2.834314944884678
2.846629065242093
2.823190915847946
2.765366489207057
2.675611719279486
2.55731629225561
2.4148365095422
2.253796246761954
2.081940586775289
1.910869500197815
1.758312120782591
1.648778189578485
1.608687911533217
1.654901673849379
1.786169941743011
1.9937050964621
2.064387187409948
2.042506150235794
2.051858240500715
2.053732906706333
2.054095704324296
2.050718864062925
2.043236036078075
2.031008949640074
2.013455585316466
1.989896426487173
1.959563727382534
1.921755110831651
1.875749365953564
1.82225678342031
1.760547364752101
1.696919676327157
1.634251524059842
1.572926682688331
1.512667124575225
1.453398256047687
1.394839527357364
1.336757064455858
1.278916240402349
1.221097883189181
1.163080831681055
1.10462254049319
1.045435921577205
0.9852204698121076
0.9235882807456747
0.8603666302937096
0.7951479848827265
0.7289218340558601
0.6677303957172122
0.6207283639239076
0.5881683801588582
0.5719170934624025
0.5712161142509878
0.5858728172753123
0.6129353967343223
1.834455468410785
1.885863696473115
1.978661179989411
2.102799978463927
2.244975849292628
2.39141658452544
2.529594939868562
2.648764248942871
2.740205111268553
2.797523113450084
2.816793514421964
2.796418162030803
2.736829037516395
2.640283590678466
2.510943616434443
2.355320199797708
2.183042841344745
2.007722251282192
1.847333073387153
1.723058465280125
1.655366839734107
1.657331906577098
1.728472327178663
1.854934781336328
2.018146327235214
2.070313908718939
2.052894362942545
2.060212443043667
2.062335548653783
2.062973474375137
2.060059951510804
2.052991233177381
2.041044523048009
2.023550791295757
1.999753359274124
1.968830366864701
1.930069660479975
1.882989918080069
1.82827076453439
1.766635987467479
1.702420790037385
1.638377094812489
1.575596814294226
1.514253469303612
1.454246840738709
1.395248089526026
1.336922323390236
1.278940121617342
1.220989905311632
1.162750371325326
1.103857625593819
1.043874489657825
0.9823165322883416
0.9186967703599159
0.8528759882098275
0.7852876845166247
0.7181156885721427
0.6568137898975626
0.6084526135697965
0.5753903517275307
0.5593725660017465
0.5594104787486083
0.5730711415230069
0.594714349335575
1.813626860703187
1.860944952434016
1.947810990433088
2.066687816435092
2.206307428291277
2.353358467069011
2.494614929663597
2.618362689147794
2.714994958583124
2.777225644346079
2.800186718082454
2.78141238825402
2.720730513504363
2.6202354213166
2.484581984960768
2.321726805405221
2.14393524665611
1.968398533299989
1.816348744757848
1.709632325017353
1.664950748217169
1.688207866743466
1.772425152952001
1.899525885630166
2.040426245879677
2.078134321014092
2.06267680535456
2.069851720203727
2.073376820902006
2.075330160203703
2.073699735907876
2.067748428134108
2.056756154179449
2.040012605313426
2.016650720564397
1.985661172449961
1.946094852795674
1.897353070545575
1.840038305327423
1.775619567501598
1.708459523134328
1.641833681005146
1.577202171921408
1.514763000564262
1.454218251741197
1.395055076093442
1.336778174956207
1.278948180695068
1.221170944354566
1.163040051425659
1.104070694356265
1.043634304800877
0.9809528295058237
0.9151783558801375
0.8458204451447661
0.7733786884487581
0.7007477019342396
0.6342838162829468
0.5817028980179055
0.5468816942798832
0.5318319759156498
0.5352918321351855
0.5526150916832753
0.5738461365610067
)
;

boundaryField
{
    inletLower
    {
        type            zeroGradient;
    }
    inletUpper
    {
        type            zeroGradient;
    }
    outletLower
    {
        type            fixedValue;
        value           uniform 0;
    }
    outletUpper
    {
        type            fixedValue;
        value           uniform 0;
    }
    sideWalls
    {
        type            zeroGradient;
    }
    topBottomWalls
    {
        type            zeroGradient;
    }
    frontAndBack
    {
        type            symmetry;
    }
}


// ************************************************************************* //
