/*--------------------------------*- C++ -*----------------------------------*\
| =========                 |                                                 |
| \\      /  F ield         | OpenFOAM: The Open Source CFD Toolbox           |
|  \\    /   O peration     | Version:  2506                                  |
|   \\  /    A nd           | Website:  www.openfoam.com                      |
|    \\/     M anipulation  |                                                 |
\*---------------------------------------------------------------------------*/
FoamFile
{
    version     2.0;
    format      ascii;
    arch        "LSB;label=32;scalar=64";
    class       volScalarField;
    location    "5000";
    object      p;
}
// * * * * * * * * * * * * * * * * * * * * * * * * * * * * * * * * * * * * * //

dimensions      [0 2 -2 0 0 0 0];

internalField   nonuniform List<scalar> 
4096
(
2.122892338921041
2.161839549486168
2.231517838578994
2.321891136160733
2.418017002402149
2.502034923040192
2.555838471236823
2.563309658615493
2.511941316870709
2.394175493706635
2.208520918302154
1.960175845331204
1.660874755601674
1.327891107870334
0.9823464535593147
0.6470920384027978
0.3444397872771522
0.09398802096732257
-0.08920229405269323
-0.1957700707564503
-0.2223014781704535
-0.1707392475617793
-0.04746077637475464
0.1374435583586407
0.3706602515321434
0.6362473115807081
0.9164738543059044
1.19277690635245
1.446884095782344
1.662343964737549
1.826312265480958
1.93102101400112
1.974440220637534
1.960038984314447
1.895867632157477
1.793275760943138
1.665531380321296
1.526521701067309
1.389646250561511
1.266961713617555
1.168597553480849
1.102431703323749
1.074001888159998
1.086626656175817
1.141695575270874
1.239033384225412
1.377179172303327
1.553455298862024
1.763874303408785
2.003064916520276
2.264316899340535
2.539756042296206
2.820706762834679
3.098322304861897
3.364409876371372
3.612197208269307
3.836794852805601
4.035258825439028
4.206285623801482
4.349635696364519
4.465448886332116
4.55369399769139
4.613965920242118
4.645664919341844
2.132566615282802
2.176214061202019
2.25315944769596
2.351026958975323
2.453070722792334
2.541216423169903
2.598240351996922
2.608979789804337
2.561437429266518
2.44806764610041
2.266921782307524
2.022305096635292
1.724794904665637
1.39058750586858
1.040206291409558
0.6966945160235363
0.3835000743569878
0.1222619081246366
-0.06934041605328006
-0.1794648609214661
-0.2033079440247521
-0.1431563856077741
-0.007270220122714357
0.191702114401887
0.4380337616943775
0.7139022944140478
1.000284831055376
1.277717540675507
1.527533229580122
1.733754395886383
1.884923664445328
1.975147360514936
2.004185330774794
1.976817165071338
1.901794095271778
1.790618455178972
1.656315582210245
1.512309264610868
1.371472928705936
1.24539668754077
1.143882299401418
1.074652862135003
1.043245480918716
1.053054029382694
1.105507910137659
1.200376064374733
1.336113503399445
1.510053526906856
1.718304006547528
1.955517037644395
2.214827275881424
2.488010390802653
2.765978752390595
3.039609551407853
3.300636829482231
3.54231262695186
3.759750471437187
3.950000103368601
4.111885859859936
4.245598601302731
4.352061774047835
4.43222715390292
4.486622840295407
4.515367355021812
2.155695535109318
2.20847762591934
2.298899897294997
2.409311760625164
2.520292430227654
2.614373824125093
2.676168296084861
2.692034766188578
2.650889051342446
2.545455638568587
2.373169703415684
2.136699429345835
1.844285915984394
1.509835785801455
1.152481732137022
0.7954046098180966
0.4639728392841806
0.1834146890075782
-0.02385163433745552
-0.1412080841580707
-0.1607595900119098
-0.08496959144606001
0.07435571356603363
0.2994098368501595
0.5697610905301405
0.8641363919421808
1.16102154935202
1.439030377237197
1.678887364035122
1.866035026986422
1.992094538880404
2.054819574860571
2.057173633922752
2.00614569005856
1.911583017432406
1.785118429945728
1.639218629431568
1.486374406860269
1.338442044025049
1.206132894687538
1.098644652948655
1.023424788174754
0.9860399188582496
0.9901064222964061
1.037266373255997
1.127290619287984
1.258428211609729
1.427869970624902
1.631817505410434
1.864962084987838
2.12009933753174
2.38827681658511
2.659699193854921
2.924956736697487
3.175873862342741
3.405841476554465
3.609955260174698
3.785170624070357
3.930410924186639
4.046470244503495
4.135573461016493
4.200516728994571
4.243611038816543
4.266101667495803
2.203491470067771
2.270043179399619
2.377867150106781
2.501229699005149
2.619772769653652
2.71857657229859
2.784342919967567
2.80494106972204
2.770872965624184
2.675986339624413
2.517344508545567
2.295324443289809
2.014478283570833
1.684838737335185
1.322887557124919
0.9514451951767103
0.5981790224439599
0.2929519234875212
0.06439337108962025
-0.06422280896970926
-0.07978062902152021
0.01642060106985295
0.2081363501639913
0.4695561512793113
0.7728953771328648
1.092035055436156
1.401127323822622
1.675462480523273
1.895812270104906
2.051238725744108
2.138753612598656
2.16139662155673
2.126250622666741
2.042896311914264
1.922274683187321
1.77585602223895
1.615059885206713
1.450876631328907
1.293617714802661
1.152716342324401
1.036531703718113
0.9521582311908544
0.905259849201104
0.8999069530659191
0.9383426956951942
1.020700155299942
1.144996198188883
1.307796092091183
1.505016358766111
1.731354130551928
1.978929609465117
2.237635904072513
2.497027889346087
2.747939620914245
2.982773538147225
3.195224000051018
3.380296518062491
3.534694604954591
3.65724898558052
3.749160967060934
3.813966816396364
3.856936009357192
3.883421644854331
3.896790759253445
2.297960903738322
2.380098580095348
2.500980363267075
2.629398813372294
2.749675245102451
2.84937190299582
2.91523079222346
2.936748161298973
2.907748374983417
2.824682455461142
2.684692454868036
2.485363895293771
2.226315942364021
1.911954048842745
1.554320254249654
1.174711344779388
0.8029343518297265
0.4739997304923393
0.2231791228555049
0.08063999991453452
0.06590565091764709
0.1816746069922536
0.4094334122379749
0.7138976156151284
1.056517886686666
1.404160963329046
1.722322843209567
1.982188676480807
2.167885972176997
2.275923219181355
2.311019262896046
2.282402398826501
2.2014239171946
2.08005098776832
1.929893466525165
1.761671567222547
1.5850801723896
1.408936671447064
1.241437723531674
1.090348679181942
0.9630120989024866
0.8661701754172109
0.8056983648585276
0.7863510859719485
0.8114563221013543
0.8823062634847815
0.997267736237226
1.151669362254961
1.33966817100255
1.555496239556452
1.789893618780869
2.031567589061339
2.270546378891761
2.499123814799771
2.710775898935771
2.899508770574422
3.060180250135007
3.189174930096837
3.285013667767064
3.348815945879394
3.384707657371553
3.400155358999622
3.404925893486686
3.406614205354133
2.48160018982629
2.56487372187104
2.673709388871573
2.790961794237521
2.906542379485408
3.001181435607962
3.058754792939891
3.073304284023176
3.044869589687045
2.973542023669542
2.856664868819524
2.689005101675042
2.464892947236898
2.1819233890166
1.845680360109673
1.473882173149764
1.097391499741196
0.7562579307908128
0.4917664062159681
0.3383447286863024
0.3189786277646359
0.4425034601584469
0.6970580927587396
1.043947444506505
1.430759332183236
1.807108394673909
2.121822531857441
2.346840687660781
2.477237857782495
2.520874175761027
2.490998184547504
2.40270884043695
2.271052964516061
2.109699664348676
1.930135990298625
1.741493189027736
1.550936137044535
1.364394666164758
1.187368052558774
1.025555401953714
0.8851261054517853
0.772560335657192
0.6941728842712414
0.6556079234905904
0.6615349227076474
0.7152513176605603
0.8172055346880926
0.962271420334512
1.139699044497335
1.339860759232757
1.551218356348134
1.763473089477759
1.970376747308336
2.166825572060579
2.347014194619117
2.505042873594665
2.635905525548791
2.735919587377577
2.803144992795059
2.838121679864954
2.844589801521997
2.830400566349469
2.809016629194497
2.79591374967009
2.83577747849822
2.846518733580387
2.885837643812243
2.979666971499466
3.087588687163369
3.165531639287989
3.200379831752637
3.197717635729225
3.164810080253729
3.104061946767695
3.012663464352995
2.88368472495205
2.707763448031476
2.476399595803623
2.187599566144282
1.852754170943427
1.500843341673573
1.175011490148937
0.9206179717084999
0.7713112807185938
0.7440270804560212
0.8481427328594779
1.093877950767158
1.466600472257503
1.907876869218968
2.302439920929464
2.584401835391325
2.744973242892108
2.797865894057284
2.762221483971295
2.658328256751657
2.506074593050398
2.323268827882561
2.1242182312564
1.919171122107831
1.714683078718955
1.514614582556735
1.321407560891376
1.13736072434997
0.9656845345013612
0.8111258448927945
0.6799698757608594
0.5793702921658492
0.5162974688015192
0.4967767216104035
0.5259622534047697
0.6080772011247929
0.7423281991744037
0.9124416882574844
1.088777876300983
1.259561644377496
1.42418304161186
1.585113724943346
1.73846198613123
1.877393546581213
1.996279478707824
2.091294012429906
2.15933851532301
2.197832157266923
2.206243915638439
2.187994989956571
2.150023574208095
2.102630072506139
2.066834269351395
3.496526079423045
3.214803994875914
3.119866473999347
3.198191282801442
3.286603695568082
3.32347703128558
3.319241371235139
3.29268925598924
3.252514723040727
3.199921756768505
3.13212120604612
3.043163488632709
2.924082647711932
2.764499483401611
2.557178991747383
2.305573082636672
2.031012669117239
1.772103730059964
1.571383797949952
1.455909681488286
1.426204705048151
1.47461458192901
1.636525887607144
1.986861045564862
2.501089942960826
2.868751169858817
3.071737492730652
3.139225389700355
3.09804822677879
2.973712488458671
2.791998255749645
2.576822534534916
2.347532023117278
2.11752590969753
1.894437102957951
1.681319493637655
1.478234790675929
1.283874290389824
1.097073067831806
0.9181532001215104
0.7499646630182375
0.5983419796045012
0.4716149428318691
0.3790468402088394
0.3287908881616993
0.3269040097764156
0.3791365294616904
0.4937223192158905
0.6673645011243481
0.8055411566310604
0.9077312128928602
1.003594031059614
1.104280967367887
1.201792343741947
1.287195882677945
1.356642931636758
1.408744658405704
1.441705623149931
1.452428294258983
1.438612821451127
1.404064770400303
1.359705960195961
1.304954514261325
1.225597408536758
4.578683909258862
3.652272425302214
3.42437750624932
3.452539736919224
3.466041541616615
3.43693518587293
3.392299053362553
3.345224414759159
3.2975243755195
3.248239369452119
3.196159169406823
3.139535279004261
3.075638148827648
3.001043366107133
2.912975031313111
2.811430111267138
2.702394021729011
2.600065379129205
2.521409286303055
2.475078144008228
2.448890560296909
2.421963660738425
2.404764013968692
2.666098204397128
3.173910778502206
3.427246947280532
3.522643106326221
3.486298753785724
3.344227532663491
3.128628471972549
2.872073310280193
2.601700446456987
2.336294287263253
2.086260693355829
1.855266056179735
1.642334117523488
1.443770864908873
1.254784253367855
1.070905102271849
0.8893571337928728
0.7104234585591637
0.5386070496023603
0.3830141143733717
0.2561592463395755
0.1708400636194768
0.1361742478097738
0.1556361660825363
0.2321648482013515
0.3965389090884701
0.4828115437720994
0.4860645896505728
0.4986552132488691
0.5211032413583978
0.5441872103019846
0.5607630712733807
0.5697279018416618
0.5710571321034293
0.564169029304839
0.5472446461642894
0.5180135913485949
0.4793798377275564
0.450096983447854
0.4361165366889291
0.3016040154667355
4.023635517432856
3.734058505874346
3.635010539485771
3.571845792798824
3.515425423346318
3.459916309511662
3.406580865542478
3.355166015787586
3.304961176424651
3.255450662670345
3.206399099380689
3.157731222222452
3.109465238715161
3.06164061426488
3.014392462697456
2.967607794502048
2.921537940689409
2.879461112132281
2.845704523926357
2.820690123059296
2.800628969707802
2.798855251373618
2.71555101550788
2.992290862923087
3.596838802190095
3.851261232222585
3.877627610847257
3.74343207903855
3.501612358131803
3.200996399223227
2.8819626866008
2.572141147876858
2.286560767819215
2.030564328386378
1.803123952635496
1.599449116994648
1.412788457578404
1.235698916917326
1.061091438457858
0.883327140068955
0.699598105502738
0.5116842605275069
0.327738387777498
0.1629452549613222
0.03730756192670744
-0.02992229436693557
-0.02506096458085766
0.06512121504112103
0.2737157500856695
0.3655285990079221
0.33683148627013
0.3400306204623386
0.3376212234552804
0.3341719785082124
0.3272716466249438
0.3165964382800965
0.3016722466338368
0.2821349642276572
0.257603527283322
0.2278300241508353
0.1930458283149978
0.1568357257730392
0.1197953045781776
0.09427026934957897
3.726371413123467
3.633130440004109
3.581832782618768
3.533918347793126
3.49017962389951
3.444466392728184
3.397186927874845
3.348987322546963
3.300165351194621
3.250664906437827
3.200242739778806
3.148490992756657
3.094869359122582
3.038670554689329
2.979372761332681
2.91625319035589
2.849978688729967
2.788077771320177
2.740438472886027
2.707964362195648
2.687997026010382
2.702644769055388
2.621572628210474
2.976563046194445
3.762791186244986
4.083764766794087
4.07658792467446
3.860723295396732
3.533914733094524
3.169011687049794
2.81208065189166
2.486600237526945
2.200800979947291
1.954113599468136
1.741330615013091
1.554921617986988
1.386300003418743
1.226592630039321
1.067224096669946
0.9005513551653663
0.7208485406032941
0.5260597967163807
0.3206744380632784
0.1193413107029756
-0.05094703664469958
-0.1538592864386353
-0.1528900313667689
-0.01845828561963397
0.2760950487622388
0.4020472263655103
0.3760570629628967
0.3918005789898173
0.3980285243969439
0.402746792546882
0.4031633685342624
0.3988836777761247
0.3892808204262315
0.3738466515296191
0.3519992662396367
0.3232993087443917
0.2873283551945365
0.2452743254380305
0.1917992498275199
0.1574438167445796
3.651756629890617
3.611961726663332
3.580061309264593
3.536452252796213
3.49243431446986
3.44601447257366
3.398375643100005
3.350072329411711
3.301388803781527
3.252375255044623
3.202969618718601
3.153005331824043
3.102227414479899
3.049986529021918
2.995420925223397
2.935138588270497
2.86609425380126
2.799768545243519
2.752797622193826
2.720927558301835
2.701178873506955
2.716723673220907
2.622520077611209
2.939983406079328
3.782630691505132
4.121667015517926
4.073165763108436
3.791381145877172
3.412126439889493
3.02232009434194
2.664079924507252
2.351871544569411
2.086606359334689
1.863280004895734
1.674349312604211
1.511184157744528
1.364774935056875
1.226127004406391
1.08650039374851
0.9376137918857941
0.7720233623763089
0.5841465647136035
0.3728637298837971
0.1469439197447402
-0.06671122704224502
-0.2170414079964566
-0.2372205224769729
-0.07542305236309066
0.2747126184747013
0.3948139291675918
0.3600252106970022
0.3764774846543913
0.3813419075811738
0.3846194384085339
0.3834664053866977
0.3778063002260071
0.3671361761717704
0.3510329686304284
0.328945183635492
0.3003585296765907
0.2644548473695445
0.2220910898383447
0.1674087374389675
0.1462869576937088
3.651897423519596
3.612103550884226
3.580143775699358
3.536547116449131
3.492574449878997
3.446236096921322
3.398724393707512
3.35061869872249
3.30224692459104
3.253729745014572
3.205112810525729
3.156395513514024
3.107634208542272
3.058357080364175
3.007535908282957
2.945862420061023
2.861700190772664
2.777299360002781
2.726632011166914
2.693392132182556
2.675570089446073
2.69458230093836
2.606090901141415
2.910526627536007
3.723297944710961
3.979031839315328
3.841997934873759
3.512574695841701
3.132918049264211
2.771935650939538
2.453593214949451
2.182307620896313
1.955069956668937
1.765798209989901
1.606976788460023
1.47051233533284
1.348240828574073
1.232182606733719
1.114619671205858
0.9880671909365275
0.8452198339576585
0.6790726918832857
0.483882905374452
0.2588214408868075
0.01773424500514674
-0.1934437064452659
-0.2841992367486603
-0.1481075968692855
0.2526987767515423
0.3910855990947724
0.3539739773167188
0.3755327732700609
0.3826254131274783
0.3872744943776375
0.3869155460833315
0.3818827675465357
0.3718789118530303
0.356569921642426
0.3353618026012757
0.3075212374204166
0.2716704473178189
0.2278951608996942
0.1694995564188577
0.1421900544285689
3.727032927242768
3.633719628109219
3.58208015992851
3.534005970813186
3.490167843780846
3.44440991601209
3.397160103229925
3.349146701656737
3.300839039127511
3.252479593173278
3.204322443301704
3.1567888961941
3.110811541917047
3.06689557154549
3.024799574509378
2.962137739151162
2.848629907961948
2.730086897216726
2.680762806733113
2.649717173580367
2.637677059656464
2.662326342213413
2.592907064337374
2.908707806123973
3.589042906880798
3.631419675715991
3.375585845839502
3.049581988215158
2.736817110554008
2.455481387389394
2.208728499085684
1.99712923268043
1.818873386305059
1.669696476309551
1.543800955490916
1.434816113068066
1.336371661038523
1.242328483359173
1.146812109665476
1.044150632928468
0.928744339259046
0.7948108674574385
0.6359051091636947
0.4445461189470681
0.2148845168325809
-0.04166222913639929
-0.2543185352973251
-0.2485344010764845
0.1777424954901708
0.3787599912309094
0.3454548320480759
0.3745019740260612
0.3849168375679206
0.3910377144364013
0.3913764305611405
0.3869062068145295
0.377672966952102
0.363486821214301
0.343715097116606
0.3173373135062814
0.2822841731258241
0.2375461205446057
0.1754626067936496
0.1318283474698036
4.022581797006332
3.734056300931399
3.635049502583664
3.572424990601608
3.51674811863892
3.462231225495822
3.410216058992972
3.360558888307266
3.312683610995363
3.266225847080415
3.221079915390489
3.177289353442607
3.13593609830621
3.101416281394979
3.088470782148799
3.056223966932255
2.915656772183304
2.678823649595664
2.620801494455068
2.589029957694435
2.583701846814493
2.616337784860305
2.59513816389368
2.984055149403407
3.292178695083946
3.01810091359682
2.724249250273585
2.500345850481209
2.308577727081035
2.129334742257913
1.964200597190808
1.817840737628629
1.691422389979645
1.582995507550525
1.489053688857683
1.405575372251085
1.328523497824224
1.254027667485783
1.178418839059258
1.098224045560247
1.010151209860209
0.9109704777191486
0.7969693402053097
0.6620843170803213
0.4930402474438155
0.2640473929573215
-0.03941117445854088
-0.2885505708849049
0.01139195308236991
0.3475706055254852
0.3400099550635781
0.3787570381826393
0.3933949823988904
0.4006943412087706
0.4014579127700904
0.3975294483562536
0.3894196971668075
0.3771875334377466
0.3603326142943356
0.3378232381275504
0.3071816596318773
0.2665280373710674
0.2026658009824888
0.1182125544648455
4.585197222066792
3.654998067052647
3.424443686174754
3.451442394136111
3.464083894703883
3.433828590338337
3.387642607416115
3.338736076206797
3.289269972145199
3.238925179658109
3.187321024072018
3.134747791239621
3.089995022297779
3.090055727952159
3.186086135175885
3.200796841541764
2.629766988460455
2.442370327012775
2.479697470207896
2.486293555920259
2.499432209839343
2.537718897236075
2.583916913824583
2.970821431976408
2.579555250042425
2.189972081734069
2.082708095383378
2.027666191490805
1.947536158993303
1.851948842996539
1.756584668092716
1.667903605299577
1.587214869213794
1.51393170000815
1.44671265765523
1.383900986478956
1.323769417414558
1.264636427316114
1.204904889981701
1.143105082701273
1.077984397889558
1.008544377796122
0.933818926151789
0.8524284618321788
0.761367205984285
0.6457901517968838
0.4412258222420938
0.04521237759416631
-0.07361167331726544
0.323951327116679
0.3579624454432925
0.3963622916841781
0.4108283170255262
0.4165616378932283
0.4162442985809564
0.4121016180109031
0.4048600346343167
0.3946144524062696
0.3807585755630708
0.3617134903551196
0.3331884644247198
0.2882892431736901
0.1875120731774727
0.0269832681101878
3.522518518983173
3.230888637336081
3.126401858254605
3.195951615237498
3.274628490303106
3.299286134294034
3.279462762900577
3.233657369747274
3.171161842316624
3.095478145387824
3.009538189264082
2.920294092495435
2.84281398472173
2.785355597665153
2.67060236937316
2.273662865538354
1.886391682564682
2.277911706922799
2.327992895623661
2.367954827658158
2.380571310307646
2.383898485736591
2.415355787327249
2.221450011329505
1.648820109967827
1.67063668665075
1.773138697038352
1.775989825670099
1.731637653026395
1.678474471786104
1.625731376978275
1.573689965127253
1.522128896494934
1.471121339325513
1.420683378760693
1.370700162634337
1.320994235809329
1.27137420994668
1.221652763943651
1.171676864651004
1.121415533730636
1.0710251699785
1.020547025282015
0.9691989767817926
0.917834110338281
0.8824000848120435
0.9023112774798415
0.8938538016375118
0.5474979660907215
0.4157982952406425
0.4430737606124243
0.4455813165446553
0.4437359299661054
0.4406636957771218
0.4361479435915565
0.4306726745074945
0.4244593755772986
0.4179423815475343
0.4118327704332582
0.4077825138031115
0.4089142276340674
0.4249386134775747
0.461793246683818
0.6737834945079851
2.884195657294611
2.884423667070442
2.907797823820445
2.981998863283387
3.065991966926283
3.114191693735005
3.112042581798822
3.064328388163947
2.97891306106078
2.861593199563019
2.717672558211394
2.553511537077979
2.370937916292269
2.150411072908863
1.855692326286317
1.579774799077772
1.884827668911766
2.272701663667252
2.253766407498852
2.286500567687491
2.279972134055011
2.244740742878596
2.181572248605817
1.939053146074143
1.799747359506152
1.770789584973452
1.760638861489998
1.727750988636407
1.687510858802946
1.64470006140608
1.600578898243654
1.555377538080286
1.509315992081006
1.46261415861495
1.415457891680729
1.36799771141757
1.320361199483164
1.272663899599285
1.225019543501233
1.177552348189249
1.130420430694914
1.083847540081595
1.0381359033976
0.9936125962725399
0.9510333686764392
0.9130950697537059
0.8914593222427505
0.8638850689938955
0.763659913426923
0.5793158610511894
0.530245717942068
0.4974448752833812
0.478622106733157
0.4661974365525502
0.456972903585698
0.4496062431175181
0.443535182222597
0.4388196438873967
0.4360371026204881
0.4366174614832022
0.4430111898851439
0.4616470872130128
0.5001343075377568
0.5985541964415035
2.558541183658318
2.629087076018092
2.71486391097816
2.799914279191444
2.874281038790637
2.917854142608271
2.913355755768667
2.854122513752222
2.740840160696861
2.576710079536372
2.365459599569676
2.110816900600462
1.81737676122775
1.504091173892147
1.255119209296504
1.298310591206381
1.969290877448894
2.279750791098834
2.211924987347782
2.235941086664011
2.222619824691219
2.188692344848175
2.135517465391756
2.013307409412057
1.899123855147518
1.837542158957247
1.796868287544918
1.753891127745896
1.70842434476693
1.66109733961558
1.612924656107267
1.564352757832357
1.515615911083445
1.466840756044441
1.418087732013549
1.369374250758906
1.320693295370097
1.272027177042518
1.223357357284285
1.174674670738886
1.125989806565986
1.077338334596037
1.028770628265196
0.9803198339308616
0.9321835463218687
0.8844344191975118
0.8383875514069932
0.7827979096387809
0.69785285625511
0.6025742332747288
0.5585274349814531
0.5245314552408908
0.5021239253809892
0.4863508568563464
0.4750017095595074
0.4667739214475783
0.4610757493900531
0.4578420533223184
0.4575546919351928
0.4613592985385681
0.4709888165054237
0.4897023993715201
0.5204603769834097
0.5684117095018876
2.408418090301389
2.473535763650692
2.562369233954198
2.644342705987265
2.704303291138946
2.729957770338673
2.708004045572628
2.628186496176889
2.485455591204881
2.278907548589059
2.010848303313869
1.689652847404708
1.341463664403166
1.035617403852689
0.9130203698010231
1.171382719073544
1.971910889047286
2.269599926022662
2.182641762034373
2.200867328312061
2.181924440853296
2.14634100423299
2.092688506811073
2.005230657532812
1.919440013654029
1.857492134952896
1.806904596184786
1.757855216207342
1.709247575736944
1.660607844138507
1.611996327537633
1.56339327305687
1.514802830668045
1.466230531614037
1.41767967440866
1.369148277814792
1.320629469196514
1.27211282777941
1.223585373326898
1.175032724486571
1.126438977953439
1.077780607735604
1.029009453803352
0.98000227775544
0.9306491728227919
0.8806096183791584
0.8301070191072557
0.7740498842124565
0.7036764312989172
0.6285858474694068
0.5814433807549299
0.5451183964786475
0.5200147878551843
0.5022451320940872
0.4897417264441148
0.4811459389993241
0.4757463457568168
0.4733456310720076
0.4742090320023036
0.4790592795051966
0.4889466739284278
0.5054244492619091
0.529869881899911
0.5631852943618082
2.350441671517892
2.39421890593586
2.45908875291341
2.520073044948807
2.558027634537372
2.559576013546384
2.513252347389169
2.409163004783379
2.240741269060182
2.006223135732336
1.710823314795742
1.372928552912419
1.037051675122879
0.7901371550256786
0.7652671000862237
1.112200070854721
1.94431561815179
2.255197620191455
2.162431117618486
2.177224276197147
2.15648852285014
2.12267020252239
2.073265986213976
2.004333488398967
1.933370471465395
1.871984525571431
1.8168339327187
1.764249299488395
1.713255323129117
1.663137042117742
1.613590810326673
1.564399255432618
1.515436606006612
1.466625647283966
1.417915776862695
1.369271489685926
1.320664266362529
1.272067331286391
1.22345142506152
1.174781141995362
1.126009086387377
1.077062932671216
1.027813324561038
0.9779933083192168
0.9272391784969051
0.8750279135409857
0.8219036857751223
0.7658599730263159
0.7017336290252586
0.6335546856426103
0.5883785561486019
0.5537917486963313
0.5294242240607794
0.5121465174718272
0.5000541112501435
0.4919229872258274
0.4870843688044837
0.4853074389936672
0.4867013334272219
0.4916517495450968
0.5006758640122341
0.5143273753283402
0.5329736286564246
0.5563928946686136
2.340215987211637
2.363512413732802
2.398584692563292
2.429277646939815
2.438717634169536
2.41306196271321
2.341512055474699
2.21590408470485
2.031795665364839
1.79088712396247
1.504762766897979
1.200385209852607
0.9262867598845324
0.755672677671112
0.7837145486805985
1.124365070317434
1.908530140386451
2.256913749856273
2.176612683107921
2.190715419527383
2.169963913726145
2.135934687966924
2.086281000000273
2.022094414970939
1.953800243415597
1.889138095035842
1.828750095944338
1.771793326813325
1.717646572834479
1.665506381931295
1.614740351152532
1.564858491643168
1.515531954571884
1.466552299807019
1.417790424611263
1.369163889429445
1.320612981713253
1.272083421741472
1.223512400970388
1.17481650552129
1.125879200751889
1.076524154766382
1.026439640595466
0.9750131888287694
0.9213747213051093
0.864867069420633
0.8082845082623321
0.7527539371436787
0.6908748957597844
0.6205613499116682
0.581233271725927
0.5517007323740996
0.5309056665792298
0.516248705180498
0.5059350360520686
0.499031380365854
0.4950480662092385
0.4938400538760194
0.4954585570451802
0.5000902099542428
0.5079395675759317
0.5190894197810364
0.5334842711078727
0.5507218899405539
2.354011484256986
2.360844416526757
2.369005257425442
2.368863247838016
2.348312050431222
2.295853748843629
2.202569763483852
2.063167540455615
1.877406319373366
1.652533820677462
1.406352718098322
1.169579160607926
0.9851990137626705
0.9033368445983333
0.9760910025427291
1.266872502910249
1.888737960797345
2.168703823455566
2.085452043406319
2.082920355227451
2.061701017259936
2.034880500450569
1.998943091834582
1.954500192348411
1.906241811266644
1.857660412678509
1.80906956411803
1.76032641568411
1.711528761982612
1.662696742330623
1.613864697204329
1.565039552300487
1.516223433736173
1.467408607340008
1.418581597521898
1.369731964876465
1.320860030360408
1.271982784707278
1.223138226949296
1.174390354789832
1.125846819072279
1.077693262443572
1.03019990005658
0.9835205032260987
0.9373899006922158
0.8916781921130575
0.8530207008728583
0.8165912016337873
0.7367078698835194
0.6116385235715662
0.5690215191512367
0.5435934493543736
0.5269058501547592
0.5159217086093018
0.5081887059377387
0.5029807673564858
0.5000358849427418
0.4993862417317935
0.5011098634618784
0.5053024422630913
0.5120081616826107
0.5211114645414607
0.532444141285761
0.5456699592970718
2.37874779095959
2.373126696852402
2.359841197107654
2.333457335098829
2.286579144127588
2.211728238486013
2.103525703337394
1.960613139853832
1.787469804285786
1.596295788090407
1.408407435995574
1.253858893296494
1.168041186078201
1.185342954950759
1.33272555015766
1.634845554813835
2.180279960432723
2.463016278905185
2.452993542545447
2.427400903061994
2.401150011716836
2.354108305026431
2.273927729156134
2.169303955238601
2.057676922418473
1.953777702044993
1.863900740427224
1.788069203039521
1.723340093861057
1.666015399867018
1.613050679974263
1.562447702861429
1.513085587715078
1.464397689934252
1.41611146874795
1.36808964943594
1.320242916961016
1.272476386518238
1.224641038789248
1.17649844440238
1.127775918802754
1.078308672000132
1.027663147757319
0.9727400925256986
0.904245016825973
0.8139099253266252
0.7269611094435542
0.6607627473067433
0.5914346985667217
0.5181853918888535
0.5169606943326363
0.5181229009089843
0.5141840063676346
0.5107207054931109
0.5071950352709932
0.5042868462008834
0.5025374342255771
0.502446090521996
0.5042364021866105
0.5080055160236209
0.5137311806978523
0.5212286231415404
0.530328766581875
0.5407904120473991
2.407253909342189
2.392733531668088
2.363871716469164
2.318057443094874
2.251839510301401
2.162090745230136
2.047757183615086
1.91175202820753
1.762605459911052
1.615531700074685
1.492401590927639
1.42009513843339
1.427441822929472
1.542605946385978
1.793970833958108
2.210036518720822
2.768422156140497
3.149542449097237
3.328651424621912
3.386610329272514
3.363481712457088
3.253219133913082
3.056216625498766
2.799372598855102
2.525661290780952
2.274406124259455
2.067374238904095
1.907877155620049
1.78802025712943
1.696454378173974
1.623108208785579
1.560848192975445
1.505327048351588
1.45417988985382
1.406196963379998
1.360684980483469
1.317031553427878
1.274417388915267
1.231597929154412
1.18670390858048
1.137071352197256
1.078953582819075
1.006308902614697
0.9074228607432079
0.7601159496795139
0.531191075440235
0.1925612972102492
-0.180376709161506
0.07360978771526776
0.4571526843002001
0.4585990058005062
0.4907471867268421
0.5008370969008388
0.505008949636361
0.505408788087197
0.5043589459770463
0.5034051259843788
0.5036319681635023
0.505392613898982
0.5087759933171798
0.5137057905637622
0.519961955379762
0.5273854851009033
0.5358057133927295
2.435921249137333
2.415647057289604
2.376817086870927
2.318915290195321
2.241660805053683
2.145810247480634
2.034369385481287
1.913949241304362
1.795818238859627
1.696207384897837
1.635583859018593
1.63697660358772
1.723939708512308
1.918489357836726
2.236096755067237
2.667771113788013
3.144882788314991
3.547502593738834
3.815795961685722
3.937256761693707
3.925019449372784
3.790170560157353
3.549962946245792
3.237753479014974
2.898573909533019
2.575221972222389
2.296036015686833
2.071282187239306
1.897411110302365
1.764126901330721
1.660145758096531
1.576278793995478
1.506282850446931
1.446450729831567
1.394723176513899
1.34975786071086
1.310144266793691
1.273823128666236
1.237666775573564
1.197066989565136
1.145356320991273
1.073007952009552
0.9666622170859897
0.8084375755357641
0.5781379252754456
0.2668384741812494
-0.07736165652912756
-0.2505756553411873
0.1538498068722619
0.4719087726078479
0.4541761690430797
0.4878665455505023
0.4989961597206514
0.5046100841883961
0.5058449161672351
0.5047440730936905
0.503424014761417
0.5034311341897149
0.50499292879796
0.508035682262318
0.5123587716951383
0.5176784600159237
0.5238091947548986
0.5306168161050496
2.463338435095918
2.440081457373602
2.396355616651833
2.333283210137987
2.25304667092016
2.15944032834525
2.058583175424937
1.959621446097846
1.87510750433626
1.820757129815601
1.814477640602977
1.874766869392666
2.018417460146966
2.256462052851297
2.586191663695793
2.980345800102836
3.387141776225369
3.754927344149126
4.03050242220267
4.175564145853821
4.179450626321247
4.052004786148935
3.816370329439954
3.506224321202187
3.161391374665979
2.819894701787902
2.510056200322331
2.246625059963399
2.031988621962161
1.860567549342151
1.723653848443568
1.612909223898316
1.522057088760318
1.447123770853997
1.385818412038599
1.336537492801737
1.297306902235808
1.26487149176489
1.234057296886811
1.197307424790443
1.14405091157928
1.059970130315921
0.9275632409233264
0.7306925113591283
0.4672930355055857
0.1736650756857627
-0.04623820804429112
-0.02746172162541478
0.3325957831861099
0.5021207547395604
0.4736509771745573
0.4973237129411031
0.5047401328768069
0.5086172006840203
0.508633419130931
0.5056128008081924
0.5025810598100682
0.5018728269892192
0.5031947748699459
0.5060500009596696
0.5100106841694796
0.5146855886086765
0.5198195634456408
0.5252889143025704
2.489334237362065
2.465454333843131
2.421157562502779
2.358810023084711
2.282367078651
2.197681366859372
2.112786116532625
2.038038357813693
1.985953712282037
1.970581973072423
2.006340336347552
2.106196974805261
2.27887296536928
2.524675271706104
2.830906982458566
3.171081026218549
3.512237864600139
3.822229934074765
4.063022153778331
4.199718486904648
4.214282269754028
4.109695808093758
3.905037927738807
3.628891908398964
3.313663184949499
2.990294149060722
2.683560755730569
2.409143596479678
2.173375866410749
1.975382309698351
1.810349042543608
1.67254854239643
1.557282656392465
1.46157158438808
1.383851960373194
1.323069192795719
1.277473457419381
1.243371070713109
1.214177268726801
1.180130304443314
1.128519975651643
1.043957271942884
0.9102484467789291
0.717891443377914
0.4795930035917692
0.2487416870870007
0.1197898343369027
0.1805543501730635
0.432033174204941
0.5202582959946603
0.495953840380511
0.5110640097660861
0.5150651782281813
0.5162042219964238
0.5138607142802607
0.5067442653807497
0.5001936303028827
0.498436373990396
0.4998058833572531
0.5028710785885698
0.5068593939346544
0.5112465936305234
0.5156860555851961
0.5200498308566799
2.514232888371737
2.491609176906259
2.450140249204502
2.393032865660985
2.325333200003429
2.25399181210612
2.18779942204023
2.137120261325336
2.113344881558077
2.127987449642819
2.191346106509518
2.310626764181111
2.487541171199869
2.715958065125982
2.981213532623873
3.262705094086483
3.5381246387891
3.784211177992231
3.975228902408121
4.086675305424308
4.103022511281156
4.023022914011874
3.858800000338044
3.631098410659082
3.36413254387328
3.081420178965334
2.802664542066175
2.541742033042095
2.306097665102109
2.09765232986824
1.91479904611378
1.754677991523434
1.614939576980157
1.494555633551683
1.393676894661261
1.312819870307133
1.251675247744533
1.20768098492927
1.17461722976637
1.142150159999597
1.09746355546947
1.027857080153581
0.921996879967163
0.7754684036700233
0.5994735895210753
0.4281990649711522
0.3169840323466612
0.3226141774434133
0.4753029240340119
0.5330572521103676
0.5170284607027871
0.5269415147679584
0.5287962979992799
0.5270749992043275
0.5219809210801544
0.507702090889683
0.494982505267663
0.4924594975292583
0.4949454922911334
0.4989692749878076
0.5034397929189398
0.5078532089368003
0.5118708729604711
0.5153759395258851
2.538283467406278
2.518261377987241
2.481992225060201
2.433118632247473
2.377140552573152
2.321263073705082
2.274070872152807
2.244989298502631
2.243502918113041
2.278109045371748
2.355000244171952
2.47655871394415
2.640000435506279
2.836875815676949
3.05413174873212
3.276391093792154
3.487645081318666
3.671352216431234
3.810840211679311
3.891012548439306
3.901707138948022
3.840904512257111
3.715361675488443
3.538417364052305
3.326574408513866
3.096347763493847
2.861936829949369
2.633775231695286
2.417997839642427
2.216889291151766
2.030189683889089
1.856828933226837
1.696468267387842
1.550298961260441
1.42088919956042
1.311308483414938
1.223986733053898
1.159517499475221
1.115110061597754
1.082855299165659
1.050571766492736
1.008032855282309
0.9480225811140495
0.8682941298231115
0.7704008952415607
0.6548743877601166
0.5284809665831259
0.4384364588979993
0.4969765182805599
0.5438875756094896
0.5377533079169446
0.5453408426968549
0.5466405708452424
0.5428111357274426
0.5358836675161123
0.5078857945761325
0.4827654666773543
0.4794487469452142
0.4854242243649256
0.4924571833891349
0.4989291531904642
0.5044934450222776
0.5089337884237894
0.5123000835150826
2.561276464563763
2.544664833738048
2.514953564275967
2.475850319677066
2.432765012958376
2.392488600712313
2.362692151176202
2.351236067830202
2.365299715056229
2.410370290659339
2.489187612096557
2.60085628077836
2.740476274076958
2.899631612983145
3.067684085489212
3.23319348146984
3.38473063400262
3.511264376840674
3.602781141038609
3.651095829554154
3.651017193548026
3.601659184013057
3.507034112743129
3.375291462598345
3.216882572988065
3.042442173205141
2.861020837399815
2.678956009616865
2.499478031647437
2.323081811200963
2.148606756531709
1.974794462843891
1.801869093795487
1.632533102194994
1.471898213191747
1.326384477340225
1.202285220520249
1.104901214629752
1.038086509029366
1.001840712283587
0.9863824322942766
0.97412197429226
0.9580877776735649
0.9383883290808391
0.914792648861396
0.8702365725788116
0.7640482059153885
0.5833989850244796
0.4962364721089133
0.5492218888424005
0.5588334398814122
0.5662575834965361
0.5679414585421904
0.5618810758286287
0.5534655973778619
0.4933378516993032
0.4672000285825205
0.475793870003116
0.4890065314066444
0.4958457868481726
0.4999859955904805
0.5030698823329396
0.5057063543185411
0.5086613157721024
2.582360476869509
2.569489394418741
2.546810400973095
2.517793933654871
2.487345419732592
2.461374712481597
2.446203956703184
2.447834598303428
2.471123373853152
2.518959136133017
2.591589776953929
2.686301869662655
2.797637934690588
2.918164218793559
3.039514067311799
3.153294351126596
3.25169040899347
3.327943033400687
3.376785101946992
3.394747727622357
3.380386914247451
3.334552904222462
3.260555584381184
3.163858748878128
3.051134907356362
2.928898874717836
2.80214361937487
2.673368175341847
2.542246538520125
2.406029467734938
2.260634179707729
2.102279621918197
1.929399235767282
1.744289407529039
1.553694928064316
1.367789187093955
1.19797378560152
1.055172012953417
0.9504850001359643
0.8969936614711367
0.900661395137507
0.9110057385790344
0.9183313133283391
0.9289318695480734
0.9489375619295294
0.9753833820091665
0.9684912211862927
0.8129346201096619
0.5112098697969605
0.5580861878374215
0.5861822645404562
0.594199230176232
0.5996599038766837
0.6016480198784361
0.6227957062259459
0.5543777528887628
0.3341922142464569
0.3643036048375751
0.43002399129464
0.4662934678336549
0.4842096068459386
0.4967620691401909
0.5080677451876405
0.5172664478958834
2.600050824783934
2.590882134195326
2.575049433639918
2.555572520750672
2.536582413242662
2.5228423867885
2.519142301846105
2.529615845924467
2.557060478518522
2.602372492885048
2.664231327108804
2.739149658015969
2.821917906689717
2.906326442108191
2.985942937236277
3.054768924854155
3.107753509705906
3.141198471264727
3.153011071482539
3.142757439173869
3.11155425877901
3.061921994025644
2.997644385459814
2.923490168085217
2.844593698711551
2.765448907713266
2.688710660266037
2.614166780249505
2.538272708148488
2.454501010900116
2.354498691854207
2.229872427327218
2.074480686432778
1.887051280482416
1.67331506163555
1.446302511878529
1.224046673850879
1.025738355386557
0.8692812416854524
0.7742818386533183
0.7788190938342788
0.79671477615635
0.7954113136100984
0.8000727473420315
0.8128302203667614
0.8436393767205163
0.905890287346741
0.9331771114938574
0.6864970818759162
0.6020538969689431
0.6276694629970908
0.6286826234911186
0.6330216478201451
0.6399640207496781
0.6604972514298529
0.6998153386431725
0.4394739376333912
0.3437752496223207
0.3822519881798612
0.4432371103240176
0.4928892811915644
0.5319777063462251
0.5624110654125511
0.5810419362879463
2.612399025049793
2.606670580136904
2.597116051662773
2.586182691962365
2.577093622523449
2.573373534552704
2.578291851305838
2.594293855775406
2.622510302471972
2.662443585369016
2.711911579369871
2.767278652139546
2.823923615790677
2.876824876427451
2.921135713930366
2.952681960048924
2.968369420393942
2.966481662653603
2.946827987320187
2.910726315099537
2.860852750393723
2.801027598959024
2.735980812594939
2.671036498376345
2.611565228622357
2.562076249032295
2.524973347403539
2.499226508855966
2.479434747908411
2.455812034715792
2.415321177854026
2.343647454741978
2.227653699419691
2.058630607159278
1.836485056290304
1.573234278542802
1.293475709317799
1.030260273576906
0.8188492948279514
0.696422431948946
0.7134806277817248
0.7466784409914498
0.741128759275518
0.747098821159259
0.7526544327322946
0.7611091438903328
0.7761440816944075
0.7866918701263851
0.7511681562994637
0.6814237864046502
0.6713178729108443
0.6623618984698432
0.6614399364944505
0.6675423351962169
0.6669599747280399
0.7286687531644706
0.7108287883578024
0.6074006356274669
0.5722164722417989
0.5937058406508821
0.6350115551958614
0.6763090942600348
0.7091046752528054
0.7280874901604474
2.617276623559553
2.614658399468148
2.610723818367498
2.607303144945453
2.606684221404202
2.611180782881145
2.622665514054533
2.642148308438289
2.669481110258607
2.703250587495288
2.740881154094664
2.77892226476421
2.813451779692137
2.840512678966352
2.856521497689186
2.858621592237829
2.844970171340563
2.814944137856585
2.769252836785748
2.709961856652992
2.640446281845073
2.565292014411361
2.490140100025715
2.421416567196705
2.365831441538321
2.329508115460771
2.316650799003667
2.327808652100722
2.358108654309393
2.396251403011527
2.425150246385653
2.424216965383726
2.372067391281707
2.249331384857148
2.043874157871054
1.7588090674904
1.420693915203167
1.080946768463726
0.8053993940118658
0.6595700958312342
0.7056024134428145
0.7575052139390676
0.751419493816738
0.760626047463755
0.7669390286064994
0.7731750068383131
0.7770530850347825
0.7706317415403185
0.7380478206480409
0.7032309465558551
0.692717405156081
0.6851842475762591
0.6830805070717219
0.6899775245060522
0.6720478124841902
0.7518780361257708
0.91142592556006
0.9079301680356892
0.8725409067637883
0.8614479518388888
0.8757388919202705
0.9006743969894582
0.9237741180683614
0.9376150831328547
2.612721940904483
2.612964722328295
2.61417236668247
2.617562876509942
2.624518642401893
2.636218119115703
2.653282139347406
2.675515072301281
2.7017953074697
2.730127388847498
2.757829637580657
2.781807673302053
2.798858357143221
2.805959449978972
2.800521078433982
2.780593261733227
2.745032409010213
2.693634711414212
2.627251131853802
2.547901374428567
2.458894502570276
2.364938627266584
2.272186418294404
2.188126650368028
2.121206754087416
2.080063425034367
2.072232545315499
2.102203033419899
2.168804757851066
2.262498509792432
2.364185450958381
2.447291724948307
2.481958917357277
2.437207872451008
2.283566245148164
2.004905102725562
1.618122432625166
1.188360253791729
0.8221528723466189
0.6316524430827991
0.6971587916345016
0.7522852826621239
0.7424413320499571
0.7530444052637011
0.7585999270992879
0.762807874638058
0.7636950296950369
0.7581841673013636
0.7399566756436885
0.7199658156189055
0.7102468490892607
0.7038833347015581
0.7011504651620316
0.7096586080578706
0.6802286929376269
0.7859387728310051
1.057721476074542
1.16362253628138
1.181226543817026
1.173247971800262
1.168945216523929
1.172818353944879
1.179964050002362
1.18512947353053
2.597303124902155
2.600366918182791
2.606645473369187
2.616758203915999
2.631206350508384
2.65007827501435
2.672830877300111
2.698213137577304
2.724336276430577
2.748845819452242
2.76913847939464
2.782578560986415
2.786684739664593
2.779272455680005
2.758550983915546
2.723186886181708
2.672355986864397
2.605814265147904
2.52402182739172
2.42834815645864
2.321365886393529
2.20720190382679
2.091863057689349
1.983404306189574
1.891785434506831
1.82828865342068
1.80441359835787
1.830113927231651
1.911004046201662
2.044101436687474
2.21295978930514
2.386261696784171
2.524163257409841
2.58502260407369
2.52026354367131
2.288692949724668
1.883995450147514
1.363663367257133
0.8660430668276314
0.5831167241098327
0.670260508918137
0.7471246433186419
0.7358557058385694
0.7502674317027348
0.7567472589341789
0.7605208392607226
0.7601855392023346
0.7550475558828291
0.7433300822323523
0.7305162451449753
0.7225662898997247
0.7177564470316627
0.715145536473766
0.7255889089201359
0.6873639467964083
0.8166642103184371
1.171831109426167
1.367807225777246
1.451451321037102
1.471747684231909
1.466227746220731
1.455363767729341
1.446878128647342
1.442432956434435
2.570464154560002
2.576622365055019
2.588480175912022
2.606028310507653
2.628831079577847
2.655825945395565
2.685288720075813
2.714979011173863
2.742383941925358
2.764962884007959
2.780339650947625
2.786428021459296
2.781490041151652
2.764131225201507
2.733247171405262
2.687950432352137
2.627517715743305
2.55140237287414
2.459355699762499
2.351692281351573
2.229715912438751
2.09628699885021
1.956454066787221
1.817995817428165
1.691655442431337
1.590854314622324
1.53079465102457
1.527015125529047
1.593286729811022
1.737749391147525
1.955072903632336
2.215525859422431
2.463993248835794
2.642264700392167
2.685784932302283
2.539305257247014
2.175412603771255
1.612699905941751
0.9661867746534837
0.5071066644368842
0.5967569217722752
0.7360402769108257
0.7284276919504326
0.7489254554669602
0.7574609104853218
0.7614453835366233
0.7607315954519305
0.7560494901622291
0.7475428047772927
0.7383651475398003
0.7317675988250667
0.7280737686358923
0.725662968908981
0.7378923593986508
0.6925601830563953
0.84108659335834
1.263535032590559
1.528795926995172
1.669903297096606
1.724333310305793
1.728504805220091
1.711140403828325
1.690945203268513
1.678133623807345
2.53284086414311
2.542766498937437
2.561419088985585
2.588012956858741
2.620950112457491
2.657791423845318
2.695514022645381
2.730925599127909
2.761038235379146
2.783306201415653
2.795735986007754
2.796897820093751
2.78585039483491
2.761989551402678
2.724851130709657
2.673916072025694
2.608470326891729
2.527566769025968
2.430128986498375
2.315231365024141
2.182583398809882
2.033229330997343
1.870431327969388
1.700618709243316
1.53415930903009
1.385599141304899
1.273059032662816
1.216815898609618
1.23761067314563
1.354979545039967
1.582685022641046
1.911370623066911
2.273838916113337
2.551232113599962
2.677303652535939
2.622332345432731
2.368911251696012
1.887988533707735
1.188626959191308
0.4873495393759175
0.4594026323252096
0.712136207276885
0.7249473602676473
0.7524873478499889
0.7633055195874299
0.7669462788626782
0.7652888514573705
0.7600887494392983
0.7524158174143138
0.744491172603972
0.7383799614918443
0.7351859913290942
0.7328291024068775
0.7465554674950374
0.6954650598635579
0.8603414565118045
1.337472707954344
1.65288712507926
1.834755794029744
1.915393013641349
1.929300145113159
1.908821958159143
1.880036884790892
1.86049296044303
2.486562069253907
2.501412420183701
2.528879122261705
2.567015508441275
2.612560723752821
2.661302871909442
2.708795668366383
2.751014221823731
2.784718656176699
2.807576642629138
2.818155325633378
2.81581439547096
2.800491675222292
2.772401708412696
2.731706596559914
2.678227157286833
2.611246795212168
2.529441305631997
2.430958020071414
2.313668939032165
2.175630838810346
2.015793599782413
1.83499135875139
1.637199628609713
1.430903457831887
1.230182801580034
1.054884626237281
0.9293167704326246
0.8796726185262922
0.9319963640184539
1.113605068386497
1.453451712819833
1.932727688804032
2.245230647640973
2.364484385342811
2.357688566851863
2.244931110338768
1.986155263994401
1.509657860690489
0.7779509962304011
0.4174976537614227
0.7043706153993878
0.7456559144191157
0.7694354630815874
0.7776083730187031
0.7779344229609427
0.7735027789297372
0.7662923500047034
0.7575778354455577
0.7491346504510796
0.7425612505245891
0.7391961061370877
0.7366303711760369
0.7514800026478218
0.6958294330816728
0.8748514244671695
1.394929624420958
1.742048373919334
1.945252524476256
2.03691633275142
2.051957702960145
2.025294291402127
1.987776120964778
1.962018126123682
2.435592160927287
2.457115302193549
2.496285229495177
2.549162967908374
2.609965901632876
2.672282413542808
2.730321083352817
2.779535984381205
2.816740135983032
2.840057747958821
2.848821216320463
2.84334230230706
2.82453122262422
2.793437819793541
2.750819814016162
2.696810202662379
2.630711803754382
2.55092248553962
2.45499189683552
2.339821101500714
2.202034583909318
2.038578735579061
1.847630333674304
1.629914918618754
1.390480850998078
1.140744496795852
0.9001396352528133
0.69615060820962
0.5615141491465546
0.528628249011635
0.6239321465781311
0.8735042261193007
1.367495431470603
1.621477468104567
1.605103149214746
1.577333494860665
1.546160054948459
1.496696491780095
1.447144807650272
1.364620674960239
0.9550578345060365
0.7716609367267043
0.8143909529743342
0.8098064898630151
0.8035120003738119
0.7949990447126274
0.7850126275207749
0.7739871312200973
0.7625201083704706
0.7520361535713603
0.744064032534291
0.7398716588050687
0.7368152532959923
0.752360465106346
0.6934337906491629
0.8839384278655104
1.434096982804811
1.794213952125942
1.99844882477899
2.08292705170195
2.085852145506358
2.04565049935673
1.996628914740054
1.964088511606841
2.386244033351833
2.416920637488749
2.471504484982752
2.542454512205536
2.620371822531351
2.696612696284911
2.764566645846625
2.819634836337986
2.858975960439719
2.881423685340884
2.887331610928644
2.878149502940532
2.855815966817689
2.822160114767838
2.778438054470781
2.725032073952643
2.661288589007929
2.585464685701276
2.494767731403162
2.385491422751496
2.253270983883786
2.093504943543159
1.902031840153195
1.676218504129801
1.416697723405289
1.129980657348429
0.8317976340329332
0.5500103237634602
0.3247004954025246
0.2037397626264996
0.2380950747181513
0.4911661716984642
1.076441248851415
1.343254987360141
1.265875935303714
1.268610772194025
1.255737195067284
1.241707892382412
1.231485683386615
1.218195510435442
1.117500950121646
0.9370060021714071
0.8940173789036369
0.8562044786338975
0.8326407389809737
0.8138958119242885
0.7974938038596969
0.7817912527515563
0.7663166082730913
0.752460001440627
0.7422754531837111
0.736686318732917
0.732926754609122
0.7487127561238037
0.6881303239548561
0.8861271803801067
1.450482579456679
1.804097878730635
1.988847506011266
2.047312597923098
2.024170449353455
1.962872676485692
1.899878826083221
1.860348182169713
2.348144227063632
2.391290078029341
2.465289970877643
2.556367704865511
2.650979055358408
2.739279752270658
2.814715336953721
2.872923309548451
2.911599053397048
2.930635381269985
2.931756172806028
2.917697728132547
2.891351076921538
2.855130092481946
2.810598833767274
2.758283384548224
2.697590192933792
2.626785253881539
2.543018337778752
2.442396510806901
2.320125860046114
2.170756180833658
1.988590754684507
1.76838646082941
1.506614854531157
1.20381478133243
0.8687925671195529
0.525017795347888
0.2176854599248741
0.01731415396312293
0.01705849992616554
0.3292374279133758
1.083906834243509
1.421602891343844
1.342954185769289
1.356064233005732
1.334873417719143
1.299729274910659
1.248549067821719
1.178130980935947
1.074422012397421
0.9689013708275188
0.9207941665430643
0.8803242334985669
0.8516980218005247
0.8283571884523071
0.8080603451505017
0.788367834493133
0.7680407116418109
0.749399483965679
0.7363235819245744
0.7288851107848443
0.7243588954142882
0.7399595277810144
0.6798343869549758
0.8790150201564395
1.43788287773329
1.764557274610595
1.908864665198133
1.923601481915396
1.863964684132024
1.778603482163016
1.702935520792098
1.658239762372694
2.3362865605095
2.395614193198907
2.491190854650282
2.60038997921837
2.707510713137126
2.803578491115295
2.882264178212627
2.939161804803094
2.972851694738662
2.984943501695081
2.978902483717073
2.958682107749873
2.927801115994781
2.888902410982161
2.843598847761651
2.792437980290732
2.734901169675229
2.669408329867654
2.593325328889334
2.502983025121334
2.393726200791828
2.260021594178392
2.09566844749141
1.894180894566549
1.649495022957749
1.357440121782066
1.019147693603331
0.6486634128196354
0.2867944662630514
0.01766145730500772
-0.02773221338549768
0.2991729219923496
1.112687656411476
1.419301899825184
1.328391658226112
1.343008631781284
1.322418736415439
1.288022927292607
1.237044196699852
1.162613734035006
1.072470557943708
0.9904161154962923
0.9390390953465839
0.8971021442045025
0.8655482821765466
0.8396897736283355
0.8172169317576083
0.7940506277301947
0.7672044261863442
0.7414290875305894
0.7249005102563023
0.7153738431736035
0.710328494220501
0.7255613225795827
0.6685179822272261
0.8598428846019479
1.391273280255948
1.667852172947982
1.748819583727661
1.706427157984863
1.609045778950514
1.505465636962831
1.423913472368915
1.378253617790906
2.375618017480368
2.452043015287118
2.563340792886394
2.680976252415135
2.792890080154744
2.890904574471222
2.966738370327149
3.015795204292398
3.038838051164844
3.040118216659577
3.02483410776169
2.997614350434867
2.96200594815061
2.920442587546397
2.874335990616842
2.824157295840753
2.769483199775507
2.709010981013398
2.640550560454224
2.561003968009409
2.466349316492968
2.351659173422143
2.211201685487686
2.038691105661159
1.827761879161596
1.572776754708931
1.270445160543018
0.924235588889564
0.5566344872453542
0.234620494918293
0.09790809380278269
0.3441290085570901
1.135664095208055
1.431610595101315
1.345379707635006
1.363072813238587
1.343545210180336
1.306416180762975
1.250594852512576
1.157791175965763
1.06088249774389
0.9897381893772184
0.9427252944235124
0.9041789748542164
0.8738378978420456
0.8488238130025465
0.8274007863701456
0.8019839021186811
0.7652650822702587
0.7276496266173436
0.7070414582409468
0.6952566193819858
0.6902998623263337
0.7055582342308396
0.6549326585837784
0.8314543326836952
1.311784713414624
1.503383193652779
1.496645106496859
1.396878250476648
1.276262730784613
1.169946815724236
1.092662126821041
1.050785494836621
2.511047504147736
2.589025393286472
2.68962744164055
2.798412809084386
2.90781137036875
3.0009928952329
3.064780542806397
3.097188487438887
3.103615934916735
3.091134468579084
3.065659078258999
3.031449242418282
2.991406497913459
2.947405285412156
2.900499616139026
2.851035545916165
2.798706647919237
2.742569912948235
2.681030165258273
2.611800943368745
2.531856284878911
2.437402498413428
2.323925403462891
2.186408266261719
2.019846009659985
1.820091445341985
1.584659422633589
1.312706062832162
1.005732016459287
0.6810603267552064
0.4227843556562765
0.4598911754379471
1.129260298854457
1.440054352573881
1.372253575202379
1.395784423962909
1.381770788895017
1.345940005321419
1.291046932234272
1.162406337089513
1.037835518892058
0.9699869737051569
0.930652653063795
0.8970671167049504
0.8698746111819081
0.8486772052623912
0.8333378484910442
0.8080049104474241
0.7557059844023724
0.6986194416884532
0.6769418884322639
0.6651757070876392
0.6625984418587372
0.6798167570225903
0.6422011715268584
0.8176288221728579
1.201487096938894
1.247650987650847
1.144188131684712
1.015569611259889
0.9028883402830595
0.8126867027834497
0.7474683380066317
0.7116876890730771
2.825890309093225
2.830301334098592
2.861995019112616
2.949542857424984
3.053408162074858
3.13012115731761
3.167794280028916
3.174236664394825
3.160224813113425
3.133394763808635
3.098378473459181
3.058049573892339
3.014276741342895
2.968247925006964
2.920620736869069
2.87160939124457
2.821033211803281
2.768331925485145
2.712552249078507
2.652311789911636
2.585751421361746
2.510500600489213
2.423703652608487
2.322189812901466
2.202923962857467
2.063934117825851
1.905692790515992
1.731364082285183
1.540521384737104
1.312394329925923
1.011225333708086
0.7326266698237138
1.041856933975049
1.431466596921849
1.412007703635483
1.444415683819777
1.437595515419908
1.401016588832739
1.340936340967677
1.09726106345105
0.9573330866383706
0.9372491621523632
0.9373995848141587
0.9200027243668112
0.9003735911801127
0.885189213348723
0.8843718788846289
0.8700727495158159
0.7987306248136371
0.6718038420773202
0.6412219585454697
0.6276281239796832
0.6279219849747366
0.6489580463926932
0.6406033028142198
0.857668818223688
1.014272600976024
0.8623557534119904
0.716477551652358
0.6201369882981261
0.5465344616943792
0.4825434082230846
0.4305624595933709
0.3990932049626558
3.456853490610217
3.166995198900138
3.065897337143332
3.140784314871674
3.227411016873252
3.263564966963114
3.259930271687472
3.236244786775894
3.202903258070843
3.163972442673721
3.121354909200412
3.076314801090777
3.029745762204841
2.982215173262579
2.934025368969165
2.885274190703955
2.835891218268885
2.785649811888919
2.734161410565011
2.680856867294272
2.62496088111839
2.565475202874172
2.501204190665476
2.430867730356544
2.353328658989701
2.267985756566262
2.175798646805975
2.082268651992754
2.001135025496323
1.939474015682978
1.819867995729046
1.420637522523037
1.041049772881089
1.435154643772552
1.484427280782704
1.524066972989327
1.536487811033826
1.537978981678228
1.579029984488531
1.360516574218521
0.7376009673497671
0.731426903522198
0.8124807849907932
0.8130281310936243
0.7889424671579384
0.7981892852543329
0.8785103755018675
0.9163521600850165
0.6294244784344173
0.5437016018313056
0.5603888633079311
0.5670784485290682
0.5768324447605917
0.6004622488938903
0.6312265966129068
0.8493952485205843
0.5981293291894345
0.3729012233269093
0.321995288519214
0.302798920199784
0.2688377676417458
0.2263649543927044
0.1857877004974066
0.1540321651771233
4.515117977956575
3.58526099939817
3.35512749610997
3.382680146351688
3.396132147909711
3.367049379082809
3.322509014034379
3.275794414553722
3.229036101527587
3.181854385486857
3.134130751921246
3.086025637198883
3.037704888024583
2.989263305661945
2.940742880590061
2.89215627073214
2.843497340128397
2.794743933785431
2.745857586210186
2.696781430647144
2.647436708793558
2.59772131051718
2.547522885658856
2.49676665801584
2.445481645112169
2.393731037299555
2.341263637243764
2.288199112088017
2.242992118981238
2.241994377879707
2.335835328277882
2.349325650262184
1.783296087654242
1.597596749321266
1.634304399804285
1.64017669170051
1.652131793082641
1.685390026512279
1.738392510864095
2.077068089008106
1.542339693849674
0.9912267150687544
0.756388067324627
0.6283654040099127
0.5400974493354881
0.5030574728850354
0.4840368552198937
0.3447489663857471
0.1959129543956727
0.4420025964903345
0.4697796593309821
0.4962353523635507
0.5054748185876897
0.508446516387888
0.529337774588152
0.4098441137411203
0.06086362800119518
0.07585429628723682
0.1396135687751352
0.1421711660711544
0.1159537202882893
0.08490886479007548
0.05767408478428283
0.02611624031959195
3.951571903837037
3.663043664274748
3.563864410568779
3.500904006595428
3.444702236965925
3.389412844702881
3.336292719356753
3.285086209978672
3.235063472295125
3.185673926517919
3.136628844643129
3.087784854077734
3.039063979929913
2.990420808867321
2.94183062537976
2.893283929018551
2.844783346271941
2.796342369549976
2.747985499627045
2.699749524137931
2.651685621086405
2.603862157971832
2.556368786566002
2.509323402377674
2.462881582505289
2.417232467893674
2.372565253206363
2.329070619728844
2.287900067836612
2.253444179425965
2.240362573871881
2.20814021966013
2.06873738867637
1.832668982331747
1.774498013438598
1.742237974259884
1.736340471047057
1.764999913888959
1.75435419992565
2.107974800502582
2.250066074606814
1.729772567423746
1.203546104295613
0.8040115072712334
0.5074247234146265
0.2833369742098477
0.1029727772703724
-0.005277999641523678
0.2106125350667009
0.4395669540536112
0.4280084900756815
0.4484326971058638
0.4457456618605237
0.4256326739816207
0.3892636033893113
0.245258248408167
0.1581000149976721
0.1403107578882037
0.1336169218940794
0.1132000761227608
0.08851645997734768
0.06253548301984105
0.03705141960078122
0.01055241528759816
3.656658890630621
3.563432909388079
3.511873470467928
3.463908657864906
3.420215335575133
3.374649519710004
3.327638360072624
3.279894748517923
3.231834475223906
3.183596257612411
3.135238855080793
3.086801079203986
3.038311429771076
2.989788353322802
2.941242075129732
2.892677123025456
2.844093884054024
2.795489401450005
2.746858116204648
2.69819228954208
2.649483044825417
2.600722875616714
2.551911350111919
2.503065764443539
2.454237021869076
2.405527290473374
2.357131139182485
2.309420473955611
2.263280693231955
2.21917970700801
2.17688865990721
2.11425014261128
2.001431450261933
1.883311349141842
1.833965498475613
1.802605826935068
1.790481034226354
1.812159962888213
1.754596696040223
2.047597077277879
2.563101627442878
2.32073321739327
1.753716972073855
1.148297656699739
0.6175055597689306
0.195918198313151
-0.07709359643159261
-0.1001492363709983
0.2684491735546848
0.4410041828565242
0.4044094824899515
0.4185547078775601
0.4116706536844819
0.392091640878669
0.3607691450485543
0.2867677258383358
0.216020928375828
0.1789339170026151
0.15461364611594
0.1290049327677266
0.1020189720247716
0.07399294848565383
0.04584619878864217
0.01678082085860555
3.58155681855557
3.541796256412361
3.509808450715157
3.466227626686311
3.422286728903679
3.376002513988192
3.328565119255371
3.280555207606663
3.232299721599858
3.183919634978559
3.135468142267715
3.086973062590976
3.038451007075598
2.989911626361679
2.941360143651389
2.892799169201008
2.84422962974991
2.795651161968435
2.747062569771509
2.698461850843372
2.649846337291264
2.601212973925866
2.552559025347001
2.503883161349753
2.455186089132849
2.406465850214926
2.357715791493713
2.308905779082243
2.260070032260804
2.210727738889267
2.159863487302843
2.098252742503248
2.014431278153919
1.930245713608726
1.879598038421336
1.846169315714787
1.828531205495654
1.845113253987647
1.768336258688102
2.053018023178328
2.705750334436707
2.661431076108682
2.162804210768368
1.476001289262573
0.7949902975773673
0.2402964104832207
-0.09239486280349643
-0.1057748792230633
0.272055264365521
0.4305270729633752
0.3872670625834732
0.3973329846468737
0.3874332859577975
0.3671147467454864
0.3355820883641011
0.2813744503189469
0.2276250946780439
0.1904535102817898
0.1603055867578574
0.1310071277924797
0.1020406708400459
0.07310512281304833
0.04439388964853865
0.01569365431103078
3.58153965096746
3.541805932341946
3.509837555695972
3.466266925212647
3.422327017863244
3.376039467104337
3.328596275765703
3.280579229589748
3.232315873130098
3.183927553006716
3.135467684913024
3.086964168894315
3.038433566607774
2.989885320735421
2.941324273885574
2.892752362503229
2.84416937427095
2.795573267180795
2.746960249943651
2.698324364765264
2.649656819007158
2.600944814911692
2.552169613873292
2.503303103048883
2.454301717162275
2.40509412822471
2.355564811466333
2.305520536610165
2.254689527284962
2.202418464069978
2.147854602592569
2.087636182732458
2.01877759086418
1.952576575036355
1.905642081308033
1.8736541295378
1.854185833286809
1.8675123047194
1.784744496916338
2.082594369706264
2.765377377603594
2.795919853139226
2.359601915165431
1.679991867357675
0.9593840980207453
0.3536483471001657
-0.0197256015065086
-0.07151026385106599
0.2660096194293187
0.419537434313131
0.3772991327701302
0.3853279657859577
0.3750981922687945
0.3563081692904914
0.3274275269587547
0.2815731697932332
0.2347430748593388
0.1982460988292374
0.1658085091079389
0.1344621506657744
0.104093141945191
0.07427199697987917
0.04497231497096709
0.01572835285033564
3.656161492976177
3.563008517029387
3.511462828680734
3.46355062412661
3.419908400368541
3.374395247075666
3.327439309246999
3.279753654621462
3.231752848143408
3.183573857469276
3.135273550215772
3.086888959191134
3.038447251007874
2.989966171653426
2.941456054773822
2.892922162436462
2.844366088187144
2.795786323411554
2.747178109941323
2.698532480547401
2.649834248522935
2.601058215273969
2.552162463804114
2.503076893794606
2.453684784692432
2.40379473969842
2.353107417898571
2.301180293413774
2.247449234639209
2.191195005757792
2.131892558995423
2.068820695200291
2.0026550647065
1.940827664186599
1.893211970728349
1.860624704066475
1.840829134450986
1.853188851481187
1.783269697324574
2.117538427010758
2.737718405834067
2.744523806347611
2.344633289925203
1.72611655139786
1.054586625612696
0.4711398754223048
0.08922198479147379
-0.002377248224744175
0.2744632959557571
0.4116818883594475
0.3744445198974294
0.3813457519288158
0.3724901241986404
0.3565569949719758
0.3318753066412569
0.287274256912841
0.2411506430482457
0.2062493842799654
0.1726346888092342
0.1388564709149007
0.1065497317241182
0.07551768481708901
0.0457969694265986
0.01598422352146081
3.952943662511676
3.664660572217185
3.565438458198267
3.502372805580511
3.446013684931896
3.390529567778013
3.337186585006912
3.28573792104394
3.235462490892873
3.185818405107531
3.136524935206257
3.087445013426907
3.038504372604879
2.989657886061863
2.940877029329356
2.892143616301263
2.843445765751458
2.794775485508679
2.746127101807072
2.697496253110955
2.648879490840894
2.600274448465424
2.551681016091387
2.503103948366114
2.454557158158276
2.406068508292982
2.35768442236871
2.309466799874661
2.261510597061471
2.213904382813507
2.166816349183877
2.120158276810964
2.074203950755555
2.032198562522332
1.998480577779427
1.973407903304172
1.953505809167684
1.950399396637996
1.878291517834749
2.120213507087074
2.546402895363955
2.488907170527947
2.139148075420534
1.626088806601092
1.062356016537392
0.5557465236607325
0.2039047636252548
0.09172134294599416
0.2973715641218129
0.407391519755735
0.3776176170540059
0.3836128916740724
0.3766386938101239
0.3630324549930355
0.3386368494820704
0.2682472468909063
0.2056812049502215
0.1820957235483715
0.1590720512618342
0.1305372758511545
0.1016073056177555
0.07263177479224177
0.04466144294695292
0.01516713090440987
4.51120662178475
3.582195553716873
3.352644428710143
3.380531641359237
3.394249810810371
3.365451799407018
3.321232122308476
3.274868503171717
3.228479948565345
3.181673710537478
3.134318197490008
3.08656261214324
3.03856533639186
2.990419115295072
2.942170479428684
2.893843982635863
2.845453426618615
2.797005690029549
2.748501715798925
2.699935913295445
2.651293272831067
2.602541512626737
2.553613532622862
2.504371170947348
2.454533024913977
2.403537025692179
2.350308439917746
2.292959559276356
2.228622287434015
2.15380361181953
2.065697912049122
1.964267850574261
1.855428682693018
1.753269280932888
1.674735738833914
1.628560521072995
1.603105570791623
1.576887234257017
1.552159423114797
1.744669384822401
2.066692471411963
2.028718933268977
1.786211994982748
1.415518813344076
0.9915323480530442
0.5946024503856701
0.3040357482577435
0.1930861621613015
0.327919696266586
0.4065845775776988
0.3858683177642915
0.3927343581775369
0.3919981416730964
0.3917075379217575
0.3914663280129082
0.3415201726374433
0.2723173236503095
0.2420718661808008
0.2050107945222607
0.1537638256723481
0.1100274498478903
0.07500310209900606
0.04862805446171659
0.019244756987146
3.42252529454721
3.134210258104801
3.035509145561064
3.113275156942493
3.203224361425272
3.243176249304164
3.243773625166489
3.224641559331535
3.196020370560007
3.161805840724089
3.123735016380738
3.082933155683336
3.040200267586632
2.996069303942956
2.950876352022937
2.904826818309272
2.85803686859704
2.810553463948828
2.762361530455377
2.713381938319119
2.663456855741186
2.612310858263896
2.559466019313062
2.504075561400166
2.444624821835513
2.37844322741631
2.301019552188242
2.205298871825913
2.08154409977836
1.918867640295103
1.709679045040577
1.457098381743753
1.182064688103627
0.9227669648081299
0.721430506890242
0.6047980165310478
0.5719124506849023
0.6081929871164804
0.7295214799637643
0.9779255444501476
1.308288238194474
1.425319198006993
1.344543784180384
1.134217665014544
0.8605337299281025
0.587080253919207
0.3755922767209486
0.2831077847917043
0.358451885938236
0.4079536859110556
0.3959006014558523
0.4042319155860944
0.4110457001040911
0.4276377574207627
0.437435933996362
0.6164673775242583
0.692878978096406
0.5077045466654019
0.3464672935891771
0.2320830991083669
0.153836325810092
0.1000346528561939
0.0625601128004749
0.037980805303501
2.733812820038339
2.741242885486446
2.778400377201447
2.873467289612873
2.986603111321568
3.074090459438382
3.123748065651916
3.143001602397632
3.142169783854111
3.128402190173455
3.105872223823163
3.07707806689285
3.043641070198733
3.006660251392305
2.966878603028136
2.924776161216932
2.880621983117031
2.834497913221982
2.786303840722086
2.735748222274881
2.68231741502373
2.625204650737356
2.563166167833087
2.494261967899696
2.415442592483064
2.32198648106895
2.206918717238219
2.060794479408926
1.872578415496393
1.632559731050698
1.337783572849257
0.9987779066003361
0.6436628941327983
0.3146674544250651
0.05599051525738787
-0.1008567163002444
-0.1438765855889882
-0.07401522136196623
0.1030729188320573
0.3587012988790984
0.6317407450939005
0.8184210668075476
0.8736792149363537
0.8159706324315817
0.6882914990544455
0.5381028767858881
0.4111651029939163
0.3483863631819319
0.3828048622705539
0.4094359313360937
0.4032311389719013
0.4101904306070885
0.417141418714994
0.4333608463940433
0.4356474274281869
0.5684730381454755
0.69273716359368
0.6047295338682945
0.4541865533839595
0.3198409528261994
0.2194834091245101
0.1496423336289133
0.104124952307181
0.08031486590133277
2.341214383136405
2.42450122837349
2.534953416134263
2.657703835339535
2.784644827193395
2.898334371132158
2.984884419516487
3.041479233752344
3.072600846076639
3.084394851716879
3.081940245975062
3.068843016042377
3.04760301860829
3.019984931159015
2.98723831897045
2.950204998677735
2.909362453449476
2.864832801729067
2.816373470311353
2.763354890031402
2.70471796294578
2.638890604074892
2.563633154125709
2.475786121861153
2.370926233804468
2.243019412394003
2.084306960696944
1.885849801525802
1.639271322970547
1.340052172545983
0.9919869623761765
0.6111601313437138
0.2268166920931628
-0.1228062615618197
-0.3988800089268437
-0.5708999523589047
-0.6222205133343965
-0.5526770898600845
-0.3824165241940516
-0.1533293153362061
0.08596239955087087
0.294409202798579
0.4347414520262584
0.4967365418613429
0.4951578881536293
0.4568351306710269
0.4110782331501209
0.3845732371295132
0.3989713423424257
0.4109492508333132
0.4080121798514088
0.4127636125713872
0.4172937358255167
0.4268964622095004
0.4228008978649183
0.4670891177937631
0.5594140350697402
0.5646734985407282
0.4882298494970905
0.3834768861183456
0.2870796240321674
0.2131017038590553
0.1640692312316918
0.1390970960995464
2.115269323654215
2.199975114522702
2.32668476574719
2.466282145216705
2.605881432472638
2.736249615309561
2.847836899530457
2.934609231543948
2.995818790505144
3.034271401778597
3.053931107171454
3.058524222248469
3.051106448588924
3.034065014831214
3.009204502310191
2.977794869735487
2.940571728484738
2.897708734497416
2.848780775432377
2.792726665486555
2.727807953009687
2.651550301175384
2.560652282458614
2.450863435638098
2.316880724856609
2.152395340267414
1.950522535522467
1.704905264786901
1.411690503095085
1.072231414984428
0.69579459441117
0.3010448978312058
-0.08485294905978395
-0.4297915385638155
-0.7020426227393564
-0.8759754236959851
-0.9374435135977168
-0.8887061059956274
-0.7505960431564175
-0.5564805281867905
-0.3392536326368812
-0.1241168392931704
0.06410737200199997
0.2077905260196837
0.302902159083699
0.3569205270428112
0.3830629006094278
0.3956096164156517
0.4077720664991499
0.4124601352951548
0.4108659980921518
0.4138929582074882
0.4165510228518033
0.4213568128235556
0.4185896165169048
0.4219135662229169
0.4617033507442224
0.4900661099085955
0.4696028076865041
0.4106949627821688
0.3394583259246574
0.2761118755767499
0.2308159837612077
0.2068472977531233
1.979685631312799
2.050819921763162
2.168355893774696
2.308818112683093
2.455262228490047
2.597068948680303
2.725920117452882
2.835216584330364
2.921344411364792
2.983935395055238
3.024878370012517
3.047079190476358
3.053601862603556
3.04723222058363
3.030278408607332
3.004454685152703
2.970782617688326
2.929499354870455
2.879981974207146
2.820697085293242
2.749179327245434
2.662039247554756
2.555006586065738
2.423035275276777
2.260534039442206
2.061832238146031
1.822014630437748
1.538210154740357
1.211252319034946
0.8473570451218272
0.4592180027221417
0.06591355550359725
-0.3086334687060992
-0.6384058472558883
-0.898786997393175
-1.070506815905281
-1.14377694429266
-1.121423118455076
-1.018437020000489
-0.8565793801731473
-0.657745170979134
-0.441420802093982
-0.2266813974869527
-0.03160533725547047
0.130721351529196
0.2543674573628512
0.3394650812988653
0.3898464798897327
0.4112426537445206
0.4138354856221011
0.412359897207367
0.4143743248391988
0.4159788727309099
0.4182562399178368
0.417795222960657
0.4128617336177066
0.4190676142619953
0.4354083187928509
0.4360424701947638
0.4118017582275944
0.3709898371298301
0.3277808516406677
0.2935013980832889
0.2742982366490185
1.896332583632834
1.955285405889965
2.058652793894991
2.191427055907122
2.338197798132941
2.486640446071425
2.627273944640666
2.752658308377148
2.857594239012217
2.939545249731915
2.998462663464803
3.036067297388284
3.055012030694514
3.058199684089241
3.048302184370193
3.027425705860197
2.996866446139191
2.956930245663309
2.906810433323245
2.844528367325997
2.766946581435616
2.669870553674047
2.548264291281217
2.396616624005543
2.209504246683772
1.982391477136924
1.712666141890672
1.400820210806362
1.051553616211942
0.674469451875499
0.2840341265483693
-0.101345608619041
-0.4610039756954323
-0.7741671862485489
-1.022350942093718
-1.191885282274389
-1.276197011057543
-1.27688311885039
-1.202612038191616
-1.06635547616835
-0.8829623134632127
-0.66827106194988
-0.4391286598228658
-0.213336508649014
-0.007795928637658201
0.1640060338843526
0.2933523062817813
0.3761159167859971
0.4114581519345315
0.4149171317024997
0.4129688099674071
0.4145545449306726
0.415693929922659
0.4168965744441304
0.4177210868622621
0.4131990533912757
0.4058343960318683
0.4074247461296818
0.4095540819993773
0.4030007356799311
0.3861007183515467
0.3640958274848248
0.3443036821397867
0.3324292952170803
1.846833779981692
1.897779160211246
1.990019673331493
2.114205118214726
2.258102834966476
2.409381822115973
2.5573103918928
2.693258622108719
2.810885138996169
2.906335467713466
2.978229394912616
3.027276022165458
3.055614696621813
3.06608259670319
3.061556275602234
3.044426050070637
3.01620583086416
2.977261695635221
2.92664492989173
2.862027272311192
2.779751525313513
2.675025562023061
2.542297390908017
2.375846518436032
2.17060398468088
1.923163098471624
1.632866434487991
1.30277020156785
0.9402336646932178
0.5569069971298628
0.1680192782984063
-0.2089403325757774
-0.5559019026045959
-0.8559797324913864
-1.095116891170296
-1.263430975263569
-1.356000356467397
-1.372833093273194
-1.318133397398578
-1.199480777433205
-1.027415002014746
-0.8152545112384193
-0.5787813530554407
-0.3357698054480063
-0.1047570964981357
0.09701989462233557
0.2556540741321612
0.3616596222375193
0.4096328379346609
0.4154990449001237
0.4130743994026175
0.4145627282133161
0.4156102743508235
0.4164891609394837
0.4177946371834016
0.4141485658187618
0.4029841795730988
0.3961713229628033
0.3946727908990653
0.3946238288758993
0.392061151784951
0.3862175608321368
0.3793463805920678
0.3746503146950411
1.822624095667049
1.869437946896705
1.955693321328504
2.074587035802176
2.21598006450628
2.368083948922475
2.519576001171652
2.660996493447278
2.785290838129544
2.88793140453727
2.966860633483405
3.022217018719259
3.055799410401229
3.070355326620017
3.068846862070702
3.053815913434842
3.026900668737132
2.988503886821083
2.937596811817543
2.871651898823647
2.786718452275152
2.677675565336678
2.538705738639837
2.364019573505219
2.148818060703597
1.890403711153113
1.589261789566067
1.249865486757316
0.8809604111326506
0.4951811401808246
0.1080220813472617
-0.2636478364888654
-0.6032472974272072
-0.8960407937124653
-1.130344612924452
-1.298172190666724
-1.395238907334035
-1.420542546742708
-1.376017731462196
-1.266636073680725
-1.100783110659534
-0.8904221975894235
-0.6507980982606935
-0.3997310835728811
-0.1564402930001132
0.06024492466527175
0.2339219603155326
0.3521092808648421
0.4067131917621072
0.4149257522435612
0.4127108541657931
0.414440862925625
0.41567157774799
0.4166067384264939
0.4181088049793128
0.4149761434526172
0.4028574600570003
0.3925131542869104
0.3883769812178999
0.3900950226291165
0.3940604288318002
0.3969121018974389
0.3976883445850214
0.397432409667045
)
;

boundaryField
{
    inletLower
    {
        type            zeroGradient;
    }
    inletUpper
    {
        type            zeroGradient;
    }
    outletLower
    {
        type            fixedValue;
        value           uniform 0;
    }
    outletUpper
    {
        type            fixedValue;
        value           uniform 0;
    }
    sideWalls
    {
        type            zeroGradient;
    }
    topBottomWalls
    {
        type            zeroGradient;
    }
    frontAndBack
    {
        type            symmetry;
    }
}


// ************************************************************************* //
