/*--------------------------------*- C++ -*----------------------------------*\
| =========                 |                                                 |
| \\      /  F ield         | OpenFOAM: The Open Source CFD Toolbox           |
|  \\    /   O peration     | Version:  2506                                  |
|   \\  /    A nd           | Website:  www.openfoam.com                      |
|    \\/     M anipulation  |                                                 |
\*---------------------------------------------------------------------------*/
FoamFile
{
    version     2.0;
    format      ascii;
    arch        "LSB;label=32;scalar=64";
    class       volScalarField;
    location    "5000";
    object      p;
}
// * * * * * * * * * * * * * * * * * * * * * * * * * * * * * * * * * * * * * //

dimensions      [0 2 -2 0 0 0 0];

internalField   nonuniform List<scalar> 
4096
(
2.707955099352492
2.757643528765209
2.8494123254957
2.976467082771304
3.128575169007299
3.293667309812569
3.459894360713658
3.616989037339507
3.756771395067982
3.873216578664755
3.96233274509127
4.021833680548306
4.050589462973018
4.047966103627629
4.013227452173007
3.945133300577322
3.841787293086455
3.700723528547714
3.519193281214589
3.29462578519934
3.025289138728567
2.711261985257559
2.355909619814758
1.968054580405434
1.564802017845929
1.174389263459453
0.8375313965322992
0.6050606680719269
0.5302265950625979
0.6563373544729285
1.002542650385022
1.548134193925971
2.207939564162802
2.390012125062559
2.305293811108324
2.30247828760909
2.270887167253026
2.222924470271257
2.156742358581473
2.076150695052648
1.989388308546441
1.903807753428846
1.822554902668936
1.746026837027991
1.673460961419444
1.603721694499826
1.535788578461776
1.468837133470827
1.40221336686628
1.335335258152061
1.267581964739714
1.198201896246082
1.126289379311122
1.050865452899196
0.9713627254241259
0.8883463700006035
0.8051212258449064
0.7289614496737731
0.6687018925463561
0.6287860661409131
0.6115242087847789
0.6154850270484586
0.6353595091254907
0.6597352959512799
2.732416659969669
2.786170880147523
2.883781187115559
3.015889506918701
3.170125979600848
3.333836441997892
3.495758913511773
3.64650648194556
3.778708565686679
3.887139191180237
3.968630158658791
4.021631730675224
4.045539865969149
4.04000874635032
4.004412308996855
3.937527904313331
3.837453931393248
3.701745205619938
3.527740762934712
3.313061412496882
3.056270793526117
2.757728644823676
2.420713774580711
2.052929882715413
1.668473170010221
1.290143477315239
0.9514825647484241
0.6970267267327825
0.5783359681597242
0.6438590343768728
0.9244636043665161
1.422664698454273
2.118579647478843
2.353709723161888
2.268930598355804
2.269284476423036
2.238395340957018
2.19329993051711
2.131949512798544
2.057108172074769
1.976410055934683
1.896300297599969
1.819017922475978
1.744868207036041
1.67349330223163
1.60417098520949
1.536232528652208
1.469080262134424
1.402209215236609
1.335157028465789
1.267451032550354
1.198559047329341
1.127910132092806
1.054936579601694
0.9794725608610625
0.9020088737988753
0.8250373848107758
0.7547994419035379
0.6993871968256411
0.6614990571257807
0.6431348392062318
0.6431743849195659
0.658848562456706
0.6837006989149339
2.782366306199513
2.844022370767696
2.952541636419635
3.092844065252241
3.249275432470536
3.409112334041966
3.562360064996283
3.700934517087691
3.81878638492201
3.912227594097853
3.979675282692038
4.020883789929706
4.036095823393659
4.0253947185401
3.988315921967863
3.923679089276333
3.829604729075344
3.703706464795641
3.543461597398022
3.346749694663075
3.112515895911123
2.84147761427483
2.536780656624626
2.204567605022122
1.854592367332773
1.501307657712457
1.166101324430592
0.880942728534864
0.6916696022452357
0.656161420954121
0.8342237961024582
1.279000754398957
2.052396261650674
2.337172682196736
2.245214705422081
2.251205064410675
2.221504769845242
2.178150362079491
2.118730174160072
2.044134865830581
1.964488436619636
1.887297378074996
1.813207221000128
1.741485023805203
1.671735101341675
1.603363912189351
1.535935166934056
1.469051263404521
1.402372225792455
1.335582488710229
1.268368370346776
1.200377087807416
1.131252537636994
1.060541708096943
0.9880417377775977
0.9132833400385905
0.8373918289000882
0.767287897717662
0.7134468558203296
0.6761475128502038
0.6575223101192386
0.656715163407439
0.6735313793117303
0.7046056173752958
2.866309536339021
2.940081124749022
3.062594311684413
3.210123516304003
3.365282721360543
3.516985722320366
3.656492182672114
3.776752522498758
3.873544223477715
3.945621348168143
3.993656761279524
4.018968763695214
4.022656285944722
4.00518419252565
3.966242184428708
3.904740951358815
3.818904713805593
3.706481375829743
3.565108804004105
3.39285191245036
3.188859062680661
2.953986061074153
2.69114606963121
2.405156531116553
2.102082775929083
1.788614091827486
1.472914674558298
1.169451722876148
0.9099714298995392
0.7577163409338642
0.8123093162186181
1.193612504604247
2.024376063687143
2.334889595366109
2.238839491986231
2.249418182202242
2.22172561202854
2.178986765802319
2.11881711869317
2.037377879197642
1.952538555700141
1.876127499893409
1.805163560920239
1.73622740863969
1.668578211649719
1.601615982263773
1.53510286680488
1.468836663684258
1.402668210984936
1.336458699138503
1.270067830965522
1.203309956604996
1.135981772019851
1.067553725410856
0.9974776702621593
0.9227730039135644
0.8415344699226046
0.7641842069984937
0.7088800890315086
0.6707594969719041
0.6523342167372299
0.6525331605145732
0.6729971502208224
0.7117243849395739
3.002558657938585
3.090043319592553
3.221775052592741
3.367960439880791
3.515030618027201
3.65334805468515
3.773168334709989
3.868263808262592
3.937529156303667
3.98316624144475
4.008257842063761
4.015361926839455
4.006077799741306
3.981056827610352
3.940113840508409
3.88233101604171
3.806166389059982
3.709620583215505
3.590523478473216
3.446985928954428
3.278004097635761
3.084087733230273
2.867625228509013
2.632592460774958
2.383329056235543
2.122576869895641
1.849889591986483
1.563391765143674
1.271212347235367
1.019724176450961
0.9304323922361515
1.20053818917334
2.024128607858492
2.339311025845367
2.247555470374204
2.262757122852272
2.238080180737897
2.195033122270733
2.132096859299885
2.033357319890928
1.934864083041886
1.85887091886032
1.793296194849437
1.728548816851038
1.663818986361768
1.59879355571938
1.533614830431352
1.468344915593504
1.403047466812188
1.33778306280646
1.272608173910465
1.207560713638707
1.142733516915832
1.077709594241822
1.011771778389613
0.936122662229487
0.8411848380737144
0.7459355334495039
0.6869086921648637
0.6465581360321411
0.6280979730600305
0.6295383114518076
0.6536946827390848
0.6995763623905336
3.229233133369062
3.315982933295179
3.431852412040374
3.560554482203732
3.693298468211462
3.812602507170834
3.904725517764896
3.966887577547952
4.003401323342187
4.020036921183239
4.021305860842846
4.010060140034142
3.987858227529036
3.955334050545442
3.912418053279031
3.858453860847286
3.792270820906062
3.712265031178267
3.616545394463652
3.503209290001061
3.370803907073865
3.218966662380945
3.049072231788744
2.864446970611855
2.669532757292084
2.467670285490814
2.257930224559234
2.032259794555293
1.777069266831274
1.49315951182854
1.257364292477054
1.309748405376338
2.01631105357136
2.345357316615151
2.272080270125132
2.294051405073446
2.276083078678712
2.235974979921223
2.17478338156292
2.042001656009264
1.915721979641254
1.840265394695047
1.784405747954058
1.725344219905262
1.663418897435543
1.599412250543784
1.534389113579586
1.468868057077602
1.403193975211439
1.337651868526921
1.272548884484245
1.20829363214263
1.145690531711173
1.085046799989402
1.026439624705728
0.948638710000453
0.8260584558693508
0.6960644912361327
0.6380173522244151
0.5982256473472021
0.5812377483656382
0.5840558239206221
0.6103756013014505
0.6619825965319073
3.622916024331282
3.635498782063432
3.678521883670266
3.778306359780996
3.895077904567653
3.985707201826407
4.038411404458391
4.060727307201863
4.062889688641654
4.051843716946789
4.031464769197497
4.003862030329837
3.970172773805097
3.930910263452506
3.886118945673189
3.835449072276258
3.778182676979875
3.713230503194005
3.639131891564438
3.554115925018012
3.456325642536735
3.344347049405603
3.218128328561358
3.080049636367772
2.935238073325031
2.789931697952725
2.648036631710248
2.507365895590967
2.354096160715323
2.153263282585579
1.86490505656766
1.596780399186876
1.936931074427837
2.335721130336515
2.310889111032329
2.341666905678404
2.33122442016295
2.29082950083356
2.220016907417128
1.963970059026468
1.80979614766728
1.767432802071589
1.743591550137489
1.696099856045143
1.641014828845734
1.583270918121225
1.524278324480131
1.464490493212505
1.404380840630772
1.344454566815548
1.285196489796127
1.22707289882855
1.171415959092964
1.122493961120012
1.094870875998483
1.048194888031869
0.9008821776839063
0.6452339947806167
0.5758978295534832
0.5323759233097337
0.5144270071996548
0.516752303312619
0.543686181895102
0.6249427489103657
4.314666073939322
4.033631368286901
3.939998006030366
4.020293628172588
4.111579536814877
4.152595545696112
4.154295862339397
4.136323282070815
4.108857300334998
4.075715168125939
4.038537353037581
3.998327040114399
3.955732710349232
3.911101573400217
3.864538307781431
3.815947270211125
3.765031030306325
3.711244631680594
3.653715859317516
3.5911598050403
3.52187211763539
3.443992686842813
3.356322805923195
3.259839763331266
3.159264866552824
3.062516996036078
2.976723721366809
2.905585447661247
2.852746775273778
2.811957593154865
2.69882147905412
2.302197159679738
1.94486635976145
2.338690496408885
2.383380637687297
2.421715710924767
2.431799557936374
2.43276776956476
2.46043427358725
2.261366461945461
1.686541249672215
1.690369308177481
1.772655663213439
1.754652111426493
1.690598427266765
1.618216555587134
1.545986928526386
1.473933235603236
1.401892887128185
1.33012889890506
1.258644344669389
1.187565022476735
1.12407465681517
1.100573900344093
1.164293426180997
1.14844008128191
0.5871743316344546
0.3992764346357741
0.4300648483236759
0.4267543176474243
0.422661648591697
0.4260651662386714
0.4345467330014435
0.5690283864773307
5.414312546157603
4.488165878055987
4.260474053366398
4.288795781548118
4.302492633208481
4.27369590955206
4.229562144518626
4.183318139155645
4.137053809918634
4.090368259273771
4.04312643064861
3.995472446941879
3.947557157323959
3.899461884120935
3.851213681840866
3.802801267487615
3.754170175043984
3.705201706162903
3.655674965374287
3.605212793910178
3.553246722476016
3.499099754323721
3.442303585137525
3.383012007022481
3.322631476287999
3.264541529030436
3.212008786500588
3.164800777366872
3.128339647190909
3.133311917077781
3.224480048004673
3.23192507142041
2.678989302996893
2.497430910318691
2.532095110352346
2.538411754873858
2.551035778593691
2.590379127018928
2.635647297597674
3.05139858418138
2.689472331862117
2.268759363101668
2.122509688652278
2.031345570945492
1.917306878450892
1.787134766756301
1.653787586245016
1.52169730096097
1.390854685685639
1.26018576438801
1.129346319942822
1.001208280933422
0.883958957032517
0.7750266648303741
0.5886904334666641
0.1219502916699993
-0.210786545893344
0.2361165075201024
0.2792024626453997
0.3118148575806055
0.3045812731243641
0.2681920927133263
0.1638935590580865
-0.01472004647130817
4.862493255710643
4.572982562951744
4.473891570669443
4.410686629310587
4.35421287244169
4.298640308359889
4.245230205617592
4.193723179320364
4.14339465896683
4.093703507757326
4.044371682813883
3.995265438531979
3.94631394040535
3.89747445132254
3.848718970451265
3.800026990188828
3.751379841374968
3.702756652155103
3.654130992412679
3.605466526590191
3.556726046762615
3.507878544469245
3.458962392311356
3.409980498691663
3.360762279297718
3.312155950684898
3.266252452341415
3.222416192971351
3.181663035246359
3.147417227326224
3.133433044274982
3.099207732337654
2.961814196425697
2.728551120395675
2.670333636178035
2.638925269131078
2.633816074548402
2.667914194673445
2.646199905277723
3.05520815335076
3.38748164363343
3.101041131529608
2.774272872235561
2.510044892219646
2.27379415634831
2.043692917159961
1.817387409095767
1.595638285389992
1.376487638691238
1.156241065976954
0.9316675712660678
0.7001880907873512
0.4533401258284896
0.1623007590518855
-0.2073182789756585
-0.5310133033416671
-0.1796337481944345
0.2446218733626829
0.2233452563407693
0.2588458431762369
0.2549877024832209
0.2326633432363018
0.1803087818792658
0.1029148691975342
4.564043535991138
4.470792572939711
4.419495357997758
4.371660151108278
4.328059691304585
4.282568910425479
4.235635887836557
4.1879750900581
4.139999681719903
4.091844351150885
4.043563232632686
3.995189509118929
3.946744834985997
3.898238458710888
3.849667313638261
3.801015043779537
3.752248857658948
3.703312501223685
3.654117311129833
3.604531464880921
3.554396970837589
3.503540710284638
3.451912067182991
3.399382575207334
3.34547939384813
3.291885648487295
3.242852608843718
3.196781063623627
3.153868251082734
3.112436197357
3.071493939029169
3.007028825533537
2.894360200269225
2.777360296314583
2.728050247911858
2.697273479336866
2.685454851783741
2.71075150809762
2.641413813934133
2.960632709858975
3.64668864423456
3.685721813579685
3.408634835413083
3.046067385933059
2.683143318997748
2.33605954499374
2.003666911599271
1.681595712507605
1.363523401213795
1.041767625716972
0.7084545076300047
0.3560278416276418
-0.02082001415345063
-0.4085213108794153
-0.7191131243543736
-0.7125194822876693
-0.05016179762664153
0.262631777738344
0.1980152652099066
0.2253413418609094
0.2171910898161873
0.1956962509309428
0.1520176671970025
0.1274875083976415
4.489621231055998
4.449818601218483
4.417941019037055
4.374392639021925
4.330468364480073
4.284188821978567
4.236754074594915
4.188745917583659
4.140491325426361
4.092110556739686
4.043655679364024
3.995152653886997
3.946615412661051
3.898049436062069
3.84945313930737
3.800818037268677
3.752126608213757
3.703345657925491
3.654414657255785
3.605224690272186
3.555639426711925
3.505483445843448
3.454779515287805
3.402881849408606
3.347459708485789
3.29103825607681
3.242230557721597
3.196160904724453
3.152315076240132
3.107121627545988
3.05915621460863
2.99336647380648
2.906730849910486
2.822921712071962
2.772101163186891
2.738891443149142
2.721164145524609
2.740028726178824
2.653107958623442
2.951004917162534
3.74909304521703
3.996697969085877
3.843606271625686
3.481897553484558
3.048882097488183
2.609225043090375
2.182178672791234
1.767114678235998
1.35621190577531
0.9395765438141034
0.5084306758659402
0.06060303557764547
-0.386010541754735
-0.7672781460870176
-0.9467527796085128
-0.7382514864440333
-0.009497706666231651
0.2624349945528372
0.1856867468390806
0.2082377920477098
0.1991906020050858
0.1815143695564965
0.1454735424477244
0.1442353639337232
4.489648803173925
4.449859484934806
4.417917497675568
4.374359696536001
4.330439375086358
4.284170403592642
4.236746982824799
4.188750180671637
4.140506954279735
4.092137783885272
4.043695209536108
3.995206233204304
3.94668680051973
3.898146168383191
3.849589830888576
3.801021575891459
3.752444931012987
3.703857937720072
3.655233590064744
3.606472787282269
3.557432119717667
3.50792408400447
3.458328315943923
3.406905533281935
3.346803591994199
3.282808097072616
3.234385449519839
3.189408954048945
3.147152396643256
3.101843494026544
3.052932593335026
2.982626824397479
2.906392691503489
2.841185403393911
2.794473550322957
2.762891598612446
2.743590623483686
2.758887869499707
2.668030145126493
2.973980738871357
3.785703081195993
4.107978713237727
4.042603514838482
3.72887394080459
3.291852122019256
2.811408225038182
2.324472140342414
1.841173744349138
1.359089016609079
0.8722656150545506
0.3781732749323987
-0.1129985854664883
-0.5640539915924689
-0.8958942012639528
-0.9888008416663303
-0.7183882481352567
-0.009586606369630071
0.2555928788298535
0.1782305396187942
0.1971166906355944
0.1880282331335088
0.1733416947406453
0.1431728294511873
0.1513126319292747
4.564639212612651
4.471404683047593
4.419856558403837
4.371909314978218
4.328233891249605
4.282683270161036
4.235685710495433
4.187953586085681
4.139901868360597
4.091667908207743
4.043308762876764
3.994861351661435
3.946352428487395
3.897799656519708
3.849214957130503
3.800609937494598
3.75200116515436
3.70340072677026
3.654764968861838
3.605881843203116
3.556440293396838
3.506303129581454
3.457647881017604
3.407778336762236
3.339777790492253
3.262442889148139
3.219998207526968
3.180929630022934
3.145329153132603
3.105055055194038
3.062197202957748
2.978966160780447
2.897580036869976
2.838056639190383
2.788783697873828
2.754183731724889
2.733053163522689
2.746162436084015
2.667888875472053
3.0034536094682
3.750688480908358
4.051132743122393
4.023721692183488
3.770958134522923
3.378353588414757
2.91081716919394
2.409452138908005
1.895028024146648
1.375804582500348
0.8560642047598449
0.3444199824878187
-0.1377272899421102
-0.5489366281184189
-0.8259376313792413
-0.8898957788852659
-0.6536396371586329
-0.02401155548892967
0.2607780359916654
0.1973608861622037
0.2156626027641924
0.2086895084107464
0.196507867348414
0.1693980125738492
0.164267149211672
4.860146635583563
4.571675116130585
4.47251404162307
4.409569409397606
4.353382103317889
4.298106950670765
4.245002541978676
4.193814601490702
4.14381573303392
4.094459071466127
4.045461386074462
3.996687382654949
3.948071108122604
3.899585377373266
3.851233403260312
3.803053113129621
3.755138383033323
3.707681683544685
3.66099902870482
3.615404725639026
3.571180416053706
3.52969822485959
3.500412191436712
3.475446322911802
3.390217052150252
3.24711092320504
3.205378428614173
3.172337874145248
3.145281804832755
3.112081447306795
3.079132413814816
2.947595855432201
2.869152034487215
2.861981027165928
2.848106810097881
2.833346167376326
2.820719352264516
2.823731934224817
2.747232912311216
3.011247083346923
3.585372939601041
3.82008993125508
3.81925317993779
3.637366119543791
3.317784162360772
2.902700449532955
2.428885387708457
1.923817377796752
1.406969215110265
0.8948670381960377
0.4072640399310168
-0.02812123474754874
-0.3750179292858419
-0.5934843069000802
-0.6452922510261813
-0.4854217102777083
-0.02683469400342066
0.1862482913675933
0.121498296149555
0.1235111581315088
0.1125249890362076
0.103523082261586
0.09257559117215047
0.09572839789751846
5.422085104765892
4.492403989003032
4.262394787594822
4.290008027530038
4.303491231642109
4.27443131132765
4.229908554324787
4.183203027635333
4.136439569764984
4.089230125975947
4.041444218690678
3.993226049806585
3.944719389290529
3.895986953947522
3.847025886368338
3.797817150724409
3.7484421418674
3.699217933341087
3.650314738176275
3.599874596618377
3.542682559910646
3.480690450888962
3.44860978283173
3.428227975347825
3.240448686237179
3.130291425033031
3.150468643867874
3.152786976790718
3.152428003563566
3.152072779443286
3.187636503428211
3.040922657566573
2.795047961613609
2.713202693443287
2.624181950901871
2.553499320916602
2.516573455239819
2.48832063180634
2.471836762971599
2.720637494942631
3.199571530382256
3.425123762204825
3.478539291462258
3.378105338768386
3.143652310889139
2.803042482599387
2.387525186301877
1.927184875982299
1.449409294095616
0.980317942960312
0.5472553069258501
0.1798805961591372
-0.09188450732522693
-0.2427165012160938
-0.2561079077372677
-0.1173495313224275
0.2449753417367042
0.4350575349531722
0.4219702690527188
0.4098039697868685
0.4085893995581362
0.4236637718505047
0.4467398104944528
0.3268510127617043
4.35503058720698
4.065304820420985
3.964367171262596
4.039371944979949
4.126072357153271
4.162273357694616
4.158660590687507
4.134953608638277
4.101509987370063
4.062339771077985
4.019268026391312
3.973459009795588
3.925680765243813
3.876344941673899
3.825572899564052
3.773291182859355
3.719307352096918
3.663108663405155
3.602703033103397
3.531811721705342
3.435926403152029
3.28737042096658
3.037133416998076
2.668223009820522
2.717441297665268
3.069847203849791
3.095597819126332
3.132500033283377
3.155902056523983
3.183343191124516
3.216434787640492
3.461704607521898
3.279550100537216
2.619727085279169
2.129877740556858
1.84927735555744
1.727898801165614
1.721083417408321
1.841321159003134
2.149301659141365
2.613189405787561
2.925887034104983
3.062272677924892
3.044701067999659
2.895373822242103
2.637707257512844
2.298792206534456
1.908424456954205
1.497436424542503
1.096780101883933
0.7370139090362081
0.4471986699750358
0.2530067908836564
0.1756831990982484
0.2346954365184717
0.450617073434133
0.8083376093267546
1.06666837693751
1.205447791452475
1.282989389842869
1.33359645276714
1.362804278612432
1.360300500042928
1.30707988777695
3.708264594095982
3.712715631132086
3.744463387402857
3.832049014465746
3.935927265720994
4.012632315761345
4.050266885591388
4.056599625907626
4.042328838493127
4.014973248410525
3.979010107144148
3.937124356044166
3.890965683406553
3.841475561014793
3.789033701555455
3.733497217604794
3.674023232975094
3.608371509873456
3.531258821523525
3.431584131311615
3.289572027289432
3.079873904313028
2.803768179538194
2.593550875618457
2.822300364810661
3.085391009478706
3.091546127389138
3.129165681031956
3.154219885262089
3.184593366672781
3.207172700654533
3.394664920627213
3.336949786529341
2.722465527356641
2.085075845601545
1.636138822392369
1.403591083826463
1.36605261576355
1.504824540203665
1.786245332527435
2.140292995090161
2.445208697302267
2.629998578892957
2.681199787459236
2.609661823762824
2.434508870618569
2.179655604643766
1.872979085429395
1.545007311800732
1.227121159128648
0.9496283157388079
0.7399632319350911
0.6214878516406067
0.6131605951692748
0.7276537534622987
0.959628662623325
1.259911276834897
1.541911951376056
1.763347738209285
1.916836067210109
2.015468683455655
2.068684488568557
2.084393064745749
2.082056922278661
3.373186067489657
3.451071286088847
3.551507651392586
3.660073104520614
3.76921745414259
3.862123542858885
3.925602504284743
3.957611771191809
3.963436876862251
3.94997613003782
3.922917055312004
3.886248037162491
3.842566407308187
3.793407712516974
3.739407352179696
3.68025213679541
3.614333690295004
3.538006049382322
3.444611858605948
3.324380883418379
3.168632008158799
2.985284945667953
2.829335481785586
2.815433277092994
3.012917287102484
3.113560474223932
3.106846300814477
3.131399848147182
3.148749197220285
3.168488035181289
3.180607423977258
3.240280867635617
3.172365036055067
2.742169751403862
2.179749446896023
1.695802597002357
1.392710589526711
1.291307553068618
1.36632255089146
1.562317213859003
1.813262177430978
2.058884288980254
2.242026132098074
2.331195806108197
2.320442863691575
2.219536060232494
2.047080196482806
1.827214528840567
1.587480322418227
1.356636326895151
1.162387814943528
1.029396146606008
0.9776667451493412
1.020390335458427
1.159183883158877
1.377018947476187
1.638915707185785
1.910815239662184
2.157180662300488
2.352572204015862
2.490382526079225
2.576401949698395
2.623614395272706
2.646987092465735
3.215491657718598
3.291616896284942
3.402372719689447
3.519284325019689
3.630359118254726
3.727470041732605
3.802347287803225
3.850344805362906
3.872099200970124
3.871655206268
3.853932709687426
3.823225759927707
3.782703922375478
3.734370516565916
3.679085733947221
3.616482076841474
3.544759685082281
3.460588289608631
3.359851123753874
3.240776339874042
3.111331211671788
2.999538681489409
2.953784273065679
3.006905267350513
3.105615329936558
3.124556036797576
3.119697678770768
3.13343343217263
3.144121844113604
3.154456549624679
3.166064546191441
3.155840059700253
3.036663798388285
2.72218928093096
2.287450966323902
1.859513076990727
1.541880328171122
1.380169299372162
1.366476638204584
1.460503561110214
1.614231592338019
1.785844570018808
1.935172095471376
2.03096955713783
2.057927427133711
2.016066820113504
1.916565976472681
1.777817540504333
1.62240050565688
1.474500719260959
1.357513455919797
1.291804586806848
1.29242723289337
1.366360166542676
1.509678270670457
1.707559094462008
1.940218677952829
2.18843879246253
2.42792195660962
2.635041604558658
2.796040505041613
2.909537709982529
2.981951950051052
3.019586434051149
3.154000292433106
3.212709624408441
3.307151618768505
3.414797715546533
3.520070126794641
3.614106678206386
3.690645929922194
3.745275747396526
3.776476955618841
3.785660984528762
3.776005740016715
3.751108386459813
3.714082853031579
3.667125556346944
3.611349774589514
3.54676320803178
3.472471941607228
3.387477297528378
3.292682781334766
3.194489128298575
3.108603712581489
3.05874207276519
3.062239770856332
3.104603081236638
3.132183994219654
3.128106979699984
3.127254992771924
3.134287528011288
3.140639154187578
3.145079389829081
3.157655129446437
3.128449663182863
2.983459619695452
2.725320445867085
2.390215647810172
2.040297182680221
1.744134772307129
1.546509270066186
1.457013154201957
1.458617818165726
1.522932586364886
1.620209528800982
1.721707897233125
1.802204509901533
1.844710235569901
1.84312467729196
1.801505256042164
1.731516472136647
1.649539641885921
1.573972801090475
1.522746910373574
1.510971034076378
1.548669961730473
1.638933786299754
1.777521896915732
1.954988686345444
2.159948556468545
2.379468578012506
2.597419023438944
2.796413969455944
2.962726001232066
3.089540484088161
3.175488283155013
3.220776726352471
3.145586826021978
3.187662943571858
3.259680802896257
3.347997607733355
3.439252727075286
3.523792740390173
3.59521749468418
3.649244464318288
3.683548990067701
3.69789513421042
3.693779867017734
3.673643207945822
3.640055956714208
3.595157187843145
3.540412491015209
3.476719711902476
3.404974555219192
3.327272561289009
3.248704474792839
3.178862385603674
3.130752431831366
3.114331919978489
3.125779770513024
3.14261597438419
3.137142744264438
3.129326754518121
3.130803738966586
3.134228482932433
3.138059042918982
3.139458818168905
3.151642643920034
3.12285904318359
2.98276404483291
2.7624308114165
2.493822673335901
2.209342394528792
1.946396155293715
1.737066614037588
1.597964971737361
1.528983231767695
1.518295997533558
1.548154230988256
1.599079357393578
1.652473259602399
1.693529571843322
1.713861202263491
1.712441667947451
1.694714951010082
1.670635194642162
1.652360296593391
1.651966647467025
1.679351951929034
1.740561462509692
1.837000322521315
1.965975721306749
2.122216544192352
2.298912574317601
2.487434472847242
2.677132715526141
2.855985252729724
3.012493890980134
3.137659485207436
3.225516757959151
3.272570063531727
3.166658468149101
3.195688314211649
3.247199058930372
3.313809634795378
3.386358725913765
3.456475569998415
3.517810766010954
3.565971263132154
3.598234822932288
3.613455302197319
3.611920864344103
3.594975437030509
3.56450054413991
3.522477440420933
3.470810168285015
3.411518922079566
3.347339348618986
3.282589691878635
3.223772773526074
3.178854303914396
3.15414321897474
3.149316008513927
3.154431820347674
3.154102284404792
3.137610937399126
3.12985354956533
3.132104217207068
3.133643155457245
3.135984562560582
3.13596602947073
3.14658272849623
3.12249562221943
3.002810683742756
2.818536916013681
2.597837898661882
2.361924028736891
2.131177829921208
1.9257175561065
1.761363965894919
1.646043831085692
1.579137770598803
1.553353854567374
1.557630559808657
1.579686599466876
1.608257697396577
1.635138872141943
1.656500434935542
1.673028774835408
1.689000598533961
1.710734726435434
1.744871031218313
1.796840131901488
1.869853377874112
1.964663697490117
2.080024316016643
2.213289079751108
2.360556629107886
2.516470219353568
2.674178548979147
2.825479141261679
2.961382573446694
3.073144768879085
3.153394084254499
3.196976563949627
3.203067335543822
3.222287555935548
3.257130252730755
3.303819110928061
3.356836050827544
3.410105377408868
3.458203179532091
3.496941676809783
3.523450105838733
3.536113466141227
3.534487219098434
3.519132606272752
3.491367854332359
3.453039447902738
3.406449589023243
3.354511695463723
3.301058424652903
3.251004274218244
3.209847346609146
3.182051062410413
3.168563952286472
3.165067806063571
3.163206205354768
3.155035263722384
3.136902104218706
3.129915665108772
3.132166094998707
3.132741045106979
3.134183926762411
3.133589987598139
3.142223402819305
3.123062849313066
3.027351451916262
2.878354843235742
2.697039940249173
2.498941662613194
2.296858752321642
2.103553870589223
1.931565018381367
1.790886425277626
1.686836849137765
1.619546454926285
1.584955889775609
1.576457697282495
1.586579751261073
1.608538996782194
1.637459047211421
1.670958836624709
1.708998769177787
1.75314937154644
1.805612244962415
1.868342055569625
1.942528412272932
2.028500987983535
2.125865501314244
2.233557524875433
2.349689364555643
2.47133719659974
2.594378584981905
2.713392331979156
2.821777595046943
2.912334169409992
2.978298094065686
3.014477710361507
3.245452257431581
3.257356284795805
3.279241758239132
3.30928066892506
3.344445733024601
3.380870066379726
3.414547585194688
3.441963942898222
3.460435347579656
3.468219662273467
3.464527779315492
3.449487661021943
3.424073585621329
3.39003466352063
3.349867640620303
3.306824361990124
3.264828047805389
3.228062795096989
3.200033858695248
3.182222349912033
3.173035235167018
3.168086728396752
3.162177921561377
3.151707267047046
3.135420914642457
3.129570048252658
3.131524896840791
3.131635242532545
3.132530828247641
3.131784644494664
3.138484569511964
3.123783301548475
3.050360266125479
2.933715972948107
2.787248420318229
2.621827898915118
2.446446977954018
2.2699640973394
2.101951150569096
1.951837932456107
1.827198156267702
1.732433829602876
1.668456955436094
1.633230260545319
1.622738435266338
1.632072407515803
1.656426341006795
1.691820908940684
1.735422231622111
1.785472074597165
1.84098892056367
1.901448398848815
1.966582113389882
2.036291624047511
2.110562047616509
2.18927608356505
2.271943134855527
2.357412598640685
2.443602922439433
2.527298483062919
2.604141652599484
2.668991403100693
2.716688780724082
2.74303294989379
3.28713054485688
3.2936165670214
3.305681493656175
3.32254019498742
3.342700613372503
3.363977936094189
3.383780759574722
3.399535975583561
3.409058665574555
3.4107839332473
3.403888393422913
3.388351536778611
3.364981985811032
3.335411284932747
3.302037703998856
3.267866243254387
3.236152617827112
3.209778964737993
3.190436119710575
3.177944588974163
3.170214970148759
3.1641167612895
3.156841601864728
3.146801108900758
3.133489417812542
3.128901628941318
3.130481334855599
3.130395402199702
3.130957424792881
3.130262101715129
3.135258710709411
3.124409762275775
3.070190199746844
2.982067595278332
2.867211019971176
2.732250850433013
2.583386949032151
2.42711305493391
2.27084477178074
2.122720236140737
1.990574501949029
1.880682245990723
1.796875116266291
1.74028673452526
1.709636816491599
1.701839936422817
1.712745958432456
1.737856140400336
1.772893792938612
1.814173017312923
1.858787212087831
1.904680128224703
1.95064331145211
1.996236507228817
2.041609042810412
2.087230030275098
2.133568995671498
2.180765642566904
2.228321555155315
2.274874432284943
2.318145631020677
2.355149951508058
2.382687657203239
2.398022250242504
3.323112382137415
3.325661719091813
3.330490808534702
3.337371880269587
3.345710158275173
3.354454228471258
3.362160356423935
3.367208642890549
3.368081574477241
3.36361304940775
3.353170501809398
3.336774324890705
3.315160974669342
3.289775764651395
3.262659951359628
3.236188527718102
3.212638863187212
3.193647220030265
3.179730402050038
3.17013220747917
3.163168458511822
3.156947051754144
3.150031405122095
3.141644626214635
3.131429095032614
3.127996706867981
3.129213889144702
3.129067947297931
3.129426072758341
3.128868118027378
3.132429486378947
3.124790729927809
3.086766379210014
3.023587604584719
2.937705408019371
2.832107122233593
2.710447701580493
2.577298456823084
2.438382597823709
2.300470605097859
2.170756667338542
2.055876549069092
1.960933259516992
1.888847802419882
1.840159815190183
1.813233815006594
1.804752301702841
1.810364907975961
1.825370676917443
1.84533022596089
1.866536644606662
1.88630805039956
1.903091441589058
1.91639075706999
1.926557602637568
1.934501294879309
1.941370882584201
1.94824440176842
1.955855231941427
1.964395067273513
1.973439597757347
1.982032063870706
1.988927303213179
1.992947868111961
3.349620007685307
3.349420685749898
3.349150104474652
3.348870791628083
3.348489437889964
3.347659187761547
3.345755841364427
3.341960743070194
3.33542915396447
3.325488727842508
3.311817202395962
3.294569760926469
3.274437548815925
3.252615292725106
3.230653086506451
3.21018397876911
3.192565022637554
3.178534729074485
3.168034288138973
3.160305206116645
3.154238172130593
3.148780676862907
3.143165293683821
3.136869482730823
3.129419314220199
3.126919774815148
3.127825746510532
3.127682570390498
3.127915887573583
3.127521386923602
3.129903121001717
3.124874485720624
3.100469247863768
3.059211189245637
3.000036731733448
2.922959195956749
2.829296765584703
2.721786311356457
2.60458547577138
2.483084760486989
2.363424176737124
2.25172403725406
2.153199764543069
2.071401326696919
2.007765981513736
1.961559512824854
1.930179544072534
1.909731081448115
1.895748477323109
1.883921324429199
1.870690532034305
1.853620124368105
1.831512299489662
1.804299023733926
1.772790333200202
1.738371363907649
1.702718432627003
1.667569124559468
1.634553407138289
1.605079830737149
1.580269821410913
1.56093620988239
1.547602032281578
1.540545114928441
3.363847451539614
3.361865634510536
3.358264138964657
3.353245574575646
3.346979153401486
3.339524027391863
3.330784475248623
3.320527473784816
3.308467923762106
3.29439706234056
3.278314162158824
3.260523341114842
3.241665983818764
3.222668201712255
3.204596423525314
3.18844086359181
3.174884670574277
3.164146148357215
3.155971125513975
3.149785476924495
3.14492276131166
3.140791008225445
3.136889784995515
3.132697465064842
3.127515719222059
3.125714455442734
3.126372470489067
3.126256486240398
3.126414692208147
3.126178625059717
3.127617711902494
3.12466813248662
3.111631851104564
3.089568509545582
3.054873419897512
3.00525881194785
2.940023636782589
2.860148154299175
2.76820766023914
2.668114983373362
2.564672508345677
2.462929504477612
2.367418654181029
2.281425811114525
2.206468636390781
2.142113475534714
2.086175813680172
2.035257847544855
1.985494704678974
1.933328288771546
1.876126694203929
1.812523207451411
1.742441692656356
1.666869051895198
1.587497480830255
1.506371803365528
1.425642390214336
1.347460219051256
1.273983758701299
1.207423586179311
1.15004566828978
1.104084115488815
1.071557541357117
1.0540152408479
3.363843144637342
3.360857552429803
3.355369195498422
3.347639870422181
3.33796377052326
3.326612992244272
3.313795759968983
3.299648466161454
3.284271300527431
3.267798002469491
3.25047362476711
3.232708531135413
3.215082737993828
3.198288384564354
3.183016957493965
3.169820061417697
3.158991592588649
3.150521729432167
3.144146687462532
3.139467284216205
3.136064149609903
3.13353571145616
3.131434372017231
3.129137323069898
3.125713292094099
3.124409798756156
3.124881019218246
3.124797987464575
3.124914062082169
3.124813086916693
3.125542673248764
3.124177998586505
3.120275048773622
3.114454644076158
3.101539653443911
3.077683799704175
3.040614944049933
2.989725072760931
2.92597191961057
2.851613841476079
2.769803298710849
2.68404944711794
2.597583591207005
2.512721776086894
2.430370332608641
2.349825105351453
2.268959016738202
2.184781311896148
2.094224488940421
1.994934204559885
1.885843075284859
1.767391254960665
1.641374102249312
1.510508853108449
1.377888347742459
1.246511282219466
1.119036990718932
0.9978171551058482
0.8851383898276086
0.7835170649233518
0.6958653981689126
0.6254066601754688
0.5753227844819279
0.5482125134376101
3.348458972870614
3.345072125027437
3.338828308810462
3.330015610976405
3.318987281230992
3.306117702992275
3.291763326274472
3.276244407416875
3.259856175913709
3.242904714237984
3.225749397075792
3.208827927055814
3.192645730206626
3.177726230789917
3.164535391055986
3.153405504884412
3.144484875129024
3.137730769583039
3.13294552588727
3.129835586627308
3.128058692828528
3.127223477569675
3.126822717697722
3.126113337091077
3.123987502247388
3.123024857224623
3.123362217263308
3.123309248877004
3.123406578461567
3.123402284251688
3.123675297801703
3.12337241711585
3.125982864715063
3.132598978104013
3.137666367355832
3.136722317611027
3.126536499357286
3.105189313990426
3.072011125748801
3.027374399396449
2.972381585869462
2.908474349511243
2.836968416172656
2.758560890179631
2.672929635872537
2.578596544377574
2.473186592628021
2.354064037987482
2.219157741680877
2.067712601018417
1.900745219396168
1.721085706834424
1.533004010765795
1.3415292442339
1.151660479606574
0.9677106535799536
0.7929932044674559
0.6299464851017503
0.480622156353342
0.3473038823657505
0.2329501709503075
0.1412204648182163
0.07602186813064808
0.04070607739322554
3.317334225037522
3.31397261055237
3.307788095492975
3.299099981638165
3.288311067328304
3.275855515614017
3.262148112520102
3.2475534635527
3.232386264063339
3.216940215301092
3.201528730319813
3.186513396420858
3.1723018963584
3.159313685686579
3.147929002797549
3.138442689476956
3.131034779419563
3.125754440519807
3.122508442745651
3.121054697002787
3.121010147833843
3.121868603848901
3.122992383321197
3.123536136342962
3.122313035953317
3.121571622026719
3.121818380112804
3.121788607124993
3.121884813737601
3.121922749002313
3.122035435501741
3.122170019744707
3.127894128764477
3.141660711440403
3.159147225519212
3.176559066083992
3.190553218461245
3.198293801996019
3.197502966655197
3.186394935286493
3.163518851546578
3.127580833623747
3.077230977806689
3.01080386233606
2.92610655717611
2.8204590051746
2.691120657589308
2.536009046026098
2.354456989649209
2.147772655119399
1.91946581997807
1.675081637226462
1.42164171723191
1.166774062524094
0.9177172915495533
0.680461055349567
0.459282353993007
0.2568373600372961
0.07478584836579553
-0.08529171185561625
-0.2210872529338699
-0.3292693957830428
-0.4058855885703427
-0.4473268971979716
3.270892802131157
3.267807418514705
3.262177783680735
3.254389473562173
3.244931194522412
3.234312875203543
3.222980961327827
3.211260699483679
3.19934715071493
3.187348352554517
3.175361385515834
3.163546419771829
3.152165278964714
3.141570677230301
3.132158790367201
3.124312684773037
3.118354727946622
3.114501037435818
3.112799773312273
3.113059023264723
3.114810049774287
3.117350920307023
3.119841302942822
3.121335753564796
3.1206753077446
3.12005775616901
3.120247778185686
3.120232648486645
3.120341779775758
3.120350559328304
3.120657658697634
3.120450627955599
3.124820634438284
3.138478479833835
3.160440831581226
3.189332878801554
3.222889873474152
3.257916839141913
3.290565180344006
3.316579224865634
3.331364935339167
3.330051245143099
3.30762409733327
3.259046250228529
3.179449672256218
3.064609379941065
2.911665515449851
2.719786747774418
2.490533450250606
2.227913119463106
1.938214712764537
1.629642651724795
1.311708394923548
0.9943750757057355
0.6870574941506276
0.3976766375511003
0.1320058267459385
-0.1064853236746705
-0.3161872083512132
-0.4963969975954733
-0.6462002904530462
-0.7637116235080977
-0.8461025774316645
-0.8904374655169249
3.210335792154437
3.20761431601235
3.202733912642584
3.196201050910393
3.188658613446615
3.18075375429916
3.172995219705775
3.165647737407904
3.158704003466871
3.151950255794298
3.145105495836923
3.137982463969808
3.130607312807274
3.123252945792047
3.116382026936925
3.110538371899084
3.106239829903872
3.103895495703025
3.103723232032108
3.105639714304658
3.10915724094556
3.113384988670302
3.117197283907159
3.11946169321794
3.119083038854546
3.118490070475665
3.118646440583328
3.118638072279794
3.118772563190974
3.118666790821098
3.119580579050138
3.118089914819738
3.115515633982476
3.119646087678823
3.135333883410572
3.165889661307966
3.211838076740108
3.270493690889303
3.336501407604151
3.40274321333376
3.46084199536241
3.501360705522083
3.514287762846119
3.489735095457168
3.419054517029223
3.296303136323215
3.119352666134526
2.890041858576771
2.613519634637769
2.297343921704117
1.950729913576221
1.584006902310274
1.208173512368421
0.8344346648561529
0.4736445358239189
0.1356256521701449
-0.1715898350229316
-0.4424343308499708
-0.6741193884589129
-0.8663100583588724
-1.020100636652524
-1.136670707928447
-1.216346410520212
-1.258605176625891
3.137614316859096
3.135215328763308
3.131034441705884
3.125756605161754
3.12025560545259
3.115397852701201
3.111825139333015
3.109783351456018
3.10905838361565
3.109052259233303
3.108987012021726
3.108175216207185
3.106263018222427
3.103352484244731
3.099954291336958
3.096800101229176
3.094618573070937
3.093985056487119
3.09526341375656
3.098554493631551
3.103561398092423
3.109413208118023
3.114686186100151
3.117815325709882
3.117563416576554
3.116877388963449
3.117005670629839
3.1170025166975
3.117176534948696
3.116866423238632
3.118833680611222
3.115012661648837
3.099082044534412
3.082445447465998
3.0782894175686
3.097219884314483
3.144962523179168
3.220906362804255
3.318462968484064
3.427037240000007
3.533721132604155
3.623477234931942
3.679548590579169
3.685039155434889
3.62614278640365
3.495493145548363
3.293378306335188
3.026440697995411
2.705214567814399
2.341838068967275
1.948486612535518
1.536588975595026
1.116767657090298
0.6993293376154334
0.2949022572207176
-0.08532753158376268
-0.4301954309998002
-0.7299875251112656
-0.9782893517129707
-1.173427708147677
-1.318574338618358
-1.42008539083924
-1.484762197442441
-1.517580322467652
3.055372029728754
3.053189713830062
3.049526645197182
3.045282803618876
3.041611424479733
3.039657430190365
3.040269857554537
3.043767515883733
3.049825845127237
3.057527810849997
3.065587042904806
3.072702853756152
3.077947844930131
3.081047045926585
3.082420335442464
3.082948220531128
3.083574177285573
3.084990712016269
3.087600141979348
3.091684595587658
3.097429630938599
3.10450260086133
3.111481891486442
3.116036200742262
3.116073392481173
3.115225616103456
3.115302443707384
3.115323097583491
3.115559357702681
3.114968274922485
3.118423283732082
3.111243750956551
3.075426185085724
3.026011455901479
2.986373575250173
2.976789779829438
3.011192859841789
3.093942634771891
3.218501442951495
3.369888847481073
3.529239281595199
3.674921227407265
3.781069715123238
3.821013831590203
3.774838225008394
3.635106536730148
3.406883004592852
3.103884519466375
2.743856174763665
2.344651429342154
1.921421706093783
1.485279298589463
1.043805372391909
0.6032339642456409
0.171310094505442
-0.2406420653461195
-0.6176313677799981
-0.9432799064553313
-1.203951972797865
-1.393364440891315
-1.515572445441181
-1.58418312155387
-1.617259673881459
-1.6303742863508
2.966854053419531
2.964819121399397
2.961537460538576
2.958106990082191
2.955929385101228
2.956401240895777
2.960598520080094
2.969024689197156
2.981456906769282
2.996915421816364
3.013798237994141
3.030214031876432
3.044471346443986
3.055571052239185
3.063482936295183
3.069025063405374
3.073333576989987
3.077235108570182
3.081070820737065
3.085181874534739
3.090370591868462
3.097476347323989
3.106022988029881
3.113085643033949
3.114308011579924
3.113520495600302
3.113487009071431
3.113594196235869
3.113935514548957
3.113024607760005
3.118321554058763
3.106935456768742
3.045602644713699
2.952384783542058
2.861401553451359
2.803765324003179
2.804281761632903
2.876747701176283
3.018889409387421
3.21139554851491
3.42561730583081
3.631440151084691
3.790437689565536
3.864311798891668
3.828762819416258
3.679067868165141
3.426740918501058
3.093634623946468
2.706002049036655
2.288578976456836
1.85953567391315
1.428021028262124
0.9954955744478694
0.5604441821744414
0.1244783046889652
-0.3028327634367644
-0.7026003045683868
-1.049633089624245
-1.319270921998779
-1.496216374095092
-1.582270955972112
-1.598788683499979
-1.580357533749299
-1.560732875789816
2.875790312345514
2.874010721737814
2.871265563238187
2.868734216692253
2.867888609960599
2.870187916012788
2.876834946106458
2.888609293368817
2.905712369985546
2.927592755799004
2.952832927171723
2.979254961048512
3.004349558184422
3.025951389482219
3.042893485747502
3.055306757232713
3.06428577672374
3.070943102391686
3.075823385754811
3.079382411076373
3.082717070648624
3.087684850419099
3.096117596035092
3.106725992405631
3.111794557584635
3.11173978528107
3.111489265975979
3.111811918315762
3.112335313545992
3.111133137798057
3.118464944774142
3.102388237616688
3.011974255322278
2.867040520663201
2.711469141175691
2.586382154225393
2.527934721580038
2.563553465679246
2.704071924505969
2.932423311176798
3.203108432579342
3.467266040457985
3.670121320785237
3.766776510167722
3.736805699349984
3.580575109355259
3.313937564619871
2.965246755281381
2.569620721062341
2.159503829449045
1.75577274365044
1.363892377489889
0.9766985844610642
0.5821996816074662
0.173208189223114
-0.2446457097968169
-0.649656824669065
-1.007414530627321
-1.280334240248235
-1.440717566273138
-1.483571683529714
-1.434457547462907
-1.346345017185514
-1.279901520662768
2.786276365909315
2.785221197094581
2.783771962260319
2.782901093527737
2.783736984813358
2.787382123437129
2.79491417039812
2.807437243208867
2.825970748999894
2.851088144753798
2.882410708697594
2.918218626921735
2.955494450880953
2.990559795336554
3.020118570802138
3.042273262906941
3.057088987129822
3.06604505500558
3.071202752940259
3.074220207468906
3.075745596016425
3.076557955297258
3.080642032038456
3.093456025742953
3.108876348727995
3.110028638201977
3.10928544173981
3.109991917334282
3.110817540718812
3.109453790384082
3.118765450946066
3.09812503748041
2.978310455641579
2.778808245206712
2.550991352094287
2.343537693191536
2.201231033323219
2.164622335746393
2.266574226916348
2.513866177051304
2.848729255635805
3.154905119366731
3.366992642004974
3.459113356496299
3.430128531303473
3.281101043159005
3.023809154772463
2.6887154724682
2.31836758323727
1.95167525350295
1.610350138405812
1.294779789247809
0.9892278064956381
0.6720994050528434
0.327518078315314
-0.04439913186326011
-0.4219312044694474
-0.7646074460532534
-1.02501716553137
-1.164878448159143
-1.169946443266877
-1.061385236706033
-0.9012598303679734
-0.7788449589731821
2.702698318566143
2.703429026386112
2.705007581836379
2.707610542361483
2.711260938819389
2.716041986378489
2.722568803324455
2.732309025808439
2.747486923917847
2.770549530765535
2.803266899524124
2.845647148179471
2.895114380125382
2.946570477679797
2.993583669005587
3.030161225831995
3.052638222652782
3.062172511306041
3.065512354174328
3.068481330914275
3.070394386190584
3.068306679723606
3.064578261518861
3.072489729062476
3.105318059097145
3.108370656796194
3.106924369711171
3.108185445518567
3.109488819769408
3.108231941471431
3.119132223060437
3.095018706737112
2.949963499975293
2.699630307791465
2.399441001599832
2.1026747527863
1.859407001779816
1.717477905422307
1.726580442477991
1.939145345083679
2.354574202428133
2.65618682051541
2.802692052992529
2.850509777711716
2.823713330326191
2.708964911819063
2.504328762505434
2.236180218543257
1.947021984863865
1.674408070218659
1.43587401327631
1.227267271353725
1.03007209274271
0.821008953559877
0.581531349137283
0.3071471383986398
0.01460629688050665
-0.2589177828642085
-0.4680515409232175
-0.575676887981341
-0.5639370031567017
-0.4414949612707057
-0.2530717284665983
-0.09003206954011758
2.629788776018902
2.634239082608121
2.641933038329653
2.651132193293666
2.659543332499005
2.665458509941565
2.668821288484707
2.671581796597069
2.677447023157654
2.691280595341121
2.718058076677063
2.761157558457852
2.820231030293101
2.889739848491313
2.959536243234567
3.017418901617329
3.050772341043903
3.058864698315465
3.057615294758049
3.06043322682208
3.064064144590203
3.065378947494513
3.06422873673989
3.069342314294854
3.095505004359318
3.103653858430114
3.103793468420247
3.106238300273847
3.108418044669484
3.107770742217981
3.119470158540768
3.094277367187545
2.933847733074255
2.64449750008942
2.280349819531119
1.89544304180632
1.545199570499532
1.28543543588309
1.168506515420477
1.249913527128813
1.661747643524331
1.893421929403524
1.874193710707029
1.848040776299282
1.821902086170839
1.773852079018272
1.691407824178725
1.583415175223243
1.467532987931973
1.358288833001175
1.260998684730636
1.1736981479168
1.090379555185002
1.003654455163808
0.9075984168454503
0.8002930731658751
0.6868366297762569
0.5808576940600627
0.4996507982723939
0.4551250044501914
0.4526784867267434
0.4904665628470614
0.573491062855779
0.6740290945666746
2.57298097699733
2.584262529245908
2.602771675284192
2.622856336290495
2.638343868161808
2.645263676320702
2.643073051060931
2.634426388678458
2.62461284063399
2.621073699712974
2.632551595603841
2.667195660401355
2.729275230502368
2.815230095227672
2.911525044691912
2.997122164803587
3.049397629776148
3.059309470627738
3.05517479916889
3.058977783044873
3.062687523020999
3.067124581392854
3.071656503923617
3.077745151440648
3.085407238778607
3.095421936052916
3.100046810394255
3.104348981414793
3.107827935236056
3.108483546724121
3.119701966120005
3.097014526012233
2.937737119196393
2.630891885197753
2.220681365084702
1.755839722853602
1.299520387983998
0.929073038068412
0.7298582460397106
0.8041232673443506
1.314239105062305
1.575590895886227
1.497068435694162
1.493436254915277
1.47151674477902
1.443701427371943
1.406546436153801
1.360623615512641
1.310790057615344
1.260663835165822
1.210638622107488
1.160671827457716
1.11102856134637
1.06192762728975
1.013732378351464
0.9665548337695405
0.92104421516511
0.880438887848204
0.8496900484592413
0.8289389300479354
0.8194988528777301
0.8209332736021021
0.8408016959566913
0.8781879465862081
2.539393806112897
2.561998333046159
2.597311139189383
2.632657872518476
2.656860703808461
2.664152529687444
2.653977378693955
2.62976502548672
2.598404047438927
2.569916769141981
2.556639489033731
2.571576283763175
2.62523245306095
2.719965078789103
2.842987253001767
2.964094682527258
3.04498088646191
3.059798449034338
3.053604409292592
3.058722002071312
3.062651204660912
3.067344687401244
3.07225780389843
3.078423385944421
3.086037304652554
3.093500859507353
3.098807053575353
3.103921869152076
3.108435687134653
3.111053594785755
3.119823198012519
3.103626850312334
2.969793218148082
2.676717755852873
2.24629098609747
1.717689403150979
1.166934690239233
0.7060386563240441
0.471862207143514
0.6196655284650361
1.321943215215196
1.668392295969738
1.592074681137615
1.605026647927632
1.583602214146183
1.54835082599118
1.496992137506248
1.430469201020382
1.359403441037129
1.29153106419689
1.227205489950769
1.165115765169807
1.104063489958143
1.0425405618655
0.9794794413514687
0.9138003294043648
0.846356570399119
0.784224568045619
0.7384222385499495
0.7096159137922787
0.7005052673004669
0.7101686387057841
0.7406558956408883
0.7837559687620629
2.540142653477832
2.579470617179533
2.636726407523637
2.689118165821509
2.721780644180733
2.72851279651813
2.70838018716733
2.665097188865478
2.60753643599551
2.548826156013231
2.504340433393308
2.489983216012237
2.52088235276774
2.60796266494271
2.748301452081431
2.911048372271267
3.036275670370575
3.059210729678687
3.049459318391632
3.056768814893544
3.061562260741294
3.067121175959074
3.072598365325999
3.078560558013743
3.085162250483314
3.091833612047879
3.097834422346745
3.104058019553157
3.109992965309842
3.115960589781998
3.11980765840163
3.115656304270564
3.041764067228024
2.795667136692372
2.368919183411837
1.800914742348421
1.184297599176217
0.6574283888999305
0.3960297563330849
0.5830164166496511
1.356488851393213
1.666738208425008
1.57670063241861
1.59076393494472
1.569498568183342
1.534555205520919
1.483598534488936
1.412402195031917
1.33897685500935
1.275143990296685
1.21735084267008
1.161638931663329
1.106729310841654
1.051233151322709
0.9940714780108172
0.9317523518677679
0.8619302600052396
0.7949008219850471
0.7490619916490303
0.719304379533508
0.7083384526966154
0.7149202295591932
0.740843960721063
0.7836393536665247
2.595458858449304
2.654401926192163
2.731380923291462
2.796110072303262
2.835274426368513
2.841408015094778
2.810268543961002
2.745298119282637
2.658802812148188
2.568397357151785
2.492253393999954
2.446148829366282
2.443858278509843
2.500173982237065
2.629272926821317
2.823655334709547
3.015731209644967
3.057187052845175
3.042901748168747
3.053960375759605
3.060168869930622
3.066665739717054
3.072519796828752
3.078325267070169
3.084337753744139
3.090595995905913
3.09706117937865
3.104548536055071
3.112571372804401
3.124284393893818
3.121114456791941
3.146910681608032
3.176011910663673
2.98444038412803
2.563773362346114
1.989777553041385
1.363964171836568
0.8063085175184004
0.487024771014121
0.6221593149346663
1.383823447351272
1.682235448484403
1.597081763103457
1.614985716645688
1.595636655296038
1.558981252614003
1.503853965899417
1.413817503837689
1.325503732683509
1.261631065365697
1.209348193822265
1.158543202035398
1.108079403617912
1.056902309952082
1.004044922299262
0.9402599522972126
0.8555266310088006
0.7689845033984989
0.7179673335624237
0.6844186855763187
0.6719013034329139
0.6782538986091935
0.7060641276660042
0.7538366870758212
2.745484295853293
2.810339538092095
2.884184052008194
2.949303524354886
2.994683597591965
3.001650779540534
2.958811178551039
2.871249354913745
2.75691366113668
2.638742396621399
2.53766713385591
2.467778946935901
2.435264167909822
2.444957047364767
2.516133081290118
2.687991103307599
2.956867828045099
3.050270694085308
3.033467291794013
3.050553524767303
3.059000600810164
3.066506957192389
3.0725104018952
3.077921328242674
3.083238715376565
3.088944770516533
3.095553751312103
3.104330194524229
3.115447932369289
3.136306892332844
3.128773026317637
3.239422946432477
3.392841720818194
3.192159410775156
2.753109926200565
2.223149729659321
1.681273493017271
1.16889811783613
0.7746373914638288
0.7306336133749239
1.379499028927966
1.693387678621852
1.626723534692195
1.65088137026643
1.637367627906499
1.602470034341132
1.547996469515301
1.422184474644046
1.304652529693837
1.241120855706435
1.199218713081255
1.155524612272681
1.110629730172905
1.065394365206359
1.020439476940607
0.9541356293532263
0.8403592790861307
0.7170877241573678
0.6657187836481091
0.6311413370493963
0.6185246954137518
0.6246373517255213
0.6529497229046186
0.7052143049444973
3.069629741770003
3.066430367728501
3.081315661207397
3.138719956248266
3.194286317446506
3.200485695838207
3.144378030565801
3.03852762039124
2.905953701424415
2.772214459103882
2.659628516834801
2.581218967191149
2.536379583908086
2.511818704664889
2.498603651528124
2.548980978569705
2.834031732723996
3.031332467703368
3.023426172066189
3.048239428283716
3.059419049415834
3.067533128908976
3.073123540789871
3.077586028360273
3.081683495122371
3.086201481182598
3.092107394313928
3.101407672326959
3.115986616229465
3.148129638871847
3.152870047236848
3.426273348334049
3.617953133111611
3.283980336810868
2.833707014806227
2.421734316730825
2.061632326869468
1.715875664379339
1.332826041936479
0.9999498803218079
1.290961772267579
1.68679109291578
1.669306057417447
1.702722118440731
1.696301424493374
1.660212700125056
1.596134118269895
1.347520633022014
1.206667531040925
1.180287629128847
1.174445196878258
1.146753966517704
1.114056442456771
1.085318407161976
1.075904246343318
1.045283037575417
0.9121949294271288
0.6630942071037271
0.6000581697774633
0.5603118699017372
0.5453895812159607
0.5497647254010665
0.577904564168115
0.6613379347491758
3.702403032439506
3.410294837500179
3.302262690916923
3.36197846043484
3.420965398944388
3.412517466971956
3.34427203558083
3.237474907772592
3.111725890150407
2.98767206492372
2.884705029936625
2.813733427537305
2.773564729755091
2.749827718111095
2.708733333153923
2.620421489277972
2.757683816221745
3.016025973467952
3.026205117216537
3.052585253929681
3.063960398281271
3.070930051312746
3.074939964974182
3.077544003550842
3.079529601438574
3.081670419625613
3.08498809893389
3.091661107378853
3.104678635909263
3.136537077766701
3.162590479856712
3.519124769915002
3.52254105789332
3.093517576609903
2.771023944572641
2.544056981576069
2.38350026006523
2.274618129242355
2.125260801590655
1.698148204692257
1.291355064345804
1.692641333500597
1.745219429856901
1.786240211097913
1.799494911241193
1.802817419963205
1.836463347280546
1.636119663774982
1.044255970009577
1.06308608626414
1.163443171755533
1.161125734284892
1.118325738908421
1.108456202897017
1.187476851553606
1.183957412675945
0.6054876362561292
0.4165876725390553
0.4530560353948189
0.4513625575886378
0.4486382109265489
0.4526824967315098
0.4605477269522134
0.6004679445950024
4.75511097998687
3.82599727784388
3.595091784755115
3.619567298752944
3.626647000159179
3.586434267216129
3.524898683608695
3.45543103949301
3.382795391511876
3.312782241660393
3.252600301031553
3.204776539918668
3.168327666825625
3.146389787964064
3.159275629338477
3.177574057220395
3.101458166534982
3.063373861765711
3.069083323807072
3.075061963460075
3.077068904982262
3.078440619344289
3.07869140748287
3.078129889287696
3.076840173980345
3.074922366330998
3.072477407257883
3.069821275394541
3.066865692927592
3.065914241942931
3.081074541315506
2.964914344666528
2.745790221952904
2.709261904484696
2.671719248899404
2.599926308956756
2.539635649091911
2.533561588544329
2.629495142227738
2.643001001390786
2.054960764925009
1.86192831384915
1.900878123506946
1.907670996222968
1.92140721821397
1.960232924539898
2.010185482490398
2.402322535457551
1.973741989483533
1.529042133842345
1.359801114617248
1.237326837643202
1.096344345017103
0.9500767312878097
0.730388424290227
0.2289951132423866
-0.1709560494500636
0.2555202915142888
0.3026562284763954
0.3337907638151342
0.3253520520117653
0.2860961704438367
0.1743811275003208
-0.01610967962738664
4.189412861537265
3.901485649540746
3.802521203371581
3.7395322904667
3.683206896655003
3.62774426004693
3.574556204867938
3.523432430954745
3.473810374334801
3.426492868685378
3.384159103477996
3.346295168432947
3.313304152716383
3.285759231537225
3.269793006524423
3.253973575383299
3.211042435160291
3.130596214660784
3.10824776984227
3.097089548298575
3.090723055581407
3.086694588920712
3.083141682432632
3.079330897169427
3.07466828299086
3.068562709191029
3.060169633010026
3.048098010990127
3.029630999554175
2.998356778667012
2.95241312412291
2.797272129865442
2.700581916534642
2.671989824739317
2.64482836873902
2.606485155339628
2.568091421704295
2.535567577680898
2.524221447156293
2.492274939082638
2.348272437973864
2.10503524412225
2.045744957142617
2.0131231074653
2.007878325360418
2.040505341308396
2.023179821299106
2.413830787670283
2.672935448847464
2.28007457594166
1.823007752576256
1.403688745909172
0.9871481735152428
0.5349844332654901
0.02043925255779759
-0.4237556871788842
-0.1457225764645284
0.2628916242197532
0.2454563846559485
0.2788956413487013
0.2737182322010648
0.2490360113546
0.1926012408706366
0.1100824108080153
3.895434446118967
3.802421684180937
3.750416356434451
3.701163484866194
3.655165827489777
3.60598525229523
3.553945898077333
3.49952515371083
3.443324131007199
3.3883372421412
3.340837760137532
3.299890121686798
3.26605433538841
3.238416091120991
3.217531985058971
3.197609469128658
3.170361320490068
3.135926527354829
3.119922020152067
3.108241765544705
3.099932582104773
3.093418056230984
3.087470114044326
3.08128151157363
3.074085617967594
3.065029835795553
3.053002106452949
3.036411003332856
3.013092622886836
2.978443953748421
2.933915672681532
2.847038459306096
2.767715335548337
2.710356638796468
2.657285441328295
2.604027866512773
2.553743409207345
2.50672175402931
2.462325278040872
2.397250614300381
2.280159495395707
2.158108651583542
2.107436003819359
2.07544273142877
2.063273725069888
2.087262104388818
2.022638285062972
2.334443946406211
2.940508135404547
2.794919284686164
2.26035509381603
1.584934220388599
0.8696829959811423
0.1661101042008112
-0.4152663122146807
-0.6075658494190048
-0.02881481246307513
0.2777646383504265
0.2178056669829145
0.2433427033687716
0.2339201528436896
0.2101632613524279
0.1629628853597413
0.1366155523931726
3.821307341985726
3.781685010130927
3.749463550030291
3.705194481689863
3.659977588397911
3.611527410574367
3.560902168253485
3.507353529920444
3.449439295476545
3.391148160570102
3.344155736491973
3.303908092593831
3.27088664076328
3.243378609600314
3.220574724694035
3.199059472516637
3.174978366193719
3.148821577733126
3.131692891205129
3.118359552503654
3.108181617786848
3.099787559156024
3.09211050609566
3.084263850988231
3.075362176427913
3.064388273821395
3.050030174917318
3.030464783181834
3.003427918696257
2.964725276404145
2.915074664525453
2.838736372887985
2.766177495481834
2.707580152382814
2.653657502077512
2.600595126824036
2.54867431371791
2.496948406460401
2.444086955356734
2.380318851480549
2.293562527988715
2.206653569082243
2.154523603181415
2.120216742707504
2.102092503033437
2.119854419428409
2.037770783981772
2.334105596419763
3.040764712032632
3.03800306611941
2.515905431853886
1.709039066831594
0.8110630117410196
-0.01328660609606766
-0.5689242940290323
-0.622520939343819
0.006261034376797934
0.2753556575446495
0.204030164176207
0.2250404518339472
0.2149446346737847
0.1953327197647722
0.156279213767412
0.1546732540184818
3.822971321357197
3.783203509344596
3.751176235309729
3.707424125928716
3.663051242951763
3.615751072472173
3.566757467621293
3.512910442462024
3.448085951899567
3.379124171317196
3.331120171953444
3.29108004577378
3.259609882681598
3.233778457889111
3.212054208851098
3.192188569742869
3.172252040777883
3.152339374667716
3.137136746952572
3.124527206109979
3.114176626800903
3.105209330118297
3.096843410986565
3.088321333310001
3.078820685198366
3.067334416553951
3.052537690827388
3.032574192405061
3.005112769502971
2.96585615974766
2.915477229161082
2.837549412560161
2.763895632645416
2.704700908866949
2.650424691328457
2.59644785514647
2.542725786622128
2.488120595064149
2.43151449608655
2.369229836498374
2.298040624175877
2.229705300139711
2.18132523103425
2.148382285817656
2.128255855288737
2.142075301469528
2.055906858799144
2.362633469635389
3.067927957542364
3.088157478468963
2.580605515738485
1.753262431047319
0.8191599762609185
-0.01652945592962152
-0.5480227700164851
-0.5845088336405824
0.005355770080584197
0.2669271315959834
0.1957341844048502
0.213052473207545
0.2030581782128542
0.1867146737122753
0.1540043169032682
0.1624299038239168
3.898546717989698
3.804936486537138
3.753129975333099
3.705173566584245
3.661463805615793
3.615632530070299
3.569503524283891
3.515965995463985
3.439054219999855
3.350662027765327
3.306694979552414
3.27056487873747
3.243607652226252
3.221708418568925
3.20303255106624
3.185996891371075
3.169554362103894
3.153680423760341
3.140381080834935
3.12885428827545
3.118936888625225
3.110099289189979
3.101809391548331
3.093477051230552
3.084443239674993
3.073862295659788
3.060577354938028
3.042912590013454
3.018520519117962
2.98253861886334
2.936248865060016
2.84429610695388
2.761796138667879
2.702931255988357
2.649271948780537
2.593264736857688
2.53627389212747
2.477344054885381
2.415691366843697
2.350324656795144
2.281824545127921
2.217884610583916
2.168662765316947
2.134954167798779
2.114378741377866
2.126805614253406
2.055237025268067
2.396799265566521
3.016583397406535
2.979526716423238
2.486040725856671
1.723502613345862
0.8712246876467766
0.1045610364547365
-0.407307359585691
-0.4998318421929031
-0.008166146785291699
0.272593104627384
0.2167033298590654
0.2334621373386608
0.2256605426928381
0.2119365349685458
0.1824966340409072
0.176746264429858
4.20121885669996
3.912805303035685
3.814862682162894
3.754710224019286
3.703214233450548
3.656553552902274
3.626286067658936
3.595255471843532
3.500948347179115
3.327698797062614
3.279067673766673
3.245261977273488
3.223222820308493
3.206379859803284
3.191904870193647
3.178481572441053
3.165477229870659
3.152903270911487
3.141685512335135
3.131593229458295
3.122600538774803
3.11444623678544
3.106830843958023
3.099382533027191
3.091659878720703
3.083065802206278
3.072667794796093
3.058920333823505
3.038705071911804
3.00508560293502
2.955127916919856
2.785408467048691
2.685920427000424
2.654828529677878
2.626231612166706
2.584055736277052
2.538981428028712
2.492930107742384
2.446449625702716
2.399689952915679
2.353187419095797
2.310481307666828
2.276120271893174
2.250485395721575
2.229997452343049
2.226536228882327
2.15334953762881
2.396707779994951
2.807416309357877
2.69524929337176
2.258425530821191
1.63319863646077
0.9436094510006958
0.3128719527266163
-0.1423123696046256
-0.3023958667311779
-0.0008278427195371639
0.1904009130932243
0.132550997599189
0.1325299505965043
0.1203297644548018
0.1103301837453287
0.09933374280976018
0.1043808697089286
4.749513298052786
3.818773621177938
3.58838193720145
3.615109509001027
3.624982146026314
3.598446769879698
3.597248812085937
3.578192966733174
3.2992090415464
3.175748477552272
3.197180379508001
3.197640819042815
3.192879991521273
3.186628592345571
3.178808250382509
3.170024574167652
3.160612321873552
3.150995995568145
3.141850556675814
3.133292441814683
3.125449341940307
3.118288465212631
3.111737005234556
3.105694666727215
3.100069860044405
3.094817338007553
3.089924466476552
3.085649204452111
3.081641730321989
3.080793528916447
3.097362635390239
2.975473367361517
2.717809079959101
2.688285110113721
2.666187843223028
2.600262786562613
2.524751957862422
2.443891110210543
2.351514563864555
2.245642455111756
2.132230643616867
2.026001045215319
1.944445280517423
1.896451665069701
1.869987790553536
1.842831044425636
1.816226734870336
2.005429691832081
2.311425910680288
2.231088421722507
1.931663949902349
1.499424258529799
1.018568043016814
0.5756829082386234
0.250896861094553
0.1219825070121379
0.3321872381613451
0.4731350209177134
0.4545423672837235
0.4423033932709693
0.4403120010477001
0.4547958731117601
0.480414783412897
0.3485592618436647
3.615917385839187
3.321718150439521
3.212154106802438
3.270484926709017
3.32233744506395
3.281240160353605
3.095577215081358
2.721411817962509
2.696707193906564
3.091155899438092
3.11715367760572
3.152602462281354
3.16454428230432
3.168255380759216
3.166589708731369
3.162049210264664
3.155805215128629
3.148690919883168
3.141403384250671
3.134284524231743
3.127599395224137
3.121495810144653
3.116093554820661
3.111531052277109
3.108043432629233
3.106107033642045
3.106602261505193
3.111725550080835
3.124232082960513
3.158518950132663
3.184062705141095
3.569684073033957
3.558707319971664
3.145621072407303
2.862841511187875
2.6603990390225
2.475200982233068
2.273159664113546
2.035114796419156
1.758554221195458
1.462670860620235
1.185925195577023
0.9713712004948742
0.846173383179852
0.8089062851015858
0.8437081985006673
0.9649834904695496
1.212815595086504
1.5392538801303
1.644281491420031
1.551499392518049
1.339797209192135
1.084648028965193
0.8572435088084125
0.7290742296375513
0.7722943864784031
1.013298897429092
1.215946845586499
1.341177878883882
1.421064631015453
1.47457490039511
1.501322529878762
1.488077401268414
1.41384033529255
2.857136475147114
2.85318860894194
2.865129597175197
2.910944388171311
2.930056215806298
2.847405354767387
2.640783473302456
2.457758315872194
2.78342724868622
3.109701459186246
3.101002432541947
3.137419580618661
3.15059049027981
3.157086750816136
3.158163658066486
3.1560900567437
3.151968835856187
3.146650731155145
3.140796089988389
3.134840575396927
3.129131033454719
3.12392915345868
3.119473941841167
3.116030686102799
3.113957663821821
3.113836097670608
3.116543000623022
3.124083871670978
3.137847432718093
3.172878062485073
3.169242614776929
3.480687579443598
3.753247530777985
3.478062932472953
3.098183695633856
2.752299332005983
2.431319560270392
2.101119229042691
1.740376785457933
1.34931947621043
0.9513107165639674
0.587094514648747
0.3008941124428013
0.1244948271551244
0.06972624816864839
0.1349356397367411
0.3135968123841537
0.5764802676545032
0.8632768820764424
1.072566902170224
1.165454791039168
1.169359400429156
1.136727368945108
1.124056372693423
1.18341388942879
1.34576776520829
1.588083340267247
1.836681396442732
2.049208170043162
2.207651983944679
2.312728486617361
2.365948501140892
2.373280283506531
2.360295092453947
2.370368921706241
2.436780106222078
2.509220559588062
2.560830458591925
2.569944739347808
2.52228972630636
2.465972186847374
2.5552266420883
2.958433710321263
3.138485979022582
3.109065219755426
3.135521956415204
3.145098162695384
3.151226953803907
3.153108975316046
3.152231031543863
3.149348585360469
3.145171448965399
3.140281507106641
3.135134323750694
3.130115988881126
3.125550405407806
3.121740334123931
3.119000935861741
3.117697646012831
3.118322898480637
3.121452507646614
3.12831755976611
3.138410351235838
3.162749307163368
3.141981402325559
3.297891852231805
3.594386697248017
3.517538032627472
3.206539869007341
2.809565225042594
2.38930832488251
1.953889983687076
1.499866702404089
1.034274690773695
0.5803758105669916
0.173592627669233
-0.1479877604285562
-0.3536588494330036
-0.4263883772064234
-0.3656927349107004
-0.191223139595195
0.05646303388347779
0.3316908549668793
0.5981076400970657
0.8243531606502927
1.007399301034547
1.16937463186746
1.341944427623716
1.550851080409718
1.80217874006992
2.079493388508194
2.362522066235953
2.623032262446127
2.835406319116133
2.988165674499244
3.082687493969934
3.131689220223675
3.154218706173073
2.031226107141243
2.09754442575165
2.184890145793562
2.258947750709805
2.310929070516795
2.361432931269171
2.466699916373939
2.69369429920997
3.044193202254875
3.149990569361459
3.119642871041554
3.137850947047953
3.144199649403091
3.149106145068245
3.150863267597881
3.150351930331842
3.148016839853319
3.144404354478818
3.140011458753843
3.135281442292889
3.130614158526891
3.12636411510208
3.122862657030268
3.12043189212453
3.119397334694373
3.120120297681042
3.122897666943617
3.128356723392467
3.135211032322179
3.150742780029914
3.131859301534281
3.207317117044417
3.411231197929623
3.399816637429476
3.169444592281069
2.79019860056447
2.331864679684268
1.835280919898573
1.322193043828342
0.8115004519908866
0.3276911110748496
-0.09901556655770938
-0.4372973909248923
-0.6608555808648272
-0.7543396847457444
-0.7185255486154982
-0.5723530841858169
-0.3464821533384976
-0.06997019101599636
0.2368001996772856
0.5541357825790741
0.8693183328093608
1.181714036130771
1.497891120430475
1.822326399940669
2.15192722575938
2.479167667127622
2.796406448956053
3.088518652302837
3.337144988561004
3.530119456334585
3.666208064661858
3.752679333676553
3.797362342666264
1.775064861993287
1.833721399440402
1.92741886372834
2.036708741481742
2.159541841959168
2.3142249239306
2.524350336316362
2.790650941136928
3.077184951797972
3.155010058762508
3.128861894477797
3.141682179482901
3.145890134133204
3.149564847457075
3.150842761541441
3.150216588101927
3.147927014921096
3.14439687641502
3.140061417898445
3.135350234745864
3.13067110756197
3.126397906110097
3.122875476844265
3.120421006195174
3.11931758063316
3.119817116862809
3.12202861261066
3.126192513939922
3.13095685333144
3.140799796621474
3.128192622650788
3.172942759818886
3.283822177367944
3.251218993398351
3.053440964101857
2.706318707280968
2.252818097098069
1.738220203373504
1.199373469810713
0.6665901291192946
0.1681304283232348
-0.2680299392035679
-0.6155844201644719
-0.8532623489085925
-0.9689721399534678
-0.9629840892403402
-0.8474007725999565
-0.6406261767618021
-0.3607488649629234
-0.02331353445397207
0.3560551547545784
0.7613721538023273
1.179057897707783
1.598656125246433
2.011276779009361
2.409121970134313
2.786511733749161
3.1384496595455
3.457205956682862
3.73266473641012
3.95633363737045
4.12468966043063
4.238252754897888
4.298029230677593
1.580236589670214
1.639298582628692
1.746595443550186
1.896159448175049
2.086677524588134
2.319318178905372
2.585467538093869
2.856980303549237
3.095922648393893
3.158385797986719
3.136598104451547
3.146123499338983
3.149142924112967
3.151877811094772
3.152616557052946
3.151610520847035
3.149000301162361
3.145145707654279
3.14046017498055
3.135377718957117
3.13032204095203
3.1256888656565
3.121837823124401
3.119087631758379
3.117698317620058
3.1178553105563
3.119564342900301
3.12282566871774
3.126453214963388
3.132902048817863
3.125962976061463
3.153835991611336
3.196902803601517
3.123954108304401
2.925044567533765
2.598762729447277
2.164975284612159
1.658494338490475
1.117981975880203
0.5796830254497001
0.07586919885448136
-0.3652046339991946
-0.7198205031959997
-0.970192266012229
-1.106148538977358
-1.125869927466029
-1.034608033849473
-0.8419058535101824
-0.5593754029927969
-0.2002313011119703
0.2200856169346674
0.6832349975529213
1.169205142042278
1.658722154240138
2.135493271376005
2.587705538476704
3.007976728597774
3.391459470168571
3.733843021360468
4.030217473281319
4.275446592845569
4.465173062388718
4.596088827126523
4.665734810439391
1.444856012093191
1.510066161196532
1.634865369977575
1.819030241498389
2.05796468081675
2.338222970117266
2.633248500040847
2.904805477074765
3.111924431940057
3.162109815488694
3.14373285997615
3.151092756527151
3.153754482366574
3.15596692904334
3.156245210544693
3.154677202433977
3.151399725104845
3.14678607768674
3.141285216526475
3.135371120761754
3.12950406276373
3.124113970738388
3.119588052602734
3.116266411470878
3.114420731034682
3.114224562232405
3.115651636816131
3.118543411491093
3.121837608721732
3.126402335900536
3.12331959641825
3.136776131575309
3.135322051713852
3.032415965170909
2.823484068813111
2.506073626011784
2.089792967564223
1.598855381550562
1.067291799996851
0.5320646086561213
0.0278159439489737
-0.416010963860982
-0.7763932666367066
-1.037062887419416
-1.188270920516927
-1.225999730299403
-1.150841058837013
-0.967159930732238
-0.6829711927508811
-0.3102401814574595
0.1349073701492096
0.6322810928963386
1.158891625645769
1.69165186169951
2.210501693392812
2.700502771802797
3.152075761827971
3.559781638577949
3.920594881965645
4.232075947283134
4.491052227859523
4.693272321830468
4.834015956773834
4.90929656382298
1.372540313907164
1.442975855396774
1.580089264654591
1.784625227605346
2.048848701517196
2.351991423695086
2.660665992129164
2.933465190912791
3.12422463555004
3.165982791393232
3.149618605064344
3.156463399999824
3.159508004925766
3.161684899400732
3.161630463424498
3.159359572823604
3.155094560691206
3.149303724500831
3.142531652045766
3.135331627250467
3.128224357825153
3.121687523429714
3.116150835935507
3.11199824650734
3.109550445329263
3.10902517737262
3.110425060789266
3.113502981683017
3.117175789955728
3.121144697857325
3.119225465226375
3.122231158639694
3.099228898989528
2.982314836703378
2.766754117250583
2.45212321273041
2.045408740233227
1.56527630242394
1.041630953687858
0.5103903419427874
0.007023143206960046
-0.4381554484673478
-0.8020542652536734
-1.0687764086935
-1.22841969549667
-1.275623693773457
-1.208667018008777
-1.029513449763964
-0.7445133202298633
-0.3650718258602225
0.09220687966072899
0.6061167054759343
1.152450559373996
1.706709201598808
2.247195675958356
2.757254646928244
3.225941502581795
3.647288968101187
4.018628023258706
4.338436672539911
4.604407730824945
4.812559065515496
4.957756521090458
5.035214811174208
)
;

boundaryField
{
    inletLower
    {
        type            zeroGradient;
    }
    inletUpper
    {
        type            zeroGradient;
    }
    outletLower
    {
        type            fixedValue;
        value           uniform 0;
    }
    outletUpper
    {
        type            fixedValue;
        value           uniform 0;
    }
    sideWalls
    {
        type            zeroGradient;
    }
    topBottomWalls
    {
        type            zeroGradient;
    }
    frontAndBack
    {
        type            symmetry;
    }
}


// ************************************************************************* //
