/*--------------------------------*- C++ -*----------------------------------*\
| =========                 |                                                 |
| \\      /  F ield         | OpenFOAM: The Open Source CFD Toolbox           |
|  \\    /   O peration     | Version:  2506                                  |
|   \\  /    A nd           | Website:  www.openfoam.com                      |
|    \\/     M anipulation  |                                                 |
\*---------------------------------------------------------------------------*/
FoamFile
{
    version     2.0;
    format      ascii;
    arch        "LSB;label=32;scalar=64";
    class       volScalarField;
    location    "5000";
    object      p;
}
// * * * * * * * * * * * * * * * * * * * * * * * * * * * * * * * * * * * * * //

dimensions      [0 2 -2 0 0 0 0];

internalField   nonuniform List<scalar> 
4096
(
2.887901786796864
2.875854286317264
2.849791691692941
2.802985671071687
2.725884213877288
2.608643696433386
2.444679080677167
2.234275811965527
1.988052384946495
1.730043682028539
1.499107937602823
1.346426193233999
1.327430664934975
1.488934359322293
1.854408525085962
2.407891744317682
3.069147618677959
3.25102203848294
3.16625098481168
3.163435203128555
3.131870713254536
3.083964943932444
3.017865531577699
2.937375057349394
2.850720190005768
2.765243304228086
2.684086988856569
2.607649557949618
2.535172171711195
2.465524329705867
2.397691271384427
2.330854671904268
2.264366675643681
2.197650317500339
2.130085857640509
2.060912721129006
1.989191892015051
1.913869095827531
1.834223942313062
1.750611378678033
1.665992939608632
1.587444499194748
1.522894624050829
1.476040508078382
1.444961744569216
1.44230260106162
1.357763874889109
1.53935620944814
2.193767313789438
2.726418800130791
3.054067246813364
3.158402986104796
3.061038751118732
2.80753341812355
2.453127623077875
2.05048661036823
1.642089343257763
1.257846792197344
0.9163370638428725
0.6275559384506439
0.395759139403835
0.2218093019422675
0.1049441531650409
0.04404756900937882
2.908722743616325
2.903936384401071
2.890116771714031
2.857950814958124
2.795890018826232
2.693643843419617
2.544994714166959
2.349872726667035
2.11659427395459
1.864456376344933
1.6258549651016
1.446266677995025
1.379765460885049
1.47833920618665
1.776977562245383
2.282603415659085
2.979846826042326
3.214742621572687
3.129930195287709
3.130286488913216
3.099424362355802
3.054381884089391
2.993106975135222
2.918358583446499
2.837759873691239
2.757746937336791
2.680556633000344
2.606495208850257
2.535207326253711
2.465974237724975
2.398130705816715
2.331082319796222
2.264326030732886
2.197398644630429
2.129820640048072
2.061042214236078
1.990452696149185
1.91740733875031
1.841590422417101
1.763298644819109
1.684640406331038
1.61183824102354
1.552191723391188
1.508343591674429
1.478086135951115
1.47874206031074
1.394177282990325
1.629542742064381
2.320753375453113
2.805281519446358
3.066159171676309
3.108982733926806
2.967429555141163
2.6922790653598
2.337013915569019
1.947845205027865
1.559828706515619
1.197105064887565
0.8748954152031623
0.6018184793476954
0.3819481148058581
0.2164828720558334
0.1050666317933078
0.04679739139803376
2.9517457800341
2.960988282719795
2.969836528509316
2.963316355515711
2.926705014579015
2.849727591898766
2.727057530628417
2.55815983285527
2.348148401810955
2.109332181788611
1.863334216267599
1.64410783883143
1.500503804348156
1.49391041041432
1.68783961859332
2.139205260131268
2.913677590058458
3.198200533234293
3.106235212613574
3.112228784165644
3.082556281765134
3.039253801357081
2.979907253098799
2.905404745614052
2.825856531931207
2.748758316536392
2.674755736535031
2.603117933394944
2.533451315090846
2.465164945451345
2.39782461081075
2.331034219808561
2.264453517818394
2.197763586046629
2.130642024317456
2.062720069545586
1.993609468799097
1.922796998555399
1.849938907881248
1.774385140781228
1.696742810899873
1.624356796047875
1.566863022927263
1.524973159972124
1.496010705519792
1.502401045941317
1.410505843229763
1.696591879655231
2.466581948233896
2.896597573943115
3.053084993058039
2.993380005905294
2.780663972187608
2.475370503768421
2.125273845596764
1.763805073634916
1.413372762026591
1.089048454542674
0.8009575926998518
0.5556307852238787
0.3568709404941309
0.2064412017104283
0.1047099969002953
0.05133675229351415
3.025724165979512
3.055706175019155
3.094867603893596
3.119458419177824
3.112848436313697
3.066169060445577
2.974798443412948
2.837646426143387
2.657728295416089
2.44178976573346
2.200205785449684
1.950640010753223
1.728248047892295
1.599552372687525
1.667244274477464
2.054088284743862
2.88564878933262
3.195898669887486
3.099858441449727
3.110439187809268
3.082775350628697
3.040089966831315
2.979996977416915
2.898660027361615
2.81392556660853
2.737604551830697
2.666721439500436
2.597862427554249
2.530289193287364
2.463404126453813
2.396970804479916
2.330788149892923
2.264706373482595
2.198583692579249
2.132274910238147
2.065589517990065
1.99831951802601
1.929920032945276
1.859725055249183
1.784557002936071
1.701605711240805
1.622705237199758
1.56487263490482
1.523940694289886
1.497143862257174
1.508197967713617
1.411979050589582
1.7248752708437
2.553677367428031
2.919308478269368
2.950627508482908
2.772586083034546
2.488827158250387
2.165773139632656
1.83750783996474
1.519805058606999
1.221024779647096
0.9471957206094554
0.7034694167882456
0.4942313943831499
0.3229578420038398
0.1920929887734908
0.1029942096029521
0.05608798816356046
3.149272155759161
3.203376550905239
3.271320342994843
3.32284273670644
3.344492066574369
3.328086049208442
3.267139497449949
3.160262274554312
3.01159652062905
2.827103549496217
2.61062149242815
2.364295471466987
2.099640035592203
1.865817780668538
1.786633076430228
2.061211028201061
2.885377165055729
3.20029510768979
3.108554861444412
3.123755814445517
3.099107814001521
3.056117817444535
2.993266357494632
2.894654361420706
2.796286709397899
2.720384012514148
2.654883875300512
2.590208619903326
2.525550921946848
2.460598807927697
2.395495647048085
2.330304461546572
2.265087821841771
2.199903242256612
2.134804213655941
2.069835397783376
2.005131167616089
1.940356851473689
1.874756689599369
1.799234681438653
1.702281525573436
1.606571762649851
1.546646725958146
1.505900439590869
1.482334177857109
1.498054916098752
1.405906647196197
1.723989120516468
2.546600317009051
2.801483438141442
2.688675931098434
2.410222461378478
2.092478027318599
1.786550934189209
1.504047523929476
1.244299377941539
1.00570034952611
0.7883329239097019
0.5938002085566327
0.424632438117296
0.2838173833795224
0.174398376256957
0.09896551674144877
0.05905733905100676
3.36091261001696
3.425466397134204
3.498475608366142
3.562523258185233
3.607953313846316
3.617480750126944
3.579316315349103
3.49460679766631
3.372745875190985
3.223558403077246
3.051464138308673
2.852276252690711
2.615200173844103
2.343145512791463
2.114530420301068
2.170466083723784
2.877534034805203
3.206313575140305
3.133039115094307
3.155003880449665
3.137060035366416
3.097007244517606
3.035902178362401
2.903287837651416
2.777159860156036
2.701771506007689
2.645945554206579
2.586915754518096
2.525022676436323
2.461051597030343
2.396070465930264
2.330600501456527
2.264985840779551
2.199505049013188
2.134460516961468
2.070294875698997
2.007973840567402
1.948130762671096
1.89102331707068
1.814622654068046
1.688603535870658
1.559439345573742
1.502338027956169
1.465199342836533
1.448617069147347
1.471076083837487
1.397075245141982
1.728054465800807
2.434153492270948
2.475152192673323
2.218429614838858
1.907075863253604
1.624405107420364
1.378920797923058
1.162443546490815
0.9678548453634508
0.7909649722544652
0.629791400370207
0.4840280210296543
0.3547084829055795
0.2440142287426696
0.1551608191947335
0.09206280266297286
0.05824579717334304
3.737955236375035
3.738967472619114
3.758908047080168
3.822408083415456
3.887993574296814
3.91141238881537
3.881185573462179
3.807602702118982
3.706410754608814
3.591213985611402
3.470281945844642
3.344117846825143
3.200734700403424
3.006532157030957
2.722592141055453
2.457256594631799
2.798174287605808
3.19666466096284
3.171788700307235
3.202553210287738
3.192131894834309
3.151797639757837
3.081101760864598
2.825403328680884
2.671479722659846
2.629230196041921
2.60550174853645
2.558169518500585
2.503260878237511
2.445694064106871
2.386868282069745
2.327228981177588
2.26724471960495
2.207415961773819
2.148210002436636
2.09005540602545
2.034311087943712
1.985602131931496
1.959387411340151
1.914173373654035
1.758125131373167
1.508246119590443
1.443402411536396
1.406765558125472
1.397855917793071
1.428740922934573
1.402210220006675
1.800260854058877
2.141212546926354
1.870420282813023
1.566824855230159
1.339193074153583
1.156877390285461
0.996321139322586
0.8511066723045229
0.7192573814889205
0.5987672166789295
0.4878851566084356
0.3856978319264692
0.2922236743713083
0.2085349538802708
0.1372270046878029
0.08290872372647468
0.05208771128969535
4.412858876168481
4.128628742054202
4.027336486117345
4.093921228090119
4.163758191986679
4.173882713630779
4.134236192934119
4.06561955681613
3.983103667258421
3.898599917647949
3.821080503106012
3.75548483279663
3.706359196846175
3.668088636822186
3.556811653522987
3.161955270169334
2.806017608303106
3.199597907801964
3.244178205791835
3.282491921990414
3.292573940102195
3.293544066943597
3.321213683173714
3.122402420508962
2.548259674199458
2.551936731954352
2.633925852558557
2.615728298466542
2.551523508486525
2.479000719890535
2.406655039821211
2.334539329466587
2.262497220064399
2.190695840214846
2.118823561689328
2.046593589868589
1.981827312572049
1.961064950425247
2.037775454241334
2.035429660248369
1.458785864314853
1.264509387082938
1.299464530455915
1.304033061243154
1.315329704672464
1.352649872137895
1.393793965815826
1.78383863992087
1.430901829230993
1.041776984467598
0.9206649937038577
0.8575105072818182
0.7789116406504403
0.6911816737217789
0.6055622240846458
0.5251250908268262
0.4494196725061777
0.3776342602760249
0.3092608470184215
0.2439709108578743
0.181736785991758
0.123903718021533
0.0745839203382227
0.04032377090434908
5.497980530656835
4.572392413898204
4.344307065952262
4.370935246268359
4.381261612272145
4.346756628571706
4.294132601225454
4.236811510346456
4.178327483894547
4.12168455939666
4.070046514616933
4.023365939815005
3.987238335219057
3.992418808053505
4.083662044702509
4.091253278344699
3.539349781081326
3.358169134731164
3.392726198476073
3.399043295925715
3.41165756205842
3.450939124026762
3.496238492468478
3.911320645452009
3.549096380092362
3.127524754100579
2.979543294797019
2.886213602092516
2.769856629897378
2.637422090757017
2.502104341553972
2.368576737748334
2.236961030987919
2.106031309287681
1.974993402708213
1.846715064545507
1.731978457811137
1.635653111103865
1.479990760180323
1.048999969951835
0.6788564059643142
1.092716308999995
1.14399523796871
1.185162796301824
1.19818121697063
1.202146051222497
1.230639890553745
1.047033582996765
0.5003956286791889
0.513996429323502
0.6062945226950067
0.6060063824569849
0.5625244115377295
0.5116363905804527
0.4615167636147555
0.4119793600670107
0.3625616048639843
0.3132959167354648
0.2642852969269736
0.215388424765287
0.166122762316994
0.1167400475960321
0.07256538971967734
0.02745376800013699
4.942591015839797
4.653581110902772
4.554810239206844
4.49173771281339
4.435286272033228
4.379602880848448
4.325993539216537
4.274205919044637
4.223354937615288
4.173746950041418
4.127195614440827
4.082940052657105
4.041918395747748
4.007506858442837
3.993411683389509
3.95913820318393
3.82190661934594
3.588952996600939
3.530786443485062
3.49942163317977
3.494325934471854
3.528350949190118
3.506827387336801
3.915002858215643
4.244908713809695
3.955153701980546
3.623731349669853
3.353777525229721
3.111248357443498
2.874905320674429
2.643040932696973
2.417090221944304
2.195683713361195
1.975488207201614
1.753484628261323
1.527843396815615
1.292622745885856
1.023190896221086
0.6850308561830947
0.3824770759492583
0.6878071558508413
1.086436420416146
1.070404669426291
1.104916104858502
1.099984187206668
1.066703931890958
1.004683155568994
0.7684342255285709
0.6337590873080567
0.6039128925712934
0.5928923088381577
0.560350366698009
0.5208674057759115
0.4789354712642489
0.4357936314433143
0.3917012866014538
0.3468909160419377
0.3015661288729158
0.2558680450616129
0.2098560157353719
0.1635238258605375
0.1167427673248225
0.07078136524658814
0.02396633950549646
4.645505518755156
4.552470805868136
4.500947348020787
4.452301581056919
4.407243560145703
4.359498284673459
4.309483151993783
4.257792025855285
4.204395683802093
4.151111843905015
4.102261296157452
4.05631024136543
4.013483964781805
3.972133670994808
3.931279704075124
3.866938737493996
3.754473887756067
3.637661387148358
3.588418638051305
3.557685888428805
3.545892281096888
3.571108642189665
3.502112524129676
3.820423824316608
4.502246473855561
4.534717980524712
4.248957288900794
3.876015060774217
3.501705782554952
3.143120626873781
2.800167179040358
2.469682499787611
2.146659588870675
1.82474660263787
1.497255878511904
1.157348063649257
0.7992089938041097
0.4332980042605216
0.1404608903731817
0.1501111239608555
0.7904908175027926
1.093809509057488
1.030888392445381
1.056085763756055
1.044909444114493
1.013168708094648
0.9617055528658994
0.8419944855336088
0.7305020796813261
0.6694091018636225
0.6287167356426389
0.5861269119312145
0.54156020230666
0.4955032718642451
0.4488004625842292
0.4017697726193304
0.354558349576603
0.3072541321903937
0.2599122599961856
0.2125555626749247
0.1652199287750945
0.1179101175055388
0.07119713689773907
0.02443730787767678
4.571569173018951
4.531897042112671
4.499861215894362
4.455797047166689
4.410916718498626
4.363072628602756
4.313497495860876
4.26211585897168
4.20696122169575
4.150660890994317
4.101889695663612
4.055849481693109
4.012030833076489
3.966887406074787
3.918994967233141
3.853324222687929
3.766847884036891
3.683169971274865
3.632417205279743
3.599248503333252
3.581552730742561
3.600326325256897
3.513859843794598
3.810699801938221
4.602961552245922
4.840769837030291
4.674674844624191
4.297521895071116
3.847513042036221
3.390407109965829
2.946805253324946
2.51773972762372
2.097393212354265
1.678126098947321
1.253211567450745
0.8211267872006784
0.3969143089692931
0.03659130167740328
-0.1342297890694787
0.06874226518861365
0.8015273142007748
1.081347891584637
1.002540811095215
1.021626628905337
1.005627796449012
0.9728242859906648
0.921390910256965
0.8334991702971392
0.7475445079738116
0.6868965213486435
0.6375286245321566
0.589528169657966
0.5421250838101104
0.4948410900293757
0.4476829112368992
0.4005707573869946
0.3534655790563511
0.3063550044952318
0.2592376400697672
0.2121097754220907
0.1649903987407325
0.117866799600271
0.07101770707429862
0.02423522217977837
4.572773611290935
4.532947484003321
4.500928678631969
4.457147508644603
4.412730237330081
4.365496043241675
4.31702144891372
4.266093886661606
4.206263237211752
4.142378903190744
4.093961942107454
4.049019180939693
4.0067939928115
3.961550904819403
3.912729795939716
3.84258076105724
3.766520605258024
3.701421293070323
3.654767249930376
3.623217586421366
3.603947717530522
3.619143443544084
3.528825919331462
3.833569274951355
4.638083068008624
4.947701829363108
4.865373854418336
4.531439804710869
4.071984793838722
3.568044177383903
3.058011162521915
2.553898454757774
2.055640744324317
1.56001752002831
1.067147350059976
0.5887109444225325
0.1604231872246747
-0.1450002892299457
-0.2185049628958999
0.05903553860865136
0.790301219971249
1.067010629700775
0.9859695557373148
1.002251056722034
0.9857242232299994
0.9555423947204297
0.9086601328491541
0.8343350374937413
0.7588338268453558
0.6994257109528158
0.6465066797336027
0.5952933723529045
0.5456993569334945
0.4970852865585956
0.4491056962975091
0.4014719116706402
0.3540332854065634
0.3067088499176804
0.2594543818986487
0.2122386669075094
0.1650637567381491
0.1179030822874894
0.07103372615155026
0.02419590163996414
4.64870624358764
4.555016046018459
4.503108456648153
4.454702042261397
4.410090110077341
4.362954537454488
4.315873978394682
4.266716916118536
4.199163316371817
4.1220006843668
4.079509567588917
4.040476419342244
4.004893317496409
3.964687300660498
3.921919887555811
3.838913949928562
3.757767930546121
3.698342244045464
3.649108078746867
3.614527836174723
3.593421543819859
3.606421157726184
3.528728654148193
3.862875073457075
4.601770783081953
4.887376492317549
4.839994152489219
4.563211143792371
4.143499858043544
3.646831819433559
3.115680263281807
2.572635475449698
2.028279226256421
1.489642830643502
0.9683153256126188
0.4886522945317306
0.09478321603321425
-0.1483088518332092
-0.1636839587402838
0.1257349154817904
0.8006734755433006
1.056468029988878
0.9809786115295795
0.9958292540226017
0.9815141593612928
0.95603114592217
0.9160304654282961
0.8437666215055133
0.7691259162154498
0.7124359021183679
0.6577366292853843
0.6026930594681428
0.5500678182993527
0.49958620357135
0.4505627172205228
0.4023660074666743
0.3546322190859332
0.3071617515057531
0.2598396528987927
0.2125855145920308
0.1653725210570507
0.1181559603940296
0.07149129416811593
0.02449644050956665
4.947318804728846
4.658527623427785
4.560441915531591
4.499997067061055
4.447802360858465
4.399367805435552
4.365441278047141
4.337605372350044
4.251117149545705
4.107301139809652
4.065008836539866
4.031877871616993
4.004763916013888
3.97161429963393
3.938739674894704
3.807594821127457
3.729427942845594
3.722259517737567
3.708354053241649
3.693581822779472
3.680951952208185
3.683876472321237
3.607971541478261
3.870159013657694
4.435268049294674
4.654018748699634
4.631565270346947
4.423239987471029
4.073067838870848
3.624008743461983
3.113901830201531
2.571739899889935
2.019024452446352
1.474837161287197
0.9620822964510829
0.5126025102785381
0.1687389312320377
-0.02027814807754883
-0.004751796385753651
0.2633382658097423
0.8361380370048498
1.050333809519734
0.9860532225356583
0.9995489216549716
0.9882565371456933
0.9665595203646394
0.9269911381046336
0.8128775398375319
0.7112024154015975
0.6728192190414721
0.6352475662340101
0.5886574850101893
0.5415424072048621
0.4945542700604952
0.4474266402185491
0.4001188288248185
0.3527493551790165
0.30540550860344
0.2581204046372982
0.2108762963547509
0.1636235879655133
0.1162086163517642
0.06992215011694509
0.0228400494419218
5.505484325694958
4.573759494054373
4.342732340597465
4.368505572427488
4.373620029167711
4.331567300315688
4.304049517824737
4.285289679439672
4.099258199415591
3.990200644936029
4.009705004736143
4.01209335627316
4.011685593880905
4.011352302018082
4.04681353488703
3.900591072634282
3.656031224497871
3.574121114950736
3.484853413452449
3.414100470245009
3.377231264113573
3.349137750361358
3.332649169152885
3.578604371351291
4.048482850523911
4.258332593408056
4.2901123425937
4.162421103345148
3.895290826955961
3.51688550794639
3.059040619110934
2.552872648178423
2.027380727590995
1.511006874261064
1.034336422200477
0.631581291106759
0.3392012686365839
0.1920234598159724
0.2195619103797101
0.4451493628528747
0.8868943068615788
1.048517160609059
0.9997985181421075
1.014439310920015
1.013212543230158
1.013064680376156
1.012531550001431
0.9316804012314439
0.8200330898812397
0.7713628324275925
0.7111377659514189
0.6277946389346879
0.5576653485638283
0.5015379106214821
0.4514083312683591
0.403068461804536
0.3553770841582201
0.308075979378563
0.2609979599453133
0.2138232710878078
0.1659845554985015
0.1176735921874765
0.07417349103634217
0.02870856450724473
4.428795476222085
4.133828678945242
4.023054392820718
4.078351343655264
4.120891367666201
4.060255249819256
3.857228545345363
3.513225093080608
3.574060769926132
3.929438364867118
3.9543144848309
3.99152872989213
4.014911663939088
4.042359090025293
4.075322715102768
4.320444102284179
4.139843833604655
3.480785578523487
2.991055468459471
2.71055483953214
2.58943665467896
2.582816779306186
2.70226995772919
3.00660610690975
3.46202690088705
3.760651679759627
3.876917706826568
3.832801355787323
3.650111393679692
3.35195908808161
2.965391620042231
2.520621083379865
2.04956469823852
1.585138768504146
1.160924810085453
0.8100742065038015
0.5628359192556276
0.4432752637552467
0.4663243677288902
0.6354407782330569
0.9402921618782319
1.049133105473771
1.016892524657069
1.033314644119248
1.044317791390412
1.0715637324951
1.087463869328645
1.378305185069372
1.504024695650165
1.206025143675518
0.9460859446493253
0.7619959781553299
0.6371560133879678
0.551172166389168
0.4864155824720112
0.4317732716563193
0.3816993408173923
0.3336555950923156
0.2863761331630938
0.2390775067081821
0.1914122762999698
0.1444295399802612
0.101864001454825
0.07006048542233408
3.777677030706555
3.772735861032594
3.783139623035057
3.827272912967616
3.845687531581153
3.768443270189328
3.582947103708843
3.426483556250287
3.679146725278986
3.945629161364273
3.950063511179139
3.988066573172576
4.013067661900958
4.043437615787463
4.065969976420098
4.253238691786976
4.195962709410719
3.582181822454931
2.945258580166346
2.496751583844944
2.264733328759186
2.227510176902057
2.365506499671956
2.643826469723089
2.991158200001776
3.284558516005506
3.451870122412234
3.478494200319027
3.374158315526795
3.156949710167573
2.849992027829768
2.480835999107762
2.080387659378732
1.68130624756001
1.316078031373298
1.014697816497276
0.8019481633402431
0.6944720059324216
0.6977710023461502
0.8031547145562676
0.9854069092844333
1.049164041739233
1.029933951232697
1.043284444898884
1.054475042507446
1.081025099382086
1.084666788029926
1.300314002931648
1.503923100475518
1.366376647577569
1.128015107696272
0.9157317152114632
0.7574212117205226
0.6448133276314074
0.5626178843129974
0.4980379624066355
0.442711382318125
0.3918832869672444
0.3430866974847448
0.2952890885864632
0.2487429882591727
0.2054275105168848
0.1696335801527795
0.1481295111987723
3.439256081142472
3.503163144412817
3.572360261235309
3.623266946386643
3.63906763684561
3.609022451932076
3.571794699636241
3.635522575927991
3.869123989406891
3.974330675983227
3.965115056907194
3.990166680483768
4.007449443644978
4.027190073612504
4.039349280185656
4.098802618646033
4.030459248605934
3.60029079333684
3.038189447168014
2.554841162662553
2.252610105661208
2.152042072955315
2.227227712517064
2.421830400244544
2.668682283461838
2.906071752608322
3.075159324290009
3.142623540861212
3.100622754976583
2.957084364807596
2.72898889837685
2.439280449214671
2.114942893098493
1.784927109878369
1.477740836727709
1.218899531289719
1.028412610221402
0.9182839690307921
0.8898956615674234
0.9315879587768717
1.017914232606124
1.048844738544715
1.039014694490483
1.047822131033556
1.055062368490109
1.070783476038166
1.063873446415508
1.135896515817436
1.289204558617108
1.306283380539429
1.19312653908202
1.033694030711455
0.8842573538347849
0.7634217070471283
0.6698356316745451
0.5958997330564934
0.5341653415877871
0.4793452516445865
0.428433401198264
0.380365697079338
0.335808658221067
0.2970706911585742
0.267771303033305
0.251621697199119
3.278720062486166
3.33921433471255
3.417908453225635
3.484785087650232
3.534687349310035
3.5849383855127
3.671491126353847
3.816702885438858
3.960560287454438
3.985632051557908
3.977701943566952
3.992062915789464
4.002684264212819
4.013024574582672
4.024728645795966
4.014199949789613
3.894023270072885
3.578864826082298
3.144023465307201
2.716682152704218
2.400342899249925
2.240424136632941
2.228558791204296
2.323665338023255
2.476537205751687
2.64369383543662
2.782863151931148
2.860370692754864
2.858288957729998
2.773993148788044
2.616171266356313
2.40107451261132
2.149649145775602
1.885024438603247
1.630063035890893
1.405064529154013
1.225793652615965
1.101844112614673
1.035214281925047
1.019177970385097
1.038217306583467
1.048485035990731
1.045013249903768
1.050057082087182
1.054253663366053
1.062141629045208
1.057148495698039
1.063214230224338
1.1339656047901
1.193107181353485
1.176712530092074
1.096866977982699
0.9906344240309068
0.8856362758337814
0.7936341538290818
0.7159642886323528
0.6496860413696344
0.5913282843527593
0.5385360419733581
0.4905493795537966
0.4481465795707764
0.4132573207701299
0.3882150022300526
0.3747400530006361
3.21937920345635
3.266449647644081
3.340238780025528
3.424198131526587
3.516763139357784
3.629599734824021
3.768896947304336
3.909029720499228
3.986267301872912
3.989305367343431
3.985054136133098
3.99279581118191
3.999082330808248
4.003529071789155
4.016244878574831
3.986630022897001
3.84019518354729
3.580790874101331
3.245157175195354
2.895811797429097
2.601485241868166
2.406889901110894
2.32124967651254
2.326757135997111
2.393717411017249
2.490485853442337
2.585851120943913
2.651646715243928
2.667626488260414
2.624309091581794
2.522446471268716
2.370660936805223
2.18271018978761
1.97491585907822
1.763868538890478
1.564531557090395
1.388940567796961
1.245671265047004
1.140058626111406
1.074686999327344
1.049096621032397
1.048147316807831
1.048687830363131
1.051159260807192
1.053626855736998
1.057407261121459
1.055863003870237
1.04900016404715
1.069512625066127
1.116346752901864
1.141925533877142
1.124136001500711
1.069768835556826
0.996672546630609
0.9197752883305964
0.8470198867199994
0.7809368587661407
0.7214541183321723
0.6680032318601322
0.6205919233077549
0.5800610010654897
0.5477971189691788
0.5251705666827002
0.5130662535189514
3.224947171275033
3.264349188194021
3.335017023313462
3.431426463924336
3.550866795840721
3.689953822875513
3.833152159599712
3.946553119137486
3.991017002404685
3.99048901097391
3.988489641769043
3.992643015409715
3.996408118580858
3.997810924614638
4.010169608638074
3.980894454060082
3.839006924987545
3.616965949301727
3.347510368140834
3.063639072994948
2.803119680531056
2.598107832455897
2.464907731307449
2.402598171195228
2.397916519318765
2.430989225725622
2.479541839890434
2.52160783264672
2.538605328400269
2.518169330419366
2.455310091053614
2.351734910182311
2.214098503830154
2.051950559620956
1.875846124471877
1.695904420423088
1.521079367639233
1.359434674792633
1.219623089246911
1.1131724674241
1.055505432543803
1.048242967041699
1.051239245029088
1.052146296192907
1.053832884432351
1.055975004012566
1.056022940492042
1.049968250885464
1.05584891930521
1.089663345534092
1.127216600257536
1.144204761605671
1.131194804160809
1.092686134918799
1.038837844082593
0.978918133700928
0.9189600752202939
0.8621805395162491
0.8102521722980977
0.7643423993817984
0.7255956683026681
0.6951491609189688
0.6739458219787119
0.662612488739034
3.276691252218735
3.313482399580474
3.383040505259904
3.483224209751418
3.608053643050975
3.744711844193441
3.871402772318576
3.961197790505659
3.991712975157195
3.990838756855882
3.989755246561346
3.991988047822114
3.994263985284176
3.994242255852565
4.005061529785406
3.980428657940722
3.85869560167728
3.672373983219032
3.450584561347598
3.215315989026432
2.987487679221867
2.787423062894219
2.630690121022391
2.524363047863874
2.466256110045494
2.446748368668438
2.451718126994252
2.465202278516002
2.471806140118111
2.458961492062069
2.418482096643834
2.346961413978454
2.245136989861863
2.116705287954095
1.967081757795825
1.802478894907782
1.629582974074804
1.45607893006875
1.292279787740106
1.154093093502242
1.067109262717431
1.046049881602164
1.050481242792221
1.050955188798982
1.051976838296755
1.053148499127695
1.053328811331632
1.054849680526046
1.067971600039566
1.10152801417446
1.142548692332917
1.175265988343995
1.188018336884047
1.177536433112734
1.147556168972498
1.104839023092667
1.055964150393026
1.005970787950467
0.9583358648532684
0.9154440402889084
0.8790138113477557
0.8503232869485028
0.8303014983599784
0.8195789349028979
3.360751129764635
3.395970572380087
3.462448317688197
3.557114680589749
3.671556246715107
3.790913753523788
3.895918911069411
3.967665915276453
3.991444459965555
3.990609898333251
3.989833299826595
3.991032229461508
3.992413471248319
3.991809214544996
4.000671566918374
3.980929330578244
3.882960972659243
3.731581935755877
3.548869729641512
3.351279586263307
3.152289310392404
2.964981231771616
2.801685455538632
2.671499040202261
2.578054191404795
2.518989745721925
2.487015167258645
2.471683419374978
2.46125857657018
2.444494601475255
2.412112050641746
2.357683032640747
2.277824348591038
2.171877684397769
2.04140224037109
1.889795769463335
1.722272752410549
1.546325017507949
1.372744844617432
1.217565114647431
1.106318771887007
1.057223935833772
1.049107976394856
1.051249880176678
1.054774920344523
1.058366392623679
1.063961668791678
1.077655118430875
1.102793978857483
1.140940501002742
1.183605859418778
1.222324178041188
1.248544134071954
1.256898420151263
1.246839720195696
1.22168469337431
1.186529719589847
1.146507205873537
1.105903374951219
1.067962737864209
1.035023086180307
1.00873090041487
0.9902287356978312
0.9802750005460164
3.463896916119802
3.495990051938684
3.555407011936483
3.637580099225597
3.733627927376676
3.830691318601148
3.914311433052226
3.971255137786153
3.990501120487177
3.989895210030001
3.989235596356967
3.989881233013359
3.990724559729194
3.989960770420644
3.996924842125682
3.981607587457102
3.905658828675163
3.786118914267954
3.637656644297285
3.472197739644467
3.299537432190547
3.128936924120242
2.969764292749827
2.83047644126876
2.716846883699321
2.630690777757349
2.569656254465595
2.527922147866374
2.497362154188493
2.468853641968002
2.433533969366219
2.38382720443622
2.314117818727199
2.2210800024994
2.103796780434626
1.963848355635587
1.805510005843099
1.636109285770197
1.466463433115457
1.311057720594397
1.187160709617811
1.113490343051383
1.083368690961274
1.077914067701644
1.082942154146828
1.092296458649764
1.106279497766351
1.128733317110973
1.160845018841953
1.200321548982953
1.242767673915062
1.282945925608691
1.315133720841144
1.334537066185941
1.338893227545591
1.328954393195678
1.307754715205673
1.27937991685798
1.247919207620995
1.216871887949805
1.188959380511835
1.166175782980777
1.149921248388593
1.141113952803773
3.57366629830417
3.600634417362627
3.649641529125255
3.715689634113933
3.790983334218363
3.865774061917797
3.929872813016407
3.97384188027615
3.989143626177815
3.98881648323349
3.988244142047396
3.988598347457985
3.989123390307457
3.988402417992073
3.99372222191136
3.982200446711785
3.924951352221103
3.832961329033386
3.71493195760377
3.578746205932541
3.431521504845973
3.280148438245061
3.131727173975674
2.993276877311603
2.870734046146521
2.767799053464127
2.685202545511733
2.620626592401808
2.56917927342159
2.524205266944172
2.478250369540194
2.424040594096261
2.355360241357573
2.267758219967011
2.159078805305896
2.029860287663871
1.883637298274866
1.727111661498255
1.570030376134413
1.424478286172598
1.303330241978642
1.2175516473731
1.16841901643334
1.148262777776002
1.146641667188205
1.156258004072791
1.174362396173013
1.200668718453543
1.234331646282501
1.272926137649885
1.313519256507192
1.35266848808114
1.386570224941949
1.411625640703789
1.42538716026763
1.427276477317577
1.418622205447987
1.402097689990683
1.380944864025147
1.358326481828542
1.336949873782886
1.318935892379802
1.305830679787924
1.298657101136318
3.679636951213275
3.700310082214629
3.737422232968577
3.786643117557258
3.841994244534243
3.896624084870179
3.943552052593312
3.976051024358648
3.987634394333179
3.987492302386464
3.987020826723793
3.98722371414001
3.987565832365851
3.986971581516575
3.990957944381368
3.982522300330284
3.940492298963138
3.871656286974992
3.780531120056367
3.671742111999684
3.549935452140547
3.419831357080661
3.286483449061948
3.155299995318888
3.031537267059401
2.919442394749318
2.821443243512321
2.737680670148715
2.665976649818635
2.602186616611675
2.540838904783392
2.475956473716152
2.401943929975202
2.314425418134115
2.210949946365003
2.091515409144422
1.958866497362742
1.818485522357437
1.678150175486365
1.546949466462738
1.433779343032427
1.345522676468072
1.285573112352412
1.252492974280925
1.241131404614847
1.245760518892531
1.26206656080059
1.287106765197682
1.318513307118202
1.353934641752281
1.391047481227263
1.427420650742278
1.460481641458611
1.487699666975924
1.507032944824963
1.517445832846259
1.519182721450289
1.51365104587433
1.50301184723266
1.489691870197025
1.475990429481419
1.463846587619334
1.454742750164745
1.449681460597386
3.774194320456222
3.78850302683916
3.814057359874183
3.847751016508673
3.885530331708061
3.922905813345049
3.955257483215912
3.977908170593516
3.986086077044174
3.986013028687091
3.985652976142878
3.985780143473254
3.986023408985958
3.985576847949861
3.988545112672429
3.982431240779555
3.95232180023762
3.902406536916156
3.834785944026055
3.751849710806674
3.655783747190466
3.548727223623458
3.433433120173872
3.313601302747716
3.193534652155845
3.0774081705285
2.968530458447184
2.868743851233933
2.778087512834088
2.69479321726537
2.615624794910622
2.536492809810666
2.453215653549143
2.362291935076249
2.261578018778883
2.150789766068331
2.031750704823033
1.908304701946315
1.785838225858038
1.670453040485663
1.567992240287202
1.483275000198724
1.419740349901074
1.378521736437748
1.358034369371403
1.354816923494065
1.364832714222575
1.384355901015957
1.410327927301286
1.440310059328265
1.472266549788308
1.50435526048593
1.53479189822897
1.561840766061943
1.583968942463619
1.600120431018597
1.609963802627481
1.613967076947111
1.613261201081967
1.609366264316591
1.603895268418042
1.598319893732041
1.593825474298918
1.591236892769417
3.852473168063091
3.861177314930671
3.876745408749434
3.897352811275858
3.920643497976013
3.943977087297133
3.964507538466137
3.979141646469954
3.98448723724576
3.984442351322925
3.984182161722369
3.984278789128834
3.984478048452614
3.984171426370364
3.986427538806257
3.981835095183418
3.960434335438098
3.925158269630051
3.877761931639029
3.819309529383415
3.749288406473358
3.666691883067426
3.571544626784449
3.465649298598156
3.352262041421986
3.235294447244867
3.118593862328849
3.00528054218917
2.897226020122803
2.794818492844378
2.697090947130052
2.60212560440023
2.507587842508549
2.411282473110971
2.311668533430832
2.208270288281682
2.101904251756058
1.994649785319207
1.889552604532765
1.79015664252552
1.700050796256134
1.622579979775737
1.560597757569663
1.515910101373348
1.488660937157627
1.477221590919048
1.478739791253308
1.48998335926705
1.50802386369641
1.530522739279957
1.55567672101916
1.582044581085698
1.608375250465874
1.633499782714927
1.656323902520635
1.675924896216311
1.691700505658018
1.703481301710021
1.711539995050875
1.716492084878214
1.719133719000415
1.720276190555604
1.720617343442686
1.720660007993067
3.911772225797925
3.91608082218677
3.923870559568902
3.934373905542232
3.946562078756
3.959191871980419
3.970757680493033
3.979389993273033
3.982774842804401
3.982824186024992
3.982623545938154
3.982720930143996
3.982914693291105
3.9827378439963
3.984622523318031
3.981092051130421
3.964510192858405
3.939438706798971
3.909514999829485
3.874103236178611
3.829659222835817
3.772151695906186
3.698635529607011
3.608456157939402
3.503537842788674
3.387623713471688
3.265110082697457
3.140234623319944
3.016413164661925
2.89594581809468
2.780067229165737
2.669130746511359
2.562813537724026
2.460358015637692
2.360880132724271
2.263709368779687
2.168667208532356
2.076197633061602
1.987333560061248
1.903566770006223
1.826713665149124
1.758791628749141
1.701804403127069
1.657360233711364
1.626179842129088
1.607774091823792
1.60055476354856
1.602327664380564
1.610864605084561
1.624281981576662
1.64114897416727
1.660411743304298
1.681243479185369
1.70290003450897
1.724630646822717
1.7456673347866
1.765284218628204
1.782885798963088
1.798072911984099
1.810654514486935
1.820606502751575
1.828002683341688
1.832947194382344
1.835526786263463
3.95082240275521
3.952118156027943
3.954579861022976
3.958165920259191
3.96275744949337
3.968082098857763
3.973597480145095
3.978355952084804
3.980890160335625
3.981189788369156
3.980983617086341
3.981107844738144
3.981334426638035
3.981331372007542
3.983448249237551
3.981573139763019
3.963227331953917
3.945355416547268
3.931500582101389
3.916453626500931
3.894741373236576
3.861341373130387
3.810583139151805
3.737835148736121
3.642668635134862
3.529066957683565
3.4022586985314
3.267559563569304
3.129663974223196
2.992599071091702
2.859773193922558
2.733823174665762
2.616386178242328
2.508022682491863
2.408386816818135
2.316579120552036
2.23154013262994
2.152364686720373
2.078492607041576
2.009799377735275
1.946621395290183
1.889709353760499
1.84007645774338
1.798737791544662
1.766374561283349
1.74304971530026
1.728140407834784
1.720532974705973
1.718957297277658
1.722282279834965
1.729662394703565
1.740527920002561
1.754475521396707
1.771127045236518
1.790010040607803
1.810493376889023
1.831789122722488
1.853008282759336
1.873240924493142
1.89162958181757
1.907417911438697
1.919974275532587
1.928801727460127
1.933548124150545
3.969151313809346
3.968858397030065
3.968505454677963
3.968428264356452
3.968992488838354
3.970467107308523
3.972890167175111
3.97593880418573
3.978815843799037
3.979555134769275
3.979258466914548
3.979403111871395
3.979627746772403
3.979732426924545
3.982389247024197
3.981657543155086
3.955053727272288
3.947196528800637
3.947939841171972
3.946871184215206
3.941031188019258
3.927872320909027
3.900279284692989
3.847303970056527
3.763770187128205
3.653871015674902
3.524438188781632
3.381736111544569
3.23152697783725
3.079652916226068
2.931818511197767
2.792847327610202
2.666027363756899
2.552889509723199
2.453414636102407
2.366483652442441
2.290378322006209
2.223212659200053
2.163247874571499
2.1090926947027
2.059809553724428
2.014937663873304
1.97443180586449
1.938520724198834
1.907508006364066
1.881580287082922
1.860705748593907
1.844662048605078
1.833158118092282
1.825969033280381
1.823011217792478
1.824327644625513
1.829998017801087
1.84001308502982
1.854154983532252
1.871916605191498
1.892478987163913
1.91474908992676
1.937444364075839
1.959200903581955
1.978682439575158
1.994676134644299
2.006172340530672
2.012433877217229
3.966642937226559
3.966198737856427
3.965574231020061
3.965140290751429
3.965322697650389
3.966489427442135
3.968843586442975
3.972337515712755
3.976615352677136
3.97792156759256
3.977437837003095
3.977520454862208
3.977523165974434
3.977267049712951
3.979077174230021
3.973469213361195
3.955287645972023
3.957924531438831
3.963204182252867
3.965261813163255
3.965473266886594
3.964062177867666
3.956091841653964
3.925576940243992
3.859240880185834
3.7556406252538
3.626043630273435
3.477247548770615
3.316507536018176
3.152144734712788
2.992308788776395
2.843573384844617
2.710205763038824
2.594184243207177
2.49563997554164
2.41339296590231
2.345427599640307
2.289292743749705
2.242437172754772
2.202467307236147
2.167322840668649
2.135386465921871
2.105530199753973
2.077085040507155
2.0497577441069
2.023548643709247
1.998693613389951
1.975621613229842
1.954917405730833
1.937282400842118
1.92348222478561
1.914268650883641
1.910274123338667
1.91189242977772
1.919169319040529
1.931728345493859
1.948751028800522
1.969018814051504
1.991010301923271
2.013035334378684
2.033382447837532
2.050459751196045
2.062919057108837
2.06976420952489
3.943311032527973
3.944187167996234
3.945897081667586
3.94850066161412
3.952053433869559
3.956567307271949
3.961962379821588
3.968036118927568
3.974468517585834
3.976329907040864
3.975618545285879
3.975613828729257
3.975321755368873
3.974543144889371
3.973902359139489
3.969465149954283
3.966818149382414
3.967218027799656
3.968095857958375
3.968442452891329
3.968639719538751
3.968608848589939
3.970080000378629
3.962191512550303
3.918452702165256
3.82804770777992
3.701360150496617
3.547797982375357
3.378505110079941
3.205259130422142
3.038219111133687
2.88458613530196
2.748569252537118
2.632069403537926
2.535403796218456
2.457743803590108
2.397308506887447
2.351528963930272
2.31732778244031
2.291469792987849
2.270865712122505
2.252792509801829
2.235038941419238
2.215949317135085
2.194457208766858
2.170153455101146
2.143312379609028
2.114811471816773
2.085963561003425
2.058319857571698
2.03348395030824
2.012945955403904
1.99793292843
1.989276685248705
1.987310589354253
1.991812574130785
2.002009123110881
2.016644956945353
2.034109273757633
2.052597027346782
2.070278446110089
2.085454389705792
2.096687203144926
2.102911058820958
3.899281816484438
3.903003296549554
3.909743941791946
3.918888420165795
3.929673673899557
3.941284275334791
3.952881524162596
3.963604914049472
3.972585632066258
3.974844055604847
3.973965432455498
3.974000426224336
3.97371520760751
3.973109513828686
3.97240359458507
3.970098278628062
3.967681269255875
3.967067204259514
3.967096298932359
3.967057575733005
3.966908509278106
3.966447208651624
3.966981512622499
3.970189912958549
3.946592516651026
3.868807151828112
3.743645519632908
3.585333465254004
3.410817635868412
3.234957293203352
3.06806625507948
2.916089592434302
2.782091814462619
2.667687654769665
2.573767341258524
2.500516754075151
2.447064213580506
2.411199221399729
2.389516085373132
2.377969515513873
2.37246984420748
2.369247172420077
2.365009360097224
2.356999669166526
2.343230468293285
2.32276564313722
2.295804623689706
2.26352652247973
2.227802288683204
2.190881753731382
2.155106446728207
2.122660130702394
2.09535835398529
2.074482866762102
2.060673711912273
2.053893760187885
2.053474133952374
2.058234872139005
2.06665831270091
2.077080787361312
2.087867614962745
2.097548137083197
2.104907167174913
2.109049180848836
3.834988232897917
3.843099000927697
3.857606771842836
3.876852584492319
3.898786308611546
3.921263624541897
3.942177389470097
3.959461982773639
3.971055867455667
3.973421485084146
3.972432446097374
3.972532457523973
3.972314992460525
3.97190443029994
3.97135370468803
3.970168486087814
3.968885870564507
3.968311866285472
3.967991940369706
3.967696566545807
3.967450677758738
3.967039009539799
3.967072240028209
3.972346188200101
3.955507417291418
3.876263172608214
3.743917472144841
3.580519343110645
3.407609191111249
3.23935308546712
3.082561097891863
2.939866535802981
2.812725815866466
2.70288979945838
2.612501477397309
2.543441393589167
2.496400542941442
2.470058960306884
2.460895940358112
2.463984058632747
2.474182078002789
2.486765701931504
2.497278745449587
2.501686830327054
2.497048659034721
2.481968093151139
2.456568742514392
2.422197722714017
2.381066529213607
2.335900940603687
2.289604816666966
2.244941394107843
2.204251516239752
2.16923763864374
2.140842205234913
2.119239591829688
2.103941690718671
2.093991623586694
2.088197780105469
2.085352126141943
2.084386914578303
2.084448864608465
2.084900909930422
2.0852889363889
3.75158748316636
3.765505182127096
3.790349466263981
3.823127790392829
3.860045957915874
3.897072827469129
3.930262465637809
3.955797991820138
3.969885953644289
3.972030465180425
3.971007771133006
3.971204681867064
3.97113168117108
3.970978745059614
3.970705657405635
3.970243359361133
3.969589025848343
3.969046960554486
3.968518809365066
3.96803903990498
3.967648464347
3.966777465563248
3.966923678750244
3.974913423556048
3.946290062849366
3.841076478599569
3.690047438548171
3.525535607101232
3.366900702417477
3.220171623684566
3.084524517827225
2.958423980307132
2.842521386815752
2.7397463031276
2.654119474192761
2.589448652429774
2.548246564082829
2.530665737415465
2.533655739108793
2.55149034857956
2.577813773044259
2.606966253333634
2.632887064363239
2.650162796500875
2.655243524274472
2.646584366525272
2.624256989383081
2.589569351429919
2.54477529387681
2.492784688374966
2.436821041300407
2.380042629285877
2.325182981413688
2.274276459393329
2.228524689970969
2.188331915754402
2.15349418112666
2.123482852167186
2.097737783843859
2.075889858469657
2.057861394015574
2.043833637941732
2.034112007651645
2.028952799678668
3.651596041384141
3.672311460557957
3.709459133968859
3.758684724917315
3.814106816449092
3.869167444399208
3.917378797515051
3.952623015937474
3.969006992279742
3.970599155964689
3.969609204907783
3.969917434297249
3.970021247329618
3.970122999171628
3.970123817169928
3.970334849776037
3.970125938430522
3.969517652143401
3.968571957120892
3.96758846409978
3.966459851656161
3.963767356598336
3.964925354943437
3.970409814211472
3.897401037667457
3.740955182217047
3.570069898926334
3.419455719046159
3.293476037932883
3.182647690014516
3.077260676270751
2.973305462991223
2.872540874511843
2.780108550268746
2.701983841730417
2.64328999347739
2.607678996371284
2.597034508095131
2.610300292419979
2.642136680096442
2.684906843127216
2.730877339183158
2.771376557042189
2.800336620491358
2.814600064039597
2.812846653818551
2.794962572194831
2.761888229874899
2.715556601221142
2.65871229488409
2.594578635583254
2.526428769760413
2.457156058378712
2.388952099817815
2.323184463245064
2.260509080217372
2.201168996909956
2.145366173152089
2.093579746772065
2.046737973920921
2.006204741524593
1.973593711714072
1.950466515578456
1.93800315453589
3.539659541866181
3.567311291161019
3.617463646314028
3.684881345958396
3.761583406431761
3.837811925935839
3.903586078798355
3.949815991620246
3.968293084862945
3.969049375359871
3.968158807070107
3.968638750188317
3.969012574318487
3.96947898034093
3.96997440996282
3.971624221777386
3.971411971428761
3.971258909877394
3.970946298093073
3.971053762403394
3.971560734915806
3.970811103893552
3.974614706165171
3.924970562949145
3.762556622015241
3.551890863560534
3.384722113898906
3.274301858505616
3.198492445282092
3.132178445557296
3.061304179849367
2.98320051090575
2.902227133421734
2.825596244165688
2.760417939496836
2.711865480454614
2.682880387327419
2.675841699447846
2.693977631228179
2.736841674569603
2.797233537636682
2.85848046221392
2.909715055763219
2.947028405336837
2.968796286680742
2.973852214093816
2.961555800800925
2.932147430916462
2.886886238858
2.82794392405033
2.758098844306133
2.680298275752027
2.597201070856728
2.510856601266693
2.422655228323691
2.333571620680569
2.244583657897674
2.157084316183913
2.073135186176552
1.995489481444262
1.927387491708498
1.872178903986391
1.832857155878136
1.811606779487101
3.423224279851284
3.456756808007827
3.518661044471104
3.603908677111136
3.703073233516254
3.802847074549469
3.888568949428457
3.947068491082109
3.967528349123317
3.967243687399672
3.966469595357658
3.967167331761288
3.967755946213685
3.968225619283354
3.968152748523927
3.968676598764521
3.975312853407465
3.972618716051461
3.968772453463963
3.967743593003163
3.968781300748904
3.959857273280291
3.90652869479112
3.744458910692785
3.500127695795983
3.284042867912488
3.164886738445619
3.115657136435309
3.092972416944853
3.068039680864077
3.030964358368466
2.982950412800762
2.929744699475481
2.878286356530876
2.834897299176294
2.80361910035548
2.784848214844893
2.778002993333922
2.790119523260506
2.836552612967328
2.917266790297473
2.986628584647186
3.041047615516785
3.081852799766761
3.108450793040646
3.119317554160457
3.113162078246682
3.089428198313689
3.048413800176932
2.991209979088807
2.919490954312929
2.835166395251523
2.740003713177809
2.635436206530151
2.522713550838678
2.403333548297121
2.279526151046511
2.154564827233547
2.032790838269866
1.919347801521063
1.819698768074671
1.739038567591552
1.681720128129978
1.650787520920779
3.312716195624691
3.350065221481343
3.420336817070669
3.519893010259371
3.639454608370126
3.763176324787666
3.870989764671131
3.943623033221844
3.966451073247964
3.965083692854353
3.964423826160606
3.965616535991308
3.966697353378268
3.967487815556791
3.968257383812232
3.964753576153664
3.966383329412873
3.956771256009159
3.940486941628923
3.919864653401417
3.886515955468458
3.814599602660759
3.662173344564617
3.409109997136594
3.166590934221018
3.02598007435869
2.976692074705082
2.97188213033456
2.97662487590163
2.977820168028017
2.973185074379431
2.96418462162773
2.952994267525183
2.941838996782155
2.932809987916712
2.927298612085691
2.923559077339311
2.918039070051123
2.91092260817123
2.95169021158282
3.04149470076384
3.104694217941247
3.155246071933714
3.194439674759082
3.221570999762375
3.235462541843657
3.23480796638175
3.218452305349127
3.185487616303809
3.135261020698707
3.067359833898644
2.981512087311473
2.877526406712478
2.75553233335998
2.616550422729489
2.463102115500532
2.299543249420434
2.131995230587448
1.967905988522637
1.815339676644959
1.682139081978428
1.575145431663775
1.499640877113522
1.459071732409678
3.220876886351203
3.260182062044255
3.334407751386112
3.440995859662891
3.57301778076343
3.716171019717706
3.847026370071257
3.937486160275089
3.964824193049865
3.962435748389656
3.961707740876135
3.963901323733295
3.96588328102845
3.967509762854623
3.969885675202586
3.962146902633275
3.942655368694626
3.922395713644466
3.885304744871318
3.819168225010399
3.713338183263977
3.555625644249787
3.339033632635072
3.097519924045272
2.963816022718317
2.938869602025526
2.93597276921354
2.939508084217425
2.94331061862899
2.947721682446994
2.951782938665545
2.955449341796399
2.958678274455146
2.961526689099588
2.964055025765646
2.966503541020965
2.968020071630726
2.971613181128449
2.956662493172467
3.006555115601896
3.124383798573953
3.196743196612116
3.243166107543825
3.27379626946259
3.293759854366506
3.305028175434587
3.307433909130861
3.299542299983391
3.279026539603728
3.242668491071545
3.186554394397378
3.106429573841905
2.998493754504085
2.86071128110881
2.694065071677945
2.503096447544113
2.29560704206333
2.081790866502556
1.873065954864324
1.680780650194546
1.514990903599856
1.383572692978822
1.291884956534131
1.242975562393529
3.161495886431996
3.203288877461124
3.278647967662225
3.382087290078262
3.510329590285999
3.658367188095256
3.808087520149793
3.922975160724462
3.962316016739055
3.959189198966557
3.957745640838907
3.961854647516648
3.965331499490937
3.968636598745442
3.971435081455238
3.959736471600156
3.933078351182284
3.906434377350095
3.839941205015347
3.707713599702879
3.512336192110751
3.280352336178881
3.05471179813451
2.898494501570729
2.907228016465629
2.95354970938526
2.945730865542368
2.951076058031835
2.954078144541622
2.956828281033149
2.958031652515962
2.957943474347522
2.956961171791323
2.955689590788325
2.954657496494034
2.954531562010566
2.954510860076138
2.960066413167796
2.942710623507506
3.01101578409975
3.172687627490204
3.259363915116717
3.296873965840307
3.307946497575508
3.308637042402959
3.30790039450755
3.308537824394057
3.309204627051539
3.305925098002989
3.292004133199586
3.258053458870831
3.193104293143224
3.087466580032548
2.936171375458585
2.740926527843726
2.509886029604014
2.256007156580764
1.994917344495641
1.742740880537148
1.514105586541593
1.320610672615427
1.170072486296657
1.066710471258072
1.012136082515207
3.14911378216634
3.197932928192345
3.275392407991602
3.365534421058868
3.467126553100802
3.590929709111282
3.740096889855201
3.884305150634576
3.955522413308925
3.955069906127652
3.95147978453168
3.959278091123767
3.965380580952666
3.972262596930368
3.973535150036538
3.962992517543565
3.959274031243118
3.941982263926032
3.839546178227303
3.629101083072224
3.341405524686775
3.045240083486043
2.828032024749499
2.764860253501399
2.888722525255695
2.951165444575981
2.935851417434669
2.946202228514767
2.950946077727774
2.955085424658402
2.957343910739757
2.958232650075624
2.958168415676627
2.957732478700357
2.957391036892344
2.957851846626822
2.958048649936771
2.964915254683497
2.942451477533127
3.016546438048841
3.210041273329185
3.298670313010591
3.312891058887538
3.286806393676198
3.250038031664849
3.222728517934314
3.213534849570375
3.221524031424627
3.240266627677633
3.25862588582133
3.258916832419259
3.219705166849141
3.123049963882693
2.961008684699994
2.737447541320012
2.466031385348145
2.166682081778694
1.861762942480969
1.572499610251169
1.316146959093286
1.104445800604618
0.943572464749727
0.8352990176783286
0.778881855454631
3.202977864057797
3.264326117937808
3.344923804361854
3.415531604160316
3.472277217536241
3.533382893631614
3.633070975901484
3.787310888509123
3.926766424489135
3.948367508287475
3.941015932515271
3.955722910440146
3.966471050748702
3.980304406766142
3.977887026151022
3.989753209036388
4.055864000409667
4.048157348168831
3.890799841849374
3.602971525034678
3.242033754899881
2.886615697995657
2.64536557762895
2.628300540178818
2.859709009456371
2.950110544992114
2.928389657008843
2.94493202045957
2.951718654814121
2.956904049470789
2.959312355200461
2.959882236796505
2.959264334019091
2.958229617768959
2.957374858760553
2.957574839718287
2.957581563882548
2.965821783997991
2.939206587016256
3.027792384020431
3.249908474023875
3.324215766512104
3.294074984763931
3.206382949440945
3.106318421512526
3.030137838737359
2.997879384168809
3.01042345414262
3.05579590480014
3.11642522013615
3.161986347342078
3.156953103947541
3.074740809484431
2.905798538577863
2.657460335137376
2.350164685609029
2.012238840559029
1.673790170457647
1.360904258175093
1.091833432481508
0.8761533354742185
0.716461815658344
0.6111808106943456
0.5571199624718125
3.359502006848454
3.423528941734938
3.492915764378689
3.544344779549857
3.562265347634554
3.538677502211623
3.514636526283963
3.594311289643681
3.830836906429322
3.933951282760844
3.92486105652642
3.950806612625508
3.968931918227881
3.994167255140231
3.989728149986733
4.085121920048496
4.257330117153699
4.19537185343124
3.946758678919476
3.610942769639767
3.237059649619144
2.853149913911055
2.535159684534751
2.451868481974861
2.772388838973099
2.942020859026978
2.919090641680615
2.944504024625746
2.954402389943432
2.960620428435412
2.96280878016595
2.962553244240121
2.960853625788106
2.958741909603464
2.957004616859695
2.956691132982059
2.956362099324231
2.965963940764495
2.934795496727362
3.041704400380465
3.293675585497666
3.342362436344099
3.247626375683236
3.071428548009237
2.876038665854483
2.718604532201506
2.640438712827589
2.652231068928203
2.730411860932004
2.840673303720223
2.934363816251233
2.96352443542922
2.898438660096901
2.729826343806969
2.467371262218817
2.13764256351369
1.777923246601824
1.42625760111965
1.112158630627228
0.8520563476915366
0.6504228998482835
0.5044559202692118
0.4092011401019356
0.3606293025536407
3.695191348349629
3.69002608956371
3.699747030399926
3.742175166565207
3.757559640130181
3.677960367521456
3.497634874682265
3.361494998840236
3.636752108180911
3.902525766202515
3.905619245941607
3.945121085028086
3.972132660604233
4.01118373198794
4.018967982477479
4.280870566884785
4.499146126134258
4.25902348567225
3.92229685409366
3.613363585694561
3.319301136219213
2.992140542541642
2.611587327643498
2.317447079490988
2.59373421314696
2.916716224653396
2.912570684047403
2.948440610679224
2.96171882437473
2.967962344703558
2.968800262554542
2.966623960704714
2.962836415538136
2.958775799764593
2.955490207031197
2.954194319594202
2.953250656450134
2.964151653570453
2.928021896986399
3.054827855035614
3.339307345610671
3.356445266510695
3.182490251865045
2.8951562199215
2.573074445959471
2.294505121981005
2.131433581737974
2.127244909314323
2.253121898084427
2.410270176540394
2.532773369303356
2.579802046307487
2.532100085121766
2.378433365509643
2.125087084228921
1.801664368155576
1.452857560441713
1.12233431946798
0.8394265935025116
0.6151509279624633
0.4467394582611441
0.3256205747174869
0.2444351723675439
0.2012420758068839
4.344716795615787
4.049458425642038
3.938056918435819
3.991668042585156
4.029536976654401
3.959201713473021
3.745860868072101
3.412144316194538
3.526055692929026
3.883357610890534
3.904758988829867
3.943895243701984
3.970418046948077
4.009156414237452
4.035187056626325
4.39011934511201
4.446887632514117
4.062564197554334
3.7826034868639
3.591676474875415
3.433669989808287
3.258052293315129
2.988490490681183
2.557243992016908
2.508926945741855
2.902820853802536
2.931264396454754
2.966078425844683
2.977665781997991
2.980593076522424
2.977922411025346
2.972241631499913
2.965069805332607
2.957986833580131
2.952386849346321
2.949578069531652
2.947713279617377
2.959780432825178
2.918456404301535
3.065857864815156
3.384806318510199
3.368227277939819
3.107461813225001
2.69568936077464
2.226601098907466
1.794064554409695
1.494440061407107
1.425578103705806
1.626428478529729
1.802707126848965
1.895125858720078
1.92529993494833
1.894414747803238
1.779898594965843
1.577749570743305
1.314742574754434
1.034892524790565
0.7785860509696551
0.5682495281368343
0.4072385874752637
0.2873262497365608
0.1977374211830281
0.1316034702015679
0.08820885189942171
5.421096132721603
4.489195255786141
4.258043840614219
4.283620736408256
4.287319671460507
4.239648448955498
4.20074875685139
4.179100578894841
4.032110019039103
3.934167914665798
3.951414127437061
3.955167060571987
3.955112745302086
3.957778541604344
3.977541255991976
3.867016540266386
3.687032782375697
3.666824950253114
3.630185118035225
3.56236995220104
3.497402089080599
3.445250154288956
3.435517425876258
3.41145254858263
3.123280324641266
2.991109940905212
3.014316649399222
3.013838365802067
3.008206923742991
3.000542195286044
2.990762408039359
2.979417468526193
2.96718685576854
2.955702772551742
2.946892314233696
2.94197571127062
2.938897200188841
2.951958734346251
2.905580115108413
3.073475928450749
3.427495560775198
3.378531756014747
3.030681647891576
2.491527297270069
1.871861629288391
1.28177132420052
0.8248790524814563
0.6070552275761977
0.81987517012663
0.9705199199622817
0.9380339426442149
0.9118667614145659
0.8869552310079253
0.8396163097459775
0.7578696153575861
0.6508943874372392
0.5367132480823101
0.4304076144815879
0.3384776864028371
0.2607748748307731
0.1937248768009388
0.1336956547790568
0.08314733948204762
0.03228270602713523
4.863010297848183
4.574171711808005
4.476079199191787
4.415679760611141
4.363483100425019
4.314712467592241
4.279580514223428
4.252378237819994
4.172087915929043
4.038435412649326
3.998107652298821
3.966633731266932
3.939268677481783
3.906069398874981
3.863875643375256
3.721688097484713
3.637707459739099
3.615100632286804
3.587791074996701
3.549319247950077
3.509939514477818
3.472871800057001
3.448631552717234
3.421256474002536
3.325594629688829
3.148476359972703
3.099548939099348
3.064428237840708
3.041067781769321
3.022222726545665
3.004736999999662
2.986865346526878
2.968172912792146
2.950752902024964
2.937843937027955
2.930247647990497
2.9257662590753
2.939641807740383
2.888914590951329
3.075405908019942
3.46253749453906
3.386852569886027
2.960118521293271
2.30117264852575
1.541667739170647
0.8206409226198139
0.2771521841553257
0.06499702468679176
0.407734185658188
0.6338905554496186
0.5644484881280644
0.5598826216498791
0.5382306350280401
0.5105816848260797
0.4736427998269504
0.4279496718073016
0.3783345187264443
0.3282542704625915
0.2780728761204939
0.2276106244735037
0.1769215217531401
0.1258588529236558
0.07586536435292102
0.02482902099706483
4.56432519396711
4.470594872397324
4.418609398638938
4.370093698242428
4.325246711279603
4.277732729741327
4.230408006034164
4.182876428009164
4.120527715939431
4.048356550933145
4.007267899981828
3.969151987929281
3.933432202970489
3.893803996856872
3.850441652653061
3.772881100283487
3.70505811287977
3.655124820015067
3.605482565657878
3.553959068834828
3.502876900442132
3.451962954638669
3.40232660964512
3.346288611483679
3.266467017891892
3.175237897309473
3.130239797458615
3.092815302869303
3.064454547984201
3.040263326191794
3.017662544328623
2.993769365946706
2.967175529036666
2.941685670081951
2.923776831917994
2.912979269079981
2.907096916594544
2.921665218389089
2.868028750577298
3.067541489484704
3.482191007918346
3.389679864982335
2.900920455705483
2.144142038747402
1.275553086040497
0.471706342626347
-0.07968454220317372
-0.1779935174188655
0.3967623001884568
0.7289147768375818
0.6601272253098468
0.6714574884188717
0.6502924453618554
0.6153243946941174
0.5644222575141947
0.498605396989086
0.4286230659935327
0.3621865375905105
0.3000677703403009
0.2413879843741454
0.1855226814537585
0.1315709717861447
0.07940823110780221
0.02748715788400784
4.488409182737382
4.448605900066727
4.416575978590316
4.372844678386628
4.328498434728714
4.281394469267986
4.233252092816747
4.183513452829533
4.126364260765422
4.064905649814024
4.017054535989821
3.971900070688564
3.928423226000236
3.882069780765458
3.832234159635926
3.767253426297573
3.706413815533446
3.65427179167348
3.603563141649782
3.552668733242843
3.501915230426906
3.450817991740533
3.39926557603239
3.343567041236421
3.276889032192002
3.206240128719966
3.157447821352158
3.116628493592674
3.08429787625945
3.056636383892038
3.030760806785269
3.001117292994375
2.963688033822502
2.926264997245394
2.902505603104474
2.88820895029879
2.881386491576654
2.896922897906311
2.842637875925179
3.044967656510938
3.478982365673019
3.37687822249009
2.845833025071619
2.03295476273731
1.113407052302703
0.2816628504864844
-0.2458827779348514
-0.2525983167587676
0.427765649151588
0.7276252203879658
0.6435780885261448
0.6568001625893979
0.6359870189402252
0.601382816076718
0.5507707631968739
0.4801132252440576
0.4075128912392059
0.3443698387352158
0.2875507159732468
0.2333111371806862
0.1806990596959776
0.1289235775230767
0.0779226830855492
0.0271443760834988
4.487099348238953
4.44751075085234
4.415437966736691
4.371457059151887
4.326714580695576
4.279100858363456
4.229915139546454
4.179288395919255
4.12535811094702
4.069836696783496
4.020496493955173
3.972815281374667
3.926009223407239
3.877366522714626
3.826319315229332
3.768105483308064
3.71112902427149
3.65772101011906
3.605237177210887
3.552939042263703
3.500688782849218
3.448022657440851
3.394676896848896
3.339298933249802
3.279964170373131
3.220666456419313
3.173368192985788
3.133157765905072
3.100536903490992
3.073055649786797
3.047909239384243
3.013721403961483
2.959769528253576
2.902722001507785
2.872198700866342
2.854181753708192
2.847487638882792
2.865268673044356
2.814050811784066
3.013630589386388
3.45396271315563
3.321395319752924
2.760032629578911
1.960204248947867
1.084385754470004
0.2847258483245927
-0.2406233115176943
-0.2479107193623272
0.4522444288774225
0.7439780890345992
0.6629097682645388
0.6807232560726229
0.6618963170275041
0.6256210882150361
0.5706312306963937
0.4810042507145997
0.3935044050583397
0.3296818798666764
0.2774593388872587
0.2268274472177624
0.1767419881981519
0.1266763504298656
0.07704879043532152
0.02731493090516806
4.56118321571848
4.468425597270879
4.416947936637822
4.368654550522417
4.32413771406185
4.2771322556431
4.228048968474365
4.177464497535439
4.125183440024303
4.072361505185564
4.02256628667478
3.973902076798254
3.925651140875162
3.876012454634203
3.824384790690758
3.768814108661266
3.713184673107325
3.658891969776889
3.605125925388199
3.551503791117319
3.497699784633385
3.443255819274661
3.387939987816005
3.33147614952079
3.274011976360855
3.218528863586982
3.171549548338073
3.132346964297458
3.10225447051411
3.080302898555997
3.063882168120975
3.027786996568064
2.946858775955695
2.856615583379206
2.823698001197191
2.805286532208764
2.802377488901382
2.826146448296194
2.78820860663678
3.018929165137307
3.406517053227231
3.156599221694116
2.58102344983692
1.899581357372072
1.196141271137546
0.5152746379656645
-0.03236125224396923
-0.1808486152465053
0.4373844442333253
0.7553802777794706
0.6911568838651576
0.7163281492641644
0.7035136460096996
0.6691809182072697
0.6146563509519595
0.4895542882762075
0.3737716717803517
0.310062939991593
0.2677254319533877
0.2231850982422273
0.1763640328879429
0.1278681830038795
0.07955182742908021
0.02929358394074258
4.855826036204348
4.567995068824256
4.468679034958609
4.405041807830931
4.347718097717819
4.290827724475451
4.235631138169618
4.181814806695872
4.128332464776688
4.075064779132869
4.023365514260481
3.972244055499438
3.921418488961506
3.870163015998799
3.818304534910856
3.764944524411693
3.711882706976835
3.659750782799454
3.608197766559999
3.557141712695182
3.506582053640562
3.456489508604784
3.406948035015755
3.357977625857374
3.309706009784919
3.263495131110304
3.222301172625303
3.18565872945869
3.154981455177401
3.133952586749299
3.134469077792863
3.114857335721419
3.01189704225204
2.812451773885681
2.766374787261987
2.74470121423623
2.746420534273334
2.779566068267503
2.784056213909807
3.131269072384965
3.239064229092504
2.769931852166272
2.27449829205071
1.835465959013428
1.410690423758889
0.9624280940286614
0.4650733942733819
0.04448632756404031
0.3269877731483017
0.7473768974612304
0.732381416548415
0.7680705445944871
0.7623590256553201
0.7266981079416004
0.6608792047055743
0.4107578982374724
0.2701672419511109
0.2394087382008513
0.2283596404515158
0.1942617755136837
0.1526517051583891
0.1085425664545424
0.06585560883967072
0.01983575878935559
5.418095163207475
4.490561688456294
4.261953914198268
4.290022779387224
4.303062536929935
4.272294108081202
4.224498365897873
4.173006309731792
4.120757120480892
4.069703552226218
4.022315395632645
3.978009436235421
3.934340588706795
3.887960445228199
3.83646310953976
3.779404070348416
3.719918641395882
3.660793849072761
3.602670515630213
3.54479396712714
3.485515982105399
3.422830172163027
3.355278799869983
3.282905828771894
3.208468547998115
3.138180230067518
3.079161387581088
3.03538521144314
3.01770450513464
3.060631965240228
3.20055472583283
3.254625295493138
2.751184850319735
2.606093720808517
2.637554507388939
2.646830792260352
2.662188590642507
2.700050044999146
2.763776205291968
3.146426929630111
2.635749073132431
2.141121894036325
1.94234664068014
1.791832125660396
1.624261939882436
1.460307406627879
1.236396177246172
0.7331306670570842
0.3174190430129369
0.7540175799750877
0.8097877392129055
0.8529989825305082
0.8666362753286803
0.8707542979705496
0.9009854791890614
0.7067647479927741
0.1274052286985291
0.1447488507299282
0.2449897391365364
0.2456188244946469
0.1986300062672276
0.1444523632551637
0.1008166889231455
0.04571110605996114
4.344443431914597
4.058534521762455
3.96280272937337
4.042673744909407
4.132661393104362
4.169438972623676
4.162921234129566
4.133461313067192
4.09474163661383
4.05647295470299
4.024849827157622
3.999604367682121
3.97410702049026
3.939117449430892
3.887967947929151
3.820363729867725
3.742052279623175
3.659582240556186
3.575631923552475
3.488288464243359
3.392644928904008
3.282968596969064
3.155336847283119
3.010952810499144
2.859098684810473
2.716687011654797
2.602961757893429
2.535357952829763
2.531991472494524
2.599093774875822
2.654318003978217
2.450354764214481
2.121557724452454
2.460660111608069
2.498595703021607
2.533163813325285
2.541665577464907
2.539440548855826
2.576589367321722
2.347659469891442
1.704654486818826
1.717995361327098
1.81151912900891
1.788481518459976
1.721166683395338
1.691758338082523
1.766008140137621
1.757899259028709
1.142322157224167
0.9357015901247585
0.9739891093375551
0.9788673193319773
0.9908928232186439
1.030567493431466
1.073792461244048
1.48898445929455
1.11668201898142
0.7115533580025162
0.5924343796726773
0.5339306617153873
0.4581574077702611
0.3745643639983737
0.2997715380843883
0.2426192810543878
3.670815669271194
3.6804565899578
3.720770889307834
3.818362849525032
3.931844127746641
4.016365677668217
4.059581113668362
4.070525690586249
4.06327650981973
4.049637807437602
4.036292154695655
4.023288256935657
4.004687610834266
3.972050729474409
3.919054231466949
3.844603019219594
3.752345943338256
3.647205235851351
3.531676103612064
3.404412471381394
3.261294010911394
3.097925222982039
2.912786646230002
2.710328070697757
2.502552810054993
2.307369523499853
2.143825078078569
2.026177532643482
1.955079510166038
1.90147265438751
1.808142963173827
1.717496293701759
2.097581483797361
2.45925097030466
2.42642272069093
2.452139930712109
2.438131989368014
2.392868429706168
2.32082700746521
2.051377798963399
1.882713544376181
1.845034553147223
1.826624087560199
1.783186148093912
1.733915187914945
1.68902788334444
1.666065108196144
1.621604300616662
1.458724124837402
1.194400744717982
1.126465864499621
1.087833101377097
1.078492064636719
1.111459723967621
1.082499894967096
1.506536091272975
1.87680111424116
1.604036032786586
1.302518568563477
1.086712666898992
0.9247457837604501
0.7946965137144483
0.6961246584326557
0.6387979040193204
3.291322887160584
3.376438612318824
3.489689982623014
3.615013909784311
3.743080463268946
3.855752472055458
3.939480614903615
3.993106986037827
4.023737422779189
4.039823207377365
4.046629847679435
4.044560662541041
4.029746930912442
3.996398626989118
3.939728415941926
3.857865158132032
3.751780896883498
3.623639994073939
3.474787658532661
3.304736063268188
3.111806914603671
2.895121364135488
2.657072815687579
2.405166042851441
2.152039591092773
1.912963691305026
1.701072465381548
1.521433575946482
1.367554930422047
1.233610849214424
1.167425342797337
1.358560623644205
2.131685127155016
2.463036677485778
2.382367558182988
2.40149417166328
2.379874776783643
2.334851511765236
2.269071412311542
2.125515491374464
1.985956496433486
1.90637584215897
1.848161053376388
1.787055848680868
1.724503764352602
1.662229500956917
1.601735556752982
1.520436341228212
1.386699163112303
1.249615747918022
1.189313922283914
1.150028536567951
1.13249738718981
1.156615549932182
1.077036054723478
1.430853438308171
2.19395279085821
2.261917763481957
2.026308850757517
1.746659562466153
1.513551138076763
1.339625355325846
1.221953847361184
1.160106591487753
3.075656943347381
3.161951543555743
3.291293384181596
3.433886505431718
3.576190548491744
3.708736257829447
3.822413563179722
3.912214589376334
3.978448108678193
4.024112258054072
4.051659024080719
4.061240015486638
4.050646831043086
4.016379247793675
3.95505517835002
3.864416142782975
3.743555844497366
3.592490299499982
3.411506692037659
3.20088276576968
2.961427737528767
2.69578475868512
2.40986222443764
2.113472288389001
1.819407093108182
1.540773371273722
1.287411812794745
1.064210879277841
0.8779479394611185
0.761525046948641
0.8117310513083141
1.200763835627325
2.114779023569518
2.453964910441444
2.353585556655674
2.367760651320468
2.339710917729467
2.292166360720552
2.224214119700632
2.117666859966858
2.010337378283134
1.9294686000954
1.859926072383219
1.791395085036381
1.723096594247134
1.654380555136525
1.584629705599374
1.504347570038969
1.401468029503448
1.299920040981773
1.236471749732339
1.193320670945651
1.168355245232027
1.185386321344672
1.086337013463952
1.427330544132869
2.31879909060188
2.624764181472047
2.561247274225888
2.346549147479459
2.118275411948
1.933936369350952
1.808795825496421
1.743849509092172
2.947452528971622
3.020179507010382
3.140607037953998
3.285041361620097
3.436370918941444
3.583998499219703
3.719818803785383
3.837395211348285
3.932776699153762
4.004287741941197
4.051268513280202
4.072875508713755
4.067551376815246
4.033102188302258
3.967073929493586
3.867164777790224
3.731546820111091
3.559078312702014
3.349478188073352
3.103619514878317
2.824096342131544
2.516019170334617
2.187686811830757
1.850621561775235
1.518632374822809
1.2061441874976
0.9270603520308736
0.6968462490306074
0.5410250279676463
0.5093514073269205
0.6853589411645239
1.178243729220702
2.108661188630895
2.448265195659559
2.342697887482941
2.353097701920166
2.322188352348988
2.275170139619448
2.209789842915697
2.121507901122157
2.029124516539694
1.946656150926823
1.869906328576434
1.795015363932224
1.720908331096205
1.646407540205036
1.570590601191448
1.489952940773299
1.401438143954964
1.317442831509025
1.255990063718607
1.212536554690933
1.184085796847982
1.19615471930886
1.092702909943666
1.428625349077258
2.330286829900414
2.764193277598365
2.87375283623166
2.79711433233946
2.648194252984055
2.499706493914482
2.38793634079997
2.327063263776922
2.868954886436884
2.929703546832884
3.036546520323736
3.174587582176208
3.328543978418604
3.486162321069822
3.637816846898309
3.775457527248121
3.892543722352052
3.984299421680507
4.04754304271486
4.08012529803568
4.080319108004884
4.046376938794133
3.976321667123513
3.86798760216148
3.719300347573665
3.528736416126747
3.295878386401814
3.022001622900792
2.710661606334178
2.368238305907264
2.00433515592112
1.631914348123985
1.267182245320087
0.9295615850673845
0.6424811486327996
0.4356216987841442
0.3476658235458015
0.425749001466512
0.7185187302804419
1.270801030199406
2.139469660212744
2.450171731485015
2.348890032947363
2.354803484008677
2.321950934794468
2.274425250829495
2.20975529303189
2.128723492758861
2.04198254848253
1.958034658369046
1.876988515141773
1.797723752750959
1.719379301938929
1.640835730247784
1.561302293202125
1.479746985002514
1.396564920343879
1.319322668206844
1.258119276512011
1.213593276094991
1.182812679820931
1.189843844296
1.091045124690743
1.397145996113046
2.238275139912425
2.749575132564222
3.010949895088967
3.089177731294658
3.054807054826151
2.973242028658794
2.893392114877009
2.844735866003107
2.822328387900307
2.875337841975822
2.971695524261841
3.102354014956676
3.255339357920163
3.418331871116905
3.58013322324487
3.730962001632568
3.862519451921716
3.968191600253328
4.043150122726004
4.084128324464301
4.088908609600251
4.05571864260924
3.982759141230713
3.868032261597411
3.70953499501506
3.505761288901067
3.256370230402877
2.96286103730686
2.62915134149986
2.262055755820236
1.871765100761659
1.472496344421341
1.083482807594541
0.7303354841223276
0.4463907248721136
0.2728059829558605
0.2550867282872752
0.4337251577847258
0.8298765359952893
1.434096132696495
2.214834057588912
2.468368431080717
2.37470346459932
2.374325099623267
2.340168120349177
2.29079569910103
2.224017299739765
2.142680722540923
2.054813892016596
1.967405234347213
1.882367101318966
1.799509948043053
1.717808223603294
1.635853699242178
1.552637870991035
1.467929194721777
1.383567518136299
1.305855523784792
1.242347201199715
1.195700788227768
1.163438491092861
1.163978644752209
1.07274669672295
1.321328915151469
2.078371395515275
2.65556172981614
3.044193386605308
3.254737750502781
3.325994356383797
3.312890962162925
3.269438270920031
3.236055646621252
2.799487099020771
2.848552667663747
2.939350071725515
3.065461778985593
3.217049927658067
3.382275106927857
3.549158390392706
3.706806865282612
3.845911001730956
3.958944563077506
4.040255179083635
4.085936342545068
4.093396959651899
4.060742686651428
3.986216143991892
3.867927754265303
3.703985904851721
3.492981668202695
3.234667432032538
2.930637287566454
2.584889623401064
2.204312321680946
1.799314695992212
1.384927538147906
0.9825572336803164
0.6220666578103717
0.3429578000314798
0.1925583505144118
0.2192109697354175
0.4602009658233679
0.9260251021965856
1.580395129511997
2.307924249470087
2.502742075587461
2.4128704628999
2.409576702966606
2.374928834365519
2.322624692683027
2.250759973563381
2.163347609919302
2.069093137609777
1.975833472590348
1.886397264634343
1.800457523164384
1.716190297509631
1.63127689982054
1.54390276834789
1.453657352654337
1.363146645015274
1.279521451289949
1.210984632582227
1.161340984697387
1.12850839520014
1.126013507174106
1.038341022233847
1.227997970331788
1.934516714434132
2.5699414435088
3.041051902180023
3.330893605946442
3.466064457622864
3.49635023455032
3.477177322549896
3.454096836602988
)
;

boundaryField
{
    inletLower
    {
        type            zeroGradient;
    }
    inletUpper
    {
        type            zeroGradient;
    }
    outletLower
    {
        type            fixedValue;
        value           uniform 0;
    }
    outletUpper
    {
        type            fixedValue;
        value           uniform 0;
    }
    sideWalls
    {
        type            zeroGradient;
    }
    topBottomWalls
    {
        type            zeroGradient;
    }
    frontAndBack
    {
        type            symmetry;
    }
}


// ************************************************************************* //
