/*--------------------------------*- C++ -*----------------------------------*\
| =========                 |                                                 |
| \\      /  F ield         | OpenFOAM: The Open Source CFD Toolbox           |
|  \\    /   O peration     | Version:  2506                                  |
|   \\  /    A nd           | Website:  www.openfoam.com                      |
|    \\/     M anipulation  |                                                 |
\*---------------------------------------------------------------------------*/
FoamFile
{
    version     2.0;
    format      ascii;
    arch        "LSB;label=32;scalar=64";
    class       volScalarField;
    location    "5000";
    object      p;
}
// * * * * * * * * * * * * * * * * * * * * * * * * * * * * * * * * * * * * * //

dimensions      [0 2 -2 0 0 0 0];

internalField   nonuniform List<scalar> 
4096
(
2.236255494077455
2.280188697225088
2.358939466655032
2.461613137994992
2.572046454014506
2.670884765213817
2.73835785413884
2.756637884406252
2.711624864412057
2.594474214711182
2.402865355555466
2.141659460578419
1.822631149400761
1.463251820929881
1.084788629556204
0.7101206913877315
0.3616517253210333
0.0595878789540989
-0.1792510361085493
-0.3419802135243151
-0.4195734634732826
-0.4064557755364554
-0.3003209896071316
-0.1025780465390823
0.1807530496905862
0.5382618665050213
0.9528984487307214
1.402448093494036
1.861016652154931
2.301701389232769
2.699837099957933
3.035670462813298
3.295743736911188
3.473051780255425
3.566295785204137
3.578546535778896
3.515767238126387
3.38573005030061
3.197568458347594
2.961751516227954
2.690082567456435
2.395450629323499
2.091255321025111
1.790552360060355
1.505049597645353
1.244151952793354
1.014276647120271
0.8186009487231745
0.6572786413027689
0.5280299755470194
0.42693138684122
0.3492251453423801
0.2900161758244331
0.2447888059267348
0.2097315956671762
0.1818907402756857
0.1591833687979206
0.1403016026630672
0.1245387185166662
0.1115771520796801
0.1012896116076888
0.09360289383881672
0.08844541138131841
0.08575593981457896
2.239903727804637
2.289854669058214
2.378034218817651
2.490651805733259
2.609162531468239
2.713562086012557
2.784732909026078
2.80578735772026
2.763327685867528
2.648889247697549
2.460161972598891
2.20157609795741
1.884109202836692
1.524366724185299
1.143084989416912
0.7632770166501497
0.4082807078091026
0.099927176809881
-0.1430484330475308
-0.3062568523413139
-0.3803710149057372
-0.3611019448436379
-0.2485888276346619
-0.04684718110788758
0.2362233891688851
0.5884723770416364
0.9932251038296238
1.42929756853957
1.872161335686906
2.296568981241093
2.679733494697513
3.003734225534707
3.25637989396973
3.430835659853314
3.524784334837816
3.539400708845788
3.478577282993444
3.348669171491679
3.158514673814667
2.919303831230993
2.644117858110958
2.347186989762552
2.042943332229227
1.744938982239829
1.464763786162045
1.211171240620478
0.9896089715155131
0.802238069814859
0.648381172922753
0.5252394796370552
0.4286952210372484
0.3540525963545527
0.2966316877355881
0.2521870564736813
0.2171612011027377
0.1888009835735757
0.1651672826833022
0.1450616894773314
0.1278872041298137
0.113460937417496
0.1018101400417089
0.09300128128985125
0.08705229621028372
0.08393646198232324
2.25197011611431
2.313533381754377
2.419239210766604
2.548966591592734
2.680416460250476
2.793358356189386
2.870056467620258
2.895128472881979
2.856513070452992
2.746784363493046
2.563935110763673
2.311594928398777
1.998986475363468
1.640704123138533
1.256128409284274
0.8682772616308553
0.502102957396507
0.1824178080234214
-0.0684009803154586
-0.2328510046296681
-0.3005408810336899
-0.2692663544933144
-0.1439739118025065
0.06586243757644202
0.3484060207540001
0.6899344910580397
1.074238400617649
1.481945730375938
1.891683299707409
2.282391855939908
2.635510762255207
2.936554857334212
3.175458740952129
3.345439514689813
3.44184857499731
3.461783994618763
3.404989287183879
3.275319248471489
3.081404804133905
2.836043547022281
2.554807089778588
2.254422001804725
1.951155367536783
1.659314616302365
1.390057786406678
1.150747495075167
0.9449505763070724
0.7729783404566916
0.6327270374281879
0.5205711648515875
0.4321422592150399
0.3629226326465909
0.308652797667216
0.2655841753916657
0.2306161296364027
0.201352088419088
0.1761012112174155
0.1538407504976734
0.1341393288111722
0.1170282590226916
0.1028119799181478
0.09184445170004252
0.08435383095021076
0.08040894685114652
2.284924879927428
2.363661116427719
2.492348062697264
2.641358390791886
2.785941718644124
2.907130855177245
2.988526856351198
3.016274321922072
2.980692753716783
2.876786540676345
2.70356954113509
2.463465095591355
2.1625895925342
1.811789504781415
1.427650628739334
1.032591492119331
0.6535675287623354
0.3195168470563369
0.05798551654807391
-0.1087630137284107
-0.167870732335804
-0.1190219817621193
0.02600198467071756
0.2487078380449727
0.5304478723563868
0.8547425776606021
1.204838996264817
1.563515507384346
1.915826500996681
2.249821042240919
2.554957364918122
2.821451474135752
3.041187247115964
3.206775797711633
3.30909616666632
3.338249348440236
3.287779022293911
3.158572009686337
2.959664262231547
2.706530363269333
2.418422525492582
2.115587656345727
1.816659918509031
1.536555353269039
1.285273236578949
1.067799937677659
0.8849244647429578
0.7345095355369345
0.6127617358610821
0.5152251663318856
0.4374270903988339
0.3752334960177327
0.3250139333764184
0.283701452606404
0.2488028210063093
0.218389292580471
0.1910850475369694
0.1660628014990688
0.1430422195243678
0.1222602429803124
0.1043573470933037
0.090138562114863
0.0802591747723727
0.07502581844414315
2.363584512703245
2.46151750357266
2.609338162589037
2.770623017662351
2.923500055781175
3.049570926978395
3.131282394826833
3.156549271201908
3.120407155118821
3.022450841345859
2.863557068865889
2.644415700585683
2.36647601238894
2.034702542083789
1.660818388481368
1.26537272418485
0.8772630041986582
0.530401466847863
0.2584735696622014
0.08922626711277681
0.03906495504633894
0.1081257411873813
0.2781386322028847
0.5185468409468905
0.7995914996437309
1.099497151939114
1.396958154352454
1.677494913908575
1.938644083647632
2.185365161822826
2.421014423225156
2.641703295080954
2.838596026769323
3.001739114499999
3.114050380839214
3.155694484992013
3.113357771411513
2.985575550607821
2.782428159896521
2.522755024790418
2.230417270932406
1.929956398066184
1.642430102578795
1.38256858879311
1.157962205438131
0.9700877360971099
0.8163080407780139
0.691916089443014
0.5916618271172037
0.5106281586911304
0.4445884085772864
0.3900565273957795
0.3442059687799666
0.3047623116846446
0.2699147265140723
0.2382573958426497
0.2087619775105735
0.1807865561132964
0.1541290493945674
0.1291114253632645
0.1066253165830262
0.08801443041895807
0.07469086706712577
0.06757150424663469
2.535793318694894
2.637035684194436
2.777227474888718
2.933720915011145
3.088264261633166
3.212841175605345
3.285343843053513
3.298702640661647
3.256362092639044
3.164177215596346
3.025045681508035
2.837404782400764
2.597045816673281
2.301404899482305
1.955114279129511
1.574781762858954
1.190291745561167
0.8407721219200506
0.5661729234674829
0.3982986868899736
0.3552595175007129
0.4388706432886821
0.6308519443644849
0.8914554955340964
1.174608135975422
1.44233498686778
1.661080236208183
1.824927865339404
1.953027567901225
2.074713776957666
2.214598415942993
2.379240790524987
2.553605954453494
2.716992663894479
2.839669559359986
2.892491276726987
2.858792172544787
2.735872880147278
2.533952202393034
2.274705789485121
1.986965956531108
1.699759807031288
1.435737670332505
1.207799273343968
1.019537341110229
0.8680886266792436
0.7474423727624133
0.6509507499551882
0.5727058944559031
0.5080128453152916
0.4533460758050296
0.4061058026352904
0.364357221805462
0.3266276543330459
0.291773858593268
0.2589054257777433
0.2273470777541754
0.1966360746622642
0.1665761998926196
0.1373852447697985
0.1099292908141978
0.08591300351743078
0.06776237739623278
0.05782670007831195
2.891676836487714
2.918225464128071
2.988323505764624
3.123979936218983
3.274403803347677
3.383480989112536
3.430463386068707
3.420790612217032
3.36786989300774
3.28247355506617
3.168388914372759
3.021895571290734
2.834027397901671
2.595194709315171
2.301917486463973
1.964295316236946
1.610399215940714
1.282766522437559
1.026110764614225
0.8725525784292355
0.8348243545939623
0.9129615006570355
1.102569265363335
1.376348847539667
1.674590263831641
1.895273758574954
1.996242716031392
1.999821605165851
1.953645498066275
1.910754994245597
1.921320500824723
2.016684867633466
2.17870759417624
2.341309806188752
2.461706479893033
2.51447282126472
2.488935710113803
2.379623488073103
2.192907072317442
1.951201830722844
1.687322462898019
1.433242026891026
1.210770247724766
1.028670373659559
0.8854721155879898
0.774370692329432
0.6872944719165788
0.6171661331070456
0.5586515581693077
0.5080640932998371
0.4629639026592418
0.4217458702169823
0.383324236447004
0.3469263516684836
0.3119728859067807
0.2780153345127042
0.244704248113284
0.2117692659569557
0.1790190861530463
0.1464354553175985
0.1144943006285535
0.0847327832942522
0.06025516037120695
0.04572941748423701
3.579115263647998
3.30345376304904
3.230319063792131
3.344244802312531
3.469902646679783
3.532685536826667
3.535544985184135
3.498098999840311
3.436818066273855
3.361908532027181
3.276175427811444
3.175291455745004
3.049541541923145
2.886994509348952
2.678949540654964
2.427791458429973
2.154185722126467
1.896382723298762
1.696767956924381
1.582194517481117
1.55184851899116
1.591587165784159
1.718126920468037
1.974244559542377
2.314498283865024
2.443011282470362
2.376708811943643
2.186207808489968
1.939981368865566
1.704396304631129
1.548243482663975
1.542106452488025
1.715176628184815
1.862647656149258
1.943245718311904
1.973370215326374
1.955643195276254
1.875503799878099
1.730832213152472
1.540941140424283
1.337234987456124
1.148554079466537
0.9912114492433735
0.868275828135486
0.7746212935470299
0.7023842097725478
0.6443404957090406
0.5951480378793713
0.5513236570801419
0.5107626663152439
0.4722427529097368
0.4350580772253922
0.3987875675898181
0.3631611680219279
0.3279891604854229
0.2931301966903974
0.2584799363550467
0.223956714591973
0.1894517941323379
0.1547674311728464
0.1198006129880821
0.08541505385222346
0.0545380869576236
0.03196830113885998
4.723961973404082
3.788553117320986
3.563450673071915
3.602373178274211
3.627013160373726
3.605039647529956
3.561042739497693
3.508004290846821
3.451471106946321
3.393886086929832
3.335503498857326
3.274821966570385
3.208744711829793
3.133241411063274
3.045011584146548
2.94369967029479
2.835071753288323
2.733200412422192
2.655011186963135
2.609155768663995
2.583939410907235
2.558036461748094
2.534142362757659
2.728079008858638
3.049252872663316
3.005732151221688
2.751467885954427
2.362755006170482
1.914398464555516
1.485340365543308
1.15185879332946
0.9914803338226778
1.141037420148475
1.251769511894657
1.232915578525165
1.216117354460564
1.199414578171372
1.16669343246723
1.109453856857549
1.034068616156666
0.953222501463395
0.8774881503715839
0.8115478617126013
0.7555780071547551
0.7075970355014358
0.6650268012301715
0.6257028516073242
0.5881707969412159
0.5515833453770872
0.5154870450171419
0.4796493124035615
0.4439529769597879
0.4083389324952236
0.3727760484078551
0.337245916645464
0.3017370812178863
0.2662475749432512
0.2307892218439273
0.1953583112726436
0.1598030961767385
0.123735067750728
0.08730849175505694
0.05450589413564929
0.02065648356424817
4.184696213729984
3.889256419444018
3.787426469210077
3.723869928861383
3.667114586036623
3.610879609038371
3.556101484091352
3.501564760292794
3.448413109774975
3.396662648045045
3.345816114220473
3.295714706644216
3.246373677175164
3.197762153468695
3.149949563171377
3.102765866068312
3.056406538568119
3.014097477029637
2.980131937774234
2.954817081938458
2.934610721361982
2.931206582652861
2.85884813407954
3.09970493086328
3.520455569691997
3.44963528440175
3.071492549144536
2.510141978170031
1.876768095189164
1.281447544337464
0.8300389869402653
0.6348533515761213
0.8548510576869432
1.011446809127499
0.9642827440448762
0.9610404715077111
0.9461591641254585
0.9271824376657972
0.9017172945608782
0.870079427257084
0.8356686847814574
0.8007980638669627
0.7657848698427872
0.730530144985587
0.6951326384591298
0.6596216352467597
0.6240415930573577
0.5884192861841262
0.552775325930658
0.517123026146889
0.4814684277904771
0.4458132107967043
0.4101571782661904
0.374499800932021
0.3388408637533332
0.3031806234603749
0.2675201253552257
0.2318614739306045
0.1962060866949278
0.160535508782478
0.1248079147411552
0.08890107913732466
0.05375508825305629
0.01805376923522569
3.875754638653323
3.78059890564165
3.72930122266464
3.684999478310776
3.644653380072112
3.600699850489348
3.5528288368679
3.499766432783622
3.445978476589385
3.392785177368516
3.339528135241902
3.285669259476622
3.230639208654878
3.173560043594444
3.113753074501191
3.050372447608249
2.983983321582256
2.922039927842829
2.874385819569705
2.841791466863421
2.821915980729961
2.834313444911085
2.763806418119945
3.097354589458581
3.717279313689574
3.718151798188047
3.288962959018503
2.604716382443176
1.829492113002667
1.119246846814535
0.6213286281406706
0.4808637241123696
0.8515073111329542
1.080217739046896
1.034464860018562
1.0427925775614
1.028587858940221
1.004561026113213
0.9691386767997754
0.9230221430956798
0.8738515310685325
0.8268671642387299
0.7827912275296905
0.7410666043015373
0.7013194924443668
0.6630016184822362
0.6256777637788206
0.5890001548952399
0.5527304291665185
0.51671404937559
0.480855153499453
0.4450954328190428
0.4093994776343233
0.3737454328785406
0.3381193922123018
0.3025122214165212
0.2669178507373247
0.2313315131760285
0.1957474467513103
0.1601515765444112
0.124549798252033
0.08892925264720486
0.05371418732566174
0.01838582752148167
3.790122324964417
3.754074261766341
3.724814720952137
3.687343151878214
3.64826419978539
3.604373796163414
3.556419619334395
3.500243668058054
3.444995377559759
3.392671193352582
3.341094697415089
3.289486195849186
3.237648464264191
3.184760083804995
3.129821241273919
3.069355497868408
3.0002381411375
2.933901810075692
2.886946629181792
2.854986121088759
2.835443589635851
2.849060279888299
2.764490382270147
3.063616041049455
3.762804107038818
3.814436577384223
3.368666226912123
2.623686304018805
1.779009657952521
1.018690501659155
0.517542422394464
0.4325274007688008
0.8744683544309129
1.07885964484405
1.022123909727601
1.031845291336947
1.017985779199696
0.9943521929806903
0.9592074402859703
0.9097356318574493
0.8588742691548399
0.8141889499624354
0.7738564090119128
0.7352828984019797
0.6978436525516074
0.6610344448919174
0.6246446349650321
0.5885176099673826
0.552560637297689
0.5167161187500824
0.4809477246407297
0.4452321937555326
0.4095540690194605
0.3739026975510199
0.3382705154843564
0.3026520406975993
0.2670433124681765
0.2314411213782264
0.1958426485875331
0.1602409899186293
0.1246460156595893
0.0890441992543539
0.05364525041543741
0.01828132766760341
3.75867894554615
3.739690540756746
3.717787237518099
3.685885401651368
3.650711754021202
3.609307596041909
3.562681103255693
3.499688025770301
3.440882437593449
3.389812602356275
3.340286960391814
3.290694117760359
3.241522313447972
3.192109894072433
3.141278156179153
3.079685194757523
2.995637860544988
2.911382096572689
2.860854106123896
2.827601641000626
2.810024757523767
2.827443197346142
2.747018195042953
3.035780490900224
3.73296630448176
3.755308080732518
3.286008690520302
2.552123033540727
1.740163008386645
1.001794720663126
0.5018362763105233
0.4223067380847549
0.888780530451985
1.090250510528455
1.034961448857604
1.048712369717963
1.036609180869973
1.012059862593649
0.973832752685786
0.9109083683005627
0.8496868261024677
0.8042281033656873
0.7669188213019579
0.7307341582091105
0.6949418100299052
0.6591685149254248
0.6234397313417551
0.5877328839570251
0.5520415022584935
0.5163649397966779
0.4807040574453395
0.4450585486169391
0.4094268361861407
0.3738067039567229
0.3381958356820506
0.3025921153506778
0.2669938239637084
0.2313993213527048
0.1958069851010202
0.1602109224445034
0.1246220344658247
0.08902696845103111
0.05363740280375935
0.0182754749752707
3.773302298392912
3.746833990888725
3.722572805073307
3.692856493235265
3.66174500787729
3.624748124779394
3.583249368563131
3.506495604741897
3.440609558016465
3.390880195366859
3.342245503416957
3.292799701244918
3.245687927434359
3.20124115850001
3.158877540307311
3.096161127348989
2.982699251749499
2.864331248306987
2.815215662153421
2.784192608705744
2.7723964892399
2.79583658863419
2.732524768978191
3.036230274457198
3.633086711773454
3.509322655648537
3.014824426886223
2.390314539840612
1.736827083324758
1.108251796572638
0.6033464573193688
0.4327875473459941
0.8638724771969696
1.097274640647939
1.053219412258516
1.073795049776317
1.066602321746603
1.043935815244016
1.006111764385594
0.9181512578186644
0.8375430249541731
0.7916417279414573
0.7608666029347401
0.7286596360479947
0.6949083252415474
0.65995447957966
0.624465757311797
0.588732562471066
0.5529022233445688
0.517055772177107
0.4812352074486621
0.4454570471706591
0.4097232978021692
0.3740291281624909
0.3383673674959238
0.3027308011713688
0.2671132564918348
0.2315092080078458
0.1959121057673514
0.1603072409830587
0.1247001195502171
0.08907456861143649
0.05385572136965067
0.01845626751724701
3.833272166996029
3.760062794486905
3.7258452662466
3.698632128618522
3.672959350583271
3.64031780711732
3.598510738834196
3.455167521789083
3.376458322363823
3.35492585675127
3.330057416754401
3.294644853538663
3.258937081427075
3.228506287041066
3.218251887694931
3.187931119182301
3.048595585147221
2.812787422050054
2.75539315513793
2.723757602082911
2.718696449928728
2.750524915110105
2.733310738182797
3.113809988315351
3.371712899596208
3.001044472396744
2.569295066582092
2.173189356128658
1.779534039953666
1.360381746826123
0.907490240888347
0.540025967000023
0.7541144730236106
1.088067436785358
1.080307882832839
1.110584930679516
1.109173386149066
1.08594646261222
1.038998298858951
0.8602825701559838
0.7624984487607156
0.7388900260728318
0.7303212257657267
0.7061442928834347
0.676870926645937
0.6456983378943358
0.6135130491341725
0.5804933638814946
0.5468046623208722
0.5126049380257749
0.4780216255070906
0.4431505522309173
0.4080642761174362
0.3728185064524234
0.337456042479599
0.3020095603993309
0.2665042986910889
0.2309604845685168
0.1953933996931038
0.1597960951634497
0.1241388450019766
0.08831219007251258
0.05328073735515167
0.01766944514778064
4.051310418706299
3.823937442268599
3.751075828961086
3.718947977365946
3.704034223302002
3.699832465020215
3.717254406050408
3.607905550825
3.425144498248784
3.397576666770788
3.356482283457102
3.287740765985462
3.23283618163618
3.229461240374749
3.32338513642636
3.336570372318903
2.764926887136104
2.577012753120764
2.614961813009142
2.621505455107948
2.634841045799621
2.672670256845643
2.720951170268544
3.103038931535481
2.691187053680729
2.264101965826774
2.103149093461857
1.982658526806674
1.83378863950252
1.668436136711977
1.442925525524557
1.013327968264955
0.732227534219672
1.092917118062262
1.136854065688371
1.172906418847111
1.185441819985843
1.191170935131128
1.211182471268511
1.078866260200286
0.675397223647952
0.6815451468934524
0.7477883053207902
0.7467868925656556
0.7135524328884381
0.6742752629132793
0.6353594226585967
0.5970034291515715
0.5590248687868455
0.5214627191294452
0.4843469709464521
0.4476353703727642
0.4112515074351907
0.3751182641093776
0.3391699282887505
0.3033549489302871
0.267639828885168
0.2320124587146005
0.1964514154837397
0.1607933621059063
0.1246471654930615
0.088171057160468
0.05534616443233591
0.0212331339544544
3.336204789738692
3.568737353662228
3.645652557945646
3.683397104452186
3.710198888916767
3.747722827966513
3.773687373024376
4.129318975900286
4.169957477732231
3.75312585740598
3.439395269389313
3.225811324737069
3.079173990540816
2.980162991387654
2.837955666478255
2.42298657426944
2.025449468374056
2.413156415337779
2.464101592543821
2.503723887080479
2.516499840692243
2.519743084184727
2.552195390004355
2.358137365958679
1.784390914408358
1.802820957444716
1.899936410991438
1.895269769709627
1.845265701849135
1.815137370829032
1.861242958137904
1.852150085115819
1.396951235231771
1.234438374237057
1.263466436428464
1.268094991205383
1.277785369629631
1.309053847615041
1.335587872792118
1.651190134891089
1.422317182127123
1.131072817017898
1.032886782191828
0.9763323733782702
0.9068518385468923
0.8298917602555554
0.7553807956030333
0.6870315984746984
0.6252508392312296
0.5694396068653085
0.5187212871294478
0.4721552373931797
0.4288506603088525
0.3880316420844385
0.3490587547367122
0.3114257565476016
0.2747465696250683
0.2387282404614336
0.20310684240863
0.1675731025860101
0.131942787022982
0.09700189018611968
0.06556183514129726
0.0423398814386587
3.554142978909481
3.630541291541727
3.665759589653245
3.691271832521556
3.714567924422716
3.750502666659961
3.758087448219958
4.019574868123454
4.212065059074632
3.896044762556379
3.470072358865399
3.085066669253412
2.751048294313531
2.427793737244898
2.063184157586975
1.742227275127112
2.023960203021517
2.40735197239615
2.390265072489265
2.422582271605813
2.416269502208934
2.38120573073291
2.318849055976478
2.077353652746639
1.940078928499341
1.913674571078494
1.907025861230381
1.878758176942228
1.844824209755067
1.813220686639192
1.798084376915743
1.767243125801317
1.637145746236201
1.431824399244162
1.379292570096972
1.349997225807257
1.34321311061615
1.369956191713384
1.340609580101198
1.674932126867101
2.014892749491577
1.83310240207615
1.596387548817672
1.402823124856314
1.237539083878619
1.088203960311198
0.9542643496435177
0.8371860013351108
0.7366975226473892
0.6510713695253717
0.5779995095808943
0.51512720342773
0.4602982695470522
0.4116516554609188
0.3676435335377158
0.3270319543707084
0.2888432458638384
0.2523299306148349
0.2169434180297026
0.182401101938977
0.1489814032078444
0.118071001521421
0.09268676062568204
0.07756342038318219
3.617566605272561
3.645512819213862
3.667070150071217
3.68780444815522
3.70656610115857
3.730797050039556
3.7295177543665
3.82315378533446
3.944724245031864
3.757581849395542
3.351675885796513
2.860989059436231
2.358055598854362
1.880139646989792
1.511167145888894
1.475940033167064
2.108647863788101
2.413704901769389
2.348740863762192
2.372181776235585
2.35901725296154
2.325132820604688
2.272210255540156
2.150070149533797
2.035847799686139
1.97384714464489
1.932540461394737
1.888916157233995
1.843254029748238
1.79645332305732
1.750035462428307
1.68753016212306
1.58151555750171
1.472908812920425
1.42577459284948
1.395942091694451
1.383432296160704
1.404999089556277
1.336609279517435
1.633230661130603
2.286501638353162
2.361746495592342
2.161974365820798
1.891935762155242
1.631091562534843
1.398256458300855
1.1957164284783
1.022730044983835
0.8773006265249227
0.7563566199912248
0.6562466259481951
0.5732597371682583
0.5039547476432387
0.4453130331171741
0.3947851170114281
0.350283675678945
0.3101558565430373
0.2731631794733763
0.2385082698869968
0.2059540065705128
0.1760342304696036
0.1502332537660153
0.1308729288860297
0.1202991798995288
3.650159609830235
3.662224129071688
3.674566331119302
3.688390036879138
3.70113462949328
3.714478539546165
3.718220321492251
3.722525428873031
3.704054111227423
3.516815464008651
3.128553670964152
2.599646672484711
2.02204556788451
1.508198757645623
1.220269123769655
1.366018323875869
2.112244789086518
2.402949780802971
2.319808975809112
2.33726135448933
2.318449274327054
2.282873536582294
2.2293560866762
2.14197274805885
2.056220209291844
1.994124746044712
1.943195286556433
1.893527985546099
1.843952688934064
1.793480534523873
1.741458684984823
1.679476072693737
1.593745936605452
1.508646030379146
1.458806155502102
1.426423425734397
1.409258103116201
1.427144813130276
1.3429682659124
1.639982236181679
2.409331436819272
2.659958402357953
2.566343762279118
2.306846767429917
2.001216268447775
1.707053097820546
1.445133186392711
1.220315361227719
1.031493528339952
0.8752485266930301
0.7472323978281962
0.6428686850102556
0.5577673688862995
0.4879554813240557
0.4299859698577908
0.3809776018634951
0.3386271039113928
0.301226979248558
0.2677131297314104
0.2377372208510957
0.2116991741493429
0.1906153085017419
0.1757087977255856
0.1677937092319901
3.669255301291454
3.673223181956977
3.679766884827329
3.688619305380596
3.697227530796596
3.703742831599247
3.714132535845385
3.68838705332066
3.562156816585298
3.30906363620744
2.906885775046248
2.382830397994848
1.818682475608975
1.342548236437273
1.119866775576347
1.323877978906672
2.085561293011709
2.388050836777269
2.299964339582465
2.313765785686762
2.29311877336662
2.259241065855906
2.209835482155979
2.140829221568662
2.069697359104095
2.007931994607865
1.952108295564477
1.898372736431091
1.845556609999266
1.792419133211785
1.738334136613234
1.677008864146976
1.595716894734716
1.516868654099986
1.468846075837938
1.437206896846863
1.41911966861261
1.43522022097009
1.347575150613871
1.646095610479469
2.435665055663599
2.769007516162371
2.771475647091628
2.571298296418872
2.27799611486918
1.964408560333099
1.668900106368727
1.407371433599554
1.183981210058969
0.997459648361432
0.8441818904277826
0.7196107203117599
0.6190248301699914
0.5379183136439942
0.4722267046346888
0.4184556884087202
0.3737591493249737
0.3359945831100288
0.3037608651375304
0.2763909557697353
0.2538437980094125
0.236451840391768
0.2245714181140086
0.2183337531468725
3.679542742709663
3.679915162199968
3.683623242873073
3.689740276421857
3.696052704114125
3.698935828085506
3.712771578075516
3.674759594400201
3.488101108090975
3.177370806083118
2.761761102565347
2.272388779285158
1.774498731119522
1.368734324978846
1.180803307208876
1.354804328984218
2.051872467052063
2.389603006039238
2.314553989648775
2.327285929402495
2.306447466589934
2.272238405112799
2.222439346942019
2.158015580525345
2.089328103959859
2.02397629974513
1.962413526851632
1.903477065282171
1.846390368384696
1.790455350453068
1.737064296643688
1.677763085807985
1.587888762473687
1.501528883632734
1.458755987131057
1.43030968177393
1.414210416954885
1.429318371007856
1.346673727992374
1.623891747500696
2.367210885886284
2.726313104908507
2.797872818853945
2.670972223676244
2.42801437131531
2.135630440179385
1.838870003325793
1.563102154684725
1.319852592802198
1.112413860278733
0.9396739698754824
0.7983463512555312
0.6842066832127626
0.5927944393207275
0.5198307849796949
0.4614783307689079
0.4145055067911648
0.3763831756118948
0.3453146013225465
0.3201816569994955
0.3003938435622351
0.2856663657166613
0.2758161807241151
0.2706825928475034
3.684255738017031
3.681588112678628
3.682982675610593
3.686371326512504
3.690185025516334
3.691951876863528
3.707167577058466
3.65714479574929
3.44630426047561
3.115809500609081
2.714252987327238
2.284473726259625
1.879349529506879
1.565159220833498
1.416808806498825
1.526125689130478
2.042653055380345
2.300823223474781
2.223637958614826
2.220439627975356
2.199378839929527
2.172644343643466
2.136867886392981
2.092625139869761
2.044659587918191
1.996551532428574
1.948757408810459
1.901162546341762
1.854077099334392
1.80954715351794
1.778701072395737
1.743542973870912
1.624463813371405
1.479156763687408
1.436697839829806
1.410581254133166
1.397518643289196
1.411502670777362
1.340268431385707
1.57393011898586
2.216668482295437
2.566410761528278
2.684580515799758
2.627898429185056
2.451838444795333
2.20786658450191
1.937918972057608
1.671371942840561
1.425783872309538
1.209727460906337
1.025841334254209
0.8732126239915956
0.7489863227630394
0.649394269806205
0.5704109823661504
0.5081772958771222
0.4592710148768462
0.4208620424678508
0.390765329096288
0.367398919315486
0.349668600294191
0.33682741739978
0.3283704351762787
0.3239900252457885
3.683501324466405
3.67893647742297
3.683060093163313
3.692958157174705
3.704541366946596
3.714927416541511
3.712477756216318
3.632482646704614
3.418695473835052
3.107075747721657
2.751907787855988
2.40047502582225
2.098693476535653
1.892533509921445
1.825310930988112
1.944096027637674
2.369730781018875
2.60496445599418
2.587695899782139
2.561901962305759
2.535968297807082
2.488877484248075
2.408472911838496
2.30338443128671
2.190968897710214
2.085770000077709
1.993116664322691
1.909800831349008
1.829438178627332
1.760937961959492
1.746598798507786
1.72398227628915
1.473503148717603
1.353781164519367
1.368359393358218
1.367749498445979
1.367012407971367
1.383144657127535
1.328490245137223
1.506566703069279
2.015062168518307
2.331386919506657
2.47708690926347
2.479436820693767
2.370982277689723
2.187150049473114
1.961858956999115
1.723316546949583
1.491901547395036
1.280304388846423
1.094986833448648
0.9379748067055566
0.8084329432736781
0.7038602529364367
0.6209395867185629
0.5561223973195452
0.5060174873601055
0.4676279157022425
0.438464490641043
0.4165626884425809
0.4004382982630825
0.3890227070784418
0.3816062697889972
0.3777875142402124
3.707420176382008
3.710793916265925
3.722865855332611
3.742567817382754
3.761625433136035
3.765449253512798
3.728453126997934
3.614974707524531
3.407896012491839
3.140217267134231
2.852804042205871
2.588950301416914
2.389959725652785
2.295308466271186
2.346793970701569
2.589657573171542
3.018874192469562
3.324740024893893
3.47012870229243
3.514837393225047
3.485546786709195
3.370770667332248
3.169193324482492
2.906864954994635
2.625787588752986
2.363571853205962
2.138481862257984
1.947489883415873
1.774287466318068
1.596199427407835
1.369410851069292
1.038558146410272
0.967663016301779
1.255031212355579
1.290575642336841
1.319708851803568
1.332668250939747
1.351129167939834
1.314030157396795
1.435793208717413
1.801974000765731
2.067961186888096
2.22183431478901
2.266429363413684
2.215746171056579
2.091150827875243
1.917274097302985
1.717956171581639
1.513181031681283
1.317599604975074
1.140499244462442
0.9866450870341676
0.8574256750008344
0.7519509592229157
0.6679580963989958
0.6025005073183458
0.5524419313847708
0.5147868079991518
0.4868783347529989
0.4664968288022488
0.4518921153264092
0.4417780653347265
0.4353027524954972
0.4319919877179501
3.809411532457841
3.814545067587289
3.824158561751261
3.834689915901656
3.836009995283265
3.811348513302663
3.740805934512055
3.611541775464776
3.427517407870889
3.211832051114957
2.996836528451004
2.818815058471623
2.713666960676989
2.714698868291171
2.848640080183446
3.117871372279956
3.463451819486012
3.771239596607906
3.978865994215001
4.064136379034907
4.029138403996242
3.877259515345741
3.621474977355025
3.292596429469078
2.933355849092687
2.583410606167735
2.266154831068519
1.984229266633068
1.722823510562627
1.456984460579804
1.174129225044477
0.9513377000026715
1.045144910240499
1.252003545632137
1.268219780134635
1.295721744275909
1.308541480130523
1.323666169410895
1.300346023228848
1.373843888677584
1.611668136785543
1.817033186419346
1.959664547829291
2.026259237099916
2.017130893433476
1.942255583766712
1.817457180675843
1.660826975565924
1.48967933023312
1.318455951960088
1.157743455444869
1.014227197001014
0.8912266419041361
0.7894743482126778
0.7079114336059665
0.6443834835916078
0.5961949318202538
0.5605194870833837
0.5346831040543878
0.516344038869409
0.5035949476616026
0.4950059142378309
0.4896183743878349
0.4868937946237218
3.970092269426189
3.969850176990183
3.966958461374569
3.956026731564273
3.927857819773094
3.870824469732946
3.775948235918218
3.643336958644835
3.483873260964054
3.316445317925479
3.166114569980511
3.060980738262361
3.028197159135299
3.088745911183195
3.248924598626476
3.489115517618301
3.763295659411308
4.023383002539928
4.216790066538136
4.301750388255242
4.261044015682482
4.097692772611508
3.829438790470104
3.485941084546504
3.103535417608476
2.716407929385956
2.348173368653327
2.008278845402505
1.695902265632367
1.414218403228186
1.196565419648407
1.118164296826404
1.207366281898403
1.265795885759767
1.266408737987829
1.282114789167302
1.290389583900907
1.300540735125185
1.287189004084689
1.32544507715674
1.462339052205222
1.604641047359088
1.719910759895946
1.788350412314064
1.802051390020128
1.762637093582021
1.678433257389557
1.561630157235029
1.425683994346409
1.283215374107393
1.144611706339482
1.017375895453455
0.9060933744028991
0.8128031156348597
0.7375626278469239
0.6790510620651899
0.6351175478560425
0.6032324284831028
0.5808318869464977
0.5655635651848607
0.5554463008167418
0.5489559909853831
0.5450469344185966
0.5431167837204109
4.170302857814369
4.160116454741185
4.13835848628947
4.10055609832302
4.041170001385778
3.955734254494485
3.84412284337632
3.712815272679891
3.574248710098175
3.44468705126399
3.343044108376553
3.288805277874698
3.298375892331685
3.37978596961019
3.527130429749676
3.719233461186528
3.926915502725999
4.120507419662603
4.263128486158593
4.318935677737807
4.266534437305587
4.104091135288002
3.845749926230642
3.5157638932021
3.142849153256472
2.754811481627215
2.374376517679243
2.018369784547287
1.702316237155412
1.44944884851552
1.293347057874234
1.251238637213807
1.266979992897626
1.261646566661205
1.262497223061382
1.269969625809597
1.274788944758249
1.280794867018
1.274253095563749
1.289933390768844
1.355614226442199
1.43974067412066
1.517951711117694
1.57189291300029
1.590790661615485
1.571248757679489
1.515947377114187
1.431851231895943
1.328294371037725
1.2151945451136
1.101612798399149
0.9948048657383651
0.8997931226662519
0.8193749340248314
0.7544226380618295
0.7043282320394258
0.6674797053572413
0.6416994486060864
0.6246111514350392
0.6139241714414012
0.6076353202831237
0.6041524895549347
0.6023471804974286
0.6015451774828203
4.393469795650839
4.371726610161331
4.329365078244696
4.264850973832337
4.177483914504374
4.069004599917609
3.944866981428108
3.814357796259519
3.689534655305316
3.583790433287717
3.510520121857103
3.481314822028806
3.503223275671962
3.57565056899052
3.688842177330679
3.825969594731831
3.967317799080275
4.091245863066571
4.172758201570648
4.186942099555889
4.116411660098445
3.956817150154914
3.716662986528101
3.413357101818973
3.068683918356037
2.705345384055359
2.345195527777727
2.009568398762182
1.721028102223155
1.502667286380851
1.36828586924064
1.304310165118005
1.267353484480658
1.251073402433984
1.254647451739063
1.257661624009729
1.260420428247716
1.263542507258587
1.261435591782729
1.264150576267839
1.283217549144771
1.318536370063965
1.356966539672965
1.386028490153288
1.396228474498707
1.382336758078068
1.343553063934114
1.282870862252732
1.205957611048451
1.119828976763789
1.031580428435838
0.9473923490890983
0.8719226212771186
0.8080842085665103
0.7571242389915092
0.7188927323591437
0.6922001825345313
0.6751912793942585
0.6656899636359019
0.6614908794447816
0.6605843348627574
0.6613100766202512
0.6624425381890556
0.6632153946325967
4.625385744065302
4.5928170090435
4.531726797682129
4.444069882187115
4.333627140774767
4.206536456546631
4.071264190543145
3.937927493891304
3.817281365879878
3.719638583448005
3.653677267071767
3.625045439506116
3.634846660865028
3.678653264271393
3.74695324722799
3.826979219273799
3.904265826344239
3.962856208698667
3.985870490440822
3.957303293422738
3.865413474286593
3.706100782965082
3.484007697354947
3.211024933475802
2.903672434144125
2.580860689038531
2.262642685679634
1.969555022310984
1.721002223734549
1.530575112879685
1.398919326794216
1.311914422436765
1.253881286854038
1.239123086076488
1.244060663538722
1.244985417112083
1.246646436397089
1.247981225162866
1.248706046298069
1.244478751571175
1.234105219311978
1.231124567715406
1.232287024818244
1.23208790309756
1.224588134195516
1.205175224550934
1.171691993863066
1.124748060438322
1.067304289100768
1.003805262043405
0.9391898776353877
0.8780409025223579
0.8240058827487052
0.7795058920362047
0.7456821755324546
0.7225112804113402
0.709024774720449
0.7035819645526546
0.704155613530949
0.7085996390240233
0.7148756568229045
0.7212256174401097
0.7262894145918395
0.7291720928230875
4.852524881650972
4.811372659191681
4.735619422184421
4.630105528492711
4.501821101253066
4.359443990676621
4.212613550775869
4.071080179007265
3.943912321723913
3.838752251805012
3.761001919388077
3.712984590671243
3.693345383671742
3.697065092152207
3.716201663825513
3.740894121075044
3.760032151736978
3.761777430246511
3.734503818722363
3.667999665068521
3.555014954729953
3.392969559926577
3.185049974672038
2.940079722288478
2.671332177876792
2.394869551176124
2.127732700420466
1.885786499376149
1.680850688787259
1.517628869917921
1.392985066963494
1.300755354230922
1.24016979616476
1.227112549929273
1.232145367108869
1.232141760730749
1.233228548294079
1.233528382880313
1.236093443429522
1.228061853252206
1.198769701382069
1.166851752862382
1.136047960041419
1.10680575747178
1.077229634299845
1.044743013406129
1.007606848501696
0.9656940495912179
0.920459023993867
0.8744141979404951
0.83047470513563
0.7913984415892128
0.7594011597527964
0.7359373688610038
0.7216094326883252
0.7161755594008982
0.7186410886860649
0.7274176936307579
0.7405264044075908
0.7558145728964385
0.7711593338576364
0.7846448430180564
0.7947132992759611
0.8002869865832993
5.059841446654969
5.013300853502086
4.928298781368539
4.811259100215637
4.670628506581082
4.515796617100136
4.356141156396126
4.200353851675999
4.056013412690096
3.9292087615942
3.824060616138161
3.742207055622941
3.682491916932959
3.641047307237393
3.611718003469253
3.586605683906874
3.556667374266581
3.512528779503302
3.445499209766051
3.348561246253495
3.217273682621125
3.05067223105415
2.852047058714684
2.629217722012323
2.393963544232926
2.160466745384307
1.942801752402254
1.751821421084399
1.592488635989703
1.46344920684761
1.36019151038894
1.280383100835276
1.226783605684089
1.215045999756686
1.219475014015779
1.219176200078557
1.220018492294563
1.21978507130866
1.22364940346844
1.213131915649823
1.170698798216648
1.117245073468083
1.060668262459344
1.005367914454733
0.9527812079612359
0.9029497282513574
0.8558955651159593
0.8121889377335832
0.7728855574761041
0.7392451754841278
0.7124735673327424
0.6935432380432163
0.6830786331324458
0.6812836974486938
0.687891038460937
0.7021274854161714
0.7227161859449012
0.7479362993576937
0.7757347770015922
0.8038662052053885
0.8300430378646286
0.8521047470696894
0.8682114916195077
0.877037971785849
5.228819873113645
5.180984043502584
5.0935169923424
4.972614180055333
4.82601086195111
4.661853744420353
4.488034295819111
4.31199648746443
4.140716395398538
3.98050138894988
3.836471897611426
3.711864386338253
3.607433993053079
3.52117524911829
3.448425775150008
3.382334817607093
3.314682770918969
3.236976170778541
3.141604910704864
3.022845277082671
2.877625694629909
2.706130435494603
2.512293044559737
2.304015044549528
2.092735896722253
1.891937393700053
1.714391134758724
1.568611343288377
1.456030991861472
1.371094199809554
1.30528215623534
1.252741607486241
1.212800041539131
1.202865886618073
1.206220041422007
1.206081197540199
1.206940449960549
1.206546134749252
1.211456273886435
1.198825627531018
1.14625743782702
1.077065058825227
1.000819734890991
0.9235270223607462
0.848910828555721
0.7799841363531205
0.7195051741266122
0.669650224231586
0.631726689262684
0.6062275994186799
0.5930566136508866
0.5917061029143417
0.6013391863965923
0.620836485868658
0.6488412908857096
0.6837798749261379
0.7238527348774014
0.7670323246385558
0.8110811723380461
0.853575698682264
0.8919685242821416
0.9237527098106963
0.9467213001472206
0.9592468934328892
5.336301144512948
5.29256785975097
5.211508696197301
5.096628181178334
4.952148564561603
4.782719529977872
4.593749677506719
4.391931515180522
4.185355035048156
3.982896169547538
3.792995054577774
3.622217792390081
3.474049390738271
3.348249841032958
3.240914711267392
3.145199817042923
3.052528697687696
2.954009906745539
2.841788706711386
2.71015158206106
2.556321209684735
2.380976271021435
2.188549300832507
1.987266703820845
1.788740539474255
1.606781702682563
1.45508200066926
1.343699995446066
1.275114365006141
1.241859657120109
1.228346496197932
1.217499304587367
1.198108543851072
1.190593479647749
1.19234926955785
1.192821156603855
1.193970100085427
1.193785186254213
1.199622126668905
1.184839988351212
1.124215984136398
1.04452464331426
0.9541001275700342
0.8584128935967682
0.7633192913003574
0.6755485675521249
0.6010242129360902
0.5434982276812491
0.5044754820881564
0.4839123344177568
0.4809162053864312
0.4940838015977002
0.5215491722834664
0.5610071011209277
0.6098795185540073
0.6655452005809653
0.7254652598428649
0.787171786534722
0.8481706207157662
0.9057770651095429
0.9570791405519093
0.999141871053644
1.02935466961574
1.045780475668334
5.354466705641583
5.322168980213845
5.259465591573859
5.163665766555471
5.031699971922713
4.86213671764926
4.657419159722259
4.425006660300112
4.176771816851993
3.926936643805826
3.689332106448182
3.474808444961722
3.289438082920955
3.13386128220983
3.00377458792168
2.891256195162062
2.786477709873256
2.679399445306014
2.56121574053559
2.425485124457633
2.26896152857226
2.092138309602966
1.899486130157441
1.699363960477911
1.503607818743848
1.326763699649837
1.184697664810515
1.091903858074851
1.056708770110416
1.074796247424173
1.124732250840317
1.171935702474162
1.18299649874829
1.178299262539311
1.177625766395459
1.179320340170468
1.181128828188702
1.181668164968942
1.188280063086588
1.171193395868625
1.105925234926694
1.021367378613738
0.9203947714693012
0.8079234467772319
0.6940822943539253
0.5901219855992621
0.5041888731868442
0.4403360933742879
0.3996723445437991
0.3818017525815865
0.385681372028795
0.4098076407271626
0.4519800743567932
0.5090743915467046
0.5772493937996142
0.6525777318766939
0.7315791009579077
0.8112746209840402
0.888856710027033
0.961247424110763
1.02507486111866
1.077001816181002
1.11410925184
1.134232003445594
5.252415487749711
5.241266341758743
5.212482494408939
5.152138569886213
5.044968561600727
4.880957158616448
4.660202680612784
4.393770272159117
4.100807039411724
3.803680198205919
3.522976723053188
3.273670850846436
3.063175453086156
2.891379829499535
2.75218879097429
2.635755923460623
2.530674864575314
2.425725803030564
2.311133846149196
2.17950652287098
2.026626061462494
1.85212834308436
1.659929181560376
1.45821418000474
1.258975587369866
1.077331086050786
0.930832112426213
0.8382849544681258
0.8162857566892749
0.8708601192375414
0.9843526991248195
1.106504226276825
1.165820607725996
1.165938984529691
1.161426630867183
1.165403503301776
1.168482561224728
1.170618220602197
1.177655337767166
1.159007932434723
1.097133694175854
1.012171871302464
0.8992369197718295
0.7691907067905484
0.6402711345882319
0.526634905354109
0.4353565976593325
0.3687826916759062
0.3272599831311679
0.3105346769308726
0.3181210209938008
0.3491493765171568
0.401868624983113
0.4730082158291259
0.557679662940753
0.6504148491351901
0.7465600186532801
0.8426082439401721
0.9352144202204542
1.02062585592118
1.095036719229029
1.154995816100141
1.197586402051782
1.220617676564087
5.000000081383175
5.021709632660836
5.044898105044259
5.03758772191401
4.967114628001855
4.813759357849243
4.577635276283394
4.277276346491162
3.942623087878351
3.606170746731407
3.295271639865669
3.027393951806653
2.808937766254345
2.63697172359959
2.502435704331316
2.39335865202557
2.297240710955585
2.202441423777278
2.098876615253011
1.978487293070142
1.835861195789551
1.669130797829125
1.480922152576177
1.278853743262101
1.075144855091218
0.8854213432977485
0.7274806827178992
0.6208714785133276
0.5868177433301277
0.6445665095989613
0.7963656704468787
0.9979224756510481
1.135834904925086
1.152608423769297
1.142532360309827
1.150741983017399
1.156197286913839
1.16146670505172
1.168617440100973
1.154992618713353
1.110450757467585
1.019449063182744
0.88499294924964
0.7383536372742601
0.6042804527555399
0.4924244944068981
0.4042370670444428
0.3394586907765535
0.2984043305591389
0.2818490465799716
0.2903789350571572
0.3239931161645772
0.3818339750484878
0.4614706528182458
0.5579623498824489
0.6644740496535214
0.7748289101610606
0.8847654273839574
0.9894926073924771
1.084232512504243
1.165205636869923
1.22951551839415
1.274776099426183
1.299133125611892
4.574920944973306
4.640959868962626
4.731598187126489
4.789472525073991
4.76235607205352
4.623358990586691
4.376427752780468
4.050681934181608
3.688554205200991
3.332520295511946
3.014629406518902
2.751637345654245
2.54595599256219
2.390133920644574
2.27193267673654
2.178112149716733
2.096424109855963
2.016197736642324
1.92820778313321
1.824492591170675
1.698643437772292
1.546851984200474
1.369590189879803
1.173186685214056
0.9700818634773589
0.7769147269680317
0.6111302448202512
0.4886065455436706
0.4253410568840481
0.4434315302283998
0.5715540528325014
0.8139274721114499
1.065869542801511
1.13538570589294
1.119731835564273
1.134975460128389
1.14441037874083
1.154959971680674
1.163780864975768
1.17949544242608
1.157389882262378
1.029934092560813
0.8646964606269152
0.7157559622624314
0.5957962900134582
0.4998527312355272
0.422921549931208
0.3640459432964345
0.3250315592417328
0.3084468608653671
0.3160915258078896
0.3483583551705576
0.4047029723738927
0.484232511199689
0.5845080060916269
0.6993291918277287
0.8207906935918656
0.941717205009941
1.053784149526992
1.151655091953422
1.232769971159437
1.295614229168378
1.338985380565383
1.362029107411445
3.974516877275998
4.090012498318339
4.247765570180177
4.363945184566256
4.374755437510734
4.253879053372049
4.011668785236943
3.686431468477887
3.329973994387374
2.990668099041783
2.700509257296574
2.471392843736849
2.299599192825002
2.173280136720925
2.078619433478272
2.003181885494655
1.93687922963964
1.871573192879949
1.800197688886876
1.716010834456513
1.612453119165427
1.484046514366782
1.328552846899391
1.149866943572835
0.9598002588495024
0.7762172856820291
0.6169168305735734
0.4927677578595268
0.4062648581109854
0.3618841097369612
0.3901660289229768
0.5669365315879451
0.9397976751861803
1.110289690093158
1.094689046689721
1.11868476538783
1.133326436366945
1.150963360482107
1.169768243407552
1.254574335495715
1.204336511646431
1.002063309874541
0.8319314732209925
0.7169358409329964
0.6328715744029982
0.5632304232117392
0.5032327660706523
0.4541338233831328
0.4196770338794851
0.4040778210014632
0.4102377107196649
0.4383291663026689
0.4862850155582578
0.5533834453429332
0.6434125402070123
0.757866847560542
0.8894611543907737
1.017333835616737
1.12891763492936
1.221162348596068
1.29382946008543
1.347140757991737
1.381966280904181
1.399727933464494
3.234594598541207
3.382368437958939
3.563483977811768
3.691944510236734
3.717734983409593
3.624527770037781
3.425446009393454
3.157283320686874
2.869075530409251
2.604265904133847
2.387148575067462
2.221953585686497
2.100454309449012
2.010239981395714
1.939834343722289
1.880518681592276
1.826149046791053
1.772191431586563
1.714652610035727
1.64920682642743
1.570763740950168
1.473891059429479
1.354609027980732
1.213657972182865
1.059834418455124
0.9096452114310357
0.7802117471301139
0.6788901301071717
0.5977711485198118
0.5191471179622801
0.4416642499700844
0.4458436625028655
0.8530646225026129
1.089513545822877
1.078102767938912
1.104265133224685
1.120270883466883
1.139405371664842
1.171075538462764
1.298162822572757
1.113747319292354
0.9077237586030839
0.8216838476472256
0.7751343435164861
0.7337015237391652
0.6929724809816227
0.6544268682637808
0.620785034636918
0.5959155086657891
0.5841967821581402
0.5890517243044723
0.6106665018147566
0.6442610205162841
0.6850774042349694
0.7427297961370296
0.8424103221814181
0.9870477387995484
1.112384288445898
1.212659437178356
1.28952164106067
1.34357124008138
1.376898591300942
1.394285870173267
1.401470849009725
2.459464846145296
2.5540027681756
2.629241168439787
2.667503977935615
2.66871547755072
2.627295343090586
2.547129542143518
2.440243217395908
2.325256867208862
2.217899379336366
2.12522866904792
2.047556097832265
1.981869263542373
1.924226371586365
1.871299425939049
1.820816594274104
1.771358338741801
1.721966431261071
1.671772811520479
1.619704481287091
1.564316945451824
1.503908114448338
1.437093874664712
1.363699670223416
1.286192123893442
1.210831211187403
1.145125381451483
1.0908695150059
1.042293539166344
0.9894456626219623
0.9439999200133212
0.9411838701940647
1.075814226365451
1.101253971460285
1.088048058793118
1.097256677455413
1.101919108451455
1.106267080763751
1.133959772277115
1.049507988650126
0.849938425872667
0.8799426677863956
0.9161234135007956
0.915904288546005
0.9047847020934632
0.8935128096522919
0.8833450447569383
0.8746804437090366
0.8687404996300659
0.867105899337576
0.8711389962666315
0.8809321586698299
0.8919641899720701
0.8979371206916177
0.8994660182822247
0.9689912683466891
1.111501829030325
1.21801922345179
1.299695512184125
1.352600792899031
1.375947574307434
1.376452514665184
1.366122029508978
1.356973121604923
2.254128096702964
2.291131054331494
2.307672553719818
2.307848267590018
2.297130210863707
2.274872993163814
2.242425135749174
2.200145615325126
2.153266211484183
2.105532587409938
2.057431147159925
2.008901271055638
1.960111719107271
1.911129936534361
1.862037966074523
1.812890693272462
1.763727425223786
1.71457559586644
1.665449562923751
1.616354885014955
1.567305237574
1.51831903627034
1.469508274729332
1.420870962715321
1.372509867107013
1.325854613177615
1.283881509127925
1.2461419369249
1.212613332336463
1.182323889872712
1.158225156474531
1.140029792076519
1.123646385881649
1.101579018359932
1.088987790869496
1.086480232526598
1.081180190274467
1.070089270979681
1.057969826762988
0.9812832566858407
0.9422528146333639
0.9532819078124956
0.9631061404114766
0.9641832377566917
0.9632543097626554
0.96222239499872
0.9616340696432367
0.9617651664020856
0.9628303524516557
0.9649571088919364
0.9680856866533714
0.972222045419829
0.9756378514778876
0.9821395721320039
0.9620872583142591
1.030714099197059
1.202355154105845
1.317927279697191
1.385540206368471
1.404386243011944
1.38167806699177
1.335766932001626
1.288964615956358
1.259398900664187
2.348443964131548
2.388343446976353
2.416050610473518
2.425315722447813
2.416152162175861
2.386970172193323
2.340216069807866
2.276798394467539
2.208367874173942
2.143279435087236
2.082477617897101
2.025190909865832
1.970813190782694
1.918504653298828
1.867583862164243
1.817491707500755
1.76780738503237
1.718197379563575
1.668356138155237
1.617955703593003
1.566643660454875
1.514019764476406
1.459866188673597
1.403826250448913
1.345963310746455
1.289289107696312
1.2400104043962
1.197019116216344
1.160644780825512
1.130082551054266
1.107410262437007
1.09496357321591
1.094512871001858
1.089138465335406
1.082064499771527
1.076803226757357
1.069178155582243
1.057299418957696
1.043717795499024
1.005733527498907
0.9723678005511402
0.9621723616159761
0.9570935067928553
0.9517308546168133
0.9464386544180268
0.9415948352196082
0.9376227522477837
0.934918868291074
0.9339086068350146
0.9349992354972504
0.9383536054521586
0.9442013597734451
0.9504713583472484
0.9639793006218088
0.9429091614217959
1.032774574192574
1.267177287671812
1.410899950854998
1.462415889325042
1.431039652682631
1.345723117052423
1.24421990090465
1.158650461774654
1.109088353489555
2.345507970592172
2.384631023738248
2.408416484366327
2.415334436424518
2.404622013667435
2.374279659124336
2.326961669704695
2.257950263498107
2.186361917838925
2.124494208815489
2.069108772984647
2.016395363815479
1.965319732608114
1.915119956636505
1.865470459970853
1.816130965416012
1.766940631081963
1.717773101030069
1.668495006257522
1.618927572958332
1.56886160936805
1.517937969114955
1.465933489891669
1.411375285238522
1.352288754171954
1.292978078940981
1.245141650911055
1.204153186200631
1.170586807448689
1.14302618200953
1.121608398760246
1.106284512133131
1.097366593484181
1.087620535953381
1.078142986162509
1.069607284938139
1.059646262984327
1.046719807311347
1.031857008237443
1.006875337232883
0.9845919662521032
0.9734205003908039
0.9658527985047201
0.9593764801831443
0.9537078345581776
0.9488783242188712
0.9450947404681502
0.9426343668911542
0.9418359268908153
0.9430744048169438
0.9465473328433156
0.9527592997179771
0.9594450391660689
0.9758421777041684
0.9468102834272603
1.042809369744822
1.341351679441552
1.50474458163487
1.514452548084452
1.407347384535371
1.248702571355384
1.094887599245157
0.9792504021603213
0.9161938180568684
2.367279203716867
2.412474150093572
2.43957663227934
2.448007085233066
2.436868362397178
2.402973730364016
2.350013055718974
2.260547370499965
2.172750358462897
2.109826380454439
2.059022282424162
2.009956963384029
1.961377912737181
1.912753373728509
1.864139922618305
1.815522581658416
1.766905429710941
1.71829223398408
1.669664945018532
1.620935276481792
1.571992197543251
1.522506286886375
1.472448021050091
1.417814969849341
1.351659905778281
1.281742785958898
1.233221699779341
1.192891757243205
1.161610407207527
1.136748564798657
1.117431213561733
1.102808698481705
1.092279941326843
1.082287285182706
1.072705317781294
1.063304515671035
1.052851053471701
1.040427576483055
1.026501208752832
1.008098833762806
0.991059432826115
0.9792702466982158
0.9699722478533935
0.9621049870238552
0.9553330321235133
0.9495961297872038
0.9450260556821658
0.9418838890626484
0.9405428654158291
0.9414978844349834
0.9451726360438308
0.9525513650976116
0.961559669069309
0.9844489789812977
0.9499847195268382
1.078195124070073
1.460170401872083
1.59657474642443
1.506140361010249
1.299144183186246
1.076588521630183
0.8925110355206494
0.7659005726715276
0.6998915955700904
2.395087740429711
2.450938308815739
2.483178236997901
2.495184528891828
2.486264749324662
2.451833212177566
2.397811611488573
2.270316868246006
2.151785208226642
2.088546185177663
2.047977720456686
2.005375656768204
1.960183372629333
1.9129624772632
1.864778955615443
1.81613627633123
1.76732138208685
1.718519174077
1.669830969147067
1.621234867574297
1.572724020684539
1.524191203905133
1.476995282532074
1.42264279897869
1.343552137003451
1.253909442844762
1.209725149607272
1.173620502215891
1.147286659091043
1.126740132685083
1.110501126898457
1.097513885061988
1.087033636571545
1.077229563472114
1.067709862758664
1.058083294919488
1.047664768960703
1.035941801922557
1.02316111858846
1.008365542954906
0.9942768656577684
0.9827551246916483
0.972884349472747
0.964248545278549
0.9566370641310331
0.9500241363404021
0.9445348034184516
0.9404413799385523
0.9381773527125203
0.9384080091049506
0.9419220811209885
0.9504575880190989
0.9630767227350898
0.9959115839098269
0.962128952071056
1.183480905884275
1.638094111964124
1.628266483616211
1.373620872970911
1.081100738039784
0.8381946434483725
0.6605046966965331
0.5436763734162433
0.4835455459939858
2.41411274155676
2.50982026574849
2.550690324155335
2.564721147481481
2.555761918357475
2.516317841325303
2.450000104930546
2.194930265003617
2.051125946658594
2.021462690314969
2.012198399287592
1.979728127581197
1.93977417313563
1.897347553115988
1.853823338998951
1.809485302926941
1.764644764165858
1.719701478781229
1.675124824291944
1.631368413091075
1.589121735047906
1.550632434295756
1.526562643829951
1.499120395926315
1.404327588316565
1.230358330078893
1.182352180652623
1.148859264151222
1.127721551607574
1.112307145882103
1.09999046606489
1.089618403143885
1.080509478395908
1.071673026362005
1.062776812359612
1.053529504371222
1.043571473070405
1.032648837485309
1.02092691887488
1.008184100397608
0.9957428952425046
0.9845538997910444
0.9743857611286136
0.9651170059244538
0.9566451774575642
0.94898181522675
0.9422475262541689
0.9367097851616086
0.9328348071280106
0.9314323909196239
0.9337088471662658
0.9423804275134896
0.9590669641904659
1.003973489843471
0.9955949086170659
1.400709901918757
1.764134738631144
1.450323703886742
1.062403521256503
0.7748558644386194
0.5772998020352803
0.4379755993289248
0.3417994110941673
0.2888430148876302
2.29614458255354
2.538087327266663
2.618507882056866
2.651903223346897
2.663683592133755
2.664721950053878
2.698245831101441
2.491403728378424
1.882861406370659
1.905606894054421
2.017111375197286
2.025331951630413
1.982711212025768
1.929551085312615
1.876069470762638
1.82284777087761
1.769843312223662
1.71745555309416
1.665894413957994
1.614018445106626
1.560493567251524
1.515844193962795
1.516131131124357
1.498992548303508
1.20327320161933
1.077056185072805
1.100567360220628
1.101443752743584
1.097734076681937
1.092849422847217
1.086853846840169
1.080337517929856
1.073478578918456
1.066114588413573
1.058199174420192
1.049643219418158
1.040320917828782
1.030160595711606
1.019308261375712
1.007799099780869
0.9963225651925872
0.9853934921351575
0.9750116138048933
0.9651605922473108
0.9557997287983031
0.9469358084819
0.938645630163273
0.9311221261301303
0.9247449888416429
0.9202496015039555
0.9189127677881955
0.9237446313434021
0.9383270020994265
0.9813558012632994
1.015382038505754
1.504486844003201
1.430484090994873
0.9260899427999183
0.6375699556544056
0.4739981286403439
0.3576417545113534
0.2637803857330101
0.1878264673069115
0.1343580588167314
3.125178914663635
2.894723573378165
2.82317758198915
2.798410415915305
2.798332894477431
2.830483716423735
2.877510145285239
3.264919383542005
2.826490519489568
2.421585623788072
2.321806231382081
2.275740972878598
2.198464923225131
2.099688606132947
1.996638456808793
1.896766926894768
1.801759795241993
1.71099013291433
1.622305172558601
1.531253324803461
1.42899911183488
1.293649615918127
1.062908576042022
0.6636411441042009
0.6029922065531047
0.9913173970442912
1.020635319413504
1.05643295676863
1.069462505160225
1.074439254843357
1.074306257193374
1.071469179830921
1.066918542116723
1.06109560138536
1.054242403105262
1.046467763562321
1.03781428275566
1.028329007477158
1.018160392879533
1.0074272732391
0.9965158820152688
0.9857241381145727
0.9751054952132645
0.9646662988898212
0.954375254236449
0.9441817727447398
0.9340554015263456
0.9239971684053373
0.9140595587512594
0.9043937760898563
0.8952363007083738
0.8872266960228147
0.8802467457859902
0.8781895471724849
0.9038932260371881
0.7391291394169839
0.3674526656858822
0.3476841436760041
0.3491996190872535
0.2936050624994853
0.2263549692726665
0.1616478160810008
0.1049530527354643
0.0434540431855446
3.016755712312166
2.927684816751162
2.889987591693552
2.874105146540649
2.874459296761814
2.909481919239063
2.890072851466256
3.28163565997069
3.573817030631784
3.283645164539755
2.986849639742446
2.763832430822763
2.567839181182253
2.376292159149362
2.191075747824695
2.017550699691575
1.856746773702653
1.705324602662883
1.556396729310369
1.398498193820413
1.211941271509014
0.9669557824744751
0.6522509321682288
0.4024795990434358
0.6898558666331743
1.010093057788872
1.004586408089047
1.041195643768465
1.055427319699649
1.063096960271938
1.065503861589812
1.064768943509627
1.061810897704029
1.057189148872041
1.05123839709485
1.044163211303009
1.03609908421004
1.027162090890716
1.017504391432338
1.007264012090477
0.9966786763248875
0.9859257417303994
0.9750515597527145
0.9640512770605384
0.9528523134179598
0.9413354893812966
0.9293424451944219
0.9166554239311691
0.9029654654705207
0.8877936789368409
0.8702735967521195
0.8487998289028492
0.8197439090140489
0.7742284174429431
0.7098014752077542
0.4857321550970016
0.3664415997705592
0.3330769294506139
0.3032117422973928
0.254434192770464
0.2004183437501348
0.1439064881999117
0.08744729289072384
0.02908506436159491
3.048455547302774
2.996218879824022
2.963051632869707
2.942836176523403
2.934968113891395
2.961908492957856
2.892257996647217
3.211520340873596
3.89758266090848
3.938784483415608
3.677385378474121
3.340862190210338
3.010139041409052
2.701838053831457
2.418655098912682
2.160669138902767
1.924564355163063
1.702955198086718
1.484792958362718
1.256282209176749
1.005073046071213
0.7370968260932284
0.5167312335094909
0.5028415726546994
0.8633964112538074
1.03853021229885
1.012229433536246
1.038902684178982
1.049593960261626
1.056900256034284
1.060040722578185
1.060330003160773
1.058345611181604
1.054556251260694
1.049282263378195
1.042756129021116
1.035154582956576
1.026627862639421
1.017329175773556
1.007394522368815
0.9969836351859375
0.9862052087245009
0.9750854556932663
0.9635862918192987
0.9515917251404308
0.9389150799356909
0.925291962247875
0.9103578244234339
0.8936107812556684
0.874350270868506
0.851546330577362
0.8236361168662302
0.7883065521247777
0.7401506301128719
0.6815687870064348
0.5659605653681112
0.4657696785451761
0.3974860271859083
0.3382034622431904
0.2771040635154871
0.2160599725337289
0.1549643085261113
0.09453451101360644
0.03360374731478499
3.103170505848841
3.051974722315801
3.016924776024946
2.992368533802689
2.978491317301744
3.000194543331253
2.909599994127691
3.222810118963394
4.06124260619243
4.329495668075008
4.185816290109517
3.833959667521667
3.420233310214527
3.01535301126101
2.643030476497408
2.306049719984385
1.998658981889424
1.711148681908404
1.43258669977459
1.155507775133847
0.8859870966110269
0.6597904792446824
0.5516829388636937
0.6442983462016659
0.9466183357230471
1.04926363054554
1.022163171019794
1.040797797660696
1.048458066059727
1.054692868898659
1.057800569665907
1.058478392598442
1.057001054882505
1.053702999216656
1.048853509747312
1.042680192648415
1.035374428158245
1.027102962618123
1.018020088232039
1.008257158503027
0.9979339022237322
0.9871209831482514
0.9758211536160949
0.9639639518319327
0.9513924623310882
0.9378607709630319
0.9230145516787304
0.9063698687797757
0.8872729094065369
0.8648503967037131
0.8379318312492718
0.8049167944831697
0.7638582405673172
0.7110891156362941
0.6478445444540462
0.5577448698161998
0.4733599673862771
0.4041030641208646
0.3407440134611162
0.2780981966303475
0.216178474983644
0.1545522645455313
0.0934520163482063
0.03244128949074278
3.184179714493919
3.113036847703615
3.068297871093496
3.035881973745281
3.015571958375364
3.031637373373123
2.931650687438512
3.266949165367842
4.157415381619376
4.513159575448711
4.451066310186262
4.134409911809141
3.706697718359977
3.258229810266131
2.831006988136282
2.437487297180867
2.076007184665837
1.739875169553081
1.423482881544972
1.128954670418592
0.8740768402174814
0.6965768371090699
0.6436715953470228
0.7420796396821804
0.9740130105811122
1.05230464306568
1.02947253811022
1.04280175730067
1.048499946062424
1.053691742839755
1.056507820099595
1.057249257275762
1.055992443729327
1.05295816405145
1.048361877801596
1.04241138630473
1.035295570188956
1.027183405616491
1.018225355652967
1.008545223361016
0.9982391518042382
0.9873543851029746
0.9758732910541842
0.9637005529412316
0.9506504651031403
0.9364362642688188
0.9206506533739165
0.9027447708779314
0.8820015348787928
0.8575058594871489
0.828129888944043
0.7925031072162262
0.7492201229181482
0.6962350573135039
0.6344438676151307
0.558181264110451
0.4826198896332317
0.4131163357171556
0.3470027175947138
0.2823351274677856
0.2188575764802476
0.1560915685743836
0.09422284634277614
0.03232276106927664
3.280365700829722
3.144683768774697
3.070444084150571
3.026797975130533
3.003529071589094
3.018673039451766
2.931911450780132
3.323879064518747
4.172395917888807
4.501671790319441
4.469313814477117
4.208728700327032
3.824635136985852
3.392250005233985
2.957376818604095
2.542225249156233
2.154382418188766
1.795332651850974
1.467487347421547
1.179712532562764
0.949891007721684
0.8014090136473638
0.7532785458746553
0.8128428917288693
0.9820900362754064
1.056274508868712
1.040423137153498
1.051422070077036
1.056930522926654
1.062031665457866
1.064960468947944
1.065767991724452
1.064468104195162
1.061269030133599
1.056412477446724
1.050148494661673
1.04271265010939
1.034318770069891
1.025156007989391
1.015381877480215
1.005116092739938
0.9944247858650342
0.9833026356289502
0.971654942069041
0.9592803370169452
0.9458501390998372
0.9308822891583438
0.9137134384402856
0.893471991006953
0.8690630414203846
0.8391926396365204
0.8024338231110882
0.7575109741673198
0.7032194871203507
0.6404046134257017
0.5679736364874998
0.4940468806587928
0.4225097643595094
0.353439021977685
0.2863604035534715
0.2210538374025611
0.157054719273361
0.09500744677407552
0.03244345714030129
3.711538668133359
3.376838285099569
3.26167774613921
3.206452066896963
3.166886992929746
3.151882739903312
3.053986847236313
3.358030482635021
4.010823264194927
4.260429825994244
4.256139847554931
4.076073770576154
3.77673627931657
3.407937931005651
3.010224282591131
2.6117359384792
2.229764600168799
1.87541657476321
1.558556683336751
1.290752555656759
1.084529533988567
0.9489814926608947
0.8859915583954738
0.8951150160604923
0.9903810391784397
1.036645015657649
1.021851652968915
1.026699561433406
1.029119649290818
1.031882085493558
1.033553553033425
1.034058932634513
1.03326067905359
1.031132635525496
1.027684698327566
1.022959485883195
1.017013467632629
1.009902407111979
1.001669622985706
0.9923350662305269
0.9818875727484769
0.9702760254033227
0.9573999542942693
0.943102368993987
0.9271656218922943
0.9093069164391405
0.8891757598352665
0.8663549781205714
0.8403660951359426
0.8106807892942501
0.7767462237627825
0.7380145101351157
0.6940662375655449
0.6445192061650984
0.5898848759179333
0.5296221853151023
0.4674681724927168
0.405215905959745
0.3429713044990762
0.2806399325466528
0.2182452781763607
0.1556722596366832
0.09546260522627606
0.03229790632377616
3.997385814161178
2.958126180095624
2.66239198319787
2.678435920796229
2.703807122658624
2.688506060253426
2.672538264427605
2.964421830468008
3.522310342021037
3.778756596730045
3.855295040358397
3.784380603860564
3.594217437900666
3.318411194139068
2.991202189751156
2.642552987085641
2.296245778263426
1.970752852540694
1.681018450133818
1.439176264135119
1.253371956260322
1.125837319250462
1.053081204895038
1.031751679261093
1.07825754069021
1.103454452354267
1.09846380420568
1.104525166140726
1.116246757297538
1.127024711359648
1.132970882281737
1.133989447527405
1.1309142157283
1.124679613583218
1.116107551550563
1.105902786563185
1.094669137723511
1.082935258893299
1.071179960550337
1.059844786966833
1.049329094049731
1.039966381965271
1.03198885670216
1.025486921133089
1.020363521363223
1.016275303019562
1.012550657971313
1.00807675033585
1.001156590354952
0.9893646575944217
0.9694893622560614
0.9377351180532012
0.8904365187120773
0.8253421510842022
0.7432212051451319
0.6483247031685051
0.5501450482092352
0.4566925944775899
0.3712840295501451
0.2934092662465022
0.2206156526115154
0.1524387984377358
0.09748424984937905
0.03692668017282973
1.857373744465346
1.428339951302127
1.18148662572781
1.185759049530134
1.296672644602194
1.447511979968342
1.686759583739653
2.113229397177244
2.705813591471234
3.116702510589
3.331524584807072
3.387471864963873
3.316581738642296
3.148077706194151
2.911614659129903
2.636182047916192
2.348004828575963
2.069243845001893
1.817425156061635
1.604960915927027
1.438757037683395
1.320924295941317
1.251754358785963
1.233574984256738
1.264720543194222
1.296594659564214
1.324856320483478
1.35707681546295
1.391609050730717
1.419763004068102
1.435664024811874
1.438452711800563
1.430120954580443
1.413580513120986
1.39172864420259
1.367146787514235
1.342078227653519
1.318507965046272
1.298253919206183
1.283017728407595
1.274373109825572
1.273694190729482
1.282041357638277
1.300019508559282
1.327606945725651
1.363935103379948
1.406992329859596
1.453238830928638
1.497166376275841
1.530934702356523
1.544380397038853
1.525887746913788
1.464677642778141
1.354671269923698
1.198953128072939
1.012276009487594
0.8179078973935974
0.637543610081819
0.4829939605719711
0.3554767221222113
0.2503869800891246
0.1636871668790066
0.09559298813281626
0.04884995252856675
0.1292068553125707
0.04635005625614418
-0.02450085830348766
0.02314125795126517
0.2002831964891691
0.4882141334753592
0.889715718352952
1.394926952658092
1.947076059031558
2.42285912027909
2.753193913107821
2.932980888879079
2.981732928817459
2.92449681241563
2.787701539615974
2.598139776543822
2.381472474681924
2.160430617978178
1.953328885929793
1.773262517243251
1.628320742235676
1.522974367227145
1.459753821035545
1.438477690988794
1.451134082062765
1.482307110545699
1.52305450087226
1.567309583063257
1.610031588017737
1.64452987812757
1.665471048142852
1.670994992057412
1.662395166201586
1.642756600106754
1.615797231698524
1.585226533351421
1.554498236903346
1.52676924520523
1.504925787463237
1.491593023588273
1.489087947769322
1.499307363852501
1.523559821686184
1.562350852111467
1.615119698184369
1.679915098523662
1.75300206242465
1.828425498944358
1.897632581371126
1.949378808247583
1.970289874691528
1.946533928468499
1.866894989714748
1.726912649412197
1.532639177413578
1.301519079420582
1.058140680007256
0.8262823553424539
0.6218836607003474
0.4510994568748321
0.3133346137714669
0.2062001664792624
0.129481357297653
0.08730070821146822
-1.178847921407226
-1.127011773860297
-1.044814025091816
-0.8944557570802267
-0.6352845309076547
-0.2574773017252652
0.2207975014970018
0.7569374641724973
1.297856842981365
1.79380177396811
2.193320363452402
2.470706089483868
2.626304909251012
2.674863042725827
2.637277175633248
2.536715520845588
2.396397278204465
2.237710130867198
2.078673630753756
1.933139295303413
1.810911578305891
1.718411063680233
1.658905370267569
1.631737987072233
1.632401639448518
1.655751226404728
1.693910633347646
1.737933150695499
1.780283679780823
1.814799220058949
1.836922062022627
1.844460359526697
1.837818106495856
1.81943883324768
1.792954711467781
1.762474830133517
1.732143808443129
1.70591424292019
1.687428841719057
1.679927040583444
1.686125740702927
1.708053783138916
1.746837760637675
1.802442594003623
1.873369443695421
1.956316254799043
2.045825340978493
2.13398911483425
2.210362433156716
2.262321750525495
2.276167112127735
2.239190026927188
2.142621355583508
1.984801173727437
1.773278903037468
1.524385884018234
1.259743333976676
1.001036356503692
0.7653041860497546
0.5628145100741124
0.3980026150267529
0.2721817492267783
0.186181759898381
0.1411770455274929
-2.154825461184706
-2.051380310894129
-1.873967180350565
-1.623235661316362
-1.282351759881491
-0.845833620099939
-0.3343384791558656
0.2128120845987767
0.7554660451899742
1.261954058495907
1.700075668051683
2.044520571679237
2.284944370397968
2.425174348970535
2.478248844121918
2.461935257594878
2.395668273885504
2.298424183183708
2.187222500574612
2.076250065395898
1.976538941687415
1.895880054801065
1.838693700997812
1.806184875976186
1.797384349337898
1.809847243917773
1.837971591828126
1.874035783675872
1.910481181386711
1.941242607364505
1.962035013275089
1.970519811433149
1.966441057244341
1.951461100451771
1.928690759575762
1.902117738781139
1.876105517607227
1.855017242612768
1.842938360370405
1.843447825292398
1.8593968170419
1.892672477966951
1.943939984211891
2.012366501048178
2.09533866117284
2.188198293604631
2.284047111335249
2.37371354631197
2.446025740691864
2.488566318273195
2.489048564309972
2.437297498981085
2.327530820461717
2.160303114487792
1.943318259772084
1.690572863640175
1.419971883141529
1.150196768713778
0.8977964490767962
0.6753526186043289
0.4911190350403292
0.349812029735621
0.2537163561056781
0.2033804287730314
-2.868510908959165
-2.740465845849767
-2.509444373716266
-2.188715465574302
-1.785355830815503
-1.308712189128385
-0.7794499718626321
-0.2270062625290649
0.319202312355457
0.8342663691713731
1.295738648784205
1.683862073707167
1.985863744285515
2.198605008547149
2.32766702607285
2.384641179821189
2.384384037661173
2.342860437382327
2.275584363725208
2.196538054558875
2.117437743486954
2.04724871583337
1.992007573717418
1.955098990210732
1.937725821168844
1.938826314948336
1.95473238840959
1.979751171076577
2.007567964169032
2.032592447543089
2.050643380514599
2.059199583716307
2.05750680953623
2.046548924525091
2.028819555324661
2.007927522712174
1.988134191636941
1.973903652421175
1.9694980557678
1.978615272740945
2.004054648117497
2.047400854276654
2.108725945795458
2.186320834795219
2.276479417576495
2.373374003963498
2.469081230304175
2.553840139524551
2.616635813259039
2.646179890258113
2.632278017212316
2.567428116946652
2.448323336710406
2.276836867201803
2.060149248670621
1.809953239321523
1.540975960011528
1.269182520920305
1.009998621473276
0.77683859457787
0.5801711273699727
0.4272004355789042
0.3220672906998129
0.2665016662210801
-3.368055653805099
-3.225927984176634
-2.965672607148873
-2.604433536201033
-2.161875918598573
-1.658495338011101
-1.11657783763193
-0.5596328158545784
-0.0102038304118975
0.5116011920193595
0.9882489215559037
1.404380314830214
1.748158225159928
2.013385165725182
2.200401436008564
2.315359516525057
2.368623589628507
2.373033819082476
2.342367335372367
2.290059188606207
2.228180633634441
2.166716209242083
2.113210786735313
2.072735677377648
2.047917187879003
2.038895686542963
2.043507927165458
2.057785759357111
2.076819809184303
2.095765294105554
2.110630364603171
2.118732750187692
2.118923273486828
2.111650974618319
2.098864849547115
2.083746442195056
2.070311118427112
2.062939645747015
2.065893247652206
2.082844468530372
2.116440787156173
2.167913158365963
2.236745322961218
2.320428071787264
2.414332902149023
2.511749223025476
2.604135031323052
2.681626649418075
2.733829800701605
2.750863621128832
2.724551752821638
2.649571151868428
2.524323253495245
2.351331096328463
2.137097133706031
1.891512085552624
1.626979121291671
1.35737826199793
1.096933640528928
0.8590481129925899
0.6552429246957182
0.4944018560521367
0.3824995406134461
0.3228769779003807
-3.687422936000384
-3.537443801168473
-3.26213691978641
-2.880331333951509
-2.416699141855807
-1.897222317849996
-1.346169139358616
-0.7850969694764665
-0.2329836170180143
0.293465786944075
0.7796641255173924
1.212904449164044
1.582690264198531
1.881879488688897
2.107867579137237
2.26301684342788
2.354173510357887
2.391559487457861
2.387396212578499
2.354523697634226
2.305189528576515
2.250125129505161
2.197950847241279
2.15485080234757
2.124433633898819
2.107800070308039
2.103863713436451
2.109840477673761
2.121884545222124
2.135835963845837
2.147947960955803
2.155453131501214
2.156920673102142
2.152418913374278
2.143496619032103
2.132988625694765
2.124665491783507
2.122768683231014
2.131483572987261
2.154399681652615
2.193998959858647
2.25120641800231
2.325036645800048
2.412373928066216
2.50792892496529
2.6044153167772
2.692978815295877
2.763882977008292
2.807410236924575
2.814879627700511
2.779632751284627
2.697822433309386
2.568875263758261
2.395587027620728
2.183909406911731
1.942537565253766
1.682379720965324
1.415916054878522
1.156409206776259
0.916961818044574
0.7095181053822376
0.54400474135244
0.4278026813419247
0.3655806830499421
-3.849019406871233
-3.696022168424525
-3.414204277230398
-3.023642680468535
-2.550754929217218
-2.023537202345026
-1.467443687529288
-0.9037310741931861
-0.3499488460711019
0.1789773409806241
0.6700339724950262
1.111821088666249
1.494634515625548
1.811131347958346
2.05740812032646
2.233875775932682
2.345409249089232
2.400686566065853
2.410976556003391
2.388731511368397
2.346273181936211
2.294734630387547
2.243301413897854
2.198736774644424
2.16519354208703
2.144325412526579
2.135636686901122
2.136964489408686
2.14503576596224
2.156095284102096
2.166569102121344
2.173662553004679
2.175794136764135
2.172824193175494
2.166081489266525
2.158203313057288
2.152809371640307
2.154042416146098
2.166023380934444
2.192276076947371
2.235174679121198
2.295462076158497
2.371884444721513
2.460988594429391
2.557129735375722
2.652730796283533
2.738812253359299
2.805769635017864
2.84431928027395
2.846478333295735
2.806417957313066
2.72105200379773
2.590298701538722
2.417050050323213
2.206950359767109
1.968082817871115
1.710598625404986
1.446248644918278
1.18775015861155
0.9479680924008218
0.7389887979227802
0.5712503612321165
0.4528961574550954
0.3894293872409983
)
;

boundaryField
{
    inletLower
    {
        type            zeroGradient;
    }
    inletUpper
    {
        type            zeroGradient;
    }
    outletLower
    {
        type            fixedValue;
        value           uniform 0;
    }
    outletUpper
    {
        type            fixedValue;
        value           uniform 0;
    }
    sideWalls
    {
        type            zeroGradient;
    }
    topBottomWalls
    {
        type            zeroGradient;
    }
    frontAndBack
    {
        type            symmetry;
    }
}


// ************************************************************************* //
