/*--------------------------------*- C++ -*----------------------------------*\
| =========                 |                                                 |
| \\      /  F ield         | OpenFOAM: The Open Source CFD Toolbox           |
|  \\    /   O peration     | Version:  2506                                  |
|   \\  /    A nd           | Website:  www.openfoam.com                      |
|    \\/     M anipulation  |                                                 |
\*---------------------------------------------------------------------------*/
FoamFile
{
    version     2.0;
    format      ascii;
    arch        "LSB;label=32;scalar=64";
    class       volScalarField;
    location    "5000";
    object      p;
}
// * * * * * * * * * * * * * * * * * * * * * * * * * * * * * * * * * * * * * //

dimensions      [0 2 -2 0 0 0 0];

internalField   nonuniform List<scalar> 
4096
(
-2.156527149314851
-2.059937686719789
-1.880163143900826
-1.62682447087049
-1.31359963989054
-0.9562345252026694
-0.5705523142785283
-0.1715827186763034
0.2263110764226821
0.6090770913686093
0.9628615455505866
1.274177268139422
1.530307007612396
1.720034109996361
1.834888285123124
1.87099582272054
1.831283869068295
1.727240424546002
1.578912936385082
1.411926899746109
1.251720274137728
1.117702414375325
1.021365441256215
0.9694047905403492
0.9669263918907998
0.9714045339583099
0.9692725704398628
0.9729808428167634
0.976235505622244
0.9790611369543363
0.9808332795464363
0.9817697912243302
0.9823516044312027
0.9831961750585703
0.9848010694953087
0.9874196378608781
0.9904555314492669
0.9940760911613314
0.9914033172132859
0.9970017388412485
0.9988574815148118
0.9515253257199767
0.8585423911961836
0.7252492172528371
0.5619152729354066
0.3867383338078469
0.2238189707379182
0.09721824773854612
0.02515506030858816
0.01705602906257697
0.07365548632711427
0.1889384914397643
0.352623309897199
0.5523777516056256
0.775466801229583
1.009824254623715
1.244649732860486
1.470642409920952
1.67996663853727
1.866043574493139
2.023289862394055
2.146951455392931
2.233136708582131
2.27902688415396
-2.067535209411418
-1.969632319299737
-1.789334012841908
-1.537989889463478
-1.230361066550116
-0.8817350076991834
-0.5066166639816224
-0.1188912724873212
0.2677971540026932
0.6400331892112805
0.9848170654994063
1.289733447469498
1.543139741511264
1.734569386095188
1.855545286072452
1.900913500066603
1.870661290477367
1.771926978710284
1.620472676420851
1.440343757289511
1.260311463064005
1.10711715628853
0.9990149833790779
0.9456270484731096
0.955665479100101
0.96815514297816
0.9653773529922497
0.9698938683935107
0.9733478843801481
0.9766812209961716
0.9792239729327729
0.981170442014199
0.982853624888244
0.9847262450485201
0.9871341093244911
0.9903023466684597
0.993576254466996
0.9980541755218035
0.9947351110261405
1.008565145856174
1.023114780881702
0.9740951739297696
0.8688737536583342
0.7159017598697325
0.5323755204752231
0.3439439644795159
0.1781253732392585
0.0574855156981619
-0.003932420207093053
-0.0009178374605955787
0.06445794278922064
0.1849927620426679
0.3503943701035098
0.5489289834571193
0.768629896042049
0.9981173155572225
1.2271042576253
1.446653738982645
1.649236867393897
1.828632405335231
1.9797167938226
2.098242540689387
2.18077239823246
2.224869061490949
-1.892713401468691
-1.792869303778732
-1.612252363090238
-1.36635499022175
-1.071087496948173
-0.7398462938028342
-0.38473161418309
-0.0181365648032751
0.3472477206423908
0.699189833094841
1.026363785156858
1.318316177184262
1.565285136366409
1.758155539912018
1.888668108215628
1.949959110296403
1.937618320156056
1.85161829031377
1.699403815436825
1.499579565356527
1.283620464987676
1.091237701045026
0.9579494390070337
0.9040794466835052
0.9414502127205082
0.965583663342539
0.9601934468064414
0.9666244077931919
0.970773075111702
0.9748656724922636
0.9781053563325026
0.9807800388227291
0.9832050130210332
0.9858122251437081
0.9889267063326483
0.9928658402630971
0.9968388170206333
1.00326127202757
0.9972763284269086
1.023026486542516
1.065300629359164
1.015383213481688
0.8841460588279478
0.6911390212389137
0.4711159600016923
0.2628773294453674
0.09678108296296239
-0.009889586234871583
-0.05120186691860239
-0.02886777853065975
0.05088568265834278
0.1793281761467168
0.3464229385395674
0.5415837392567759
0.7542172469846207
0.9741530964817919
1.191999953337928
1.399433510878012
1.589404849277805
1.756244985177656
1.895616415289111
2.004260498702243
2.079647118016836
2.119874759510098
-1.620332226692401
-1.517988653177198
-1.340027732625995
-1.107458566193745
-0.834313098979066
-0.5297388844482331
-0.2036907685823182
0.132024239088492
0.4656646787856161
0.7869340486148545
1.08702432029439
1.358075021941268
1.592664819400227
1.783456026419553
1.9229046263071
2.003026127838545
2.015472374845207
1.952605407853257
1.81074371022397
1.596728139512401
1.336977452065789
1.08283293791925
0.9004368535389641
0.8415263687243073
0.9236185628264048
0.9629906588063769
0.953534538840566
0.963200221270523
0.9686279997615108
0.9737075434931992
0.9775331932820309
0.9806136878068901
0.9833830612932942
0.9863912335329079
0.9900792985503305
0.9949850180751252
1.000205218849171
1.009845560024755
0.9997227995376767
1.04102507689955
1.128367756595938
1.072745610899041
0.8913345575641157
0.6356222345168242
0.3712830003802282
0.14891108609461
-0.006020551815339498
-0.08775276623400129
-0.1011798877283244
-0.05529860039144694
0.04004328077251477
0.1752573433248761
0.3411553607892999
0.5288126344651193
0.7294594847265062
0.9345049155396701
1.135713102534059
1.325508826608094
1.497350889705639
1.646098074660695
1.768275933683502
1.862029514648375
1.926470716772986
1.960773418932601
-1.228176975156429
-1.126223186380624
-0.962573034254974
-0.7584921267495944
-0.5189791708413622
-0.2494213035499448
0.03881830872058943
0.3331874005088592
0.6237372187891502
0.9032358826370257
1.165940929833752
1.406681433811623
1.620381210077615
1.801661383216293
1.944281678929585
2.040395229419785
2.079805557608927
2.049752252638259
1.936414056287311
1.73044496787416
1.439761862812204
1.109788180292133
0.8372334577914259
0.7426593632787962
0.8894313845361965
0.9587119436420503
0.9448301001722528
0.9597984786391288
0.9672445436425882
0.9734355950424241
0.9776184345643397
0.9806936640753161
0.9833391128851909
0.9863289275055867
0.9903448347905709
0.9963132169731522
1.003481296769967
1.018349591349081
1.003727532612339
1.075200889304299
1.227149279231043
1.134861107184518
0.8622628968833377
0.5300724434946336
0.2346222695241367
0.02069064144348657
-0.1045104317616056
-0.1510694528866884
-0.1336521940717509
-0.06601568422699411
0.04048852790245564
0.1767226719174479
0.3350454324294955
0.5085749027886574
0.6906278146338923
0.8744094445781803
1.052994541335279
1.219610875795475
1.368161631583196
1.493845375314759
1.593775891151257
1.667504841532493
1.716703607203424
1.742887338574808
-0.6753821240588889
-0.5937422233286688
-0.4762222265239172
-0.3209350623785553
-0.1226170050506337
0.1055279992054537
0.3455682351910567
0.5859546847017263
0.8210234568760879
1.047370604429482
1.26196023550849
1.461759888003149
1.643682134534275
1.804259292278191
1.938983902694325
2.041391433925528
2.10198262612788
2.107147563793388
2.038535108060654
1.874285572925739
1.596432279088684
1.214335270888134
0.8133157774528424
0.5971369635037072
0.8032209213788006
0.9483886824483274
0.9344214584704321
0.9573566013247289
0.9676514799333897
0.9747537674960819
0.978744790440284
0.9811293120741783
0.9829319220837426
0.9852113618597786
0.9889919808285633
0.9957943288124221
1.005691760163632
1.028358239172739
1.013552995223997
1.160793280121324
1.371093414330118
1.156081038412858
0.7545972392748775
0.3703678964778083
0.08812437513819688
-0.08326143180499987
-0.1620738795147257
-0.170496047745172
-0.1273481200013537
-0.04689668671499621
0.06053191375198476
0.1875074162741027
0.3284364848887731
0.4786283443710025
0.6335451775473978
0.7882809554160981
0.9373368291479665
1.074794593871868
1.194942649405257
1.293185506722582
1.366891808273853
1.416259242744736
1.445409943359973
1.460511511630823
0.1125448632750985
0.09482111524312541
0.1066925426480538
0.2043856131422352
0.3634670612148711
0.5409429515631937
0.7169150571340374
0.8883514779036887
1.055677854872318
1.218067609682493
1.373798070969759
1.521142397878732
1.658529358932445
1.784154836117762
1.895328175130203
1.987673640321517
2.054202634005962
2.084197261262085
2.061789137497338
1.964167041941054
1.760078992903893
1.414822685604878
0.9308700111410432
0.487874770899916
0.6383238705993109
0.9229240537878856
0.9264452760098637
0.9585975265933545
0.9718035451356822
0.9787847927782334
0.9814579951215597
0.9820628192758131
0.9819627457156194
0.9824379018514144
0.9848454404392722
0.9914210324623033
1.004044160807615
1.035610554378627
1.038066386293608
1.3238461389785
1.476178448620203
1.033935520166328
0.5503908469176328
0.2039804143904315
-0.003577233269815193
-0.1070121590850784
-0.1373828912822061
-0.117444466418938
-0.06324266128415656
0.01412213933470785
0.1071271373718271
0.2107498838698984
0.3215547165690249
0.4368854809085064
0.5541676105169409
0.6703429757448172
0.7814821692070282
0.8827126348800699
0.9687522445828404
1.035229532120277
1.080119631666502
1.103858297147946
1.109540040634601
1.10717799396176
1.251970847793725
0.9154280278754712
0.7704164753894041
0.8350173314128901
0.952569023463173
1.056127544355362
1.147166642708107
1.235967431661334
1.32529964836995
1.413855218282804
1.500018477831145
1.582827765378062
1.661707952370521
1.735995684259776
1.804459640897484
1.864819636976554
1.913235550883662
1.943673217272882
1.946855495164661
1.908605167310444
1.807793820220075
1.611156280231169
1.25845474090613
0.7137727732494137
0.567022406311844
0.9108039012906077
0.9424975657987988
0.9725957771796452
0.9836154433857225
0.987166473269208
0.9863838396445549
0.9836279155528523
0.9802200742882998
0.977309579841618
0.9761992032875396
0.9792158065521535
0.9894290772819263
1.018509692008541
1.04872332269829
1.391954148859721
1.243632961292716
0.701022948403577
0.3506658219958743
0.1542399801331618
0.05133040068812463
0.009316421316706833
0.007595291726427403
0.03220540091213084
0.07384814813943918
0.1263165415869365
0.1855032323204593
0.2487980477538508
0.3145820696143026
0.3817296560781368
0.4491388984395963
0.5153248909195387
0.5780440353092708
0.6339706497656287
0.6787442067232254
0.7083075455743865
0.7220632274039225
0.723831424853519
0.7117182822512244
0.6768525626300621
2.808620226384575
1.833132667730152
1.579508282789127
1.606641464163686
1.634419247150692
1.633035160734959
1.626695260676244
1.625186956121904
1.627957183502889
1.632875888546014
1.638680711797882
1.644741313613592
1.650626445842762
1.655894164098622
1.659957047018678
1.661996290283598
1.660898060567365
1.655219854487564
1.64281426061221
1.619552733004412
1.579501314947244
1.526086930035682
1.491846780370299
1.440916540225764
1.130061167224824
0.984092850032077
1.013908662953377
1.012519217337565
1.007715304362299
1.001370754598691
0.9938961671918074
0.9858600016212633
0.9775929083765764
0.9693875120171908
0.9615441562332301
0.9545564864924659
0.9487666171990653
0.9457847650382243
0.9734675960376891
0.8250842998914786
0.5130743156574448
0.4647151123589199
0.4331136905387123
0.3808868586530452
0.3409585932967684
0.3172817163210152
0.3041822391815097
0.2976434252935052
0.2955647786063531
0.2965166736339747
0.2993793972909801
0.3033207604789153
0.3077435314422429
0.3121768691955738
0.3161470599283907
0.3190943788118148
0.3202597011549972
0.3184919531805244
0.3119606944292208
0.298519952423282
0.2788798564973584
0.2629626804147891
0.2545205167635575
0.1748060596621009
2.372276318527607
2.062431282198586
1.956545792364907
1.897395188418237
1.850552261897798
1.809953085921232
1.775972534535694
1.747485878931341
1.723013856767019
1.701357198720873
1.681639853844517
1.663167524769915
1.645337743980269
1.627592404210289
1.60940806681128
1.590303906520932
1.56984885463126
1.547709629945942
1.523690366508484
1.497655512209733
1.469694848598247
1.441150949238072
1.421519399968043
1.399646016181356
1.305778469764991
1.135306076648893
1.090704862531733
1.056099734874739
1.03391825176887
1.016699533595659
1.001889259717474
0.9881516551655751
0.9746705296898264
0.9607643842412705
0.9455870883364732
0.9277263685554527
0.9045808535876065
0.8683622128888578
0.8216284495816801
0.6488580314921579
0.5558626732552829
0.5356435215028046
0.5175494521879351
0.4901331518441487
0.4631197027834014
0.4379201364056392
0.4146569038882957
0.3932536122131854
0.3735769010887777
0.3553618957269612
0.3382536245211478
0.3218551549064562
0.3057578387150683
0.2895454171552784
0.2727990973633207
0.2551159105507654
0.2360973386306115
0.2153552801139545
0.1924900120149248
0.1671631773963055
0.1392948820789429
0.1107144883676736
0.08183223547297123
0.05961646691665443
2.013254087929444
1.903294615847143
1.84404224071183
1.800638169051529
1.76946909803018
1.7437207966169
1.722345749739797
1.704721630808964
1.690093440165157
1.677637264444793
1.666621416133625
1.656417477375257
1.646460763141155
1.636198017308852
1.625056276288743
1.612393725957677
1.597463809057396
1.579380279608804
1.557077662249171
1.529240985442483
1.494577170108217
1.451720998344846
1.402467940069945
1.34092436209251
1.254439827465585
1.160975855149164
1.11586218395937
1.0781008474314
1.050322373864108
1.027570287185831
1.00790650202326
0.9898293147260571
0.9722003780342263
0.9539699640186774
0.9339778915436374
0.91066455852883
0.8820667594518474
0.8430639165854068
0.7964941866769129
0.7020205667932088
0.6159028590462079
0.555493119705879
0.5074144832914311
0.4654854333640024
0.4314872891992836
0.4041056496492225
0.3821005613958471
0.3642194488762905
0.3494504095292352
0.3369554777323293
0.3260339237302069
0.3160908806446986
0.306606635063143
0.2970976617461986
0.2870902289075226
0.2760870941827783
0.2635357437839386
0.2488148906328039
0.2312306806871159
0.2101487305501855
0.1849453565890603
0.1559624043529624
0.119898420057237
0.0947993533144898
1.922925758465974
1.874993605415212
1.84124149997005
1.80676506805058
1.777926420719255
1.752736532838073
1.731136092416726
1.712665300568468
1.696726910381846
1.682679291712823
1.669930790127303
1.657946035616429
1.646225140516698
1.634276209727939
1.621591650304195
1.607607364700384
1.591671794345627
1.573005540385385
1.550656848246791
1.523400703336601
1.489939805513948
1.448162491525999
1.398795177478648
1.334226653904983
1.258887372094414
1.185282809289782
1.135887464771707
1.094608659260914
1.062321012539988
1.035478661491003
1.012235595373083
0.9909505793334648
0.9702555206667201
0.9488428566101773
0.9253305249166511
0.8980306749682981
0.8650832038271998
0.8228579795620937
0.7724044903014123
0.6981203335751722
0.6229394079851519
0.5592290903508873
0.5109901049456673
0.4702277612294466
0.4375433741886881
0.4108764290549723
0.3889664732230771
0.3706486299170127
0.3550251458528819
0.3413672244770378
0.3290708087081182
0.3176196621378524
0.3065538234951005
0.2954400660247284
0.283852462900827
0.2713412695788515
0.2574099525417003
0.2415005046155708
0.2229730600488225
0.2011932986543219
0.1753369253618824
0.1455724195519532
0.1081203863560839
0.09027307760672407
1.871168975102209
1.842347149490973
1.817108412159651
1.788964503911489
1.764452036270274
1.742822649235257
1.724069131324841
1.707763487513457
1.693433098315296
1.680586430096368
1.668762780801649
1.657533685020524
1.646488954846676
1.635216329104495
1.623279771837774
1.610179436942028
1.595312697019243
1.577915809945765
1.556984393973401
1.531104813237055
1.498601382527525
1.456040224192439
1.404642754238236
1.329133192750535
1.253288291943617
1.190001817117191
1.142466363720589
1.101798546816682
1.068339490773056
1.0398029366716
1.014695696708511
0.9915274391217487
0.9689585929301154
0.9456793976670358
0.9203450072087868
0.8914247797262119
0.857403083003878
0.8159325878916659
0.7674716036996414
0.7034684153177035
0.627695057612365
0.553131251718243
0.5030215079077759
0.4616335087896444
0.4300018645748876
0.4047767103593694
0.3843133195766305
0.3672662688135232
0.3526876876235781
0.3398637822130324
0.3282341595003635
0.3173368484452342
0.306767208318613
0.2961445174558703
0.2850910510930277
0.2731976168214941
0.2599968233538796
0.2449364852760967
0.2273333090667175
0.2064173901386328
0.181013245527685
0.1507969283984496
0.111244992919144
0.09015314563839941
1.858640995042745
1.825779677570394
1.799867302776441
1.773824241489773
1.752030804446889
1.733281945180626
1.717098362335814
1.702892657933271
1.690191299757567
1.678586914007832
1.667727033318362
1.657294912562474
1.64698946898006
1.636506248194641
1.625521030246168
1.613657841420005
1.600449509797047
1.585278897123622
1.567269436781852
1.545054355916531
1.516764459589327
1.477413382937612
1.429830724951574
1.333316430477397
1.245722289128452
1.186223924929319
1.140355673385482
1.099821509862731
1.066090865987593
1.037660072917615
1.01308533733665
0.9907568848435202
0.9691499450546959
0.9467477154787349
0.9220098546390969
0.8932734497374136
0.8590380932631979
0.8177295536651662
0.7707732878711875
0.7102224017525184
0.6224378740904971
0.5271824176647611
0.4813070353375288
0.4434461447398943
0.4162006609559628
0.3947433612875466
0.3772596215108394
0.3624661538129115
0.3495459112420385
0.3379320274620849
0.3271954982098
0.3169893113802522
0.3070087580467565
0.2969616512203003
0.2865497441487541
0.2754376251658235
0.263219502077279
0.2493773504975196
0.2331988892425977
0.2137598807219034
0.1894536449071597
0.1592699067610214
0.1177940046895561
0.08753457756655059
1.885069110748647
1.810068637410971
1.776077109154309
1.752095188286008
1.734375168943156
1.719808130768799
1.707200016772767
1.695857764328421
1.685389382484434
1.675529653636027
1.666073608820406
1.656843680969129
1.647671577911566
1.638386525851492
1.628803416888031
1.618702357387257
1.607795252665982
1.595673099785683
1.581634460190481
1.564339995555901
1.54111052711538
1.504108914765422
1.455170121362445
1.276331310281824
1.179868567544135
1.158067375464824
1.139943910630561
1.11072561654185
1.080619191957909
1.051161797706383
1.022378234860342
0.9939987611682982
0.9657262513749909
0.9372115014052412
0.9081442360714792
0.8782342092915488
0.8474863829099348
0.8173487516892961
0.7977564251686783
0.7743176407919893
0.6770881202644219
0.5008287808113893
0.4542996817327603
0.4191915408230991
0.3971585611163197
0.3806906343469356
0.3672002433785162
0.3554502723778609
0.3448044979857281
0.3349019606421617
0.3254862368191452
0.3163562627121926
0.3073341523072121
0.2982445108628881
0.2889003436442886
0.2790805467977633
0.2685027870432049
0.2567809013984299
0.2433267578057265
0.22727585768328
0.2068215583330508
0.1804620390825384
0.1390046317682321
0.08463070929051018
2.066446989736072
1.841912232722837
1.769915484285015
1.736628634099336
1.718527792665016
1.706484684748901
1.696923406335742
1.688338208590959
1.680154979090419
1.672149163052697
1.66422712202391
1.656340782266516
1.648457480425629
1.640550998928227
1.632603070253998
1.624609334707621
1.616593155600737
1.608677743810114
1.601074478290677
1.594251034251812
1.588425434077094
1.585491731271966
1.612649816336441
1.463588266851423
1.132785639009914
1.095977138965998
1.08330139334992
1.043652690214696
1.011523651171993
0.9936061651545726
0.9849044749243747
0.9808323983154913
0.9782404155348784
0.9743284216380314
0.9658787153799795
0.9481645114791256
0.9158563038613577
0.8749537479570134
0.8593708851505197
0.8196522147192943
0.4899416502620774
0.343638624507864
0.3733203088811084
0.3722577339444537
0.3676215006553302
0.3616200278623402
0.3545459949290786
0.3469746621622042
0.3391811605510568
0.3313282062659202
0.3234637981001678
0.3155943969097209
0.3077011174348888
0.2997428100579183
0.2916593637280673
0.2833580599997531
0.274688427142085
0.2653831163829983
0.2548933887225185
0.2421235349457305
0.2242674812488126
0.1968472880004737
0.134445230625709
0.03587002546343105
1.318361860641898
1.557556402749056
1.635888069344757
1.668172670784982
1.6808756399709
1.684221022132975
1.682937951095563
1.679243296277283
1.674220584016582
1.668436357461026
1.662212603456503
1.655751762813034
1.649202051328468
1.64269366641094
1.636371113662239
1.63042317510511
1.625138295903558
1.621125346730791
1.619418912522385
1.622268133565533
1.632609165305127
1.663027739588107
1.69380169990872
2.047666481919614
1.893678966986273
1.388837985015769
1.090694970551822
0.9420787818536183
0.8796774220983373
0.8729304782746415
0.9019626367394207
0.9510490454891466
1.006859493401569
1.056796370936926
1.087298388311219
1.082126631728946
1.020523060646013
0.8708606331654309
0.5696302161160953
0.06204485328134055
-0.09016691338534771
0.2647535774351067
0.2972209958180858
0.3288475113330501
0.3401673135583356
0.3436880099293498
0.3424340867092816
0.3387122318952784
0.3336000946704139
0.3277329658120917
0.3214136853272114
0.3148311388217307
0.3081193928562412
0.301380076692946
0.294709928072695
0.2882222040644154
0.2820853089685993
0.2765995639394553
0.2723386253370256
0.2705938714584959
0.2738186617238821
0.2892213100117218
0.3226834966520628
0.4839695153964577
1.512958175542137
1.598364947887564
1.636415843465784
1.65732180616907
1.668177830970687
1.672988776362042
1.673997544882291
1.672548580398119
1.669471586763257
1.665315529340259
1.660469037320555
1.655228614980278
1.64984512771042
1.644552178064467
1.639601711930177
1.635269889179375
1.631893023051969
1.630204631707713
1.631270067849454
1.637186931535734
1.649507841201099
1.682335237791709
1.681359293223819
1.981058896162952
2.17130987440537
1.783614228081555
1.36686775142173
1.088009286118395
0.9418766978486767
0.8912164169881536
0.9029083472402017
0.9499817246812239
1.008877056085748
1.056994751343732
1.07045292340643
1.021651742555131
0.8766666843653107
0.5976830370106242
0.1798545362537896
-0.20876501983878
-0.01975811677804453
0.2791209206875775
0.2792651832777964
0.3128045692524394
0.3258171414503921
0.3322300291413193
0.3336451834795473
0.3321848240127808
0.3289327035719644
0.3246293872429856
0.3196164665890127
0.3141615034954119
0.3085034369591401
0.3028479686949633
0.2974007868997773
0.2923916360885542
0.2881124992146409
0.2849806246233374
0.2836377902305466
0.2852210613936454
0.2915080510947943
0.3069368960636422
0.3364386782902998
0.4085870615899347
1.561475219951315
1.5994918833053
1.625499423681591
1.64453379736275
1.656594197080803
1.663506135388815
1.66665065900214
1.66709043450723
1.665600932709357
1.662763619981
1.659030670674945
1.654773515860716
1.650322740124212
1.645987956134627
1.642099703269823
1.638936024048556
1.636694444266119
1.636094888580125
1.638000147761623
1.643793280850537
1.653087228690472
1.67720698398877
1.656090504878198
1.822031827926919
2.101223202327121
1.958468830410832
1.633385343155414
1.325486319574012
1.113364481850093
1.000259000307697
0.9621597631427475
0.9692454687347801
0.9916264621693043
0.9996612841611645
0.963165923351286
0.8518186504836536
0.64110627252248
0.3340202810195603
0.00917590010960778
-0.1342541805983292
0.1416039836015742
0.3057338338802771
0.285427843255292
0.3098999451718155
0.3196551749659134
0.3258027551134262
0.3279706240113616
0.3275482676101094
0.3253942163118099
0.3222191123212885
0.3182197770027544
0.3136553363036051
0.3088431931533349
0.3040663957719888
0.2996141839947531
0.2958021140374716
0.2930078504039448
0.2917175440815676
0.2925840551649952
0.2965610629296105
0.3048652667359137
0.3196440907945527
0.3422914218537927
0.3767462688864888
1.586614450644858
1.60853588564612
1.62637822556259
1.641193216490435
1.65182299894107
1.658774019595072
1.662605782903977
1.663931418390146
1.663311904732497
1.661248246592871
1.658184684077334
1.654520434003602
1.650636632591268
1.646904759609963
1.643754724154805
1.641393599608591
1.639645161123062
1.639272248064768
1.641071391891052
1.64582706585967
1.652223047138107
1.668836958596067
1.646278375570454
1.742286791288752
1.98082752294036
1.973510561602017
1.783914619520656
1.53064499731561
1.305249911285494
1.145703834856748
1.050724161427493
0.9994964628711107
0.963725093674546
0.9132540313330977
0.8195885685840046
0.6615995474152031
0.4376936450694144
0.1855740276926088
-0.003623528901723144
-0.01215014195468928
0.2223015930641575
0.3163514501999886
0.2944601554004876
0.3112311259134219
0.3179390126615103
0.3229484406894113
0.3249413526241079
0.3247177881419264
0.3230447842428525
0.3206527837017075
0.3173676968559713
0.3133643043234316
0.3090630559942885
0.3048138228481626
0.3009665089989836
0.2978856768921709
0.2959799385961409
0.2957222576603872
0.2976642020135146
0.3024700293148427
0.310823735016155
0.3235839016473506
0.3409761188744327
0.3635660909015621
1.602971126472722
1.615833979688369
1.628218381651807
1.63986736146411
1.649167980064772
1.655838778461599
1.659927769961467
1.661732724455403
1.661647309487426
1.660096572678695
1.657499541893031
1.654252912499161
1.650756130655567
1.647429668410742
1.644894227510651
1.643193352841309
1.641354686415884
1.640468344096996
1.641657773080294
1.645239721954502
1.6495920881421
1.661136964786987
1.642311524515115
1.711233134713255
1.893524022437709
1.928944310119048
1.833038332068685
1.654969886963319
1.455887312124487
1.279003607866404
1.139674564552073
1.031142262184674
0.9343347862613667
0.8263729649340936
0.6880694206997722
0.5124681149668965
0.3146633627389497
0.1374960849023604
0.04154678223133951
0.07525691654991963
0.253593372929418
0.3208460361592773
0.3025789851082407
0.3141802193412637
0.318742087693082
0.3225044527004206
0.3238196339588216
0.3230695325088296
0.3213097313769337
0.3195627608007127
0.3168813471579666
0.313255074686011
0.3093043572240124
0.3054330985692384
0.3020184138420358
0.2994376534160053
0.2981007119878526
0.2984459549440723
0.3009197941276962
0.3059425329501796
0.3137830395051641
0.3244878539587602
0.33748479487509
0.352307865929607
1.615246493582621
1.624221776617611
1.634746774723751
1.645322594071237
1.654313735095177
1.660928745116171
1.664896067733507
1.666350046355655
1.665646072666678
1.663239852296263
1.659607170838546
1.655201958769891
1.650511577390014
1.646183657565923
1.64358757951991
1.642709040142009
1.640627435399982
1.639086366316335
1.639932296928442
1.642814969599074
1.645993012465432
1.654308167835021
1.639759017089067
1.692786299333136
1.829619671157087
1.869944217231749
1.822388238783271
1.703509743159955
1.542878303546336
1.371134155701691
1.207559061845882
1.056448585235072
0.9109581947309494
0.7602588197631026
0.5974304920794722
0.4266125387256782
0.2668287928802683
0.1483356816474587
0.1002259567953121
0.1386387391942481
0.2720512983871671
0.3237682104400786
0.3096739705839343
0.3179987372852103
0.3213196610615228
0.324347119693235
0.3252727601580729
0.3239548431461167
0.3220892135793061
0.3212615186062056
0.3186184422403756
0.3140333465776484
0.3088869575292575
0.3038098042362276
0.2992687942124363
0.2957025141585645
0.293593890012536
0.2934471514291716
0.2957306969864109
0.300775723548191
0.3086008740745342
0.3187314835480496
0.3302981551864678
0.3415534183530575
1.607497009016777
1.612838579783613
1.619081736550636
1.625561446028716
1.631842392878214
1.637411213128862
1.641998399760508
1.645528403106572
1.648050412564379
1.649701668222027
1.65067126191569
1.65113035101939
1.651206100865033
1.651241847927887
1.653433783830786
1.655620090679615
1.647082562109528
1.638401299017649
1.637295687046201
1.639504550858903
1.641902161789408
1.647965540587939
1.637428027902936
1.675760582954251
1.774331354119611
1.8080582298954
1.781600675603401
1.699233939159402
1.57166606776837
1.415171047278276
1.245229768140479
1.071484239243367
0.8974085787885373
0.723929559554318
0.5544567059578303
0.398490250022669
0.2712796618584433
0.1887941704346591
0.1614373938204015
0.1932974980051806
0.2890468489301086
0.3263632692174794
0.3161874673896707
0.3222355460152379
0.3247165390512798
0.3270228718629382
0.3257951129645196
0.3171939821562237
0.308495453273519
0.3102441140009077
0.3120881319463987
0.3116443850213624
0.3111692315461618
0.3110136453602493
0.3113124935954075
0.3122464707597232
0.314028408553687
0.3168360628916378
0.3207845723034856
0.3258943282663506
0.3320185215636869
0.338739132265727
0.3462570673108022
0.3542776742328585
1.634623330974831
1.648849834571771
1.668558042293552
1.688266614043189
1.704222160549674
1.713787507931913
1.716406052647782
1.7128858243109
1.704562405699401
1.692829797016913
1.678827908340896
1.662983937336742
1.645033285582228
1.627165660896703
1.620267341108129
1.624610306210445
1.632348315552643
1.630844038701943
1.630822329943223
1.634623564576691
1.637281507145077
1.641977423997613
1.635222237050957
1.659817286376402
1.724012146010718
1.746895535587015
1.727285330002313
1.664021572291479
1.5590309390158
1.419156730318405
1.254664945984306
1.07629641413865
0.8935927491946751
0.7153547866172579
0.5510657062944679
0.4113465444853882
0.3062895068973492
0.2425434826010288
0.2218783731011746
0.2430681234759492
0.3049642909399076
0.3287607582656682
0.3222921416426799
0.3269644841477573
0.3296705382499833
0.3335604590770351
0.3331088556567456
0.332686413686334
0.3425426180550675
0.3477866920947886
0.3416823316429684
0.3240029409750206
0.3057477967493694
0.289116976910454
0.2737405294070704
0.2599137299291132
0.248693919620371
0.2415205796333404
0.2400105761991735
0.24555353315494
0.258365801445042
0.2766411203968647
0.2981741702101409
0.3176286480900282
1.751299787387535
1.783933188202648
1.833075640167885
1.883003760000913
1.920375929738864
1.937768855645738
1.933571145833003
1.91003815840516
1.871203955614758
1.821432295564954
1.764553667430163
1.703415225423646
1.640249257758093
1.57839395508429
1.523913015657924
1.490879585390705
1.552323619066859
1.616939289748438
1.620255861060371
1.628299970184208
1.632434800611216
1.63656357698475
1.633231053957553
1.646429926878357
1.680773529593206
1.690438371518564
1.669600070917473
1.614161045336562
1.522519606947885
1.396948206434775
1.243993010052441
1.073471567396524
0.8969376614684871
0.7264265564477637
0.5734467827419083
0.4477317811342246
0.3557220400046416
0.2995915344796069
0.2776761199101833
0.2858613977625725
0.3183332691888718
0.3308993212158025
0.3278034241360164
0.3319310925858717
0.3361497232208691
0.3444229979981551
0.3475309346728904
0.4141819246580701
0.4814036827553472
0.4541566496623101
0.4039463823505772
0.3445837590057198
0.2821052611032728
0.2196979446553627
0.1592766831710571
0.1033340345191805
0.05550566762173959
0.02037103248165897
0.002871795571331091
0.007044465825510323
0.03377759741302767
0.07813044047614068
0.1276460138909333
0.1637642446879765
1.898411896351722
1.930489844176122
1.980837730188256
2.03337205018391
2.072941998149745
2.089618481738496
2.079640154326539
2.044178435828367
1.987388626717094
1.914714580032208
1.83183140641184
1.744354455358782
1.658449170582295
1.582456512148728
1.529832619569334
1.522526176231948
1.577114943007276
1.619335405541206
1.620328333628265
1.626785716252639
1.630090674182187
1.632956549083856
1.631985851425012
1.636737005056405
1.647224382786773
1.642633605525383
1.615593490025004
1.560994619149085
1.476224148790808
1.361898610571438
1.222520358615808
1.066327105222642
0.9041910387198939
0.7479142839958268
0.6083424044580754
0.4936686480230635
0.4083486184796529
0.3529660262396878
0.3248964320798522
0.3190317720277828
0.3279953910910069
0.3322424760636719
0.3314581342672853
0.3343156633802809
0.3376683381318725
0.3442881034802741
0.3449639578858047
0.3884997449741733
0.4488618202029664
0.4497929633600782
0.4041798288344136
0.3326692608427335
0.2482728777813284
0.1590481701247112
0.07085822213810136
-0.01091596097025036
-0.08054513024348228
-0.1319679576798479
-0.159615353123607
-0.1600807893532517
-0.1344792965334363
-0.09069502170232652
-0.04379936814846624
-0.01216439845126965
2.047570416776372
2.071852535867507
2.110615788196696
2.151418399693573
2.181263440567755
2.190281497470611
2.173410824713688
2.1302569990604
2.063958811700624
1.979900508817091
1.884844051521748
1.78676463789159
1.69540886098695
1.623185352357053
1.58463667498863
1.588651555292713
1.614743469719581
1.62423004776075
1.623681778070105
1.627063493936312
1.629063435795205
1.63066942641015
1.631222665302052
1.630576559830702
1.623968193242399
1.605686250217006
1.569792404766754
1.511956653871238
1.429926395504416
1.324056424716625
1.197792778002188
1.057687558247859
0.9126306789731258
0.7723795884584977
0.6458154872102112
0.5394791194771165
0.4568110390757923
0.3981716952194858
0.3613228692311344
0.3419484266304157
0.3341145036594214
0.3330754014160151
0.3337730846434764
0.335364874580854
0.3373837050085455
0.3408608969147696
0.3399823026180199
0.3500448698906578
0.3809289978397581
0.3931002568509069
0.3623616301922198
0.29549310419551
0.2059903114338475
0.1057348487428926
0.004205831300429589
-0.09063623357869062
-0.1716482583951494
-0.2324910801937138
-0.2684138602990196
-0.277695427744324
-0.2632694767875028
-0.2336091640189302
-0.201592447188584
-0.1804987776463482
2.182081316392581
2.196875557615715
2.220319240170538
2.244075890700821
2.25864851919095
2.255919609633688
2.230856982623267
2.182102264208769
2.111696202305246
2.024446114814135
1.927396856943455
1.829603784430189
1.741955443068183
1.676079930406901
1.640457988770277
1.632335748212709
1.63007632752707
1.625683485250126
1.626132432890563
1.627484026291293
1.628602307384842
1.629288644565031
1.630755737533907
1.627145805789493
1.609531113568109
1.579522917914463
1.534198398620983
1.471214725308066
1.389481864078661
1.289697877648896
1.174694511368436
1.049434806703355
0.9204945049992934
0.7950551804460774
0.679696818129107
0.5793930946203268
0.4969947438046151
0.4332262528278126
0.3870272646298536
0.3560835849382274
0.3375003482310717
0.3335922201481651
0.335169118401803
0.335838503482916
0.3369597365060878
0.3383680639872536
0.3385441975116482
0.3344995469987718
0.3359110563682772
0.3345559696892405
0.3059282166236569
0.2450568140810139
0.1589996507043901
0.05861224630078921
-0.04550351984921909
-0.1441522044822488
-0.2296896749424752
-0.2962103691699087
-0.3401317025671307
-0.3610498335368991
-0.3623864464500591
-0.3511573304876666
-0.3363553455962157
-0.3261565807653225
2.293272646422403
2.299395932205947
2.308342061534304
2.315106714771241
2.31357914694795
2.298032226313871
2.264448141822599
2.211350637757011
2.140083186741174
2.05469716442039
1.961649500604229
1.869313294902564
1.786942368853274
1.722462851688055
1.678976848739314
1.652057640520327
1.632518193350695
1.62587027190731
1.627436183434796
1.62774331642773
1.628380019816182
1.628492228121235
1.630468467138883
1.625513244120523
1.601465747443428
1.562443980014207
1.508704700883896
1.440288593316018
1.357611072286465
1.261953249821052
1.155742718679933
1.042569415865349
0.9269004635347151
0.8135344099084594
0.7069498975177499
0.6107593350524289
0.5274219945374431
0.458256820568384
0.4037202112596726
0.3638965259726425
0.3390924145817549
0.3339164429803714
0.3359757024490341
0.336071450993234
0.3367045943227148
0.3370493976157825
0.3384013517987144
0.3320676516408759
0.3152831160523614
0.2934683473727324
0.2554084299285593
0.1947911251410026
0.1132746887586739
0.01790272829783089
-0.08240084606336086
-0.1790824177676649
-0.2650339243911214
-0.3351442956635553
-0.3867271690763461
-0.4198289179927568
-0.437160587133945
-0.4433902637147972
-0.4438100442281711
-0.4428040695341604
2.377402387208174
2.376706764813342
2.374020169966303
2.366689270786085
2.351269760230362
2.324292605633094
2.283139177286795
2.226799153471324
2.156338559072644
2.075011159879227
1.987997607794028
1.901706582883602
1.822517154699644
1.755063936708732
1.700944926827549
1.65959237445953
1.632051745719546
1.625840758588711
1.628028990905064
1.627865507603717
1.628264159981311
1.628056928905434
1.630294414663596
1.624882298110454
1.597401106999183
1.552150893705696
1.491918981744969
1.418867119421986
1.334854512045334
1.241779282512389
1.141810851885522
1.037471512408138
0.9315720629824167
0.8270382666089651
0.726695546239546
0.6330938024647932
0.5484401851903195
0.4746775742373215
0.4137150887915205
0.3677700221401647
0.3396933579043979
0.3341184704641155
0.3364195117013978
0.3361975207381578
0.3365901702134989
0.3364539880045458
0.3384726342862374
0.3325456866827414
0.3070724445945168
0.2693983567829987
0.2191026928117278
0.1541536289751336
0.07490262276510341
-0.01486018034585992
-0.1091091289003429
-0.2012943401113693
-0.2856538500539012
-0.3580103263882876
-0.4161625277394254
-0.4599120783699479
-0.4907016635803378
-0.5109096943523288
-0.5230082661363503
-0.5288806987457826
2.433386010445407
2.428082872402692
2.417437925479734
2.40026075494258
2.374886215268446
2.339527553447618
2.292808583131078
2.234339686758398
2.165145396341631
2.087769950856623
2.00596634289266
1.923999270459989
1.84578060578031
1.774313433545623
1.712074475388708
1.662535232091852
1.631748641711233
1.625849390734052
1.62829854994818
1.627926241349795
1.628208742914509
1.627839656791454
1.630196504091985
1.624707328356038
1.595571176929556
1.546541512453525
1.482040055115713
1.40572886749029
1.320557897532674
1.228926348315142
1.132862865336027
1.034174580032033
0.9345568578100967
0.835676197149202
0.7392435284210119
0.6470954262419617
0.5613011822678582
0.4843092663918918
0.4191259399228666
0.3694762785462034
0.3398520370659183
0.3342380883766944
0.3366458614638526
0.3362636229105679
0.3365391491602381
0.336187690860454
0.3384971700356407
0.3328396880306069
0.3036430526324273
0.2567769475483297
0.1971387371717692
0.1270549661156685
0.04798450615664325
-0.03780993578892779
-0.1267655508347224
-0.2145365570174057
-0.2968951080102198
-0.3705162569512197
-0.433394783111454
-0.4848323173739297
-0.5250757776680404
-0.5547970807957217
-0.5746433623262566
-0.585012661810731
2.461264333376067
2.453653555936568
2.438995199132623
2.41679538339885
2.386270458368828
2.346519532277366
2.296879806892257
2.23737081605398
2.169038448794733
2.093995489256659
2.015067745370351
1.935191599485892
1.856981911160873
1.782975749733878
1.716673009047283
1.66367052387309
1.631720454819641
1.625870948681138
1.628409000153711
1.627954355490345
1.628188519187304
1.627753068556302
1.630153825164548
1.624684851778804
1.594902133780827
1.544119048060987
1.477534185097639
1.39956760477818
1.313745958991669
1.222746658940117
1.128540969131077
1.032581490618557
0.9360070085898567
0.8398560356895031
0.7452831909901013
0.6537712569655677
0.5673337162770377
0.4886999670487861
0.4214566829588415
0.3700906752760958
0.339872890200319
0.3342978313797433
0.3367433311349505
0.3362956040868851
0.3365223837875639
0.3360852589437933
0.3384988803085658
0.332862754385278
0.302253649597464
0.2514080629520848
0.1870591655266748
0.1138202714927627
0.03431244102443852
-0.04958894906794765
-0.1356049263617996
-0.2207551149036458
-0.3018083659560899
-0.3759563871068471
-0.4412531898450474
-0.4966456811123176
-0.5416863615299486
-0.5761576918688899
-0.5998228641258976
-0.6123921544148977
2.461275190560944
2.453664523509126
2.439006399086772
2.416806978506823
2.386282656995763
2.346532570591828
2.29689389683786
2.23738605026996
2.169054672263512
2.094012187723294
2.015084042655524
1.935206444366653
1.856994421130902
1.78298552047559
1.716680180932201
1.663675614115967
1.631724163406105
1.625874335423988
1.628412546253144
1.627957898832084
1.628192089148231
1.6277566694308
1.630157358128756
1.624688483527276
1.594906733438687
1.544125814081821
1.477544042155211
1.399581148187797
1.313763408771619
1.22276783675591
1.128565303073643
1.032608051085675
0.9360345811688325
0.8398832389291591
0.7453086434639035
0.6537937858142602
0.5673525785834567
0.4887150327509623
0.4214685188906246
0.3701004928722071
0.3398823803520321
0.3343074907182794
0.336753005879687
0.3363052114303322
0.336531898681147
0.33609474117292
0.3385080298917158
0.332872619148037
0.3022655392122049
0.2514215161532221
0.1870738607693639
0.1138361598034797
0.03433002367033029
-0.04956760534377542
-0.1355742635914416
-0.2207040892914631
-0.301719872531026
-0.3758094687422863
-0.4410283305945489
-0.4963315370738416
-0.5412845104082556
-0.5756823832250987
-0.5992961524501924
-0.6118384453805589
2.433418269434758
2.428115450957779
2.417471170324851
2.400295121037794
2.374922279660452
2.339565972975938
2.29284996703742
2.234384355823996
2.165193036949849
2.087819268567878
2.006014948440792
1.924044068939117
1.845818735580239
1.774343325769927
1.712096317066448
1.662550571344693
1.631759723500101
1.625859520404853
1.628309182036992
1.627936871259869
1.628219459441551
1.627850473358967
1.63020710662961
1.624718257556386
1.595585085747741
1.546561934461917
1.48206969338464
1.405769454187114
1.320610083592431
1.228989649320283
1.132935672112397
1.034254245045857
0.934639880364357
0.8357585370195614
0.7393210673689077
0.6471645630421184
0.5613594899743493
0.4843560750966086
0.4191626706766681
0.3695063966801558
0.3398806495483527
0.3342670727407257
0.3366749445811062
0.3362924699243416
0.3365676936970974
0.3362161118443856
0.3385245243214343
0.3328692333835494
0.3036791568309872
0.2568187135979679
0.197185697904091
0.1271070410976797
0.04804246889048294
-0.03774134605874196
-0.1266718819742121
-0.2143877976116085
-0.2966434194813633
-0.3701008427924553
-0.4327555697391198
-0.4839295375715788
-0.5239067570021032
-0.5533998749900177
-0.5730844132049533
-0.5833685420874173
2.377455090360356
2.376759965640511
2.37407439067663
2.366745168603997
2.351328148546891
2.324354415817946
2.28320532634046
2.226870268867732
2.15641453077335
2.075090577552365
1.988077319563942
1.901781817597033
1.822582638018382
1.755115858691146
1.700982610777294
1.659618275181302
1.632070119563206
1.625857536744692
1.628046694817517
1.62788322654343
1.628282045334464
1.628075005359841
1.630312097184847
1.624900642731017
1.597424706134219
1.55218539977884
1.491968637324577
1.418934618312487
1.334940904362927
1.2418839279636
1.141931420461424
1.037604057962457
0.9317112255317139
0.827177671192971
0.7268284480988605
0.6332139782474939
0.5485429916891169
0.4747610007896886
0.4137805483181775
0.3678226255727576
0.3397415846869206
0.3341667994372636
0.336468190696186
0.3362456895291389
0.3366377486261797
0.3365012686739048
0.3385179149030604
0.3325949450217838
0.3071340423921504
0.2694725218939288
0.2191902659369214
0.1542541049980009
0.07501468369282117
-0.01473266396680198
-0.1089479879446789
-0.201058590392458
-0.2852750486402723
-0.3573957090463711
-0.4152103049418766
-0.4585398711757921
-0.4888799414593826
-0.5086822091171344
-0.5204831134916361
-0.5261970558378037
2.293344121769406
2.299468053258837
2.308415462400442
2.315182128820341
2.313657436042718
2.298114384056864
2.26453523207457
2.21144360432648
2.140182463163329
2.054802033919642
1.961757263762392
1.869418609613258
1.787037611502301
1.722540436080385
1.679033059147877
1.652095016675063
1.632543951412635
1.625893544056947
1.627460952923645
1.62776813931111
1.628405119130936
1.628517646282855
1.630493245661612
1.625539251496527
1.601499831243925
1.562493444871384
1.508774856610288
1.440382770666789
1.357730659409724
1.262097694334038
1.155909480930644
1.042753928783511
0.927096211013049
0.8137332518438847
0.7071427388388776
0.6109371706321064
0.5275772786963853
0.4583850138648747
0.4038212471237727
0.3639758488272415
0.3391612888982583
0.333984152021799
0.3360443266605436
0.3361391043055419
0.3367712308591722
0.3371153927347729
0.3384641161414165
0.3321370960808518
0.315371967547745
0.2935817197967971
0.2555499657260049
0.1949569074598996
0.1134573205614871
0.01810212642331946
-0.08216725018182107
-0.178771978457511
-0.2645727025046982
-0.3344241373995207
-0.3856124785235359
-0.4181824155483004
-0.4348909172598107
-0.440505277021176
-0.4404396897003165
-0.4391657027899308
2.182169101568291
2.19696412671283
2.220409280369095
2.244168070076958
2.25874353964539
2.256018297224145
2.230960345840304
2.182211445899255
2.111812261044363
2.024569539948526
1.92752665076247
1.82973601925069
1.742081856609291
1.676188538048359
1.640538253124696
1.632386842415334
1.630109800481394
1.625713005045276
1.626164268726991
1.627515985315608
1.628634694422513
1.629321529637681
1.630787629939784
1.627179913074916
1.609577067386144
1.579588805766341
1.534289827216051
1.471335180924926
1.38963298584766
1.289879521103297
1.174904589978538
1.049669016716705
0.9207461216503869
0.7953151320703256
0.6799541966405864
0.5796361750659552
0.4972125020315188
0.4334103044132365
0.3871740680271187
0.3561966065675219
0.3375917169243119
0.3336793590464376
0.3352582345397642
0.3359259072218488
0.3370454644625219
0.3384524416201521
0.3386236207622938
0.3345886249357582
0.3360284289786384
0.334720036994452
0.3061415334809664
0.2453034946103903
0.1592629679293713
0.05888923729338314
-0.04519661400622373
-0.1437777962412641
-0.2291840392384855
-0.2954742671055076
-0.3390208482391404
-0.3593796643916558
-0.3599728175710187
-0.3479020563224029
-0.3323434927342092
-0.3216859510738559
2.047671198475528
2.071954266712495
2.110719155447173
2.151523858097472
2.181371341618446
2.190392316464511
2.17352534228565
2.130376362770698
2.064084470567158
1.980034009350237
1.884986532091339
1.786915514040155
1.69556303296193
1.623329690039302
1.584750945313417
1.588721910593032
1.614783538167322
1.624265249817926
1.623720700479117
1.627102668583377
1.629103233672142
1.630709952647797
1.631261687591608
1.630619428676687
1.624028082135005
1.605770605383764
1.56990606511098
1.512102674008981
1.430106570637554
1.32427136982613
1.198041578835306
1.057967158240083
0.9129352628481964
0.7727002426701577
0.6461403624070912
0.5397942197174126
0.4571016654734145
0.398424527156825
0.3615286678509721
0.3421052800223251
0.3342312357045348
0.3331820411947968
0.3338834875238404
0.3354724965168387
0.3374886735376081
0.3409631454951003
0.3400761494785184
0.3501435975307323
0.381078373115997
0.3933372716958327
0.362664931962474
0.2958241633623425
0.2063278661485092
0.1060801976955243
0.004576694350399577
-0.09020991749731344
-0.1711227558375752
-0.231798807031352
-0.2674413024599311
-0.2762544409741343
-0.2610922311551528
-0.2304199597566381
-0.1972892547799772
-0.1753823494526924
1.898521538030458
1.93060064248527
1.980950291902808
2.033486479596697
2.073058193472338
2.089736505169483
2.079760480131708
2.044302040731155
1.987516966058724
1.91484953916889
1.831975315786392
1.744509967227504
1.65861769885217
1.582632372652181
1.529992609935846
1.522630433429207
1.577155214635285
1.619374171311777
1.620374163487049
1.626832189412917
1.630138034608697
1.63300491168075
1.632032000987878
1.636789459622982
1.647300747607139
1.642738701674255
1.61573017588965
1.561164942487388
1.476429974631716
1.362141603829097
1.222801384740777
1.066645257073185
0.9045425691236957
0.748291739204753
0.6087342372805404
0.4940595254813682
0.4087205218014265
0.3533001402813105
0.3251758400454557
0.3192450769869467
0.3281412618318355
0.3323686932590219
0.3315908354036359
0.334444218693619
0.3377928769988333
0.3444073262291739
0.3450646613366392
0.3885787124979499
0.4490717223518472
0.4501385359502822
0.4045741002541224
0.3330614572030935
0.2486562153136592
0.1594355510968693
0.07126869046708172
-0.01046051308155052
-0.08002037802209944
-0.1313446878854528
-0.1588430121715853
-0.1590385153055355
-0.1328978467535052
-0.08812792330463373
-0.03979941598911981
-0.006780304953243827
1.751413514926332
1.784048221111647
1.833192318236105
1.883121807929215
1.920494920298979
1.937888570874571
1.933691776215292
1.910160364533024
1.871328828697078
1.821561279482518
1.764688630942228
1.703559160327526
1.640407827441854
1.578574732535946
1.524111114892798
1.491042749722548
1.552366381834853
1.616981960647038
1.620309603903852
1.628354393492688
1.632490078150259
1.636620003293211
1.633284319580805
1.646492752840242
1.68086868130152
1.690565902372755
1.669759803054332
1.614353598455874
1.522746825492635
1.397212884640567
1.244298050119977
1.073818780040817
0.8973263728391758
0.7268521932536165
0.5738997164500849
0.4481968012732072
0.3561787449217458
0.3000156757027825
0.2780417371621798
0.2861436816215432
0.3185123241285681
0.3310452631454257
0.3279597226012509
0.3320822327768107
0.3362965793113953
0.3445637827473234
0.3476409108107337
0.4142548604129235
0.4817618536184251
0.454618575379135
0.4043809381819603
0.3449818306557106
0.282490054975744
0.2200881404106757
0.1596858304012654
0.1037750697392737
0.05599090758970403
0.02090602812701737
0.003449489071657392
0.007673633912839158
0.03460630460815248
0.07962881619663997
0.1305315291605271
0.1683673546565795
1.634736222926198
1.648963605393257
1.668672521612187
1.688381518166323
1.704337291139358
1.713902730822517
1.716521354833872
1.713001345794824
1.704678428365008
1.692946682954705
1.678945999612088
1.663103739995446
1.645157093685421
1.627301497383972
1.620428344872711
1.624783210268692
1.632433755999612
1.630900723756142
1.630887684450102
1.634687658232039
1.637345363248437
1.642042116385678
1.635282585324862
1.659890831311952
1.724126965604183
1.747045481735188
1.727466646257187
1.664233298351453
1.559274745592063
1.419436215754614
1.254984699509358
1.076660933048373
0.8940050387638873
0.7158145119811953
0.5515670797240888
0.4118764906664708
0.3068267609265161
0.2430589280432704
0.2223362530635666
0.2434273461557395
0.3051793988778151
0.3289266533022818
0.3224735109883947
0.3271413181563839
0.3298469850092058
0.3337387300338174
0.3332646971386851
0.3329211644507332
0.343008666392635
0.3482170381642293
0.3420470183745951
0.3243439043103999
0.3060873891885494
0.2894611703843439
0.2740912707908503
0.260273586401861
0.2490662937738694
0.2419049722489855
0.2403886174773587
0.2458814976726013
0.2586637857096425
0.2772302195210871
0.2996175800589137
0.3184015859461177
1.607609245787205
1.612951195254602
1.619194559058313
1.625674377705725
1.631955372778986
1.637524181992145
1.642111304072649
1.645641198708506
1.648163065476978
1.649814152734543
1.650783554316258
1.651242445672364
1.651318190281355
1.651354832265147
1.653550125778312
1.655738085876785
1.647187500634965
1.638483635557003
1.63737430457329
1.639578894928474
1.64197461112628
1.648038230891751
1.637495207934246
1.675844238222377
1.77446411947597
1.808227854916114
1.781800128960185
1.699460892374524
1.571921671298295
1.415458778997008
1.245554806730562
1.071852994876112
0.8978276939671033
0.7244038960756821
0.5549862865052103
0.3990666884235915
0.2718831111910255
0.1893917846943343
0.1619833006290479
0.1937327693991973
0.2892975971085727
0.32654846099846
0.3163933861430988
0.3224378620569129
0.3249231799927165
0.3272405400666033
0.3260244321599982
0.3174902886129644
0.3088324319850622
0.3105760924809086
0.3124105506421473
0.3119652852086461
0.3114911277728918
0.3113368162614354
0.3116364660315133
0.3125704302379693
0.3143511187129462
0.3171552032556377
0.3210948661055383
0.3261839756190897
0.332278571583776
0.3389722348044194
0.3466246514305161
0.3538435722975116
1.615359046538492
1.624334738081892
1.634860039172246
1.645436055560725
1.654427297269283
1.661042339462881
1.665009662329935
1.666463651111979
1.665759735751767
1.6633536544546
1.659721224710275
1.655316428948685
1.650626733351306
1.646299761182868
1.643704316661398
1.642822862392012
1.640729211539516
1.639175940361107
1.640017554661068
1.6428964360012
1.646072336862054
1.654387625564536
1.639832340447921
1.692878400875973
1.82976566649872
1.870127695071161
1.822600500702265
1.703747630885723
1.543141606667513
1.37142463399572
1.207880830838517
1.056808610140338
0.911365913096573
0.760724337146244
0.597961032435433
0.4272072159391754
0.2674726028638925
0.1489945439645012
0.1008444242674359
0.1391396064158018
0.2723335823433766
0.3239708202343248
0.3099011912087553
0.3182214727658108
0.3215470002164554
0.3245838460103447
0.3255215195817171
0.3242381325851232
0.322406532857868
0.3215873677343409
0.3189441241354127
0.3143591434789341
0.3092140747561352
0.3041392124669443
0.2996010604976442
0.296037949258032
0.2939325063425316
0.2937883591636439
0.2960733349734317
0.3011193099602443
0.3089559804931785
0.3191113903213138
0.3307899694958067
0.341880495140177
1.603083597058967
1.615946923340154
1.628331612368543
1.639980744797635
1.649281397162544
1.655952153269273
1.660041059155016
1.661845916300662
1.661760413258007
1.66020960757858
1.657612524227106
1.654365841838082
1.650868976221479
1.647542271226987
1.645006023603244
1.6433024255091
1.641456799282293
1.640563182071754
1.64174856763509
1.64532714898914
1.6496772503321
1.661222036588787
1.642390364487313
1.711331461771839
1.893675744301795
1.929133280767085
1.833257372534054
1.655215088550297
1.456155319893033
1.279292572517269
1.13998603728893
1.031482330061056
0.9347140985955009
0.8268055009959971
0.6885694142135915
0.5130442725041433
0.3153101072066227
0.1381834705869362
0.04221305508140616
0.07580716666410785
0.2539017618522372
0.3210644363543738
0.3028245737545338
0.3144202520585624
0.3189864857966225
0.3227567847278257
0.3240830934437835
0.3233538913270621
0.3216144174289557
0.3198761144652502
0.3171985966237525
0.3135752572792532
0.3096273645961533
0.30575902228027
0.3023473192593962
0.2997695461931912
0.2984354891086913
0.2987832828578079
0.3012591849426908
0.3062835017861674
0.3141296798593087
0.3248407922629669
0.33787897500839
0.3526238002405988
1.586726940857439
1.608649004565755
1.626491648099051
1.641306755502139
1.651936493950577
1.658887387497473
1.662718980193933
1.664044435664798
1.663424747898398
1.661360921492234
1.658297178519362
1.65463269388055
1.65074852660113
1.647015996209312
1.643864704706142
1.641501135179952
1.639748223007931
1.639370565985103
1.64116635603191
1.645919185418475
1.652312908901628
1.668926259442154
1.646361877645826
1.742387451247963
1.980974405027924
1.973696351109467
1.784136277069851
1.53089544502582
1.305520177143138
1.145987541088167
1.051019941147292
0.9998085929756809
0.9640634526551606
0.9136336422165529
0.8200280231249271
0.6621167074615564
0.4382964966368759
0.1862457751651501
-0.002941429836061541
-0.01156706763886309
0.2226321535790187
0.3165840479902892
0.29472077587635
0.3114848236013918
0.3181960243873073
0.3232113849962407
0.32521321597703
0.3250033992004928
0.3233439692344616
0.3209602515813127
0.3176806053440304
0.3136814459250726
0.309383930260373
0.3051382739508119
0.3012945263328258
0.2982173256485887
0.2963153373193497
0.2960615682312052
0.2980077761387978
0.3028184222360829
0.3111795411888547
0.3239464822860462
0.3413556340574632
0.3639123777742399
1.561587854682085
1.599605384127238
1.625613203404725
1.644647612054368
1.656707829545256
1.663619507561438
1.666763738924643
1.667203228215129
1.665713455335879
1.662875878231446
1.659142644091447
1.65488513631628
1.65043386368653
1.64609831538407
1.642208840566157
1.639043225725649
1.636798708234016
1.636196001274073
1.638098646536985
1.643889382796106
1.653180991111613
1.677299219202593
1.656177174419182
1.822125199810964
2.101353114429215
1.958648202664347
1.633610042801233
1.325740490326207
1.113633100536113
1.000532923093279
0.9624358608486441
0.9695259434732751
0.9919186425360368
0.9999778285607466
0.9635249551649407
0.8522425861960607
0.6416163839326954
0.3346221401480294
0.009832449577365406
-0.1336536820993288
0.1419567147755644
0.3059796765663193
0.2857003390010653
0.3101642232764821
0.31992152401572
0.3260733083891503
0.3282480302436565
0.3278352081492675
0.3256908278337103
0.3225230383155758
0.3185294055138761
0.3139697171942541
0.3091618160201591
0.3043890362287208
0.2999407978031957
0.2961328012836363
0.293342865013505
0.2920573295539132
0.2929293698081873
0.2969130143353143
0.305225859029259
0.3200141879233717
0.3426700664007611
0.3771195371145494
1.51307120755813
1.598479213396161
1.6365302528287
1.657436089934214
1.668291702504113
1.673102197200941
1.674110520649412
1.672661156828607
1.669583809299947
1.665427426236959
1.660580604940545
1.655339804385869
1.649955827882879
1.644662194342116
1.639710741366413
1.635377521290535
1.631998757304713
1.630308321548623
1.631371861482422
1.637286753297461
1.649605134806073
1.682429505857438
1.681445664233659
1.981128706069983
2.171423031210328
1.783797760916226
1.367098385574788
1.088261698301128
0.942135835018442
0.8914745309166391
0.9031621119399259
0.9502314215176468
1.009126605039527
1.057252076444031
1.07073081500234
1.021969329322815
0.8770501399457761
0.5981597769612357
0.1804281075645088
-0.2081735761100751
-0.01938462692956505
0.2793789059575439
0.2795454402177596
0.3130761345310628
0.3260897653931529
0.3325056685171003
0.3339261586976062
0.3324728718286519
0.3292281586537067
0.3249312493704855
0.3199238562637021
0.3144737736314825
0.3088201812969344
0.3031689845075276
0.2977260402142136
0.2927212621282459
0.2884468364274942
0.2853202915401006
0.2839838134004422
0.2855750703259586
0.2918723186316824
0.307315328731964
0.3368268010721366
0.4090111397040554
1.318475698151717
1.557672091209442
1.636003493607702
1.66828766134621
1.68098983458048
1.684334496872486
1.683050791285212
1.679355620161702
1.674332487055469
1.668547906563878
1.662323826665436
1.655862647778854
1.649312540366393
1.642803652648719
1.636480438540736
1.630531646141307
1.625245709306126
1.621231666318747
1.619524195732074
1.622372236090784
1.632711289340458
1.663126876331859
1.693890088436492
2.047724488631287
1.893818217466079
1.389044809199741
1.090924389597997
0.9423149734204298
0.8799151814076628
0.8731659243404243
0.9021929294689434
0.951273195316385
1.007078557100899
1.057013453377392
1.087519009718513
1.082360405259759
1.020787830493921
0.8711871431332975
0.5700546837422348
0.06255666341071593
-0.08979053752668478
0.2650230940539835
0.2975037486260345
0.3291229062256308
0.3404434253156651
0.3439666413238054
0.3427171701086965
0.339000991828948
0.3338949135875254
0.3280334711407549
0.3217194202814713
0.3151416924951576
0.3084344706396039
0.301699517375999
0.2950337150290976
0.2885505021211979
0.2824185478586628
0.2769386161179564
0.2726851455599575
0.2709511843151921
0.2741927302661149
0.2896268054592687
0.3231355246656836
0.4846147904116524
2.066562459936204
1.842030581983578
1.770032452669962
1.736744579071337
1.718642321575394
1.706598133860753
1.697036008396275
1.688450191973604
1.680266505925198
1.672260346465692
1.664338027144862
1.656451437776769
1.648567885738408
1.640661133033975
1.63271290301996
1.624718852237617
1.616702388697479
1.608786858275939
1.601183757738858
1.594360811443091
1.588535851885101
1.585603734240111
1.612754923859214
1.463724898905398
1.132999067309377
1.096186754782892
1.083500150770128
1.043852242367786
1.011727008623833
0.9938121113740184
0.9851116787117598
0.9810402588356664
0.9784489156670326
0.9745379367934417
0.9660898634317558
0.9483785229744587
0.9160774146521409
0.8751937374032799
0.8596458503025491
0.8199557492488704
0.4902161365983957
0.3439094430454867
0.3735961942371779
0.3725319617048309
0.3678980624636076
0.3618997128167878
0.354829958015305
0.3472636450014215
0.3394754616651194
0.3316276991885843
0.3237682386870647
0.3159035149868519
0.308014688240896
0.3000606769239214
0.2919814555084396
0.283684409753973
0.2750191947861508
0.2657186242407639
0.2552341149691459
0.2424702752681752
0.2246200323620181
0.1972074527173992
0.134796652305348
0.03630682292992913
1.88518748208744
1.81019190616513
1.776196377056185
1.752212357363194
1.734489933397884
1.71992136565795
1.707312197365048
1.695969263548379
1.685500438004812
1.675640417628383
1.666184177909726
1.656954117566804
1.64778193021421
1.638496845892515
1.628913780922716
1.618812896286142
1.607906187826411
1.595784813716267
1.581747540391313
1.564455326923165
1.541229312574168
1.504234143122779
1.4553024651783
1.276492666839682
1.180049913472208
1.158250508194457
1.140127964478132
1.110913459684255
1.080811376445974
1.051358271985375
1.022578860534252
0.9942034414555458
0.9659349388684333
0.9374241973995054
0.9083609648221489
0.878455017273029
0.847711516964414
0.8175791736899114
0.7979936644708915
0.7745612077130579
0.6773297727793873
0.5010890965295673
0.4545680092405073
0.4194633543642496
0.3974343611859176
0.3809703576583108
0.3674843565971532
0.3557391326029575
0.3450982781230003
0.3352006049913107
0.3257895921613914
0.3166641365412343
0.3076463488263535
0.2985608596194184
0.2892207122896757
0.2794048520504363
0.2688309969631477
0.2571130412847416
0.2436628738896299
0.2276162336329305
0.2071654983051138
0.1808118298185885
0.139336892079252
0.08507432008894497
1.858763453326312
1.825911467087942
1.799989177786102
1.773942238561497
1.752145052604593
1.733394330915814
1.717209652515742
1.703003356206596
1.690301676015364
1.678697129458584
1.667837186819113
1.657405076938713
1.64709971998468
1.636616687384318
1.625631807432049
1.61376918671845
1.600561766529054
1.585392573203775
1.567385244865996
1.545173295875758
1.516887794669452
1.477543451085773
1.429968766198912
1.33347129199677
1.245894184957112
1.186404372065013
1.140541664052879
1.100012550292321
1.066286334762055
1.037859438140764
1.013288175358864
0.9909629723839947
0.9693592812899036
0.9469605373442043
0.9222266623997869
0.8934950970944537
0.8592659294722187
0.8179654806773407
0.7710186980710739
0.7104765186034627
0.6226934666912013
0.5274452082380821
0.4815746784055345
0.4437175973105933
0.4164761905351406
0.3950229917489365
0.3775436254419411
0.3627547418393903
0.3498391903153261
0.3382299673230976
0.3274979864739535
0.3172961884531907
0.3073198440805417
0.2972767621179767
0.2868686916120766
0.2757602230985515
0.2635455436513407
0.249706564296406
0.2335308873960852
0.2140945705091177
0.1897912910627727
0.1596165281507392
0.1181329011233261
0.08801729137206925
1.871298377658277
1.842496727598125
1.817234968803281
1.789083770418794
1.764565500464288
1.742933972859892
1.724179420888877
1.707873349492698
1.693542793566367
1.680696096447586
1.66887249603221
1.657643514336835
1.646598984124687
1.635326690730724
1.623390667850287
1.610291169071172
1.595425696360881
1.578030677494741
1.557101936535119
1.531226107866476
1.498727754301579
1.456173648417884
1.404784713061579
1.329287914031682
1.253456404748863
1.190179510012522
1.142650741223551
1.101988584818508
1.068534214226282
1.040001702411495
1.014898060282819
0.9917331677779013
0.9691676519993004
0.945891948774735
0.9205614175190712
0.8916456619964374
0.8576293297432389
0.8161654310325559
0.7677119367076592
0.7037169529534899
0.6279486484085518
0.5533916684632109
0.5032872560278717
0.4619038656147003
0.4302766809654912
0.4050558835770185
0.3845969346133539
0.3675544058534574
0.3529803775172575
0.3401609709495651
0.3285357236774329
0.3176426030787874
0.3070769303572067
0.2964579388613672
0.2854078519058685
0.2735174110854962
0.2603190928722597
0.2452604222770259
0.2276576380882873
0.206740999509814
0.1813384075648532
0.1511382662489026
0.1116136228550834
0.09070632881367816
1.923053091671046
1.875165411178084
1.841361818793333
1.806875601982361
1.778032030444763
1.752842538460363
1.731242871535491
1.712772804613777
1.696834981914523
1.682787835576871
1.670039739239084
1.65805536440234
1.646334883458929
1.634386478975164
1.621702651308881
1.607719419294819
1.591785362176192
1.573121247018284
1.550775509361885
1.523523364335066
1.49006771436466
1.448297265143445
1.398938178271238
1.334380407597375
1.259053690519018
1.185460435928628
1.136072335270948
1.094799492479092
1.062516465052344
1.035677959873381
1.01243824323416
0.9911563237056044
0.9704643105459942
0.9490548322030444
0.9255460267895351
0.8982502802045681
0.8653077462379458
0.8230886875370798
0.7726422477452111
0.6983674289070059
0.6231934918908847
0.5594894115788223
0.5112554143761956
0.4704976797248123
0.4378177508397885
0.4111552098633766
0.389249720345716
0.3709364208388459
0.3553175341925566
0.3416642133627343
0.3293723560074003
0.3179256907423472
0.3068642445102561
0.2957547887594949
0.2841714139255621
0.271664440120418
0.2577373645498962
0.24183180519129
0.2233064390757998
0.2015250106521159
0.1756697317364102
0.1459357242293338
0.1085903927811048
0.09096310664356136
2.013475715481645
1.903593942362406
1.844205487100916
1.800765143163636
1.769581507187455
1.743831779754638
1.72245660198124
1.704832188056015
1.690203538846068
1.677746929437918
1.666730700201972
1.65652644914833
1.64656953872971
1.636306795042192
1.625165354714429
1.612503532209552
1.597574921507053
1.579493455058008
1.557193860542149
1.529361400351896
1.494703199378934
1.451854247766828
1.40260965597192
1.341076458523669
1.25460609391941
1.161156529289886
1.116049563715158
1.078293805478274
1.050519364040986
1.027770570325088
1.008109632126309
0.9900350731923196
0.9724087131935049
0.9541809728941246
0.9341918307071366
0.9108818847422415
0.8822881829846256
0.8432907006373046
0.7967271833404793
0.7022654254946086
0.6161566077239878
0.5557528395301449
0.5076788523997011
0.4657544772816148
0.4317608852011547
0.4043837317888703
0.382383097399474
0.3645063574523732
0.3497414993707257
0.3372504070470455
0.3263321853651175
0.3163917895922995
0.3069093092529083
0.2974009826529813
0.2873927520271505
0.2763869600547358
0.2638301999350297
0.2490983202560196
0.2314899001354161
0.2103592504176536
0.1850931250256077
0.1561031972728682
0.1202929359037113
0.09555349218507754
2.37157741332901
2.062456558865531
1.95647361302304
1.897381868606873
1.850585034726022
1.810015649887713
1.776051047619023
1.747574205099711
1.7231091270598
1.701457778852831
1.681744622465824
1.663275702843829
1.645448815622629
1.627706060831856
1.609524161841678
1.590422437656305
1.569969947844243
1.547833520975011
1.523817373444011
1.497786018449456
1.469829256170663
1.441289501942009
1.421660992506417
1.399790888596507
1.305937860247586
1.135490741134899
1.090895797969339
1.05629576701887
1.034117490401656
1.016901266772788
1.002093137164247
0.9883575256506687
0.9748783582607876
0.9609742295496869
0.9457991228204112
0.9279409476877876
0.9047987075459524
0.8685850031272188
0.821858113837979
0.64911156399137
0.5561269984867514
0.5359100471814346
0.5178172723057168
0.4904040046299391
0.4633940073768957
0.4381982304961151
0.4149393098094732
0.393541082415773
0.3738704517927306
0.355662856216416
0.3385637007799912
0.3221765119236227
0.3060932343000486
0.2898984284923674
0.273174507131911
0.2555206540686958
0.2365424648600457
0.2158583226955883
0.193072890831327
0.1678369933107755
0.1400599664458572
0.1116880774164842
0.08377494036669961
0.06229722513119364
2.811093759436919
1.834447494024801
1.579802564581968
1.606694274906989
1.634515604125436
1.633176685063697
1.626840669132534
1.625321851111331
1.62808212784277
1.632993609140319
1.638792719348514
1.644848282611928
1.650728836963403
1.655992479580266
1.660051912403312
1.662088512063375
1.660988691618964
1.655310262156201
1.642906237379703
1.619648780650728
1.579604908007708
1.526201143608487
1.491969816697415
1.441050794676839
1.130245252967434
0.9843001083673956
1.014110716202823
1.012721522582619
1.007918256228581
1.001574615278722
0.9941011028547653
0.9860660970052938
0.9778001941934258
0.9695959708434473
0.9617537203923905
0.9547670038773534
0.9489779100034184
0.9459962260308603
0.9736764556480585
0.8253096838349653
0.5133344483296093
0.4649751891948848
0.4333717393860984
0.3811486912970868
0.3412252380977603
0.3175529409326934
0.3044578354230065
0.2979228694472663
0.2958468459400219
0.2967992891136936
0.2996595909430519
0.3035946000287453
0.3080058813269813
0.3124208390829751
0.3163635950040934
0.319273878408247
0.3203970646161998
0.3185820817098068
0.3119322842457659
0.2980599829284117
0.277438163867932
0.260930330466049
0.255106061297024
0.1740412675568432
1.260171244071373
0.9200184181445143
0.7725434622235285
0.8360635028978936
0.9532516235105986
1.056669861241696
1.147608389767054
1.236318048049726
1.325572046860657
1.414063254159774
1.500173412507877
1.582938256405394
1.66178113874687
1.736037992694716
1.804477205255532
1.864818558895541
1.913222175276155
1.943654505552552
1.946839558278116
1.908602023232592
1.807816396123603
1.611222020723303
1.258588996073217
0.7140039063645556
0.5672871504571303
0.9110214709214743
0.9427096555812405
0.9728037354845556
0.983821786928652
0.9873723122863092
0.986589789028646
0.9838342580600525
0.9804268950483563
0.9775167897347066
0.9764065094480252
0.9794225502671993
0.9896341173674915
1.018709914131551
1.048919598825249
1.392094650722342
1.2437763191559
0.7012238999495568
0.3509052068777698
0.1545061637017011
0.05161863447961671
0.009622745037738393
0.007913505046800787
0.0325251541856911
0.07415358004005493
0.1265854358503735
0.1857065290610632
0.2488993583682544
0.3145366834584437
0.3814825495639687
0.4486216024553746
0.5144503792582303
0.5766918732290979
0.6319350164618653
0.6756030385595108
0.7032459562337869
0.7139079046697786
0.711494721690877
0.6940621170235048
0.6516652495108647
0.1221951723257077
0.1020342900246123
0.1113199952702471
0.2072347725093858
0.3653122968999025
0.5422388760666857
0.7178729048056888
0.8890657481252501
1.056199740707936
1.218432687011665
1.374034488899783
1.521273757308738
1.658576360746209
1.784136278446387
1.895261456151587
1.987575053529414
2.054087735329742
2.084081472410326
2.061688640986735
1.96409994789454
1.760066603749408
1.414889714180344
0.9310382456031457
0.488135215712572
0.6385788084883297
0.9231402291029113
0.9266596992123382
0.9588075162814643
0.9720115735089063
0.9789918142039584
0.9816646239913165
0.9822693553472768
0.9821692847050891
0.982644349663543
0.9850514967475479
0.9916260661946931
1.004247232695695
1.035808842909718
1.038264405419914
1.324000881140781
1.476303131129575
1.034117394814967
0.5506493867395155
0.2043113967794108
-0.003182630338928502
-0.1065662368893314
-0.1369049666060608
-0.1169644198182569
-0.06280367878532195
0.01446169349358256
0.1072925603850736
0.2106492162422826
0.3210771775940287
0.4358978139261099
0.5525057030009062
0.667792921211223
0.7777389022725837
0.8773012798303801
0.9609167664413903
1.02384891096616
1.06375050359318
1.080954583077057
1.079073204239886
1.070564883972013
-0.6654027073622154
-0.5851407364171711
-0.469615395477341
-0.3162055576052512
-0.1193061380123132
0.107870549650552
0.3472552568375767
0.587173546307596
0.82188535098829
1.047948564893228
1.262309340894419
1.461926229318922
1.643706465415989
1.80417839178368
1.938831020850877
2.041196534455973
2.101772825367298
2.10694791530355
2.038369637737473
1.874178145484054
1.596406181066753
1.214408923593836
0.8134906692663409
0.597378632720593
0.803451999890008
0.9486013433713349
0.9346346802746747
0.9575667588787584
0.9678600900690789
0.9749613558615273
0.9789517980065489
0.9813359743466243
0.9831383203332755
0.9854174229395252
0.989197476519564
0.9959988216503012
1.005894735807177
1.028558102140707
1.013753965501212
1.160975184501703
1.371256299729481
1.156300514146311
0.7549198423356595
0.3708096185362703
0.08868116609083142
-0.08260853636599427
-0.1613598502385821
-0.1697756179110064
-0.1266998329033768
-0.04642621276855044
0.06068943930135667
0.1871856352105145
0.3274353732252531
0.4767085126309036
0.6304144193529614
0.7835665530097724
0.9305379796496325
1.065219146146143
1.181654833650732
1.275016993504426
1.342588731823646
1.384895190114716
1.407251644148318
1.417975468337293
-1.218104468553035
-1.116961754091277
-0.9547070178411809
-0.7522498272791904
-0.5142487669235544
-0.2459248502465856
0.04136815212522541
0.3350177727810854
0.6250105635311002
0.9040693760692873
1.16642543767404
1.406893086066408
1.620386752529111
1.801520060311096
1.94404573357639
2.040110193631164
2.079510836338255
2.04948203257804
1.936198176736406
1.730308947790645
1.439724782800899
1.109857129775308
0.8373954228245903
0.7428767679505919
0.8896496249108614
0.9589232371542133
0.9450417549227286
0.9600082698425421
0.9674532003559123
0.9736433678651045
0.9778256037853916
0.9809003953594737
0.9835454695769354
0.9865348630427009
0.9905501992180685
0.9965177522674704
1.003684740738682
1.018551405959979
1.003929012746513
1.075397348578087
1.227357214307381
1.135147795213012
0.8626827206753311
0.5306552888409412
0.2353714754919199
0.02158385857388417
-0.1035226397283334
-0.1500677124996423
-0.1327536622039902
-0.06537920847332819
0.0406582171924545
0.1761717031859233
0.3334673150768108
0.5056042540326577
0.6858275545383632
0.8672485413521359
1.042819022015296
1.205623096221607
1.34943899042723
1.469443856482703
1.562973814861002
1.630224864173572
1.673993703131612
1.697008271373082
-1.610209878296363
-1.508400866183991
-1.331428913177453
-1.100166021855769
-0.8284290273696164
-0.5251789553332367
-0.2002729546867879
0.134501204119612
0.4673818677706394
0.788043835188202
1.087655110105745
1.358337499594089
1.592655730738084
1.783259714506964
1.922593607485082
2.002661655743872
2.015105329471955
1.952277345908426
1.810487556079697
1.596567783548334
1.336925688067619
1.082888176123608
0.9005809108584528
0.8417263127640461
0.9238314801288516
0.963201441939311
0.9537448651543201
0.9634095007926378
0.9688364438755447
0.9739152727399359
0.9777403770695858
0.9808204403963217
0.9835894321483978
0.9865971977178994
0.9902847643802996
0.9951898538597408
1.000409266762764
1.010049050318207
0.9999239339806388
1.041228283747927
1.128612908756511
1.073103790070778
0.8918624706280445
0.6363555112284075
0.3722295740426208
0.1500465471095087
-0.004757538986806493
-0.08646645715720477
-0.1000247237356512
-0.05448672341195444
0.04023534257585982
0.1744834422424911
0.3389958194805193
0.5247707948885001
0.7229579569253065
0.9248831153423762
1.12223346750128
1.3073876933999
1.473837802093664
1.616627819858192
1.732698230083519
1.820858724445856
1.880999362447672
1.912900636844846
-1.882553212275108
-1.783105127431783
-1.603237673928168
-1.358396119585108
-1.064379104171108
-0.7344418648983871
-0.3805650850967718
-0.01506950608399752
0.3493829364964875
0.7005631302127659
1.02713460301085
1.318628476695539
1.565265638816916
1.757913271410648
1.888294746488923
1.949529974128613
1.93719373780425
1.851244934628383
1.699115542508719
1.49939744063901
1.283552136537782
1.091277031846419
0.9580776185371561
0.9042674758834727
0.9416601744305124
0.965794153024411
0.9604027434838108
0.9668331658026577
0.970981196426178
0.9750732296185798
0.9783124588143416
0.9809867745706244
0.9834114248693083
0.986018301791636
0.9891323896673703
0.9930710728463295
0.997043480918189
1.003466111067445
0.9974770739356029
1.023234237254756
1.06557501793031
1.015803564146755
0.8847723610345765
0.6920092617980788
0.4722396264948245
0.2642278268456963
0.09828774927960389
-0.00835035067556658
-0.04981650781576616
-0.02789589497252489
0.05110183887770871
0.17835649579979
0.3437382008737698
0.5365703131636863
0.7461806709395243
0.9623452678923002
1.175665089574375
1.37788363573569
1.562131221867211
1.723060396946497
1.856796879188574
1.96062033207189
2.032481271341358
2.070785535020096
-2.057347685209306
-1.95976948622747
-1.780089749178393
-1.529642328035365
-1.223133345512817
-0.8757561517722443
-0.5019065853496018
-0.1153745054468228
0.270261002687518
0.6416169951536701
0.9857005304305088
1.290086512279909
1.543113740590034
1.734293582571357
1.855126636219517
1.900438035867615
1.870196020167151
1.771521630313412
1.620160986450632
1.440144385583138
1.260228953345772
1.107143451015909
0.9991315340604682
0.9458066753506293
0.9558728314342586
0.9683653043022966
0.965585883863478
0.9701021299603709
0.973555628545452
0.9768885129509783
0.9794309129217332
0.9813771206609175
0.9830600875027514
0.9849324818401473
0.9873400652042277
0.9905079823924792
0.9937814801485014
0.9982599562563172
0.9949357505158949
1.008777454118139
1.023411050018626
0.9745614823642573
0.8695742090312228
0.7168761547416214
0.5336335585857563
0.3454568683522423
0.1798157564940475
0.05921592424716863
-0.002372044976683413
0.0001768662135238055
0.06469372459423471
0.1838700270953415
0.3473052981461477
0.543167386395611
0.7594188167630536
0.9846604307845702
1.208664851933344
1.422658989975999
1.619394750888797
1.79303496034821
1.938892783059997
2.053128576805502
2.132607354723045
2.175062846071111
-2.14632490774985
-2.050027130462429
-1.870810716950399
-1.618290465435214
-1.306113083771418
-0.9499566972497633
-0.5655479770880488
-0.1678148329180899
0.2289623702243327
0.6107824413903181
0.9638104505688794
1.274554259680532
1.530277814130337
1.719739877921862
1.834444808964016
1.870495155798907
1.830796591742706
1.726817710138111
1.578588240268089
1.411717557700436
1.251629418047782
1.117721281598744
1.021475574762968
0.9695794628984417
0.9671313459196982
0.9716140096625868
0.9694804742704501
0.9731886319593369
0.9764428288090917
0.979268082158416
0.981039982842307
0.9819763740433511
0.9825581239477
0.983402611435771
0.9850073426722464
0.9876256822955237
0.9906612762239344
0.9942827212606166
0.9916049931602934
0.9972186483780915
0.9991665873169867
0.9520170262995917
0.8592839497526676
0.7262817584455425
0.5632484616924074
0.3883419707122259
0.2256119368126956
0.09905554987222016
0.02681361539794997
0.01821997912474271
0.07390259859493278
0.1877305823338938
0.3493054909499518
0.5461932130510034
0.7655948907860318
0.9954481850259111
1.225054489930423
1.445332369102086
1.648778045496568
1.829216553868281
1.98146955748404
2.101115446522742
2.184483209805192
2.228872270775169
)
;

boundaryField
{
    inletLower
    {
        type            zeroGradient;
    }
    inletUpper
    {
        type            zeroGradient;
    }
    outletLower
    {
        type            fixedValue;
        value           uniform 0;
    }
    outletUpper
    {
        type            fixedValue;
        value           uniform 0;
    }
    sideWalls
    {
        type            zeroGradient;
    }
    topBottomWalls
    {
        type            zeroGradient;
    }
    frontAndBack
    {
        type            symmetry;
    }
}


// ************************************************************************* //
