/*--------------------------------*- C++ -*----------------------------------*\
| =========                 |                                                 |
| \\      /  F ield         | OpenFOAM: The Open Source CFD Toolbox           |
|  \\    /   O peration     | Version:  2506                                  |
|   \\  /    A nd           | Website:  www.openfoam.com                      |
|    \\/     M anipulation  |                                                 |
\*---------------------------------------------------------------------------*/
FoamFile
{
    version     2.0;
    format      ascii;
    arch        "LSB;label=32;scalar=64";
    class       volScalarField;
    location    "5000";
    object      p;
}
// * * * * * * * * * * * * * * * * * * * * * * * * * * * * * * * * * * * * * //

dimensions      [0 2 -2 0 0 0 0];

internalField   nonuniform List<scalar> 
4096
(
1.396137070728372
1.464882173299359
1.600419384919578
1.806702355114793
2.080266892531953
2.404674220760294
2.749311032097566
3.071661346977487
3.317290280071713
3.37306509265868
3.351208822038384
3.360243641239076
3.364196440656104
3.366590663958945
3.365129801533842
3.358955200888773
3.347138484439379
3.328725352253834
3.302573253366396
3.267394170861726
3.222013913042006
3.165711296006794
3.099236358066217
3.024388064151244
2.946372845279974
2.869277469144266
2.794811370792756
2.723161811348059
2.653910100086906
2.586413751595672
2.520097077496014
2.454513949038397
2.389358061701466
2.324434635948691
2.259626379840913
2.19486365205821
2.130101043165141
2.065297647454487
2.000399323918444
1.935315829048826
1.869889861807004
1.803853574422981
1.736774799838047
1.668000886766346
1.59665441481739
1.521717202590979
1.4424880578673
1.359325845683461
1.275177672093694
1.197062395564147
1.132860371847066
1.086272434001206
1.055417238732713
1.053012614174871
0.9708139226230698
1.148591212935577
1.811231702513566
2.40836319966555
2.852278983321892
3.126673228459719
3.256076512549735
3.286814692538675
3.270581382332144
3.249901593827575
1.480954647600757
1.544346109845924
1.666938860451766
1.851079538201061
2.09576733861364
2.391601708905687
2.715510877253128
3.030941779830592
3.296548852643464
3.365665957488123
3.341180396124018
3.350050650874912
3.352268192770762
3.353020186891544
3.349903915980901
3.342217241144506
3.329051179635233
3.309530409911975
3.282671867257605
3.247430214141906
3.202924681614789
3.148571230309785
3.085208058628906
3.013739466060972
2.939276570458973
2.865322614557026
2.793102271223403
2.722787892174016
2.654207265096506
2.586954935607357
2.520653428299214
2.454981726949604
2.389704290689903
2.324659669515071
2.259741137803097
2.194877359503766
2.13001528158379
2.065105043931139
2.000086101777144
1.934869519940949
1.86931702358093
1.803213977284742
1.736241640991295
1.667951744028309
1.597795176742258
1.525165378780233
1.4497687599236
1.371909340748303
1.293692263072623
1.221283385417797
1.161928081930185
1.118254046814479
1.088007308168677
1.088489936529664
1.0029759005549
1.235894790060291
1.94581485211236
2.488408701405425
2.855076511327965
3.055226719758772
3.124838282511579
3.115040865439008
3.076168768465948
3.045906954266173
1.638548600582876
1.695682388123855
1.800023200123665
1.947100993943899
2.13800896361208
2.377513322198003
2.662049179014017
2.970232626624876
3.27336582205744
3.359118908693886
3.330408289685872
3.341221265302124
3.342972335207465
3.343243431964814
3.339438016003397
3.331113734144165
3.317465155129307
3.297728174482409
3.271022159625908
3.236374298523526
3.19292690345869
3.139806025093743
3.077903590646593
3.006395440265372
2.932592554541892
2.86035527902441
2.789943272538417
2.720978919943125
2.65331200283505
2.586599536748145
2.520582670576262
2.455036522249659
2.389794760783043
2.324740306624929
2.259791714178
2.194890522306627
2.129989992327028
2.065045742975351
2.000006162245318
1.93480138725141
1.869330953345769
1.803447930442483
1.736945093821511
1.669532495383137
1.600870777074195
1.530480536429068
1.458040235451744
1.382913485448746
1.305727830429189
1.233752584048058
1.176563809247736
1.134901867391951
1.106066451935424
1.11264616450214
1.020060446466293
1.30681073556921
2.095413735397507
2.576210724787864
2.823626417294333
2.899869631422988
2.870678166969738
2.796958469213774
2.724196222920254
2.679758519939653
1.862271428691074
1.919224173438135
2.009841273156034
2.11496908540498
2.233512696693982
2.386655592374129
2.604454495372316
2.898996281755205
3.250812395227511
3.353471150501251
3.320156181211229
3.334079699765883
3.336685221094521
3.337526671893131
3.333937922870001
3.325812038832366
3.312543583807936
3.293519774246028
3.26792450219907
3.234715655597047
3.19279715578001
3.140475087532387
3.078687642326975
3.002585692220604
2.925851610562428
2.854172367172414
2.78549636439124
2.71801191640124
2.651494806712028
2.585569808513088
2.520051724197363
2.454794426581239
2.389704543031881
2.3247202370368
2.259797422885406
2.194901793242604
2.130003513983331
2.065073946573162
2.000081888890803
1.934990175849903
1.869751471729035
1.804300499776952
1.738547123365276
1.672342795945717
1.605508264837462
1.537520572332575
1.467732641683734
1.392993851078784
1.310563937752577
1.232128359336999
1.174598865973264
1.133899150798709
1.1072223485846
1.118511066046884
1.021575966267886
1.336264024454186
2.181465530068464
2.58952810063911
2.694567732313423
2.625744289796635
2.489426297114174
2.35330904844677
2.250944246071036
2.195254733961647
2.150196994210236
2.21567925237383
2.301072881377842
2.371272101910734
2.417167588935903
2.461105757338707
2.565556355435181
2.810638173403526
3.218190623548398
3.346361398260196
3.30960809764849
3.328698282159933
3.333452450384098
3.335621045574628
3.332821096976316
3.325429863531411
3.313160201222857
3.295607101974282
3.272014729925909
3.241180676866292
3.201527630864641
3.149868976326275
3.087374152145814
2.999453521425727
2.914926118387747
2.843852833735006
2.778307162888767
2.713160785055138
2.648364973722197
2.583622805771585
2.518887125128891
2.454122423276255
2.389333645345053
2.324534196716534
2.259732447697896
2.194929561981716
2.130122208182339
2.065306060921202
2.000478975925092
1.935645159070154
1.870819670450597
1.806029611576433
1.741314259133335
1.676717194005324
1.612376316309025
1.54795434190982
1.482703322631163
1.407585921313065
1.311287230955642
1.216152349675949
1.156508011319315
1.115987297038491
1.092507371955471
1.108407989046347
1.015597390048804
1.335033151690238
2.170511437756677
2.45834593563958
2.400996579695473
2.20278573700945
1.992273437438836
1.822878766099189
1.708342315743474
1.649059601504371
2.519993039836257
2.587422345015299
2.660398209401271
2.710362542839594
2.715010486781453
2.6609093302849
2.599717275289788
2.69562860018413
3.136894827483228
3.332929747763139
3.298873974814243
3.325932633346467
3.334204846830197
3.338096743686776
3.336300324620766
3.329917618508225
3.319151515054522
3.30393514983347
3.283716376625968
3.257339551421717
3.222895315134984
3.175574687560039
3.117498003456023
3.00676141077365
2.907045546281968
2.836620069294907
2.775394803198367
2.712150453974877
2.648353806824945
2.584080560301354
2.519517491788509
2.454734630520314
2.38982615086793
2.324864873829588
2.259888086707471
2.194902816919933
2.12989954842191
2.064864657094698
1.999791524035545
1.9346970237048
1.869641901609712
1.8047532322205
1.740265286105112
1.676609562376823
1.614754210513299
1.555321378609078
1.498566664029541
1.422612645628057
1.297629798133373
1.169327983724162
1.112444445537343
1.075509732762543
1.058938072209186
1.081442594570501
1.006875341822527
1.33818028712211
2.053099092252285
2.117626726525625
1.898799823567795
1.639578881124823
1.424511621096649
1.26502505785812
1.157768836578957
1.101555899956755
3.032729531037813
3.033004028416828
3.048537837089845
3.095158226309334
3.112958372069456
3.028448407689993
2.819550638961766
2.633629849066257
2.966232825352942
3.301707042878824
3.291363462471936
3.328246201205544
3.340656375968746
3.345736246100764
3.344441626023376
3.338793949122187
3.329586645046239
3.317119551987891
3.301033486552266
3.280141906510175
3.251331339893109
3.206557540439533
3.143496974123409
2.935783743702143
2.817872823443651
2.777229051337188
2.742289966003599
2.689997862388845
2.63261109463674
2.572907335783682
2.511677630164747
2.449341027668007
2.386278896562123
2.322771325150702
2.259014894794162
2.195159670267603
2.131339180406263
2.067685518594204
2.004339472821841
1.941465927187229
1.87926840557897
1.817991892122582
1.757892249608869
1.699229191193763
1.643211065713473
1.594309069653467
1.567789592741417
1.522364731524259
1.367439339740805
1.118822856722442
1.053921600815823
1.017432965779721
1.008406950833422
1.039146463622042
1.011985294051681
1.408684401337476
1.755279775246009
1.500499788909537
1.219636948631281
1.019845358671024
0.8710914804425974
0.7524160429766006
0.6628915081782693
0.6109142526552276
3.810778366845037
3.524463270301056
3.419970774258181
3.479702802743148
3.531822564985822
3.493545202690233
3.313583843862507
2.936640957073975
2.882675908857113
3.280468363535293
3.308325836521036
3.344411862917814
3.356336502814515
3.359688126122332
3.357268034534293
3.35153059175654
3.343794299153641
3.334907090556976
3.325479269382425
3.316309329286977
3.307404931544406
3.30210528581877
3.321802449764549
3.171736724221129
2.810601472340755
2.783207580339702
2.784865359242287
2.731291988380268
2.662990603522512
2.595212144740983
2.528224182680897
2.461159157833205
2.394156109747291
2.327454224591285
2.261057419045774
2.194815967059196
2.128528595641581
2.061979494801872
1.994957393248935
1.927306211201239
1.859002150725276
1.790099961324996
1.720359084971204
1.64977483885895
1.586374762327434
1.566398813005029
1.642615312318923
1.639886298675398
1.06857754719519
0.8767505778259299
0.9107025664828687
0.9152665141876699
0.9262890716006341
0.9633791426089182
1.003893549463961
1.392106284740977
1.043039417277866
0.6641945137098915
0.5536031875441594
0.5004422124879171
0.431744868328117
0.3555481904374644
0.2866594215447086
0.2347246720930342
4.959847062994132
4.033025245707538
3.804897299690101
3.83159925655657
3.840970379258251
3.816544950995849
3.822140533568882
3.802727394675427
3.496316038339651
3.3696740150682
3.39126309290394
3.391580369933164
3.387119690918174
3.381416551406609
3.374415232448842
3.366705981158091
3.359331050551768
3.353258593279376
3.34973374557695
3.351567956759178
3.361983325200171
3.397636578705429
3.428013337564831
3.850987839229174
3.745509470520028
3.304071290643487
3.058190783280772
2.911905888595789
2.796856690329518
2.69462496139001
2.60025325484255
2.511619195756539
2.42759981715027
2.347210648089249
2.269210279935362
2.192097104767709
2.114203446602786
2.033749994886388
1.948891679174747
1.857836172371
1.759083717590694
1.651824219931499
1.536893127833339
1.419541209194603
1.312882851283684
1.223145058006341
1.07319630208061
0.6491416504620593
0.2901877628605861
0.7063901722925821
0.7559244218869668
0.7970433249370137
0.8097421679989312
0.8137242798573036
0.8421795477721105
0.6606547986101665
0.1181431105358661
0.1341069221859752
0.2280164755045757
0.2291831441467883
0.1861968246094208
0.1356100698735173
0.09122365874044412
0.04078768566578364
4.417881833269032
4.128677570521747
4.030890435037934
3.970319435075609
3.918225773831498
3.871003160251183
3.840712785319321
3.80744394300883
3.705617597402073
3.526022004926492
3.475346491712296
3.441000471837809
3.419709447687886
3.404347481743916
3.392078185560918
3.381401045087769
3.373109886196276
3.367828223535787
3.366330326603173
3.371037463349131
3.383226396545273
3.421106370875873
3.41154914798521
3.770224899412034
4.086150913720637
3.807675795142822
3.462990797799911
3.197290031790833
2.998575224609739
2.838937731917502
2.70281036664548
2.582758253381949
2.474474184036236
2.374538958836518
2.279608595434166
2.186169206910581
2.090486149562152
1.988602898180519
1.876387972656948
1.749716830789425
1.604934135573552
1.439779588154922
1.254725619265207
1.053147109963374
0.8350820894958532
0.5810756146979351
0.2593570809886206
-0.02561406391806651
0.2978654347304542
0.7014776721024241
0.6828484756311552
0.7173166020945685
0.7119111337949854
0.6787222848268909
0.6173015926085902
0.383426075440292
0.2519034400946872
0.2230001805617618
0.2126126099542816
0.180726386645283
0.1418433020603148
0.1005285997933309
0.05971594056104804
0.01716651773807842
4.113864375203511
4.020405445847346
3.968844279106882
3.920698295702291
3.876541078394185
3.830022290837872
3.782902346806581
3.726448576192764
3.642525535040834
3.548380894307403
3.502675190320096
3.466631823511768
3.441417896869095
3.422042688323901
3.406771004742372
3.393318763020033
3.383615586536831
3.378079438508059
3.376626673692069
3.380784102277513
3.389379902523782
3.417527630813485
3.383157658998372
3.59125798781572
4.0210559764006
4.011763680604103
3.769773329787895
3.480462394479051
3.220675460075517
3.002958736374346
2.820526987113678
2.664771794316916
2.528522063137122
2.405642253650466
2.290378143974066
2.176973076052451
2.059484354946566
1.931717594398637
1.787272176808038
1.619769179353014
1.423381531282328
1.193703963798684
0.928606512844353
0.6283400908595892
0.2965067698567947
-0.04616984752429232
-0.3115247790401068
-0.2702234921796755
0.4000730112722838
0.7105483919833573
0.6436728685679768
0.6686654433612005
0.6565715005552293
0.6246520245301485
0.5737980649787503
0.456892575038823
0.3486141049049369
0.2890141636711494
0.2494612531329757
0.2079013626740257
0.1642190663452644
0.1189115378181408
0.0734490871243538
0.02660179108879923
4.039003352419558
3.999270626426099
3.967261761233141
3.923232668837647
3.878314577009305
3.830099350291286
3.779848336253315
3.723194768268932
3.650882052528841
3.574363348933942
3.52518501071053
3.486328693608517
3.458127154424836
3.436001298052816
3.418636370044664
3.401679973699081
3.389913848037388
3.383650838826317
3.381420930583816
3.384191712603235
3.38960715542167
3.409762146395836
3.373063301696738
3.50788188337694
3.894935717920029
4.017038665900481
3.906189943234556
3.670264228271068
3.4032121551549
3.15318693334207
2.934692631245729
2.746725814744325
2.583153924693634
2.436631766101522
2.29960851819754
2.164426134626845
2.023250852264951
1.868052632588835
1.690700258693183
1.483226009641345
1.238327828090153
0.9502297090669611
0.6164002738032268
0.2421109431239885
-0.147275444761715
-0.4814970009666334
-0.6196459197350438
-0.3700013218517712
0.4121301739652322
0.7013737727372239
0.6165816059902716
0.6351131935612614
0.6173708264821482
0.5836657612924476
0.5323834388980364
0.4486915778271388
0.3669362106723671
0.3072899384293872
0.2585044250083687
0.211223577998172
0.164456547891863
0.1176981731062595
0.07125628528454842
0.02481812274396139
4.038141061730734
3.998455438815262
3.966229294321628
3.921817022700122
3.876245486453822
3.827107764843325
3.775946134945515
3.720134009906352
3.650984377788826
3.579468503842
3.532139929933193
3.494716370564753
3.467245263044292
3.444943278553825
3.427438502859868
3.405693851919857
3.3915433178488
3.385307477253359
3.382666255722071
3.384518728205474
3.388188738851772
3.403198225795243
3.370534772188135
3.481714154449389
3.802909089641938
3.945129832663594
3.908263440788122
3.739588436807294
3.50524199284055
3.257549768246936
3.024727898109199
2.816215833814037
2.630994698093979
2.463277981824395
2.305316556260968
2.148537134458262
1.983986140462108
1.802580675148475
1.595388761759591
1.354061090597111
1.071580369675839
0.7437714938066835
0.3727308568928906
-0.02564356988651979
-0.4082160214149596
-0.6891744577348194
-0.7385005146812262
-0.4136536394126533
0.3876735074904704
0.6874342766259696
0.5978032682013844
0.6125063862485881
0.5929172112202332
0.5608128243787319
0.5136471345314497
0.4477242636639103
0.3799454759243243
0.3209837358827463
0.2679303013180712
0.2172894524546136
0.1681675559016216
0.119826635551421
0.07219326955747796
0.02475296614045287
4.112861057527147
4.019512648822219
3.967259537014998
3.91761838118746
3.870828051494817
3.820568343563385
3.769796737803401
3.716436025059949
3.643474234552323
3.566729451517498
3.525570925993976
3.493258493062821
3.470226432031864
3.450740008459049
3.436227802331357
3.404946704669451
3.38553755704045
3.37836580992797
3.373788268219148
3.374310611562539
3.377485855468921
3.390185657581513
3.365764741955088
3.475247775164882
3.731130474027315
3.841639891976639
3.825659609833524
3.706703570598939
3.518926195523363
3.298852914960459
3.074520697483413
2.861414030895741
2.664322127548596
2.481038837935978
2.305445318903706
2.129452749391524
1.944127057865218
1.740423080539493
1.509843860604534
1.245272208147984
0.9422883988938442
0.6015013212093301
0.2326031894461076
-0.1395949125151386
-0.4687637265630897
-0.6843383707535289
-0.6948151726526836
-0.3908731139639757
0.3538163533255151
0.6891618643032483
0.6122029922667658
0.6258769621020815
0.6061635022814312
0.5737527221768431
0.526298213146948
0.4648677091999481
0.3995021623539966
0.3374280119480544
0.2793815009094264
0.2245503303052538
0.1723561874210417
0.1219706681789971
0.07329090396683799
0.02496140896349942
4.409114904193311
4.120940452953053
4.02267444484545
3.96127005369761
3.907292278537488
3.856040106520239
3.818102145034713
3.783792073463147
3.686467144998333
3.554018456704515
3.513045286972809
3.485456063404083
3.468035320905987
3.452571408646715
3.443391688760398
3.384247913188775
3.373665757274585
3.390260946251039
3.397681548794556
3.402970007923919
3.406787877646021
3.413741012131339
3.391030788827735
3.468536183389626
3.640246182485912
3.704560013381859
3.688774696235615
3.603084877556247
3.45977182857846
3.277816781856675
3.077532914212977
2.874435380367774
2.676690144101595
2.485716046449896
2.298093354553421
2.10750613559264
1.90629902697906
1.68671438158971
1.442041591783006
1.167952749157534
0.8643198165720019
0.5377430198201373
0.2046148334167048
-0.1064583444707413
-0.3551965029554253
-0.4945596011215938
-0.4752884120270623
-0.2354326149539278
0.3389044706561236
0.6022195131114607
0.5230383144207755
0.5208298000742284
0.5008124102674967
0.4754547957063078
0.441329387586939
0.3990074879535239
0.3529817713478856
0.3064856467436243
0.2598582920266652
0.2129274804634571
0.1657311137303526
0.1181076662753572
0.07136052646570629
0.02363460573334223
4.971644540988277
4.04133088172726
3.809974376382903
3.832543962540843
3.830668629173998
3.777918362690762
3.738121913501104
3.706535736135003
3.547919059054371
3.449212938792283
3.460385765421975
3.462042199165637
3.463301793971679
3.46710445184535
3.495575399989104
3.421555546279476
3.303936002353277
3.301386234036198
3.290214893598688
3.288298777657748
3.29761046534082
3.303786834948563
3.300823497099192
3.363178960679738
3.484667062254372
3.526950146852858
3.516812592973054
3.457048183271424
3.35080304860175
3.206640531780617
3.036842244436952
2.85340679700827
2.664774718685241
2.474565402431384
2.282022325956192
2.083323053213887
1.873121757428881
1.646077208837115
1.398387985286201
1.12946437090701
0.8438192025785534
0.5530122868717577
0.2769989459592292
0.04371922817236439
-0.1141469770677154
-0.1650024985019626
-0.08376757186449439
0.1544564419766713
0.6405778250079464
0.8932327191085572
0.8788907025198964
0.8540713207139859
0.8293223129000858
0.7844486057714068
0.7076277534076768
0.6072958250006949
0.5002262574769657
0.4005254753953078
0.3142926544461768
0.2414048531977006
0.178511413904018
0.1221643282071306
0.07469364204663088
0.02799813299375037
3.909682131507657
3.614907812247809
3.501471639553003
3.548136249955509
3.574595684552868
3.494213870322934
3.282593649338883
2.964220848162094
3.051031992093889
3.379182425610025
3.401140476378321
3.433933013208927
3.452001175019353
3.469501994316512
3.486547747137969
3.609028378322779
3.513318757446848
3.224896098073296
3.056849450723626
2.997276795196636
2.998601864079593
3.025463511186802
3.07042497769244
3.149606825737332
3.258999708924123
3.318565844518435
3.326189472586135
3.28924754474788
3.212559535682101
3.101074113143336
2.961645298285662
2.802105269046687
2.629235954680113
2.447218810026092
2.257212408731435
2.057940777537937
1.846900550747021
1.621862738068661
1.382499612474687
1.132042823506432
0.878808028075016
0.6372156318151949
0.4277308594288341
0.2752521297196527
0.2062839107898194
0.2468177913196509
0.4238820045383839
0.7662672289742982
1.256079366794328
1.592391410285316
1.749679114925128
1.798971066085628
1.773458091552689
1.664812496184133
1.472774803140946
1.223249701757938
0.9577306440375668
0.7142350453247048
0.5139460919053723
0.3601719572102474
0.245363120443621
0.1596261468777381
0.09689076929906031
0.05677560522474344
3.269900873613381
3.262665601823603
3.267212147628686
3.300694257342835
3.305653941471938
3.220223341969922
3.044062439858471
2.911988314760083
3.144218800886068
3.388785690783357
3.393416661770146
3.426219412347443
3.444942622728159
3.464164084133061
3.474457587367402
3.569880096249011
3.566267645520602
3.295938917438087
3.047092871122593
2.903738076294359
2.851950072274355
2.860176167282305
2.907384869514283
2.978638484269312
3.056484858308202
3.112608543188381
3.132118085253817
3.113807967800188
3.060569680789799
2.975781437303267
2.86337219683555
2.727973059079289
2.574238711484734
2.405883882701602
2.225124490382838
2.032826319759282
1.829300567558028
1.615522382683668
1.394524142306304
1.172711901922362
0.9608095188403222
0.7740897706647186
0.6316430754722097
0.5548040475468019
0.5653720117790596
0.6839878014020714
0.9257886965485193
1.283560887263366
1.693938358415585
2.044616015214133
2.277948214930258
2.378678572045309
2.355330336666014
2.215618464828053
1.974818663656988
1.664862296996078
1.329541742601106
1.010818282951701
0.7368894356462719
0.5186476377217885
0.3539962101856354
0.2353462086753121
0.1560950044067262
0.114266307012227
2.939436014282128
2.999517757892696
3.061538727601254
3.103151261827012
3.111281320542627
3.080779091992556
3.051861575816988
3.119683108441027
3.324244318890718
3.414020729454929
3.405668407328747
3.426444895008077
3.439245834853937
3.452717939183662
3.458262477794091
3.496654276068469
3.494119232220168
3.318339845371834
3.094238294508104
2.916451093104391
2.815613061827851
2.78404911118275
2.80110032504145
2.843661372070807
2.892027592299085
2.932083533418086
2.951380060798865
2.943498559499283
2.907074027982472
2.843017798054043
2.753147486806173
2.63989730416619
2.506131678977458
2.354775627079615
2.188495823695592
2.009722984371505
1.821120887336821
1.626407881364331
1.4313108546165
1.244373230447013
1.077334017587611
0.9448675318540547
0.8636477429070201
0.8508789031065465
0.9222507687330166
1.088269337519187
1.346785711253083
1.672633039312684
2.017361968544674
2.332276221345056
2.566163657030517
2.680686149388565
2.66308268240948
2.520466554982539
2.273760608402434
1.955250821839022
1.604170498865652
1.258747965630394
0.9483493665646471
0.689634083292859
0.4877796332316587
0.3408923451129344
0.2447380498315629
0.1956089692196389
2.785129139946994
2.841520168486177
2.91339059759009
2.972817565365918
3.017341768839398
3.065503895358412
3.149881714288797
3.284992309070971
3.406404290244772
3.422862064625771
3.415754902871045
3.427188739353614
3.434974047010675
3.442761864562566
3.447996754799077
3.450077756647686
3.417868696010553
3.300156024178468
3.129548799051098
2.961837260970801
2.837024820553947
2.767052144869887
2.74330839395173
2.748567673380893
2.766514184842933
2.785457239234546
2.795560786012203
2.789304205193775
2.762347012064181
2.712907762033572
2.640748732682691
2.546607467276367
2.432001196526726
2.299123872492699
2.150766940658607
1.990362401310482
1.822236344346898
1.652045748568834
1.487251918869243
1.337419638832605
1.214143354427364
1.130482019246873
1.099870883935044
1.134438421959109
1.242405467130425
1.424152904554732
1.667801795125692
1.94831395789742
2.234264008017411
2.494613711460463
2.692262421457959
2.792579265954485
2.776632237178465
2.645692221942233
2.417195290589634
2.118888278479669
1.783493728143577
1.443488169954775
1.126317593929805
0.8512959730726751
0.6290645082647038
0.4632770511254398
0.353261131795406
0.2964968815269499
2.731801774028555
2.775005746988996
2.842431403372762
2.919054287679001
3.004288268885364
3.109025338413669
3.237103819662125
3.362102097859339
3.425238179063219
3.424817900030225
3.42112155313457
3.427087296893315
3.431633621113552
3.435483670668196
3.441333928369195
3.429570932972696
3.375683079357915
3.279765262629478
3.148301311161803
3.004600724262514
2.876511378676781
2.781408008655127
2.722004632082638
2.691129172366089
2.678416909809989
2.674196827968291
2.670023808611746
2.65861574860432
2.634366291597042
2.593593402219141
2.534291035714774
2.455783942007697
2.358547180592879
2.244172456584638
2.115395165514738
1.976155387917649
1.831702550534735
1.688722338927947
1.555403019572705
1.441318558887659
1.357012479997032
1.313201653078177
1.319534309605559
1.382815417069301
1.50469965986869
1.679383543279201
1.892822992075296
2.125058547466431
2.354145168699471
2.556864726801169
2.707368743643788
2.780807740973976
2.760859552657196
2.645120945771622
2.444739781447017
2.1803684098027
1.877534629619984
1.562677472373946
1.259925820667784
0.9887163951314792
0.762569762112889
0.5891785764449129
0.471578590652463
0.409977336328106
2.743536144485919
2.779040097474073
2.842875188549688
2.930206378015916
3.038493215018861
3.163966409933711
3.291377535024067
3.389745511678121
3.42607913880857
3.424812860490028
3.423093986328404
3.426246803910987
3.428919207146158
3.430500639431701
3.436514212127859
3.421907044831951
3.360844681739497
3.27238789454074
3.161536220838474
3.037416280942311
2.914761191004126
2.807635594979085
2.723794226265508
2.663828362898525
2.623497875081019
2.59641765721055
2.575765974177014
2.554980233062169
2.528254863960242
2.49099204645191
2.440017886296235
2.3735915986385
2.291371659253457
2.194428231604308
2.085288929607608
1.967972485095976
1.847973699462796
1.732166129037692
1.628576513100934
1.545973342440235
1.493213923907345
1.47830706566699
1.507174904589184
1.582187593823532
1.7007897484088
1.854897895418988
2.03176595136413
2.216036122632845
2.39130342256205
2.540258930118408
2.645202552203945
2.689843891611384
2.662726835666455
2.560614232867246
2.389547175442593
2.163259728363705
1.900331004113892
1.621349338199944
1.346528385521373
1.093795146021861
0.8774272814379626
0.7074313950350981
0.5897746512008099
0.5273263470375957
2.800796256230655
2.833147872553981
2.894528586790699
2.983133611522534
3.093339725178313
3.213136509563659
3.322816659829286
3.399265927468144
3.424914846768385
3.424315241549914
3.423337279484101
3.425029811181451
3.426605578232595
3.426988146938386
3.432624665207358
3.418916925994332
3.359847008433245
3.276424683211138
3.175690951377876
3.063272408914748
2.946843721277543
2.835716288666327
2.737890200798349
2.657701546541694
2.595380214088418
2.548020388124149
2.510955494908037
2.478818863566887
2.44627577699214
2.408600140963438
2.362107181875633
2.304416655420769
2.234592378883532
2.153224228692063
2.062474825744393
1.966067536282872
1.869176233517665
1.778181559554751
1.700267357674353
1.642839186406423
1.612757837465833
1.615404948408419
1.653657297382424
1.726965208234891
1.830875927513697
1.95734638547879
2.09582833286399
2.234517046136619
2.361093279118451
2.463141176997092
2.528864109055745
2.548053777856349
2.513472677096948
2.422472682122693
2.278042479977635
2.088641629850659
1.866979516717706
1.628335605606541
1.388868374445034
1.164085692935495
0.9675704901145677
0.8101087360064251
0.699350128893464
0.6399575423157753
2.888190453279326
2.91818221511705
2.974951978111027
3.055926400862933
3.153646357903323
3.254993942974882
3.343430833320987
3.403477515927635
3.423799481105249
3.423441939197912
3.422697765900818
3.423606561005428
3.424533516601968
3.424328401532106
3.429328189734196
3.417445967575026
3.364011752270173
3.28613512084229
3.191490441123706
3.085605424506597
2.973783841841179
2.862293540863603
2.757684558454138
2.665133198928926
2.587200978528702
2.523628127963407
2.471930714078252
2.428268879062913
2.388247503699368
2.347579814558626
2.302620445859754
2.250760851772
2.190691121274996
2.122551970395487
2.047993734973892
1.970134430966991
1.893391688595345
1.823164081617061
1.765351140391845
1.725720947674771
1.7091594721018
1.71887475237474
1.755688685859045
1.817611246130598
1.899889004776716
1.995567339152923
2.096335658789503
2.193289066219673
2.277465256016783
2.340327530999404
2.374280599401779
2.373141682630979
2.332629279166074
2.251004047665709
2.129735260341258
1.973826513049877
1.791567236500788
1.593779652122029
1.392781102659815
1.201255270033039
1.03117075642651
0.8928687569584038
0.7944139303811424
0.7412193255949867
2.990578578634466
3.016853846323836
3.065590878935649
3.133072781874529
3.211882953792246
3.291308003792701
3.359549557087701
3.40612610623239
3.42241952075922
3.422214757262145
3.421574327757858
3.422056744089015
3.422602020701413
3.422137908044698
3.426465600300053
3.41644376169533
3.369231553714519
3.297158813433328
3.207468921128087
3.105944720824404
2.997508390091096
2.88712374851867
2.779990148957952
2.680841413479834
2.592966311858918
2.517618448640419
2.454040900634457
2.399937750062445
2.352112341383771
2.307090802586049
2.261662363942637
2.213314159924737
2.160550283991105
2.103092821895428
2.041964778480902
1.979448478619985
1.918906642693821
1.864456375246345
1.820501118055225
1.791149742611034
1.779583353179422
1.787466927707187
1.814533696690885
1.858466535199979
1.915128594338056
1.979062365159307
2.04407248719866
2.103742287636905
2.151869681457383
2.182855782163891
2.192007839975595
2.175723350271106
2.13161211500234
2.058699784003693
1.957778908045551
1.831776377777142
1.685911752412206
1.527511654940734
1.365497292460547
1.209650771630237
1.069780210695852
0.9548867016731136
0.8724116670933239
0.8276143067441666
3.093254928732344
3.114399890023754
3.152863226642844
3.204739070879927
3.263891489230173
3.32267912955692
3.373197938685573
3.408146792856938
3.420775916277967
3.420723058111388
3.420173368269471
3.42042447374304
3.42074946982306
3.420194286342241
3.423927455688533
3.415511068795214
3.373844704815514
3.307229868735678
3.222212924268744
3.124549893688631
3.019218328565939
2.910762350659972
2.803546156707799
2.701589622081846
2.608076608756315
2.52487961649283
2.452371556415435
2.389573941417226
2.334529602146257
2.284760820800428
2.237722123247184
2.191202036038821
2.143647010546189
2.094387022474753
2.043747079694147
1.993033379912814
1.944387882619979
1.900513868447013
1.864290506495447
1.838316595203743
1.824449105296434
1.823422656476499
1.834637037163863
1.856165941449161
1.884972635957656
1.91725189081097
1.948802703202237
1.975380413150257
1.993016738871163
1.998282406875349
1.988448700989575
1.961538719620547
1.916320074625496
1.852341443457421
1.770095741638974
1.671287533567188
1.5590750746761
1.438141276320134
1.314519871418248
1.195190421030557
1.087505292153595
0.9985224206588773
0.934313604612646
0.8993157949909194
3.183076198040225
3.198786684749767
3.226996229865049
3.264418618344903
3.306548189436067
3.348265489489397
3.384351693545374
3.409665426514843
3.419037301828672
3.419069237631791
3.418612086864286
3.418738310759718
3.418939280035588
3.418372060671026
3.421628827014849
3.41446607233305
3.377283658786606
3.315476275457328
3.234977726857002
3.141311781556467
3.03941987267373
2.933654051261723
2.8278686856156
2.725449301426582
2.629194449708749
2.541109070721085
2.462236571249515
2.392624024014032
2.331440317682319
2.277212681744935
2.228130007522517
2.182363964804365
2.138364041554432
2.095088348788435
2.052141536587502
2.009804032714072
1.968950387584132
1.93086775838355
1.89699933698161
1.868652033119202
1.846719981897281
1.831478566482072
1.822489884615992
1.818629031546528
1.818204608579074
1.819129425112457
1.819108857704961
1.815835037801915
1.807175378604617
1.791327034310712
1.766906415024843
1.732966487249426
1.688970716075523
1.634781751523975
1.570723033553482
1.497727835000032
1.417524231521421
1.332764764671317
1.247022289158878
1.164619623444427
1.090304729561573
1.02880858253701
0.9843357491615328
0.9600474617547261
3.249101777618293
3.260408048285955
3.280584506875727
3.307154628127617
3.336940466121882
3.366481324825429
3.392220495220221
3.410468148795733
3.417293286101803
3.417333441020436
3.416952939803755
3.417015396666723
3.417149939424104
3.416603548903013
3.419507523369316
3.413232816065985
3.379443402251858
3.321738936284996
3.24559338167677
3.156218956549586
3.058340325034794
2.956027316320321
2.852678711427271
2.751139020903378
2.653824726461475
2.562744620618917
2.47939902325819
2.404636039621503
2.338565492109172
2.280590837377432
2.229560857267683
2.18400055973421
2.14236415219362
2.103257168122111
2.065591264339718
2.028655867357203
1.992109705693568
1.955909202383884
1.920199218132009
1.88519511074264
1.851083048420251
1.817956740679922
1.785793758141533
1.754458846174189
1.723714682095348
1.693228420602771
1.66257882887779
1.631278166959332
1.598816496479885
1.564721285442727
1.528614431654536
1.490248271896553
1.449513851078024
1.406434308955404
1.361171645592959
1.314071386459064
1.265744469010815
1.217156311847875
1.169680106490736
1.125079645257869
1.085406172862464
1.052812865887089
1.029306554484586
1.016468080544058
3.282577282816034
3.291580051237135
3.307614155187327
3.32866816941167
3.352206182964743
3.375507839116231
3.395797342900654
3.410186757808386
3.41554460355892
3.415571204451775
3.41522252080485
3.415264265651697
3.41536935144309
3.414856639709937
3.417522052605698
3.411791936902752
3.380406195534299
3.326184218011893
3.254264424790096
3.169515918047145
3.076258810151778
2.978047139834959
2.877700508298342
2.777576011836508
2.679868457182597
2.586722101990458
2.500099950700125
2.421519582869305
2.351816298038594
2.291042202396411
2.238522370007362
2.193024183234978
2.15297233238395
2.116650660937366
2.08235611660252
2.048496085081467
2.013640616622339
1.976552034366998
1.936215371623135
1.891885101948063
1.843149356972784
1.789996735967814
1.732859066164404
1.672602327591826
1.610450119516478
1.54784545636896
1.486277837083833
1.427114835532393
1.371477734032059
1.320188550258651
1.27379112194297
1.232618380059179
1.19685891459761
1.166584143400507
1.141729317729387
1.122053679115596
1.107115780983272
1.096288377304494
1.088816438965749
1.083903837428952
1.080805925729471
1.078908116613531
1.077780563392929
1.077203248898046
3.276633132786833
3.286118689678015
3.302988210659056
3.325054138673158
3.349537977579772
3.373491530834669
3.394041322545564
3.408408814468173
3.413753783174985
3.413819244920033
3.413423100356552
3.413487047607943
3.413592006950417
3.413123805066351
3.415648974427363
3.410156086825569
3.380338870960696
3.329151857786224
3.261477414555283
3.181779518162434
3.093702118461495
2.999937156018808
2.902555616728995
2.803560238619777
2.705256059962389
2.610231335540036
2.521027721507044
2.439722588854859
2.367617429524693
2.305115840362696
2.251773943319835
2.206455193727676
2.167517125711725
2.132979527356478
2.100653182209992
2.068234466181559
2.033388476891691
1.99384959697082
1.947562511457564
1.892869709791273
1.828727605695222
1.75491047125812
1.672149079898432
1.582156312351404
1.487514718098421
1.391432925061442
1.297408179157041
1.208854853632524
1.12877144884385
1.059516232816085
1.002733647719079
0.9594172119836839
0.9300330951231803
0.9146054337076206
0.9127041194438205
0.9233501106761608
0.944906696738423
0.975031192905593
1.010733770419241
1.048551136292761
1.084812805389018
1.115971497738852
1.138974110628939
1.151631860004629
3.226102367387355
3.239172970703183
3.262403357866107
3.2927188314667
3.326156906834576
3.358514602488011
3.385850190669807
3.404685567314139
3.411865905675163
3.412100613000432
3.411536041569998
3.411680107740749
3.411817846318161
3.411419572627914
3.41388212375391
3.408378213445029
3.379492051705394
3.33116178010637
3.268070098615959
3.194048070941545
3.111537547192939
3.021929889111358
2.92655193465052
2.827484164371065
2.727697184279382
2.6305933082036
2.539348419317936
2.456391352239224
2.383153038451135
2.320054088462403
2.266632870662333
2.22171988051533
2.183596819628476
2.150114129514183
2.118768987339902
2.086765569411735
2.051090984911856
2.008642716009773
1.956434670116327
1.891888086794827
1.813183236969761
1.719616044173709
1.611882377668844
1.492212767388641
1.364305025435006
1.23304406501729
1.104042619229347
0.9830723502809449
0.8754800919192681
0.7856987935487434
0.7169542960799827
0.6712131933476067
0.6493133364923243
0.6511267658106287
0.6756114805725718
0.7207233731945843
0.7832808017915945
0.8589054385991306
0.9421166900799807
1.026596343521946
1.105602736279494
1.172526066962887
1.221573333767775
1.248498708758242
3.127696165901362
3.147394974986899
3.182480644496604
3.228410692792214
3.279203980010075
3.328383919193721
3.369850389442456
3.398412346723712
3.409789187464193
3.410429069043244
3.409516058250421
3.409832184949377
3.410051740059499
3.409784217621
3.41223356664967
3.406577789456958
3.378243504902827
3.333065237807233
3.275514733118209
3.208030642145032
3.130894023998172
3.043917816489171
2.948273858499062
2.847061030849261
2.744612530382176
2.645346312946021
2.552863285757727
2.46954096763503
2.396529985323069
2.333952764584112
2.281141160748456
2.236826259563157
2.199254170311602
2.166235980308434
2.135156688196359
2.102976707250516
2.066265142507851
2.021305952808576
1.964312545701136
1.89176896663283
1.800884802388183
1.690110122033587
1.559617725487918
1.41163956209708
1.250556807776924
1.082689810568854
0.9157976751647088
0.7583522983948058
0.6186864588668592
0.5041418825373473
0.4203715531208092
0.3709493664446262
0.357346634002139
0.3791529250146433
0.4342946470143281
0.5190939272516079
0.628231969554046
0.7547831765261416
0.8904086020052038
1.025711450381803
1.150757188870292
1.255833569865709
1.332452221391418
1.374408925322297
2.980593859128585
3.009463114856102
3.061136480929965
3.129345948256006
3.205582974391581
3.28026364163
3.343986640869828
3.3885494555355
3.407331092285613
3.408813701521515
3.407275394558924
3.407919333679167
3.408302332170982
3.40829202606783
3.410725757211243
3.40487701710625
3.377129835199474
3.336482804197181
3.286503467278779
3.226233368810809
3.152644280339149
3.064679029968486
2.96504836363445
2.859233428168355
2.753370284116551
2.652581024530663
2.560274920355108
2.478200144110986
2.406829966946297
2.345776089226444
2.294088702553254
2.250417727782052
2.213061169480873
2.179939161259121
2.14853053733014
2.115806620547756
2.07819895425188
2.031642633294533
1.971739908226001
1.894082813065275
1.794751164995585
1.670959198623782
1.521765309474004
1.34870371197425
1.156173448519367
0.9514523721108114
0.7442857936927862
0.5460901371584068
0.3688649964822154
0.2239243630998896
0.1205992451470298
0.06516303855825253
0.0602851000820998
0.1051431439241679
0.195951161213745
0.3264742331276949
0.4883610760631561
0.6714404897087316
0.8640811440616382
1.053582227638728
1.226754835777696
1.370940667953171
1.475346135749951
1.532283908252735
2.787354211329523
2.826906933262599
2.89821543224064
2.993526227055269
3.101881504261792
3.210236489797254
3.304912939160519
3.373129558007105
3.404063259973102
3.407262902553404
3.404656697393299
3.405895959710038
3.406580813318538
3.40707377088265
3.409345979778935
3.403049417770853
3.377108862682576
3.344993146903623
3.305736362240808
3.251408726294486
3.176023341833589
3.080753217391817
2.972654058532949
2.860573315687375
2.751925511834653
2.651457431988611
2.561445297865453
2.482443897957249
2.414016674647394
2.355231639101543
2.304914956501232
2.261727014803081
2.224128939770607
2.19028897417989
2.157961165389779
2.124360800375458
2.086062522294768
2.038956235880959
1.978309248260337
1.898994002818938
1.79593825682108
1.664824844194284
1.50300197740885
1.310470271471166
1.090724577430835
0.8512022184097632
0.603161643325561
0.3609585728777388
0.1408032736938074
-0.04090339526164462
-0.169578240324051
-0.234593276989278
-0.2309782007662011
-0.1599414129820708
-0.02798236237502286
0.1546763635320214
0.3753852559259802
0.6198674191376141
0.8727282122717958
1.117694483479172
1.338353593288564
1.519667080204387
1.649562467457469
1.719936479591442
2.554933533367109
2.605096144774242
2.696378270774351
2.820386225702713
2.964606397042235
3.113025678510099
3.247303970535902
3.34852812490522
3.399080369261477
3.405786257726964
3.401397973112706
3.403685506558531
3.404916645904898
3.406415455945953
3.407972925155307
3.400233762138715
3.381499967854213
3.366635702792879
3.339856236321639
3.284151207308136
3.196264260056569
3.085649415622431
2.965953740593256
2.848431335622927
2.739759529231872
2.642675327017877
2.557462845328792
2.483230542230617
2.41869442207862
2.362542362046157
2.31353509743188
2.270467694526236
2.232064487599147
2.196843093901647
2.162962907087209
2.128066157890252
2.089121912358996
2.042294461451032
1.982877556017886
1.905362643222086
1.803733857618413
1.672086240136015
1.505620161780382
1.301954577367169
1.062538196932821
0.7937904410674854
0.5075802977403593
0.2208109495230203
-0.04586984981836805
-0.2700874474606781
-0.430439405763989
-0.5098760725424597
-0.4992551598174708
-0.3995666286225214
-0.2211708002169316
0.01965247936139953
0.3042438682882626
0.6132634190994815
0.926923344709365
1.224861245996981
1.487726148533237
1.699520229380187
1.848887581831837
1.929043801750831
2.29550551377998
2.35416086749195
2.462151369826935
2.611874143413222
2.791043904556734
2.982312294995424
3.163465805141294
3.308658335600179
3.390675586183892
3.404390386192523
3.397094351730902
3.401161613046053
3.403405701161706
3.407030761718571
3.40652040813224
3.397643391832084
3.402764403144255
3.416360608780445
3.393461204636211
3.317745919079227
3.202530387482482
3.070877353629292
2.941035805289525
2.822640116083107
2.718678603277624
2.62856335807744
2.550372944748984
2.482033990906766
2.421771877893151
2.368182398987209
2.320147701840484
2.276703432168893
2.236895916520625
2.199637275729552
2.163554783260215
2.126827742974664
2.08700722423846
2.040822515416788
1.983997085454605
1.911130287557849
1.815748607324643
1.690679137597655
1.528914785322029
1.325073476222804
1.07735888102549
0.7896306632666124
0.4729302252873876
0.1458066111782911
-0.1668493917508134
-0.4362725459061901
-0.6332712206104127
-0.7326631590589849
-0.7187377249128398
-0.59036176909958
-0.3620956313531928
-0.05874647025757748
0.2926765590261635
0.6667302712223999
1.037716074760604
1.38018748151788
1.673138141237807
1.902596853844002
2.06097006659564
2.144894364055067
2.026738647123148
2.089536413685601
2.206921475525258
2.373929275471304
2.580996567617969
2.812223139449387
3.043991249555062
3.244674030433587
3.37612682086579
3.40307726451571
3.391189074570343
3.398122871594415
3.402309264531812
3.410499735984915
3.406240513118755
3.410868410521702
3.473561717422016
3.510304481528566
3.457320651150391
3.33265731984858
3.179653612748727
3.030185915382272
2.898412147997287
2.786836239619431
2.692836499456552
2.612560885753292
2.54259209638717
2.480374614509351
2.424131978139703
2.372650881785054
2.325073352110779
2.280726715077327
2.238983656418603
2.199137213672219
2.16027554845715
2.121141632481255
2.079963134705172
2.034240411554933
1.980490837380191
1.913974203738325
1.828476621630233
1.716313506845299
1.568807876039773
1.377547471876117
1.136615482698427
0.8456216665810368
0.5127664727239812
0.1566645592685976
-0.1942370789150485
-0.504861019846505
-0.7383852298509461
-0.8616654040769196
-0.851175051760944
-0.7001652447547985
-0.4243282825006687
-0.0579290120641766
0.3603518597313439
0.7967712353010168
1.215283992637044
1.58489185641412
1.887072607687578
2.114787997108508
2.267574804861394
2.347233576410942
1.771216564596658
1.831818118660413
1.947564553367752
2.118101379399724
2.339360043159126
2.600408415896453
2.880421077015543
3.146302868195703
3.351986263092717
3.401797830251654
3.382918872864932
3.393970806124674
3.401474739005584
3.418121076347806
3.411917894733103
3.486711866575519
3.638099204788095
3.635929897382317
3.492521372134655
3.299532431486893
3.117190062102874
2.96583860995305
2.845141458029044
2.748145483098323
2.66765552704088
2.598222606073154
2.536231399093711
2.479421881496341
2.426407978007056
2.376334034835316
2.328650592952956
2.282964616397958
2.238930807654917
2.196162087347368
2.154142493312059
2.112126532835112
2.069007100435758
2.02313101082428
1.972040300403521
1.912126572757144
1.838220090741472
1.743217337148607
1.617997356369091
1.452065544960586
1.235477508439858
0.9623972649866642
0.6358718228060776
0.2721140406542164
-0.09839241007873367
-0.4348450229292648
-0.6940604838565609
-0.8383866560031642
-0.8400337415969591
-0.684142278855988
-0.3771029796690858
0.04484843384883247
0.5283838388031735
1.02021755087652
1.46529282007011
1.832441058195038
2.114333487389181
2.315983157353194
2.446047668553876
2.512248796529265
1.554781170131882
1.605696402985898
1.706409248187842
1.862865525134872
2.079005405246872
2.352434565358299
2.670396072605779
3.006016504176525
3.315243040678645
3.400415929337369
3.371412724186662
3.387360148567217
3.399133940121563
3.427432216744918
3.433019751277808
3.661578723928624
3.861535518853017
3.69886847097268
3.434839568875933
3.200449944928714
3.022372502830634
2.891705436450959
2.793361557838069
2.714885526615786
2.648098758309557
2.588234434647344
2.532633716275975
2.479807405809858
2.428910737021609
2.379463656344994
2.331190019472108
2.283916220170355
2.237502626697622
2.191791746980599
2.146560112384345
2.101461229667472
2.055944673089476
2.00913094890881
1.959613463668481
1.905150994334472
1.842217532123896
1.765418125176823
1.666906558071532
1.536200362494901
1.361149948163101
1.131036828941252
0.8422967977649626
0.505588290692027
0.1501299017315534
-0.1798081297744747
-0.437093780391514
-0.5856174068747784
-0.604410184568609
-0.4770572012290247
-0.1836178033536738
0.2686870293966569
0.8210444679942472
1.349177432781873
1.780667377616449
2.103956422797797
2.331741682385581
2.481963369795525
2.57192557563434
2.615367939475818
1.403730302939566
1.437899337026861
1.510374521195682
1.634169744534929
1.822972233915515
2.086057136600247
2.424118453475931
2.825949068121013
3.26529214670709
3.398583736124867
3.355739625483356
3.374934253317544
3.386503652776456
3.415576116572924
3.434971620502281
3.744081079400737
3.850074169401931
3.525416499238364
3.251491801096905
3.057377119249022
2.923117842024127
2.828274816345167
2.755455740503867
2.693635930967846
2.637310733754138
2.58395034692175
2.532298883160853
2.481668164960639
2.431680903486868
2.382145059511158
2.332971217505401
2.284118703474906
2.235562888013289
2.187274248559936
2.139200856507773
2.091246897926229
2.043238910334688
1.994867200726561
1.945581589181437
1.894407140946599
1.83962843889792
1.778283989962794
1.705461050370665
1.613574395013165
1.492235846242097
1.329870179017776
1.118379255455776
0.8609016870653594
0.5792289725864554
0.3131526589775845
0.1066356898256855
-0.01209069483391123
-0.0409888308788486
0.01731408891042494
0.2110720394127517
0.6335003872480083
1.264911988872593
1.771974670821881
2.130084723569025
2.367270126229814
2.511023478826576
2.587595540614393
2.622047897504537
2.634484017893094
1.341060855683546
1.354245209330419
1.389254134796695
1.464903102187698
1.604939542338728
1.833073720614234
2.16856943615922
2.624289110501525
3.206718836910314
3.396021956481962
3.335784663039699
3.352908855945133
3.351208994683573
3.350656142839261
3.351756433543603
3.25944976259897
3.120972469299101
3.072145988218033
3.01405597408122
2.927896191675898
2.853572225874654
2.793449873677575
2.739579443929579
2.687615445921074
2.636380574706566
2.585607997694552
2.535134982975839
2.484826418847912
2.434599874179719
2.384417198919245
2.334264084289956
2.284136086062869
2.234031940458135
2.183950466891143
2.133888658420922
2.083838885511965
2.033783862533352
1.983686808777237
1.933471977053393
1.882986347969537
1.831924557625786
1.779686214854422
1.72513446314516
1.666282111924358
1.600116932369832
1.522974392197855
1.43190982462138
1.32687801655089
1.214055335992035
1.108132021643694
1.026619403276409
0.9783105420506188
0.9503899824996599
0.9228053532152556
0.9140059390898239
1.225140919490794
1.835000746329185
2.216036159019275
2.457490147362749
2.584007724052092
2.623117421341147
2.609522645455412
2.577541655777442
2.553555696091657
1.382452012690736
1.376099003562147
1.372998430158326
1.392943863889501
1.467428250995949
1.637107355898626
1.945392822712895
2.434817206684737
3.151287708416771
3.395967719876713
3.319531285163589
3.335147535378855
3.322376136317975
3.298223207224837
3.255090818888547
3.128509237677264
3.017390566051293
2.976937556746748
2.937840138383429
2.888569905669415
2.838507950504991
2.788514356007621
2.738341793983763
2.687942535063226
2.637437908839248
2.586918184318835
2.536417351240299
2.485940336074298
2.435482459015767
2.385036454987919
2.334594497637807
2.284149004287473
2.233692819569067
2.183219333814138
2.132722761891971
2.082198155552326
2.031641759720392
1.981051988921829
1.930431272314251
1.879789227149736
1.829147299114217
1.778543618844932
1.728037718936065
1.677704774300732
1.627655159903643
1.577992070510714
1.528896953945718
1.480283372943928
1.432433622384447
1.388760162545826
1.353750874546642
1.327843984206138
1.307045816229403
1.305527074675704
1.217167636930062
1.517009222791239
2.197794521352138
2.556090371390734
2.706902235106346
2.716126978711952
2.638818544284581
2.527680993882484
2.426951307959802
2.366542486007354
1.533527304021305
1.516883742890225
1.487384134651054
1.456728108829192
1.457631734515232
1.548097256605583
1.802237093649808
2.296780310557171
3.112600135698955
3.400475834358796
3.312861505523391
3.329654056844471
3.313613411118294
3.285529051403895
3.24186952068727
3.162226869519583
3.08004562725133
3.019087065796799
2.96101392796947
2.902538546897333
2.84647504003633
2.792567351151086
2.740144085215084
2.688573330464862
2.637493946194743
2.586709425743595
2.53610767210448
2.48562016727136
2.435204369467689
2.384833914961492
2.334492110821332
2.284167637106182
2.233851664502289
2.183536016237731
2.133211486018944
2.082865905889755
2.032481365169404
1.98202979847141
1.931465664282108
1.880713834818524
1.829650354658836
1.778073208835275
1.725667835989675
1.671969551247212
1.616386809556918
1.558165253225378
1.49674889366544
1.431379471668452
1.362742456917567
1.29863712673347
1.249304896956939
1.215686974578801
1.194999732249547
1.210599528305747
1.125196642706701
1.492985116904449
2.334826145976491
2.731476736527218
2.819080675622085
2.717615278668568
2.528122286622489
2.328456348525533
2.169967034014726
2.080670122410228
1.790859713042195
1.779992367183213
1.747145331282517
1.685967998215154
1.620161252834128
1.616758722436717
1.783020860162381
2.24104799419302
3.101426333853036
3.409588645018281
3.317294156346841
3.335159068537002
3.316707711031719
3.283684249871084
3.232818670538938
3.15217993682627
3.070169544162542
3.006412876311883
2.949900767322084
2.895243217605721
2.842265821671873
2.79028892048791
2.738962208441834
2.687996274804853
2.637245535389559
2.586632912021457
2.536114136568385
2.485660389090661
2.43525168036932
2.384873688142825
2.334515736087208
2.284169355502093
2.233827163150401
2.183482119489611
2.133126750238541
2.082752292020411
2.032347668251853
1.981898077310536
1.931382874503513
1.880772001482756
1.83001974184552
1.779051943740819
1.727749007577403
1.675910557446178
1.623253964439465
1.569096775861091
1.512539028657354
1.450062270611557
1.378511146861698
1.309788623212603
1.261135990455233
1.228140009564222
1.207665081981007
1.224004107387005
1.125722321652456
1.454812025132803
2.341231469175349
2.730802985807017
2.745386481859541
2.544172412383147
2.268498533269943
2.011290943287562
1.820758212043366
1.717151844656842
2.149460393985716
2.159893690155083
2.146529863804505
2.085426211968159
1.98362499045695
1.891062510178634
1.927180465380676
2.278233144916489
3.116319529094827
3.422830586282827
3.334629132446874
3.354679264713175
3.336698139559482
3.300953029818844
3.245516512024453
3.151228696883313
3.058544154513546
2.993667115998447
2.940816755955401
2.889443118401088
2.83868793689127
2.788045477453941
2.737532113107536
2.68707586184318
2.6366483863994
2.58624351907797
2.535860018177036
2.485495925500212
2.435148000025265
2.384812602734817
2.334486259847286
2.284165749333016
2.233847962535573
2.18352976635468
2.133207823370229
2.082878434568607
2.032537440829744
1.982180383549462
1.931803193500921
1.881403393245758
1.830980946143211
1.780533593414905
1.730055089848625
1.679515887081078
1.628954831891627
1.5778724145271
1.525193182810247
1.461264276707047
1.37402923594757
1.286562594997758
1.234084741545128
1.199671598339772
1.181199762115087
1.201023486802545
1.108893619265518
1.42471677200626
2.27363047409702
2.559111127789811
2.456014866770971
2.174227817433061
1.863150226047543
1.597943631386585
1.409226556816512
1.308234338520994
2.618550294400546
2.64571136720004
2.650119455884798
2.616751876369331
2.536435613376122
2.403982539490732
2.285345265063944
2.407567547369631
3.117251049629666
3.434889491713612
3.365087517022165
3.390288621597406
3.377180421263033
3.34250587423722
3.287301026086764
3.159895324892758
3.040029715954301
2.975149528198612
2.931598079242217
2.885911997801079
2.838055800305217
2.788587704213612
2.738435807381232
2.687976107672952
2.637396128125711
2.586801443796691
2.5362449216146
2.485744461041691
2.435298874483513
2.384898659943805
2.334531588639817
2.284184861191628
2.233845698870689
2.18350126498424
2.133138310787279
2.082743220724726
2.032302536623179
1.981805232581045
1.931248540112145
1.880649240301812
1.830060738272456
1.779592257345771
1.729452769218963
1.680041029607778
1.632297311131047
1.586723932123075
1.543048880537495
1.4780511937445
1.360349147323674
1.237463280613224
1.186389361164071
1.154258025132424
1.141795170598981
1.167431575509591
1.095254249527229
1.422979502459325
2.131231451197316
2.184445786550344
1.939039126323886
1.634350254512669
1.35946068211463
1.137380117033679
0.9783798490303377
0.8920582249179952
3.244723375965882
3.217679827193729
3.191742457147244
3.198794751238566
3.197450841769069
3.121494843385046
2.921996345841865
2.70179346272527
3.035581898184107
3.428312218710008
3.407527498229794
3.440946994734768
3.434286261747967
3.398154559970964
3.33299525316
3.084605531035343
2.938743625504168
2.907467727234041
2.89522469713116
2.859996492116017
2.817553061436131
2.772666227852916
2.726546512386944
2.679385158260348
2.631377411204777
2.582721271360243
2.533578417337871
2.48407216184044
2.434298736003816
2.384335600703156
2.334246658987115
2.284086331613815
2.233903550060576
2.183745469381947
2.133661078983105
2.08370503053174
2.0339414605325
1.984447921900867
1.935320215659284
1.886679778409253
1.838683233238763
1.791517363283916
1.745363570119898
1.70040153854509
1.657821138017348
1.622216255376068
1.608885501535095
1.575467838280676
1.429731085781535
1.184183623123727
1.124110924777147
1.091234622497794
1.08573815670568
1.119634069681326
1.09757643948953
1.501226562149752
1.821500312956579
1.540181020750408
1.243148523817286
1.025252286844446
0.849052395298455
0.6974673533334399
0.578740458232802
0.5094248384406673
4.127354228191519
3.824063669883715
3.699458668242245
3.746393861269238
3.81426076719328
3.848270675757063
3.781782800922063
3.410325872885718
3.037852264313608
3.43344601668314
3.482539328276264
3.523079928714669
3.535755374706117
3.538929884208103
3.570146639660333
3.371543826746964
2.792541525288836
2.810216880810335
2.908801784907928
2.907413312802815
2.859996896189677
2.804721780088039
2.750248186276235
2.696568197040146
2.643381918979535
2.590759244331281
2.53873782700001
2.487241971217281
2.436152206085906
2.385354807474061
2.334753647461196
2.284266275667396
2.233817564146321
2.18333424045169
2.132739916612953
2.081949207440025
2.030861304188033
1.979356213673991
1.927307174098216
1.874630940745649
1.821358947761199
1.767566626032215
1.713011871587431
1.657870008738993
1.611117519628326
1.611006408323166
1.710461808585102
1.725556338918783
1.133115654421513
0.9388443278707815
0.9776878026229739
0.9845983929067513
0.9982452511290553
1.037960502021179
1.085846191330039
1.487374494393552
1.08106387187753
0.6771149774353008
0.5675019399717268
0.5137790971147658
0.4361985060944047
0.346517594698302
0.2651186878188848
0.2061129681552244
5.337724392632316
4.406709385415384
4.174541983812631
4.199085077775136
4.216976766112521
4.236976172457608
4.337242325600387
4.353203541356431
3.78485050777987
3.598742043183217
3.635390213665934
3.642385487099082
3.655943481684745
3.695194042201612
3.742147180572579
4.139862130831714
3.751668350319148
3.345068056621672
3.223094379035113
3.158357669044589
3.072568803993467
2.973842062564695
2.87660710486271
2.78662528791398
2.704969642253336
2.631102139345385
2.563901680409318
2.502055970768235
2.444291342781784
2.389481594294704
2.336660640809676
2.284986049439211
2.233688029083133
2.182017838287391
2.129196992412209
2.074365072797767
2.016528441471412
1.954524874626438
1.887040625559324
1.812730471458769
1.730472349025508
1.639809151736521
1.542058272099633
1.443461535883659
1.359054001898044
1.296974412743557
1.176591502883221
0.7641992745902484
0.3622366714945467
0.7683721775855885
0.8203579335102156
0.8618303811103737
0.8748903007235045
0.8782616691312439
0.9108099633570478
0.7092964848074623
0.1147228885183155
0.1374044652635815
0.2438171689324236
0.2466051780944395
0.1999447694860783
0.1445292334250769
0.09582934476217975
0.04197450940054406
4.804334392875468
4.516519926607532
4.419286083229098
4.360084092244763
4.31027682385308
4.268465963594553
4.250623474333589
4.215257502598456
4.073596684839286
3.835806827717678
3.777261236283251
3.745667961008095
3.740718449223524
3.774307791651752
3.753549778383912
4.150666861951356
4.463528078652399
4.178873186744591
3.87039048940075
3.634237196406714
3.433967674055511
3.24927602620453
3.080717996835443
2.932264018324786
2.804862910031939
2.696762799479702
2.604976469047925
2.526253772826217
2.457542724892766
2.39614440676418
2.339705759845088
2.28613785822625
2.233508829726818
2.179932670766037
2.123458345623555
2.061958359628706
1.993022220613789
1.91387815042552
1.82139595805551
1.712264682290874
1.583496458734798
1.433463285878366
1.263422269006955
1.077800816957898
0.8774566562556489
0.6415641464237627
0.3319448263192588
0.04420759499473098
0.3606335041230916
0.7631050354865844
0.7434211147406051
0.7773588816766204
0.7705224565477115
0.733852950521068
0.6681584251953759
0.4162549162289847
0.2715998191510278
0.2415794321973532
0.2310352298840863
0.1968405915227207
0.1550117632020147
0.1105424097443365
0.06643989835653866
0.02052444217927555
4.495120874547199
4.401329814345889
4.349509445812998
4.302397214065342
4.261214414138806
4.220259299072813
4.179695624981288
4.117708605683565
4.00480967522632
3.886467853010505
3.837212652539808
3.806413154820795
3.794666996788269
3.819863766055955
3.750447136156807
4.068441436387439
4.751388756379834
4.789685138017524
4.524099661467371
4.186953247693926
3.864430878591532
3.575574598050234
3.323458510552014
3.108461975945529
2.928871902056844
2.780927337549831
2.659727175010516
2.560138171070328
2.47731710130304
2.406896230496429
2.344971581522639
2.287997179246539
2.23264265858097
2.175640386818603
2.11363097583986
2.043010859115072
1.959791968610688
1.859502143231698
1.737187511168096
1.587624495322187
1.405882612831135
1.188277931788184
0.9332998099458794
0.6415993274229402
0.3164594154261929
-0.02292085477922255
-0.2895395873913308
-0.2479823722351822
0.4481253346518743
0.7705111871309984
0.7000635143985889
0.724950021250694
0.7110624950722894
0.6757530203166129
0.6204443802412941
0.4934624544824499
0.3748670942697377
0.3109392465904658
0.2687393059109549
0.2241728509132362
0.1770972481378043
0.1281557411643918
0.07901957060357048
0.02879743026026952
4.419620131467895
4.379782896026066
4.347682960565074
4.303926385943617
4.259752299155037
4.212721379952542
4.163011497457896
4.101827368885073
4.018023549436877
3.933781424796128
3.883215638754776
3.850153323972866
3.832519657505638
3.851782763754245
3.76335481102471
4.06726320466044
4.879625582721135
5.13324466359442
4.990335249598897
4.652315171537754
4.263345710820048
3.893864692709597
3.568710131798956
3.292880314616155
3.064031120849346
2.877042315142842
2.725726845192487
2.603672473986008
2.504698155120288
2.423047610218671
2.353406267997883
2.290816022489658
2.230539237915788
2.167901616405139
2.098129840688248
2.016195662331996
1.916683377023997
1.79371221151147
1.640967189106894
1.451913734215575
1.22027927429465
0.9409173373593628
0.6115353109961708
0.2373095137642889
-0.1564325661555815
-0.498006080389309
-0.6407036407962142
-0.3795006940937695
0.4506657788628834
0.7600814182073486
0.669765780526534
0.688640782070709
0.6689243827656621
0.6319016794647501
0.5761048242872832
0.4852041901323872
0.3960584270194543
0.3317017121335067
0.279153063937717
0.2282099382360525
0.1777668652371928
0.1273069784705791
0.07720009935813466
0.02718181507859
4.416968303853752
4.377347578154097
4.344898419486949
4.300159774940793
4.254148474869136
4.204256141153122
4.150871493629889
4.091148582325934
4.022453209387228
3.956318700037577
3.909477234934144
3.877746082511478
3.858125267231235
3.873777536382229
3.779748921478914
4.096278564384373
4.936987717136117
5.273838649404312
5.221314553938264
4.933122687448427
4.545819752018648
4.147651260790045
3.782086243841982
3.464846837785458
3.198134068720794
2.9784234077404
2.799929090612375
2.656061587159072
2.540079783850733
2.445389900890905
2.365651665400945
2.294766887104227
2.22679853254092
2.155854183292919
2.075959095199909
1.980941282955397
1.864354451128525
1.71947349810077
1.539411017210869
1.317429032473027
1.047605338046798
0.7263113368306782
0.3557283587425878
-0.04821244034010976
-0.4412931992371001
-0.7335318460880882
-0.7853922281648552
-0.4394839079852683
0.4215744239707415
0.7451185393068256
0.6487505376502333
0.6640047072707945
0.642430180406711
0.6072482309465446
0.5558744053199237
0.4842194262367394
0.4104674117652067
0.3466754555018077
0.2893611813126755
0.2346970472278646
0.1816858927919289
0.1295445803607502
0.07829220008038031
0.02712948135183016
4.489568255276033
4.396422534947974
4.34359145622699
4.292844744817288
4.244357233464411
4.191322864685719
4.133691022292373
4.071463251411668
4.005772561849644
3.944265125406415
3.896908758409972
3.864662219086549
3.844878532470291
3.859653701847809
3.778813053650869
4.133107718916683
4.917569314342724
5.236573786648679
5.226323054178928
5.005529911356004
4.672041642401503
4.299645035085949
3.935828980018504
3.605708044819132
3.319275526488133
3.077872069789758
2.878374868113338
2.715490539823349
2.582929624247235
2.47400335973677
2.381918552422519
2.299900985391397
2.221217216918903
2.139141511956506
2.046905739603574
1.937667703607034
1.804535925068219
1.640697778925587
1.439720839039774
1.196158493034262
0.9067396659647305
0.5726958469777916
0.2040277243970916
-0.1738782748636305
-0.5127770820910733
-0.7373961814525246
-0.7474474404735845
-0.420595969540077
0.3840518858938572
0.7475190591713793
0.6645174442240174
0.6789630400723408
0.657348619125772
0.6219065761537542
0.5702109873303614
0.5034034654570124
0.4323282496675885
0.3650305151531477
0.302167722635709
0.2428311789059302
0.1863908420217568
0.1320016771281314
0.07983059321726338
0.02748807659279755
4.787858261306014
4.500635231276505
4.402087879098809
4.339671615946165
4.284146009912418
4.229797601116775
4.178051615864375
4.128593647364698
4.080991246879571
4.037979876550683
4.003625464904714
3.978227302427117
3.957920754231047
3.955989883988016
3.872731187948044
4.149536615263073
4.753726054085387
5.007236503871272
5.031446321168518
4.893426622463815
4.646208988946504
4.339380786836014
4.014664516630146
3.701430605482462
3.416686709018761
3.167898959146742
2.956240386463655
2.779103073358246
2.631728656145666
2.508185046441225
2.401930439132861
2.306127815085905
2.213810874520789
2.117969759852782
2.011611416129209
1.887845949742194
1.740053930059854
1.562203308422091
1.349417951997537
1.098964074033709
0.8119023945171124
0.4956442778993638
0.1672742081722522
-0.1435341624127765
-0.3944489074681402
-0.5349278187437103
-0.5105321555209179
-0.2517893282015063
0.3674354261446872
0.6508961950696025
0.5650813203280656
0.5623473286934098
0.5404264080661465
0.5127243045640679
0.4756097107586438
0.429705319638946
0.3798636787272017
0.3296867125158735
0.2794663331066856
0.2289755185883273
0.1782274298268958
0.1271530739012114
0.0779204695674537
0.02610380552330266
5.343567363903965
4.414902103020715
4.182436385798175
4.202405546818078
4.200744212585249
4.145734052524561
4.06175203703749
3.962142002044359
3.855054453690749
3.754305950914888
3.676738789698526
3.631143955357642
3.605475990577184
3.579042443427998
3.562721803741844
3.825665403904411
4.335033185401972
4.588857340571082
4.683136183510737
4.644022455955059
4.497856384018319
4.277617879571469
4.017144020219848
3.745243440224362
3.482637454806218
3.241789273606296
3.028393626530244
2.843288715714456
2.684111721568538
2.546508223791866
2.424942646749522
2.313218456153529
2.204809729985531
2.093087364215494
1.971511263012304
1.833856203779964
1.674543069389659
1.489159687747483
1.275275098440352
1.033659933757438
0.7699652406129794
0.4966733841036419
0.2346373511309733
0.01295236421177086
-0.1340930399815152
-0.1729355000697405
-0.07654259087667782
0.1823835190166772
0.7038220879182178
0.9725473033975848
0.9556236029517003
0.9285072184240557
0.9015200319498937
0.8525278327966479
0.7688283964284383
0.6596329838198051
0.5431769255269706
0.4348491606596879
0.341155812963834
0.2616871524566566
0.1926960482434124
0.13169586198632
0.08402817492311532
0.03239933556469848
4.232702844099812
3.935177682750198
3.814096074916007
3.848931584211757
3.865896763307492
3.792373838349556
3.631868335359622
3.407563859113455
3.151095559561901
2.904980358359261
2.713476638580064
2.604729195604151
2.580049326713646
2.632442220205468
2.797910581405728
3.151753520968017
3.66907015078573
4.038378807268671
4.241278718810312
4.307133312464264
4.263310745429719
4.136179450255966
3.952716526430021
3.738331186792515
3.514051546687669
3.294990926127356
3.090331400520413
2.904257941938817
2.737203938015467
2.587008611518321
2.449833325943046
2.320831529628259
2.194629247764247
2.065690517386105
1.92864412962858
1.778647749561786
1.611866425119692
1.426141350325319
1.221908212511217
1.003362823783694
0.7797229184295675
0.5661847982921996
0.383928319331334
0.25859467681791
0.2174786972901639
0.2873931620241449
0.4964333614120101
0.8751276665511436
1.4053925356386
1.76826309991662
1.938466132779508
1.992161508699281
1.964252812592129
1.845272348279625
1.634937665523265
1.361475475744293
1.070088135338438
0.8022014974516608
0.5807965790592013
0.4093102689868844
0.2796800112363912
0.182120855483086
0.1109615133659441
0.06457920379002691
3.487242865790836
3.469762387440969
3.454928210940159
3.462379881370837
3.441936981449871
3.340996186994555
3.145315840614047
2.873743683032484
2.565595299598364
2.271132415184356
2.039815134214745
1.907713477158946
1.893361150244653
2.007311005882954
2.2606623387385
2.639317277405214
3.08494781468286
3.482099581485965
3.764942119398188
3.925092280759676
3.976956754201774
3.940594727021826
3.83739186643347
3.688461815221888
3.51287069838885
3.326064337942469
3.139099655801303
2.958735877453577
2.788084229116397
2.627467312613624
2.475252544633871
2.328557653975018
2.18381966330751
2.037268048472811
1.88536335025066
1.725267989377536
1.555411296731851
1.37619086255761
1.190803394212749
1.006104386506153
0.8332606792564755
0.6878446237707723
0.589065927226522
0.5581995968245002
0.6168239243602659
0.785251890231633
1.078162937523232
1.487048703078188
1.944569670546699
2.332384233439823
2.590121750633657
2.701796034832183
2.676401395551778
2.522068483818501
2.255402069455547
1.911306280153533
1.537693744973186
1.180541247547283
0.8708897095889266
0.621068690696772
0.429566802424779
0.2892206928052353
0.1940441612221787
0.1432988698913637
3.008753744650098
3.049667716540129
3.0760750266273
3.066773718270952
3.007118438403649
2.876761374348877
2.667175209297512
2.393159271658975
2.089958080209736
1.80362171356516
1.580333456698051
1.457956564625634
1.461869421493772
1.60265693830973
1.869777885969758
2.22552570312337
2.618232292812027
2.998125373543933
3.31465314635685
3.540492306182557
3.671580731515069
3.716714541521549
3.690085121505461
3.607667026792398
3.485216085962476
3.336801635625038
3.173809067777206
3.004523676629475
2.834241972427197
2.665725334283802
2.499800501516018
2.33597402035322
2.173002260367648
2.00941393409764
1.844012400458723
1.676394553047455
1.507514128373103
1.340287281010169
1.18018289485542
1.035664990802978
0.9182911308611763
0.8422809850830203
0.8235021316665151
0.8779864088909285
1.01990750870629
1.257907091890231
1.587452565933002
1.980133718229824
2.383602846784571
2.746042301846816
3.013127341217022
3.144179439267386
3.125796659671312
2.965936383481188
2.687624583692266
2.326433952878802
1.925707204515846
1.527913995378199
1.166134805717679
0.8599152827492796
0.6165909228536148
0.4360065676072691
0.3155970843226106
0.2533051679948183
2.67797631668578
2.704070530880487
2.717797057733817
2.687752680345432
2.600448589131104
2.450798694193183
2.241077651953237
1.986335917753222
1.715374689697151
1.465690949206522
1.276168586822551
1.180374741778102
1.200650001757158
1.341984098795047
1.58776812436728
1.904356846844771
2.254668405343174
2.606915624548616
2.927829850605718
3.189745011034437
3.377851715139623
3.489596017439163
3.530440655875628
3.510079941790916
3.439952394479047
3.33160930542654
3.195592063503522
3.040735865142268
2.873883473598642
2.699944469734399
2.522192770671585
2.34269644253464
2.162804295311099
1.983648931335604
1.806650627625038
1.634015101082388
1.469209763567283
1.317378447279018
1.185619264836783
1.083019569240493
1.020340699441258
1.009288204427131
1.061351216868451
1.186124841583414
1.388755044462876
1.666044727061543
2.002075935771941
2.367537356638462
2.727086279636509
3.046521451740386
3.285754755043567
3.407777128176091
3.392693657733213
3.24252379439349
2.976930116942873
2.627018581673517
2.229665111730716
1.821924591290908
1.435871966896901
1.095197463911637
0.8144857756677273
0.6008392294121143
0.4564995525967308
0.3811090543518821
2.432282005551458
2.431596203903224
2.413308363146871
2.356158668508861
2.248625908183764
2.090450144651532
1.889787854814805
1.662619033779475
1.432581350967315
1.228639611037853
1.080743458739383
1.01455213062263
1.045864158845802
1.176016695026465
1.391257828612164
1.668120822667564
1.981020223325829
2.305868801108633
2.618636675695757
2.896177955168418
3.120538438109937
3.281716157112652
3.377252853321176
3.410228796322561
3.387185856215472
3.316487311850031
3.207093059895259
3.067668818540087
2.906006197104242
2.728745947190449
2.541371779876776
2.348415566864882
2.153805335316073
1.961291892416498
1.774898088138131
1.59933826027805
1.440351776869355
1.30488632476366
1.201062112753126
1.13785768724579
1.124484854311193
1.169445042145921
1.27924261062281
1.456669728089155
1.698637922021159
1.994074638526845
2.323448262294284
2.661540367261283
2.98181548283452
3.257252015144333
3.458903832325691
3.559702027371774
3.542372037841599
3.405097240790779
3.161101852143938
2.834378725500835
2.45483176210104
2.054100330963301
1.662082512071862
1.304219763299376
0.9998849321612828
0.7620695048811646
0.5981558146274266
0.5113822465116067
2.248496876059931
2.226132509762014
2.177676610339725
2.094291199930963
1.97095564794152
1.810365970931685
1.622523841021341
1.422980599393181
1.231362193251543
1.069622358485702
0.9593391257965623
0.9181372394188112
0.9560537546886729
1.073347214872705
1.261162964852618
1.504668025999639
1.786290016583584
2.087393025421253
2.388784009299125
2.671002115192015
2.916234005999279
3.110855979366861
3.246822385659993
3.321540664389072
3.336872583785757
3.297891974717393
3.211698439693903
3.086390321624187
2.930252872111177
2.751207922625569
2.556544437487137
2.352909320786783
2.146502763474612
1.94340090532181
1.74991879937182
1.572924049670293
1.420013779354174
1.299477143789841
1.219987096775768
1.19000044310972
1.216885570584853
1.305824306075661
1.45854395741288
1.671984376477698
1.937207234947277
2.239196656395698
2.558214628123946
2.872355718047791
3.159493610241514
3.397614710055096
3.565440714839939
3.644310150752434
3.62171964395447
3.494837504874138
3.27162721748976
2.969254313591317
2.611185272581884
2.224224706631122
1.835861345537887
1.471907074850069
1.154537817007332
0.9010015210236935
0.7231907880105516
0.6280462851452442
2.12199301126703
2.08570684857016
2.016278069491902
1.91342464569181
1.778757781325206
1.618000036350355
1.441663793491979
1.264062153077052
1.101674303526891
0.9713803159738755
0.8885047638931418
0.8647282990014151
0.9063842431310827
1.013823945623977
1.182020301124979
1.401762098735808
1.66068760588745
1.944075411854241
2.235602533316821
2.517999412086242
2.774200904218253
2.989160194215227
3.151601315560878
3.254987912941799
3.297553337689697
3.281643223378159
3.212706684362313
3.098206298677891
2.946634892913181
2.766760117620313
2.567157308690161
2.356033446931112
2.141294725284947
1.930772987952346
1.732504090201935
1.554943850706477
1.407014158463952
1.297893661242966
1.236504620524852
1.23069808365405
1.286197891549128
1.405425766455286
1.586398951530048
1.821977696645383
2.099810504971242
2.403242095925278
2.713037483232737
3.009197735740933
3.272142983143088
3.483450669557338
3.626775359543065
3.688887554292489
3.66106328072026
3.540764009987537
3.332847271030405
3.049596731406688
2.709593242620898
2.335899357381758
1.953951004689715
1.589357937971004
1.265796252754268
1.003258342861508
0.8169049495197297
0.7165376113012063
2.054540456270624
2.011259915099028
1.930996795788314
1.817707042382467
1.676898358361819
1.516361985663769
1.346856587763722
1.181741741305734
1.035605830226747
0.9225199886378586
0.8544060475229119
0.8398027717921489
0.8832578187209829
0.9853676147414654
1.143116639487155
1.350103165859155
1.596663513804458
1.870219261914303
2.15595198524452
2.437642210472574
2.698696589131909
2.923591807308854
3.099579254644064
3.218081453265716
3.275304399096588
3.271996232358361
3.212603493539817
3.104168247054885
2.95524988987262
2.775052754464469
2.572847645335275
2.357701335858198
2.138469470211155
1.923964027471704
1.723178479108149
1.545443933088017
1.400398825103792
1.29768231001311
1.246305623400516
1.253714553131788
1.324631313571042
1.459859345329166
1.655340872125588
1.901820487223057
2.18537757400558
2.488766152990223
2.793088559225304
3.079236476832413
3.328956440967356
3.525789854783057
3.65592880501304
3.708842980357157
3.677811721516572
3.560705965734615
3.360993577843912
3.088427524033356
2.758892871759715
2.393320949618092
2.015921598791831
1.652062760979412
1.326093408380964
1.059385949477798
0.8688375274724373
0.7659634309409563
)
;

boundaryField
{
    inletLower
    {
        type            zeroGradient;
    }
    inletUpper
    {
        type            zeroGradient;
    }
    outletLower
    {
        type            fixedValue;
        value           uniform 0;
    }
    outletUpper
    {
        type            fixedValue;
        value           uniform 0;
    }
    sideWalls
    {
        type            zeroGradient;
    }
    topBottomWalls
    {
        type            zeroGradient;
    }
    frontAndBack
    {
        type            symmetry;
    }
}


// ************************************************************************* //
