/*--------------------------------*- C++ -*----------------------------------*\
| =========                 |                                                 |
| \\      /  F ield         | OpenFOAM: The Open Source CFD Toolbox           |
|  \\    /   O peration     | Version:  2506                                  |
|   \\  /    A nd           | Website:  www.openfoam.com                      |
|    \\/     M anipulation  |                                                 |
\*---------------------------------------------------------------------------*/
FoamFile
{
    version     2.0;
    format      ascii;
    arch        "LSB;label=32;scalar=64";
    class       volScalarField;
    location    "5000";
    object      p;
}
// * * * * * * * * * * * * * * * * * * * * * * * * * * * * * * * * * * * * * //

dimensions      [0 2 -2 0 0 0 0];

internalField   nonuniform List<scalar> 
4096
(
2.508326271401621
2.547905163662666
2.618736895931206
2.710671846372645
2.808581805160711
2.894337314327808
2.949468517919985
2.957388262462936
2.905004513239453
2.784051991345027
2.592208863822445
2.333729202125808
2.019317686411071
1.665193787371016
1.291522085200729
0.9205137166612378
0.5745169313064149
0.2743548406038507
0.03810296042113807
-0.1195561055291543
-0.1874004008578827
-0.1574552586357496
-0.02506292979302003
0.210362199037582
0.544089636323053
0.9649499669537325
1.454823537907484
1.989033491960895
2.538005437421072
3.070350629641457
3.556623221506194
3.972432373634006
4.300127497330233
4.529169245461929
4.65552394306672
4.680378500030098
4.60868734287128
4.448193351336392
4.209164244838414
3.904489523473603
3.549603735518012
3.161942931268987
2.759925475127697
2.361593512629605
1.983121025283064
1.637455131375646
1.333374946628202
1.075170212281144
0.8629728076516974
0.6935982262691961
0.5616508543575377
0.460643120311467
0.3839473209092071
0.3254916174348064
0.2801887279087958
0.2441297972563982
0.2145895831953908
0.189887004623188
0.1691442645801351
0.1519978479350921
0.1383294407458458
0.128082358569453
0.1211909549828081
0.1175925520116438
2.517489589684266
2.561735916544321
2.63977300715119
2.739117177020631
2.842845187679842
2.93262641970387
2.990891520887083
3.002032829117429
2.953500980521064
2.837087673903318
2.65007474638849
2.39590659262268
2.084241985458203
1.730362537376267
1.35398446102496
0.977618155404514
0.6247113053706125
0.3178127947762065
0.07691814618372238
-0.08187407855286177
-0.1471897733804214
-0.1124971396853862
0.02430772045603424
0.2611938012274928
0.5916780801022997
1.004130712039355
1.481209255434984
1.999700434119656
2.531730297873771
3.047708453697876
3.520030031233915
3.925993274035139
4.248964459438884
4.47814422072912
4.607875488620571
4.636779373663543
4.567240531282371
4.405503440297688
4.161937327568787
3.850855186360758
3.489717703652598
3.097898954985061
2.695201191511154
2.300247657255666
1.928935397094741
1.593218626980429
1.300476271678712
1.053565567742134
0.8514672246925781
0.6902933473043326
0.5644009492155279
0.4674085309259063
0.3930010544612318
0.3354887156250584
0.2901376684811564
0.2533144698924115
0.2224877639823856
0.1961208535984701
0.1734785910779091
0.1543726562137752
0.1388866116651241
0.127146515891678
0.1192034904839805
0.1150391629974079
2.539688411920283
2.593009262963357
2.684411259982045
2.796145343902751
2.908629543878327
3.004163262439124
3.067046070424909
3.083236342429679
3.041157632698743
2.932952324344528
2.755394314155613
2.510434738376176
2.20558244973001
1.854057284712576
1.474430183794382
1.089538903935489
0.7247362886981287
0.4057153495186588
0.156108061535646
-0.005039798207463904
-0.06556464599230608
-0.02131695803884648
0.124779076280267
0.3651774440755443
0.6896324474234898
1.085386239838474
1.536258904528923
2.021689501510098
2.51772210660195
2.999383051256336
3.443281774402201
3.829837556752444
4.144057265941208
4.374391262520968
4.511646897489082
4.548998789803102
4.483733948444529
4.319566860615322
4.067533681397843
3.744906155229398
3.372991225992418
2.974710600942128
2.572298830810072
2.18523232000038
1.828616310799455
1.512328158880193
1.241049694013649
1.015039476184451
0.8313084034293182
0.6848543754435171
0.5697261629937312
0.4798235401284279
0.4094372487478614
0.3535766399500924
0.308141314796001
0.2699855691517102
0.2369120152936078
0.2076148773493479
0.1815731722396835
0.1588763521995243
0.1399701081467868
0.1253576252406725
0.1153656626076562
0.1101001100775539
2.58622255922712
2.653229114506422
2.761878537277951
2.886352292592383
3.006154466594682
3.106166438811975
3.172822980481122
3.193653967473673
3.158750566736915
3.061486255907022
2.898403840442858
2.669342722783419
2.378343597386066
2.035009442959975
1.655531661757995
1.262615579837368
0.8839705820968882
0.549577897818972
0.2881958993896651
0.1234027980890067
0.06945812525155394
0.1281952306168428
0.2894959545586915
0.5366247598345023
0.8526282572614191
1.222431299534235
1.630141210658706
2.058561360434781
2.491553751021932
2.9143411782295
3.311824542595895
3.668551690378037
3.970577233067541
4.204579164102339
4.354949982337128
4.405704844939413
4.34672882356125
4.17910003926609
3.915722542123845
3.578430715214923
3.193997767878081
2.79022899127704
2.392449931831556
2.020729731418312
1.688336897592404
1.401685519944018
1.161512192932269
0.9646551597843791
0.8058061582633124
0.6788597549022228
0.577771065615697
0.4970116125597037
0.4317671405018031
0.377998563041485
0.3324419537279161
0.292587604812816
0.2566596337633523
0.2236074644681027
0.1931024320263044
0.165497840498568
0.1416776027471286
0.1227382210616664
0.1095700743195144
0.1025922366394891
2.679225547199474
2.761716412394201
2.883238646265144
3.012518739255793
3.133769842734357
3.234396422140818
3.300928306231131
3.322595095827442
3.292905676368109
3.207959480459396
3.064532149703577
2.85985845911422
2.593261055222087
2.268945774339781
1.898888787860648
1.504462473701369
1.115623310119493
0.7673981756239249
0.4945720976068155
0.3259502933518471
0.2789467461567571
0.354703161134463
0.536085905509155
0.7939224262418878
1.1000377288142
1.434288536214394
1.776953193972633
2.11500561133778
2.446894760194783
2.77699876654821
3.10538497596913
3.421802889715932
3.709579646436862
3.951036452817997
4.119669970401818
4.186954507665938
4.13527909358263
3.964457225054263
3.690223755866031
3.339745494655812
2.946333919309232
2.543617794489286
2.160045232237795
1.815176664312345
1.518726493346318
1.272097367710455
1.071210710657964
0.9093461529456528
0.7792223655371492
0.6741541449986821
0.5884891552011473
0.5176298102247452
0.4578884363474104
0.4063199789789669
0.3605909735665803
0.3188961577718954
0.2799208377768037
0.2428538575776247
0.207460381565412
0.1741957236321131
0.1442677582298053
0.1194820347855098
0.1017317243371845
0.09224581287970396
2.861355316968006
2.944870062140423
3.054145585328729
3.171994720940414
3.288254318316679
3.383540913685779
3.44157699726316
3.456215501848983
3.427279986251537
3.354632782253972
3.235397015518804
3.064156028673052
2.835121833847269
2.545859620078619
2.202022611733661
1.821489466366771
1.435326194420797
1.083668669169745
0.8073502741384212
0.6389878228063133
0.5974015709453304
0.6849395325122882
0.8837620577854679
1.154801589962135
1.45306521226269
1.742032789201772
1.990168522405027
2.19444359092292
2.377476875183087
2.571525166587741
2.801275455680502
3.067467724147988
3.343037090072281
3.594962746339831
3.78023837238146
3.860004788793116
3.81503072964873
3.645546988114502
3.368405670365089
3.014855450482786
2.624953441564769
2.238348235131367
1.885509778221889
1.583281532898268
1.335686407498097
1.138027720919495
0.9815442319920605
0.8568733127282226
0.7558887254549836
0.6722709054804406
0.6013742986629956
0.5398402550522483
0.4852081196685939
0.4356225289416162
0.3896476277397348
0.3461638600931346
0.3043202877933777
0.2635348246147947
0.2235696758495329
0.1847306367407977
0.148181377364812
0.1161993487935052
0.09202277936895251
0.07878792868557789
3.214168791721055
3.225037948253671
3.264600501504206
3.358775206386861
3.467100922512192
3.545433859778563
3.580561851706063
3.577955734687251
3.544757067951723
3.483249070813172
3.390520354705306
3.259581686403674
3.0810731595445
2.846563807989651
2.554177959320003
2.215439432235317
1.859450637088284
1.52944855307441
1.270701832717768
1.115906400231843
1.078382158709557
1.158487881139197
1.351549196099275
1.629724927222904
1.9331562805587
2.160550117272766
2.272088381730291
2.294433199717771
2.281161382046327
2.291994306112987
2.38262196730271
2.583674765844246
2.860903351927697
3.118699711605582
3.299294189704765
3.373840000230674
3.334909440638821
3.180112766228278
2.92083892336117
2.588888154433452
2.229533533274612
1.886430936956262
1.58887678209818
1.34793406649579
1.160568944790764
1.016641519478001
0.9046075500888173
0.8145964010075943
0.7393427344016672
0.6739542848071228
0.6152871065532616
0.5613355580295243
0.5107785447512967
0.4626902154322938
0.4163771122059212
0.3712972847025166
0.3270223991775576
0.2832157013497418
0.2396359423839531
0.1962658327930086
0.1537420320643447
0.1141114519096188
0.0815077495115549
0.06215472443727071
3.873904126400582
3.592208956638929
3.497352562021911
3.575819462324055
3.664412698523014
3.701467146223197
3.697367154468794
3.670856057194336
3.63057876888705
3.577696548468308
3.509394770065581
3.419730309052379
3.299787925908801
3.139281083598082
2.931078727562515
2.678691688390887
2.403424615050583
2.143822297998322
1.942464566269287
1.826507441487549
1.795650279417678
1.836258858715895
1.964583719250526
2.220939038317216
2.557053698837591
2.676469062050189
2.599528906272224
2.402932451148558
2.163281481272512
1.956211653203388
1.860066170029837
1.95420400979987
2.26285492487645
2.500261891066881
2.619759382739788
2.65797375669434
2.627277903859897
2.511616169218019
2.30944945996589
2.047587343475101
1.7691770349947
1.513784209676696
1.30330950257933
1.141074609161553
1.019135975183742
0.9260561312312023
0.8516081517097013
0.7884078726608326
0.7317703577557707
0.6789609310153992
0.6284611244612208
0.5794416543482351
0.5314362459503499
0.4841582258433836
0.4374072873400109
0.3910303991934077
0.3449106733938677
0.2989517126330406
0.2530140773448112
0.2068355495420793
0.1602790781446315
0.1144941981051664
0.07336933223767567
0.0432810587439895
4.955601810137367
4.029160906987189
3.801263341788391
3.829447592788786
3.842983447056265
3.813914542221414
3.769311415211239
3.722257982224512
3.674561299710727
3.625258284027551
3.573140064198858
3.516468156507789
3.45253430129133
3.377944424202989
3.289950307122772
3.18855478185293
3.079707848329999
2.977528047513365
2.898971405435295
2.852735224920293
2.827275189612438
2.801735808324614
2.779601393941566
2.971908629235587
3.279965569540147
3.209962061117625
2.922433812028359
2.501771027680424
2.033179535667244
1.607002977204272
1.309125635570193
1.224297491268335
1.511015568169126
1.689246820824955
1.663819056884775
1.637683622565119
1.611595777589455
1.564023778131567
1.483621489861423
1.379238667807551
1.268246741456839
1.165420611877634
1.076876725794512
1.002496110329585
0.9392308204566203
0.8833184398527884
0.8316752465471279
0.7822782471283235
0.7339867890748776
0.6862172040565474
0.6386892932897588
0.5912755933581968
0.5439212647949548
0.4966030889489996
0.4493095392210113
0.4020340197345577
0.3547792154411801
0.3075635280472187
0.2603824347521672
0.2130329371343149
0.1649988798422249
0.1164936736752157
0.07281808573329972
0.02767245833005399
4.40048603870549
4.110892011375623
4.011838612873258
3.948673889418794
3.892256422560922
3.83675309072658
3.783426704041688
3.732025048634188
3.68183883902991
3.632353984812897
3.583336790628809
3.534713452357419
3.486503042424425
3.438745156716243
3.391574746576828
3.344877601101523
3.298905637750496
3.256885275495162
3.223136953272543
3.197983087259236
3.177981329904363
3.174467252262474
3.104327764830629
3.342119488630557
3.740005036531758
3.6247177367949
3.190806092951195
2.573749105867774
1.897526854507485
1.286267155004936
0.8606455428154175
0.7495762471309414
1.137542503176479
1.367259386164101
1.296902446909388
1.29190602586287
1.270267812755939
1.243061823017517
1.207220184446574
1.163247333277432
1.115677566034214
1.068158930751404
1.020790494212259
0.9733749079896021
0.9259446080452827
0.878489423400145
0.8310246088140051
0.7835522681548852
0.7360811300772658
0.6886150533837259
0.6411532229168311
0.5936925413372183
0.5462297245517133
0.4987625480059322
0.4512900995947078
0.4038125717019
0.3563313865296675
0.3088493723115338
0.2613682922696702
0.2138634448362616
0.1662794257951732
0.1184553000335982
0.07164158563130014
0.0240886014444802
4.103241014180689
4.009992710494706
3.958697865368351
3.910793883474782
3.867069868181037
3.821373087202476
3.774109215061944
3.725922191067029
3.677108219378277
3.627610520884342
3.577186629022798
3.525431178899731
3.471808620552654
3.415619084902299
3.356351471421079
3.293294313201497
3.227130323236119
3.165299805240028
3.117681961495052
3.085082943076987
3.065348386211181
3.077368198443118
3.009797362938226
3.338814777517523
3.924385756051441
3.86038973550743
3.353760934605303
2.5965325233117
1.767527116654258
1.037194619953591
0.5720073861412552
0.544015368726477
1.136266986709811
1.460684539813376
1.392211024035907
1.402615922405351
1.381209378132445
1.346518732444668
1.296748266843107
1.232838871544499
1.164924502939505
1.101162226056639
1.041830311636224
0.9860486627577004
0.9331188936226665
0.8822095507562182
0.8326647356965876
0.7839808334862197
0.7358193713195875
0.6879677912539151
0.6402988938009626
0.5927390420433982
0.5452460525009599
0.4977955037439632
0.4503727215272441
0.4029684011850324
0.3555763822379304
0.308191429829118
0.2608062664457292
0.2134021100103
0.1659863892135056
0.1185414699185545
0.07162806494370846
0.0245662205870481
4.028603983368169
3.988804890556012
3.956909417370804
3.91331340474451
3.869311621629451
3.822908853295316
3.775285935034129
3.72699579193152
3.67832150158352
3.629312526038513
3.579906879965001
3.529938754144717
3.479155237571009
3.426913101390469
3.372366548237045
3.312157507464216
3.243301108294004
3.177102631538417
3.130169431617685
3.098165398595862
3.078743475359505
3.091674898815941
3.011103385665901
3.304307385620597
3.954115343054195
3.915568495338345
3.371850659523667
2.547650308294607
1.65792388206651
0.8949025970595031
0.4452697431015868
0.4900782144469526
1.167854101276534
1.459388944080361
1.377105809241109
1.388325125133658
1.366937568749661
1.332424852137032
1.283038596540205
1.214574888042562
1.143859385955985
1.083580173399144
1.029621084769496
0.9783063276975809
0.9285794887718068
0.8797230402669682
0.8314197763276567
0.7834471769066526
0.7356756603496554
0.6880282257051152
0.6404597212415379
0.592943732535185
0.5454640902298812
0.4980103354587934
0.4505752572240175
0.403153578651294
0.3557413148991089
0.30833486516619
0.2609306168505062
0.2135191612578829
0.1661129946245894
0.1186925177436619
0.07153341771542678
0.02442367705900642
4.02871397071775
3.98892391698555
3.956975092859502
3.913395697621822
3.869440634679708
3.823119038148736
3.775621798755407
3.727527064598582
3.679161694064472
3.630645399141607
3.582023170842193
3.533293398726278
3.484509867279732
3.435201744113056
3.384360954818657
3.322765977638069
3.238950654047019
3.154779538823654
3.104145466277672
3.070716034192115
3.053132331738984
3.069389296914318
2.994354958991893
3.275336447536706
3.902375343257706
3.803687842535629
3.218808684142794
2.413026208962343
1.58752268815187
0.8890667450569294
0.4716555285881888
0.5216011890609278
1.198521309872775
1.475921953837035
1.397986675575542
1.411939937721367
1.391932364994481
1.355466284884191
1.302085175630244
1.215472873888335
1.129498148739742
1.069042073972728
1.019839110748531
0.9721324538200243
0.9247798824387727
0.8773611830966553
0.8299487846706441
0.7825186549545962
0.7350739924399962
0.6876215626960818
0.6401704022589964
0.5927265686265099
0.5452926177853061
0.4978687742218517
0.4504539923908479
0.4030466747939181
0.35564518295407
0.308247595052006
0.2608517512026864
0.2134496450842575
0.1660556454038926
0.118649820201439
0.07151297211912987
0.02440462310930885
4.103772035068281
4.010491343744319
3.958891169618153
3.910868497121033
3.867081906582423
3.821372418424162
3.774164560134456
3.726183400343714
3.677894896090446
3.629538537634811
3.581364808379836
3.533788285198171
3.487726253747269
3.44367029622948
3.401407469960918
3.338785481493353
3.225964954170075
3.107868967407933
3.058545636232016
3.027200668252131
3.015137447923642
3.036622611881675
2.980171505331516
3.270718301822534
3.771059300051623
3.496688320611012
2.878105909679276
2.201340967811102
1.580746639712368
1.055084608639896
0.684992415810957
0.643915627909488
1.217283535736745
1.490132646575355
1.42866914891488
1.44657130351125
1.431322199261119
1.395965638733939
1.343260607150824
1.222255047656861
1.106369071405633
1.047147602868264
1.008547568271198
0.9673846708638699
0.9234893314321797
0.8776338964242214
0.8308726781849526
0.7836394113559334
0.736166541980172
0.6885893074878559
0.6409886432750214
0.5934064184852155
0.5458595215786533
0.4983511062216927
0.4508777371127348
0.403433424013785
0.3560118092169216
0.3086062006183763
0.2612077392067546
0.213796100866578
0.1663775293411518
0.1189249243819957
0.0720025333135413
0.02474391546264198
4.399376585058487
4.110890158537059
4.011849059611276
3.949158333874083
3.893397854113435
3.838792662539285
3.786695014433302
3.736969635669588
3.68904697624081
3.642568143692409
3.597432143831623
3.553685112887152
3.512395179968766
3.477900417879941
3.464826445844417
3.43262447029864
3.293217625082486
3.057224339004048
2.999099356406283
2.966876954325482
2.961062178709041
2.989706859439245
2.979561365667794
3.332622658847946
3.470695820896154
2.940806579252866
2.397348252582128
1.975724697926324
1.654841126212869
1.396092118082004
1.145822743488525
0.9343575724059444
1.182190138509579
1.491586211483325
1.472001170660266
1.496010964878246
1.486803189278308
1.450121812224391
1.390539631078479
1.155965961200626
1.012987843022173
0.9873604333491003
0.9783902461951823
0.9457765076434088
0.9055677454476145
0.8628772010436965
0.8190305763276026
0.7742663646494305
0.7287923270896203
0.6827983834490849
0.6364260871726266
0.5897719716108835
0.5429040602673927
0.4958732744081798
0.448719286881366
0.4014737398876261
0.3541629544589467
0.306810313776583
0.2594357055029647
0.212032463646608
0.1645688267597419
0.1169111245663132
0.07037157944945562
0.02303474619443407
4.961292620713042
4.031372110857086
3.801104276661824
3.828348780914117
3.841215350108905
3.811171641097161
3.765174601558248
3.716419379234926
3.667053381563128
3.616751464549737
3.565140277985242
3.512506329097845
3.467489599011499
3.466575764635792
3.560476512245295
3.573985446669623
3.007893416620021
2.822201277504985
2.858949269794214
2.864867622433191
2.876942249251773
2.910390424766324
2.963569009267544
3.303867471905979
2.773198947349274
2.226803163143131
1.995856696237485
1.874932918693906
1.805212049368794
1.802442589414443
1.802703841447808
1.568488316003021
1.199844547871892
1.497371146662311
1.539940159247521
1.571912542581011
1.581836733751098
1.582219188211101
1.618438969745383
1.415428821372264
0.8336748814331217
0.8683164276178174
0.9802777450452046
0.9869295284738016
0.9447239005037162
0.8939080655941702
0.8436579422630128
0.7938820537884986
0.7442118337538487
0.6947722689701935
0.645709501791456
0.5970474633639153
0.5487371187570104
0.5007099381136169
0.4529001787742135
0.4052520515904591
0.3577271733969092
0.3103105772667535
0.2629711891892382
0.2154881161049535
0.1673438659617445
0.1187601810376539
0.07503641573352465
0.02918596355603203
3.896209277896233
3.605655651301886
3.502916867894899
3.574576371988873
3.655507680696934
3.682382922654418
3.664560633985044
3.620367740521712
3.558946470042422
3.483681022680576
3.397407302286442
3.306940544960548
3.227053380992811
3.16561832770227
3.045803069923272
2.64624544594647
2.265950836014297
2.659689101267992
2.70905490388872
2.748711087313643
2.76120260836324
2.762822216019815
2.803584491905829
2.586823313989071
1.967553541641075
1.964475799402353
2.049490738505518
2.055262446922515
2.042337353952669
2.080516355400452
2.214014449680816
2.267597979591827
1.778994442041964
1.635751282092578
1.669166737118192
1.677402313275151
1.691855792035608
1.72635399474627
1.782809586758067
2.114341554976105
1.653145915683369
1.283340385374175
1.207952711180327
1.180538548564012
1.124255110506754
1.049825137846221
0.9723525640096243
0.897545691582298
0.8267483343659578
0.7601761782135366
0.6976766037360863
0.6388542341519904
0.5831767465231259
0.5300768266356592
0.4790152283614383
0.4295115820745085
0.3811576720479818
0.3336065811528692
0.2865080219003627
0.2394267709494092
0.1920802102630403
0.1454512665220027
0.103158370245099
0.07143522500800178
3.256434802256954
3.259039257771297
3.28651455641283
3.365959243839745
3.455745116690412
3.509725660453343
3.512819402062007
3.469328660731685
3.386698081797144
3.270378712801993
3.125396908053272
2.957896889314005
2.769641793316675
2.541569201857997
2.2392182872348
1.959050155754687
2.266732349271611
2.655903596278796
2.636589343292541
2.669004514334077
2.662259611327381
2.625843898741581
2.565858667287612
2.322656929377256
2.183898754593414
2.164425325335465
2.165639786353557
2.149435847070706
2.131525765293861
2.11989294869037
2.127132177771402
2.114235138118991
2.01787281337789
1.831136767548762
1.789669465102284
1.769102964853333
1.770264355281262
1.800386144950491
1.799799013167636
2.110416648108833
2.255807789368554
1.967113167824366
1.717945747721737
1.555709263122082
1.425904776157409
1.301784065155845
1.181408437831492
1.068394647318729
0.9649613700996922
0.8716086656369254
0.7878817354114264
0.7128466067060545
0.6453364727812687
0.5841054255498964
0.5279320978840307
0.4756851058911379
0.426357965636159
0.3790805554647211
0.3331375558323207
0.2881006051687428
0.2442531694589751
0.2033520285879433
0.1694009525377452
0.148937782579757
2.935049963438369
3.00944782365323
3.101989700399097
3.195864564005685
3.280135935771511
3.333694303218118
3.33829806915639
3.286392984229935
3.177882277668846
3.015329967145964
2.802016572291722
2.541503640776305
2.23870050223395
1.913685481361998
1.652798808309726
1.686800367925783
2.354005722055591
2.664382901163308
2.596745871457189
2.620265322582422
2.606311452749028
2.570627240372725
2.515980111566431
2.387971540472587
2.264573064010098
2.197880676757284
2.160052669333412
2.128285219073659
2.103451740416702
2.084942399215565
2.071027467154289
2.038009107359545
1.960523011087678
1.874939470428062
1.844264186105741
1.826672684973728
1.823390834080131
1.846057081439124
1.803524861302614
2.026564579848385
2.48334085343022
2.469802507904344
2.256553692648833
2.01903581971617
1.80569590550924
1.614820266397628
1.440720745391578
1.282335928822654
1.140368516236863
1.015047270879622
0.9056822149922883
0.8108911007853694
0.7288891189364531
0.6577115847562217
0.5953756964587918
0.5399982033290767
0.4898836202743432
0.4436078554200106
0.4001461677821733
0.3591083201529795
0.3210875808712613
0.2879736303279425
0.2628821442312986
0.249092490804798
2.799822177771293
2.870160068391977
2.968236936006152
3.062390652298941
3.136154099376558
3.175826811335592
3.166701616820191
3.097193223296042
2.961068637764565
2.756471550353483
2.48509966436671
2.155215248949386
1.793513588826302
1.470668211733811
1.329707697574497
1.571228153512565
2.360186451647952
2.655828933716407
2.569751505210029
2.587394953319336
2.567859585896576
2.530758435023433
2.475039002639819
2.382629712136187
2.286535286443834
2.216173828519279
2.170029890942525
2.132318384676655
2.102710178855078
2.077932178068199
2.055261666193203
2.023809319113466
1.972723478120534
1.918886119725946
1.890300013666333
1.87327304763938
1.866530194987971
1.884862864696215
1.826546305654384
2.034517504329024
2.593653901299452
2.768080740854908
2.672309014080304
2.449714377000462
2.19521161640776
1.948796549487627
1.721976562728581
1.517398869855419
1.335854846736157
1.177368864725956
1.041093566414795
0.9253604934704753
0.8279073242663854
0.7461372015740866
0.6773476511187277
0.6189212081291185
0.5684905589259793
0.5241019347810119
0.4844011717317186
0.4488361312351382
0.4177936013590132
0.3925040000068943
0.3745434777709932
0.3649977922330795
2.772358121726014
2.822381838200362
2.898367703399016
2.974095294569472
3.028866790719397
3.04758325419531
3.017003116355556
2.925505975771676
2.764954813663739
2.532303363477313
2.231937553425585
1.882051368824255
1.527739928901515
1.257320052176933
1.205958907409193
1.526396449343697
2.336891758241328
2.643407055024121
2.552621314182824
2.567138148279402
2.546451352511434
2.5119237337175
2.460822820159511
2.386594792630818
2.2971996266322
2.215816186906975
2.165005443763345
2.123481210999262
2.092018862467261
2.065543535693124
2.041077037298682
2.013112519733935
1.97748755423935
1.941997285002509
1.919532657849151
1.906035253243615
1.899179551737415
1.91630174013496
1.852096347095029
2.070560608031299
2.666227623004956
2.934069384629887
2.941021394784769
2.777366323668038
2.530252329078063
2.259173481791529
1.995313457664792
1.752302822143003
1.535454165092752
1.346397942651463
1.184823400003638
1.04913607382384
0.9368500461176195
0.8449283450120575
0.7700931119088756
0.7091011125550364
0.6589879216828483
0.6172866892887453
0.5822131877049076
0.5527749418754022
0.5287271185181192
0.5103106357180429
0.4978268344511433
0.4913179861892038
2.813254637073189
2.843287433141931
2.890389226214674
2.937112218107359
2.964921609420808
2.958076330804446
2.903758563075617
2.791778830633546
2.615791062600627
2.37587122452662
2.082450396844869
1.762020800115669
1.463521028132531
1.261563242752685
1.253731366931037
1.557308901873623
2.307855604862116
2.645732401079081
2.567242363251217
2.58017378056212
2.55872321848105
2.52312939607568
2.47134570547931
2.400887749690055
2.298142913636258
2.193285629270649
2.145540250191877
2.105200877679563
2.076377181073427
2.052256716629587
2.030206118043413
2.007182946482236
1.981623985331936
1.957262810256339
1.940182216826543
1.929993987834663
1.924017027208728
1.940782531717913
1.875195933551569
2.095782330284156
2.699045116055828
3.011310399688936
3.087187820122406
2.986692115670159
2.775200209551502
2.510309872183738
2.232727706912875
1.966527277582741
1.724082782687221
1.510834357658824
1.328292194800288
1.175631873140552
1.050565612534197
0.9499133797979671
0.8700483695552803
0.8072711263491494
0.7581242191147772
0.7196416677465292
0.6895109683516459
0.6661124163867752
0.6484107256219647
0.6357300913832173
0.6275339814985615
0.6233644505648002
2.903626372828105
2.916989227434467
2.936839953297123
2.952329797863525
2.949742978389383
2.915680185227651
2.839125792599441
2.712599159744531
2.533706467930783
2.307737047489168
2.050930278646307
1.793077303862163
1.577166309427488
1.454591925035905
1.480354137538417
1.722651880492348
2.301160848724806
2.566565936073783
2.489354110962982
2.491939069677807
2.478873699082076
2.464425205033497
2.453302696753151
2.439777137608317
2.339800881035356
2.160331746764054
2.117716895743192
2.079942637247265
2.056164480081769
2.036835529084637
2.01928696022613
2.001636563987239
1.983351165425431
1.96645229689558
1.953964892319371
1.946760711804471
1.942081629743085
1.958439237559267
1.894778960256446
2.105458320942473
2.690559012236065
3.020272364148104
3.138606570174349
3.090091814465384
2.922677082316758
2.683950215661259
2.414301662765645
2.142977626030137
1.888360647222544
1.660483676636676
1.463727952121254
1.298847836174644
1.164309902803439
1.057185326536055
0.9737923509336605
0.9101909246396805
0.862566280120844
0.8275040864805047
0.8021457237111728
0.7842169085455531
0.7719504449614923
0.7639664390524967
0.7591958106406513
0.7568889768206645
3.034858584438189
3.034736730561344
3.03131084273246
3.018140085501163
2.986446837772421
2.927041656164933
2.832558483262818
2.699447319703885
2.529893812148976
2.333848811768728
2.130626708549037
1.948800088844822
1.823162463757977
1.788877086262767
1.875692924083102
2.113652556513964
2.598406389446871
2.847901137608007
2.830447310280902
2.802610365116429
2.771022720154252
2.719160280118687
2.664284130186193
2.578818190474839
2.179670750888833
1.995319890553239
2.037556283992767
2.032706203611539
2.026228794243498
2.017439099909171
2.007037838664704
1.99537020257866
1.983027581186869
1.971584944407593
1.962851084976162
1.958110345261701
1.954728288700333
1.970288518000586
1.911025307525277
2.104027710670719
2.649159800174655
2.976283270861793
3.117818588569472
3.107672915689641
2.981955109361671
2.778090297569089
2.531338348267523
2.270972088713504
2.0183322594271
1.787052443641918
1.584507959047952
1.41351702552064
1.27380168680476
1.163105730910029
1.078027339389612
1.014641208304656
0.9689561430774951
0.9372281098155408
0.9161397990464072
0.9028667998654916
0.8950704129486479
0.8908709271807533
0.8888422023930306
0.8880276817788886
3.203549970292121
3.192579008660928
3.170077374558259
3.132779317954276
3.076262673371519
2.996080302527054
2.889495758653117
2.757394638095066
2.60599775602712
2.44805414995468
2.303018293333114
2.195699457965024
2.153595794788614
2.204745352613807
2.379061100107286
2.708643102147976
3.178137575914812
3.484239234542943
3.60054643842086
3.592409463753752
3.477538543919761
3.213486484357157
2.728406346655187
1.991749286520779
1.64321614020908
1.927664731259208
1.968107025429068
1.99137697348259
1.999450500081994
1.99988123154783
1.995816689980891
1.989256857291575
1.981486397160161
1.974017985447167
1.968187698070416
1.965340801617789
1.963076900892759
1.977442100109619
1.92417229442989
2.095434432056241
2.585746694373971
2.894407611490134
3.043991679270181
3.059718176539556
2.969096103883882
2.801275751544897
2.585278339764336
2.347388260612278
2.108912161908162
1.885171031579446
1.685733527785626
1.51538940907468
1.375347505806739
1.264351717868629
1.179601325018818
1.117463284111753
1.073996888016516
1.045315869882823
1.027815145369735
1.018296152035471
1.014030929069336
1.012800770270176
1.012926950220775
1.013289902213933
3.408760081466348
3.389109128608346
3.351360605405312
3.29483517358315
3.218871776461202
3.123493357412682
3.010514353897576
2.88484233074312
2.755545838114729
2.636264404185732
2.544687364784048
2.501181971856126
2.52713197267236
2.643277931333071
2.86511402657218
3.18540854075846
3.539184442351476
3.809509244531886
3.930735944811063
3.872253183106386
3.614982437800745
3.128663109285906
2.423062975006952
1.716985460130118
1.683216088869944
1.93206164056074
1.945746070724846
1.972887619985103
1.983858170907391
1.988006471198356
1.98749109328003
1.984285406070461
1.979582378296147
1.974787074528933
1.971024322933116
1.969497802272172
1.968089676861214
1.980943864339525
1.934493974381945
2.08232067849801
2.509716828468436
2.788479189201682
2.934084976338388
2.964902821007197
2.901763300102695
2.767243733164186
2.58453111420595
2.37575913346397
2.160218112015696
1.953051349202973
1.764778588625033
1.601577834011837
1.46602834156558
1.358011493462333
1.275568696442547
1.215621597021944
1.174529162535599
1.14849174457631
1.133828802638805
1.127163739286494
1.125548087377341
1.12654813262537
1.128304186168104
1.129563981677443
3.650154913395032
3.623609358410808
3.573884513601234
3.50256156877477
3.412199863918773
3.306620742986063
3.191402591272929
3.074444784142039
2.966314593261538
2.880095538334872
2.830625479504333
2.833194602066209
2.901584728853098
3.044317608399465
3.256846610338959
3.510538142204985
3.751498408663932
3.922611762225684
3.959937088933362
3.808132716406967
3.43923477115063
2.871363080306342
2.218984352651592
1.750785991242134
1.82080925093796
1.953249288634491
1.947672068536987
1.967570448100363
1.976294610397716
1.980976672042071
1.982003056748485
1.980700177974387
1.977753783833117
1.97451061516779
1.972079113202252
1.971357393007328
1.970536506816918
1.981677537017661
1.942301547861284
2.066556241022493
2.428180602706914
2.669944395868705
2.802717107582356
2.839877674289172
2.797046243420976
2.691491105202254
2.541303503876645
2.364307950924703
2.17680553303117
1.99244391292943
1.821515046486298
1.670800066414834
1.543876664395571
1.441699976268354
1.363271725217481
1.306271353426061
1.267587387512285
1.243734278824204
1.231166396126508
1.226511101843139
1.226742107837127
1.229307854210451
1.232222984994282
1.234127661075901
3.926486452863237
3.894478210641715
3.835400160140711
3.752811267472639
3.651937138308475
3.539549939463021
3.423900896294286
3.314637988607496
3.222574918745603
3.1591655749422
3.13556753207174
3.161118480789531
3.240801030665853
3.371198288217033
3.535742341678539
3.703308276663756
3.834475200649209
3.888130342073358
3.816202128715066
3.577818716953126
3.166674328547624
2.639693791393368
2.133334849256479
1.835389620185668
1.894619815809856
1.961975257538264
1.953323599596426
1.966734521145182
1.973113744560216
1.977342963718166
1.978898791814098
1.978554899094951
1.976230312113792
1.973510925592219
1.97181330947425
1.971472749431366
1.971014636795252
1.980359708149229
1.947925477298287
2.04948237677988
2.346161342086063
2.547620597152683
2.661960244268785
2.699088292306893
2.670604962768977
2.58943488818525
2.46927538138767
2.323892515174454
2.166302573843881
2.007954117176889
1.858082412259763
1.723370300637779
1.60794467426668
1.513639898675778
1.440415185132342
1.386820900238927
1.350443266729272
1.328293380362799
1.317132264181533
1.313736539096131
1.315112550848863
1.318665543297228
1.322328842531901
1.324657552559711
4.234224507002673
4.197862161804181
4.131407218181383
4.040065799908255
3.931124681080856
3.81340160140833
3.696687673329377
3.591184095431209
3.506891502117404
3.452853939644692
3.436093474180591
3.460015722836606
3.522171586996053
3.611852142519182
3.709084111871622
3.786781715297386
3.81492068473053
3.762641662281577
3.600785650530582
3.313552724971344
2.91785915061691
2.478036139547321
2.098393737193357
1.887306935792164
1.920628474863865
1.965138291436921
1.958100769970033
1.967252235374632
1.972052581915289
1.975728520408069
1.977512291986816
1.977768643190822
1.975038902990357
1.971810082901917
1.970466553231724
1.970212345557505
1.969977362067543
1.97756212770006
1.951693965275686
2.032021167528567
2.267045879810355
2.428086055131596
2.521537393051819
2.554815846387525
2.53636392799357
2.475499071869971
2.382122196964671
2.266327616891299
2.137937463908091
2.005992145815782
1.878265909862685
1.760896942362642
1.658197456963016
1.572657140093696
1.505106269186779
1.454982607573024
1.42064796437347
1.399714485473173
1.389356149742929
1.386592030378816
1.388534252494064
1.392597226359379
1.396667452878443
1.39923547421659
4.566322310969731
4.526490478272557
4.454155509671416
4.355758100563301
4.239973727351856
4.116746890877883
3.996345069909839
3.888500794011811
3.801635450056676
3.742061869884969
3.713004459374715
3.713350752482933
3.736353951665665
3.768979157230355
3.792743353572275
3.786076501313013
3.727021384101609
3.595988125946057
3.380867845237626
3.084851326466131
2.7343246968255
2.379944220549344
2.085968779436663
1.915578987883256
1.928276397683528
1.968245774136913
1.964282198385587
1.971007104634082
1.974737887125044
1.977575411928066
1.979006882624632
1.979327042465808
1.974348806936495
1.968981202148582
1.967969874144623
1.96772465207163
1.967729139652324
1.973731717428552
1.953912303985396
2.014834704608041
2.193207811400545
2.316391248282545
2.389357488680761
2.417460630438127
2.406494419828241
2.362683448845782
2.292619041854429
2.203152721710635
2.101228557289502
1.993630437484895
1.886653353443486
1.785751136655675
1.695233488345232
1.618072362123679
1.555845107291383
1.508808867816209
1.476079410280118
1.455879391946061
1.445822018158426
1.443201452329315
1.445268320638724
1.449475813502975
1.453688447458248
1.456350874550388
4.911159873453908
4.868746980815793
4.79195804080998
4.687931001468194
4.565944825441509
4.436114375405134
4.308210047764268
4.190726302961459
4.090180569414642
4.010499796452618
3.952348823717829
3.91242402377759
3.883013193275892
3.852285768400479
3.805559406474701
3.727294954610886
3.603515782419024
3.424990212003239
3.191316258526976
2.914269485956613
2.618115747263107
2.335417987923378
2.100915513841944
1.951427132992828
1.937027984761959
1.958961360977404
1.956112136174846
1.961032417009561
1.965304742740696
1.970131405935375
1.97603556625479
1.982920512122451
1.976172155218032
1.964835778246602
1.964543657256322
1.964325726762146
1.964640664048419
1.969325601905682
1.954899132526809
1.998533613565384
2.126718739554377
2.216856775688329
2.272175222692915
2.29596741547617
2.291559602379706
2.262373840843129
2.212076602975331
2.144738788113832
2.064910740895583
1.977543994995325
1.88774831504653
1.80043056383412
1.719898199771281
1.649514838229635
1.591473116803543
1.546714966226464
1.514995502124167
1.495062891242064
1.484915154643457
1.48209407224451
1.483982499111853
1.488080785547123
1.492247678388863
1.494899220137978
5.251731637957322
5.2080245568263
5.128828861024439
5.021214055546756
4.894046915322267
4.756530497751381
4.617042250145158
4.482407147990553
4.357501333509017
4.24495141978222
4.144771828139682
4.054008025074473
3.966658207607773
3.87416014781612
3.766537129151624
3.634116412726578
3.469752049665562
3.271384421487787
3.044121832475999
2.800492184585861
2.558135875891102
2.336041261216013
2.152308694472572
2.027262890304173
1.998897874333017
2.000936617648443
1.997183007240726
1.998368100420211
2.000024166761779
1.999013044390713
1.999626672360285
2.001443575880229
1.969667400114611
1.951712285909347
1.957635294326501
1.959372707984359
1.960719526887546
1.964660904252468
1.954891666142328
1.983813944536738
2.069930614125748
2.133721321579534
2.176178355309087
2.198259296620387
2.20070871241609
2.184238824222912
2.149924800198774
2.099599176419688
2.036074662157523
1.963116802219504
1.885176147722812
1.806951731231077
1.732888969231248
1.666716869914485
1.611106734557424
1.567497221265497
1.536091092970862
1.515997744395979
1.505478097199077
1.502244544837603
1.503774583825747
1.507607718586967
1.511607012327238
1.514176660971465
5.565170090995682
5.522424456615048
5.444458342468034
5.337075875178471
5.207267370382394
5.061974759307267
4.907366489851124
4.748631894373979
4.589987402578976
4.434548807421844
4.283948338204599
4.137860862791882
3.993760670032674
3.847193416692246
3.692686373708947
3.525246195700748
3.342201693149963
3.144840922940092
2.939028988387073
2.734257534379655
2.541543625095661
2.371808861334952
2.236502500976441
2.14934180213754
2.118787456944949
2.107440440738042
2.102103111644451
2.097925748300172
2.088699953338741
2.065492228602535
2.020270527484892
1.951366220217364
1.918644178579628
1.944025114671882
1.950391871595639
1.954418194122519
1.956890413211252
1.960444244182689
1.954281321301492
1.971632030427451
2.025664693505014
2.071464624495289
2.107399151484071
2.131573913024227
2.141795569431666
2.136074966946855
2.11330685003364
2.07379915875693
2.019479245385019
1.953751472133719
1.881075719411746
1.80638224873723
1.734449425695963
1.669356752734489
1.614093204407788
1.570358730457353
1.538555853742462
1.517937767654288
1.506863583283517
1.503109490774167
1.504192345651461
1.507674462724979
1.511431002733253
1.513871738089417
5.822758693336729
5.784904262122016
5.714546501030819
5.614272147983379
5.486959763615242
5.335523453408512
5.163277606483774
4.974496801516068
4.774583096490698
4.56955482752476
4.36500532000694
4.164962012084883
3.971127634131537
3.782849243396086
3.597911091272867
3.413951495743246
3.230022010068923
3.047643958462178
2.870855174480516
2.705263436796702
2.556785803232116
2.430955702596404
2.332685310603832
2.26435095487885
2.220646854161038
2.189265558689824
2.162982953810633
2.136951529247778
2.107208165921356
2.067173914883921
2.010610250318136
1.947673086407107
1.926603447722999
1.942943366369779
1.947608246209114
1.951700364183627
1.954291320214275
1.957447503788559
1.953452958426856
1.962979611824721
1.996966866779891
2.034912081326917
2.071967581265988
2.102601778480892
2.121272111944117
2.123466280481682
2.106589337588193
2.070411461959286
2.01702662199941
1.950412584808433
1.875740420285275
1.798592003935866
1.724227068769367
1.657005040446678
1.600019158944513
1.554952615093899
1.522129106852724
1.500708655939045
1.488973233534172
1.484651662289577
1.485244374021404
1.488321592599593
1.491780397189939
1.494055314922586
5.990713238349188
5.964060472239283
5.911521986304276
5.829322256322545
5.71286030801167
5.558817365825917
5.367477162110059
5.143942971675355
4.897622156513874
4.64029751663521
4.383609397254761
4.136808583433288
3.905432150566416
3.69121769918276
3.493148588970115
3.309130137369992
3.137596410572909
2.978442042430375
2.833041846503504
2.703580066789571
2.592153482402198
2.49988349705592
2.425768316271107
2.365302853374943
2.311011905471462
2.25713115825106
2.200085727335192
2.140094210696094
2.081867449972484
2.031083450131033
1.99026565523994
1.960560231019852
1.945938727441188
1.944681465022216
1.946758954217764
1.950255756267385
1.952706698563124
1.955876240054057
1.952473179314561
1.958677310893523
1.987123383178072
2.029462122110764
2.076205884226783
2.117267013555248
2.143692947379912
2.149160947172038
2.130760815638657
2.089033050749629
2.027433367316775
1.95144506226321
1.867553234702897
1.782267324100294
1.701331609920801
1.62919969747625
1.568784128141238
1.52144357073631
1.487145390816018
1.46473767811948
1.45227372707472
1.447345756176898
1.447398604296215
1.450006208865245
1.453103155368385
1.455170282716135
6.03221514237014
6.025862517069092
6.005663043984089
5.956662583544649
5.862147748801011
5.71034194424526
5.499371169619034
5.238212068988797
4.943914814701744
4.636897670154197
4.336185311486634
4.055914615786804
3.803810829151007
3.581677566776444
3.387301986164449
3.216812469379141
3.066598170837597
2.9343000472659
2.818859469776609
2.719920983485441
2.636908276132712
2.567936380707142
2.508776941104092
2.452638362424493
2.391726017655346
2.319706977259202
2.233040022515378
2.13480134914407
2.038788309601539
1.967947308536913
1.940840793230198
1.949560356639219
1.953946313939158
1.944648086987084
1.944323749453014
1.948828222932255
1.951763984938463
1.955885969976299
1.95132183457666
1.959856428579182
2.000539404973332
2.061505044492709
2.126349843682556
2.179924425719031
2.210719136600408
2.212170002509748
2.182789876999772
2.125450455201658
2.046171869714731
1.952717047279522
1.853241482859051
1.755195252584447
1.664589190742443
1.585639159223789
1.520726289049751
1.470576179184315
1.434561776421052
1.411056185886437
1.397787036241264
1.392164482255406
1.391568549148374
1.393590003841906
1.396224423246518
1.398022671823098
5.911458086523458
5.936833501370569
5.966549688237174
5.967770278707683
5.906626876329902
5.761952607529016
5.532264170309009
5.234434328950663
4.896782304682288
4.55037543513513
4.221551716052275
3.927465268023175
3.675230142126525
3.46396957522681
3.288234440847979
3.141251640514074
3.01708210502868
2.911492368080649
2.821817357418648
2.746231591682646
2.682767872027385
2.628342196706794
2.578106702831943
2.525480815295047
2.462806286447345
2.382182810161783
2.277236315054429
2.147750273311279
2.007383859030048
1.889978131399396
1.841193438518037
1.879017682139696
1.939275163550583
1.942792596931853
1.938592207732502
1.94698685783425
1.95149352464733
1.957853489917579
1.950009080481553
1.968501391199202
2.043741698393288
2.138332243419475
2.227412671899908
2.291788612532427
2.31967116307449
2.306749086115408
2.255118896435876
2.171596803289308
2.065775359091327
1.948129122222888
1.828447970795277
1.714783414511543
1.612944135889288
1.526446610705466
1.456764864124533
1.403728257859113
1.36595713300025
1.341273098175527
1.327056963663915
1.320548438462347
1.319090590344505
1.320324197465914
1.322337301947432
1.323775632926175
5.60079697736627
5.66934803962439
5.76442008441278
5.82798701573869
5.806937470769919
5.673362524690199
5.430101421849858
5.105126423704982
4.739766738660971
4.375567679469574
4.043993448830905
3.761765490596228
3.532026236259684
3.349006329563606
3.203219768440849
3.085271349785985
2.987763397738405
2.905672716039884
2.835829982401689
2.776030017847852
2.724114074981112
2.677246339490706
2.6315219890874
2.581848964466352
2.521808801680767
2.44342147526358
2.337586371263107
2.196662990311582
2.021600436783917
1.835971209045338
1.702514514290547
1.709756099961282
1.862149001934767
1.935096943915735
1.928444867879182
1.944834898436475
1.952376510053426
1.962379146505793
1.948585777309056
1.987377705400907
2.124816052122034
2.266272411767568
2.380691605075965
2.448652650374648
2.461923677280014
2.421573736796971
2.335537366750334
2.215963859868443
2.076591702936473
1.930501784757301
1.788571217696968
1.658733815357882
1.545920284346563
1.452432393356712
1.378510544412622
1.322924596415154
1.283496545426664
1.257522905596758
1.242099601058202
1.234367460910478
1.23169815822898
1.231834960037855
1.23299631132633
1.233947140060065
5.092508912064988
5.209545341470155
5.369922544420737
5.489302122931186
5.503361982494243
5.385243332908101
5.144700029168099
4.819396916732688
4.460520455785827
4.115935357580349
3.817351306482101
3.576715408266522
3.390809166821215
3.248827346232863
3.138601808042292
3.049990373659781
2.975877884592317
2.911821234897188
2.855182817784992
2.804228442378772
2.757401766532871
2.712852190627316
2.6681910720554
2.620316988526517
2.565052052045271
2.496382943227172
2.405341692329537
2.279254765337681
2.103702340308366
1.872498974122141
1.618237012148815
1.475904550448881
1.69113908685701
1.91309794991309
1.916554941778596
1.944132505693541
1.955689471425724
1.97022255473109
1.947186986850009
2.019029474559835
2.24980359272012
2.446268265743306
2.580015659842313
2.63839741495884
2.621645064418257
2.53947807084056
2.407680959824566
2.244614274972857
2.068032558136838
1.892795773967714
1.729766256126881
1.585741094462856
1.46402736847814
1.365273409258887
1.288298110076217
1.230793072203259
1.189860659183788
1.162396940362874
1.145349022967589
1.135883423736917
1.131499735124205
1.130113097640661
1.130114847221724
1.130411469592199
4.417571175250647
4.566260631387497
4.74866532724435
4.87842040373564
4.905373690284727
4.81308170513536
4.614472979222865
4.346096727544859
4.056745855879826
3.789668726507795
3.569056321447815
3.399169268956807
3.271983885406628
3.175498263303753
3.098882987879592
3.034346560092279
2.977034631790126
2.924208969620385
2.874390909616361
2.826705210050624
2.780448755276794
2.734840873398992
2.688887875957534
2.64128145910889
2.590211406991626
2.532774219476951
2.463339607108473
2.37076113951684
2.236901473133996
2.040436053755751
1.765937813407311
1.460491453663344
1.608942737573625
1.909493748942774
1.924860748311206
1.953255361413185
1.964617987924058
1.982218074600292
1.946129701034114
2.063883501679961
2.416127400175279
2.667896271871181
2.80797898966434
2.839217555413204
2.77542244681872
2.638075424317673
2.452365026371113
2.242894416531787
2.030287555231131
1.829527985902133
1.649925213174687
1.496051983230423
1.368998208871664
1.267546255186884
1.189115492642944
1.130459371167197
1.088146965232473
1.058869279722212
1.039610226572484
1.027724600415305
1.020967409943639
1.017511215876536
1.015967233784975
1.015403489022464
3.675704262629377
3.770925471874245
3.846582864142295
3.885034216353205
3.886344995007397
3.844993768880655
3.764858784923074
3.657937735082339
3.542823242364455
3.435222810196372
3.342184678811204
3.264024658659964
3.19775239037151
3.13947143660322
3.085930812565014
3.034977858079441
2.985389701299513
2.936536334600175
2.888104138831047
2.839924875047372
2.791881335594845
2.743854371328487
2.695687633657731
2.647175141039321
2.598092894271003
2.548158891495936
2.496290230076534
2.438286537117413
2.365714471254613
2.278328305463938
2.212606657218174
2.161597662783425
2.061795510432642
1.983717060424318
1.983000394436213
1.983715450650934
1.98262719345807
1.998366849474618
1.94561050265959
2.117488817006395
2.606286832581961
2.905229923549548
3.034271827148309
3.019492649952734
2.893157689830316
2.691528676747274
2.449944079796743
2.197863369298449
1.956331649322978
1.738121285601163
1.549398887535593
1.39172898300572
1.263782537247357
1.162594900158365
1.084435393726082
1.025392526064265
0.9817537010504865
0.9502261174943571
0.9280279011140905
0.912879792398542
0.9029420281315453
0.8967511003887698
0.8931952059539989
0.8915240656194061
3.476008591086576
3.513227209308943
3.529751966915569
3.529904920047014
3.519157471281699
3.496882237698961
3.464439977793361
3.422200760714899
3.375407076158353
3.327813138500949
3.279912353413054
3.231646592439975
3.183180835464621
3.134576445137534
3.085903367444919
3.037197849878354
2.988480949080932
2.939759731716724
2.891029181775329
2.842279981043255
2.793505374423155
2.744704488160342
2.695884531667903
2.647067008953153
2.598302943114487
2.549699571139358
2.501402516307935
2.453398605110115
2.405436687757213
2.358102660478873
2.319775432750792
2.281116624321877
2.179599050883021
2.06725663655431
2.02849628949875
2.007605756060183
1.996368093974148
2.010918929193546
1.942421482240044
2.168511712374363
2.78797728862884
3.118536365336564
3.217619262525428
3.139671606253749
2.940533921906126
2.673858027621247
2.383864899645725
2.101245753840568
1.843827926056199
1.619813471313426
1.43122954347727
1.276533475261372
1.152301740566135
1.054270937572827
0.9779872586053088
0.9192248307690785
0.874254847242508
0.8399985948989803
0.8140709368968905
0.7947162785436832
0.7806608217090329
0.7709447323869489
0.764818935351901
0.7617446355330588
3.568138431753
3.608074838276889
3.635759543504508
3.645050499237136
3.635910992649714
3.60674968883137
3.560008847941612
3.496592416814645
3.428147134058545
3.363024585352683
3.30217214367282
3.244824236807441
3.190386749258235
3.138041646025717
3.087139001393108
3.03716698454806
2.98777992336213
2.938756356862186
2.88995670786085
2.841288953365749
2.792683788573859
2.744077065070649
2.695397345878981
2.646553783445842
2.597418990696305
2.54779164742251
2.497318924788448
2.445383917069156
2.391316577263297
2.334861900799063
2.278882748280901
2.221705404346693
2.147680314399917
2.076623757327845
2.037491834605826
2.012689624708464
1.99837309671486
2.01420185303897
1.93448199343077
2.203720057778373
2.923463305127444
3.262196358412389
3.310598161947521
3.156024375514193
2.883765245105393
2.564393511400036
2.245293647641139
1.952281134457426
1.696292358261093
1.479761938717733
1.300797903053385
1.155478388438465
1.039057483239399
0.9466292294803057
0.87352573476967
0.8155741326901724
0.7692696496696757
0.7318862696321322
0.7015173653664268
0.6770165695320844
0.657813893957559
0.6436364150549283
0.6342546271224198
0.629410148521671
3.565645941796259
3.604786048135179
3.628586381873157
3.635522369259512
3.624823022836327
3.594492554915488
3.547185251450644
3.478182036614228
3.406598902417838
3.344730535446944
3.289344315669883
3.236634006423863
3.185572394801436
3.135408428620389
3.085831538863076
3.036618840167328
2.98764273173671
2.938825342421392
2.890114405471897
2.841471445363177
2.792863255609269
2.744256493500273
2.6956148857316
2.646895243070148
2.598042036710768
2.548971714183451
2.499543785424544
2.449490483680803
2.398494635915086
2.34594628086904
2.291771557475307
2.231489497683316
2.155454341547118
2.081489535504066
2.035385694458094
2.005815354039421
1.989288423471246
2.006382112348589
1.921484902502844
2.212356904181054
2.982765270264516
3.2938119501678
3.264466825544334
3.026911763443965
2.698232870658738
2.355593281454954
2.037764587293044
1.759297850191887
1.522895683116062
1.326244871445007
1.165034530688905
1.034238404349329
0.9287368915104112
0.8436698710404218
0.7746502509799873
0.7178973978113196
0.6703306959105595
0.6296498314274828
0.5944036055516631
0.5640077270579903
0.538631561070266
0.5188837780810454
0.5053478944483675
0.4982429934757701
3.587395329539376
3.632585197368162
3.659684587700394
3.668121356473434
3.656990516801125
3.62310421021094
3.57015176277659
3.48069101732539
3.392894680188315
3.329958496146793
3.279138700120527
3.230055291632006
3.181459230061669
3.132823382270743
3.084207900005769
3.035600746804795
2.987007726650097
2.938438088537985
2.889896763316634
2.84138235446923
2.792887630802097
2.744401020207188
2.695908772675669
2.647396331426986
2.598849606438092
2.550249335125887
2.50156433989439
2.452729622986381
2.403777665501044
2.354245859990737
2.303311822845848
2.241059603373624
2.152896388581118
2.064524260293187
2.014081139365233
1.981939014195328
1.966010260309363
1.985527583668079
1.903797334401818
2.195664186860356
2.955067108000214
3.174545321655629
3.032669513296363
2.725403914582791
2.382375587202336
2.061254172250939
1.779395698495584
1.538808085858912
1.336840205633057
1.169341390138392
1.031567532019257
0.9186503259042641
0.8259335091087507
0.7491858214548521
0.6847125681421874
0.6294052648713347
0.5807685377014919
0.5369618816023209
0.4968870249056157
0.4603159282976788
0.4279747496320353
0.4014100962852416
0.3824556870291295
0.3723577884872057
3.615220884232213
3.671066559996242
3.703305057548701
3.715315506197537
3.706401951622378
3.671976755912544
3.6179633255408
3.490473165279446
3.371942082574077
3.308680758830285
3.268091854366597
3.225474634537764
3.180280084382622
3.133077932314333
3.084935041604703
3.036350849997347
2.9875882832567
2.938794321595974
2.890041377247238
2.841352624140672
2.792721327767391
2.74412523781581
2.695538514820338
2.646944600080693
2.598355505624465
2.549832524972728
2.501529990983141
2.453797265161996
2.407544536028601
2.36327800590079
2.320747274488971
2.256923839449732
2.139554132177971
2.017667954877172
1.967996485287573
1.937190083680769
1.926259170066847
1.951168308745362
1.886558622647004
2.193111757617853
2.838761214757722
2.852587999706385
2.583913172696449
2.264576337860586
1.973026539183339
1.719332095244682
1.500052441738539
1.312230431238412
1.153241129275309
1.019817036908947
0.9081709655028222
0.8144432970943819
0.7350269282057611
0.6667280361493225
0.6068233133909731
0.5530632095909096
0.5036531417744516
0.4572453494161889
0.4129935712772161
0.370734932982171
0.3313056786217143
0.2968385579663228
0.2706848980687995
0.2563130738597808
3.634244634951548
3.729946478870152
3.77081440088889
3.784847420947132
3.775893778932774
3.736454836864195
3.670148051414198
3.415091024071634
3.271320251746771
3.241647309515272
3.232364843619178
3.199831781673838
3.1597396829171
3.117060300785702
3.073114372625648
3.028109382971113
2.982234653194483
2.935690928302325
2.888656273075903
2.841285570743012
2.793724290247681
2.746123460726126
2.698649871306479
2.65149520971248
2.60488638894135
2.55907371410322
2.514283466924975
2.470712185993948
2.429527052210474
2.395231075593712
2.382786640569677
2.350452997302995
2.206192894941521
1.965682461093902
1.90756754332419
1.875710230966087
1.871195085756301
1.904194358904191
1.886951311348793
2.272189402303771
2.554950835956758
2.258986848796184
1.953453636107904
1.729633477607401
1.547462974427839
1.383228732041157
1.234339330400507
1.102564679368717
0.9879111228595626
0.8887071810586138
0.8026094374534711
0.7271906936043767
0.660199064192618
0.5996660132669727
0.5439407323061931
0.4916839505869707
0.4418383237957947
0.3935848592269862
0.346315984726324
0.2997344054786344
0.2542618068559468
0.2118036439293661
0.176548967487054
0.1553059746769805
3.51627210866497
3.758210444819145
3.838629444620422
3.872025909622953
3.883811664100876
3.884849303742536
3.918385698036987
3.711597963480876
3.10307542567858
3.125723033657954
3.237170512478491
3.245407407899449
3.202921337090291
3.15007980951139
3.097178424477626
3.044857091173527
2.993016815783677
2.941793970919356
2.891242913055362
2.841264254575716
2.791669099017371
2.742222965116591
2.6926656866833
2.642756550563177
2.592342594093378
2.541291052836506
2.489146956117046
2.435921467582917
2.390501705429226
2.390912919761281
2.489404066984371
2.504151231820489
1.918270707704949
1.72548380190035
1.76466779727742
1.77131760146957
1.785252090662494
1.82399314547438
1.873645050264253
2.26133308992353
1.846810496746433
1.442516262047778
1.330193948567615
1.274413296675398
1.196716748565607
1.106102551278585
1.01676914353648
0.9337020844546082
0.8574487031077147
0.7874109714620748
0.7227172502373029
0.6624081270817942
0.6055488845830891
0.5513101885325089
0.4990018541434357
0.4480758928364738
0.3981163377124821
0.3488079722048597
0.29985111946877
0.2508608352394276
0.2016021094415672
0.1531303059386484
0.1091663634362081
0.07609529696449657
4.345297996252182
4.114839955728645
4.043293464678243
4.018527310779557
4.018457059520613
4.050600928228651
4.097699509476818
4.485027840628989
4.046080094054001
3.640383119114434
3.539879131860256
3.49359723592181
3.417090101902981
3.32060546370815
3.221983666182052
3.129336111633213
3.044970228462015
2.968869373209597
2.899992784446403
2.836759837809833
2.777251103583806
2.719236949510141
2.66014726378683
2.597130140071886
2.527304472214319
2.448299220769568
2.359582267121231
2.265974430871604
2.182048202623084
2.117171363958663
1.994415242096068
1.58395775177045
1.170930400883211
1.55777148319887
1.611033022343554
1.651039328276831
1.664205311078139
1.667278708163063
1.70035660779724
1.498579013109894
0.9081585172529029
0.9300803691924426
1.034680407805057
1.036725941873823
0.9910408166412045
0.9371110233242271
0.8839930929887893
0.8315992907430267
0.7795228111132613
0.7278185777956397
0.676566463808236
0.6257429085263885
0.5752698637800072
0.5250633263795627
0.4750513067284429
0.4251783475049479
0.3754116701172744
0.3257458389641348
0.2761584445880922
0.226425967046483
0.1760207260410148
0.1252182169745779
0.07954909802767958
0.03130087673556031
4.23686413845931
4.147792274745322
4.110095253980464
4.094212545314677
4.094573134142562
4.129570743741295
4.110296755615948
4.501583001858019
4.792218309353628
4.499665360534698
4.200609908456599
3.976468627681617
3.781564433699973
3.594511650046372
3.418573517645472
3.260735730842972
3.123986483856511
3.007571176685407
2.908681759832184
2.823528059922028
2.747692613356028
2.676053174308981
2.602581163803213
2.520324061957633
2.421885539110175
2.300709739906618
2.15316148672057
1.97967359512921
1.779168725852231
1.532152880722646
1.204684186253964
0.8936739205170547
1.16861353687308
1.5501960208515
1.535228153135328
1.567845879870938
1.561746398047025
1.525688702195015
1.461297012456895
1.212371447692945
1.066427983000073
1.036432061720594
1.025565387301837
0.9912273207587594
0.9493714451941186
0.9049442298362326
0.8592455061603547
0.8125077291818588
0.7649495370633538
0.716780607097774
0.6681642881099696
0.6192181155658684
0.5700280543646689
0.5206588792824752
0.47115998323305
0.4215690820457662
0.3719156590119326
0.322224038928164
0.2725132170079072
0.2227732442748642
0.17296940122239
0.1229664855714416
0.07413802373123211
0.02449876311147585
4.268552473294101
4.216316357935769
4.183150049100639
4.162933475502251
4.155072218127784
4.181970626318459
4.112533145806214
4.431318739181209
5.114649052176533
5.151578891647064
4.886090698713744
4.54731784679974
4.217873033334702
3.916245968653292
3.64734526886406
3.413989005803903
3.216369574775964
3.05176354403209
2.915452333531399
2.801598502314438
2.70352673288287
2.613490709360293
2.52225138673403
2.418873096776691
2.291141400010203
2.126827592070937
1.915450362273181
1.649517085104871
1.326416719897254
0.9630456179463628
0.6487201770283385
0.6260058216604695
1.251891871967477
1.554298636570073
1.492214111401672
1.516208105155478
1.50375621486141
1.469327612440091
1.414666946969894
1.287185468188968
1.167097678695288
1.103122599351691
1.06084703673726
1.016329296968593
0.9694785720645019
0.9209152830352502
0.8716126507631837
0.8219557504333459
0.7721313581761939
0.7222476492441868
0.6723649415828725
0.6225106957943597
0.5726926657319477
0.5229089125234927
0.4731538238036786
0.4234212056671734
0.3737057323311651
0.3240022911239952
0.2743035164170524
0.2245896576278836
0.1748700827996351
0.1251162661692742
0.07590959132013195
0.02639107485423999
4.323257697162001
4.272064206274011
4.237016524520351
4.212458991301556
4.198589277292287
4.220236591088633
4.129927715796724
4.442485662567523
5.277097773706324
5.539398065990502
5.390036486042868
5.034953088842972
4.622640000743368
4.226247304765348
3.872401968395932
3.567495132151124
3.310230597427137
3.096086847845155
2.918914278318444
2.771592830311112
2.646125597330506
2.533266206342367
2.421894094205181
2.298507254391675
2.147262099328592
1.950956287116701
1.693595146819025
1.366487436760218
0.9828534874571702
0.6062323493251548
0.3824951178065937
0.5303076575894434
1.25213000051792
1.539006545478297
1.461167064901208
1.479563862633877
1.46240768436295
1.427121996286126
1.372435785436317
1.278940932481992
1.187037366614765
1.123022605977735
1.071017161849951
1.020432538759356
0.9704160897069647
0.920486957941098
0.8706739076882994
0.8209050560039293
0.7711502149100286
0.7214025872466776
0.6716621720994346
0.6219294454166673
0.572203771721606
0.5224839169939182
0.4727685960289103
0.423056708796654
0.3733474420489504
0.3236396218060962
0.2739317047724754
0.2242161638635208
0.1745144990949698
0.1248091710583764
0.07541195114906529
0.02607170383087822
4.404252329238469
4.333110755595663
4.288372799197381
4.255954394844141
4.235652053332655
4.251656846542892
4.152013713512608
4.486515050890295
5.372403350542168
5.721157799952788
5.652413131116611
5.331879391070459
4.905532167167432
4.466438733207786
4.059839891248893
3.701947904548445
3.395097110343074
3.135788513993684
2.91808704671196
2.734868095386652
2.578112667770553
2.438640978021451
2.305451854586241
2.164964545116462
2.000734326406518
1.794488247709138
1.529955360981424
1.202157694372947
0.8352106286507285
0.504922020837642
0.3476201347361282
0.5353409678213893
1.23875876737048
1.521964094730625
1.443409377978036
1.458971067001019
1.441473890167469
1.409051751528403
1.359123011631419
1.280044849765104
1.199676621236871
1.136715732800006
1.080711071289984
1.026586897805722
0.9741983759187477
0.9228533137119973
0.8721805758940685
0.821877206477249
0.7717882367740002
0.7218311792129813
0.6719590856983144
0.6221428878111287
0.5723638527132071
0.5226097805582191
0.47287264429224
0.4231470433763006
0.3734291944544381
0.3237153300320532
0.2740008797222997
0.2242749807106962
0.1745636431602464
0.1248613638021003
0.07554402800210835
0.0261627489765931
4.500474978328574
4.364798764909239
4.290571906890515
4.246931322320837
4.223676136538058
4.238768076138812
4.152345451963545
4.543331974520492
5.387177746457471
5.709403749302679
5.670175353017788
5.405274578456446
5.021913335778459
4.598052489429555
4.182470517126477
3.800300873538733
3.461212467346634
3.166266243422375
2.912167745998575
2.693470116163435
2.50356924609319
2.334980828982706
2.179057392583551
2.025295447253141
1.860871417395796
1.67160096344056
1.445095999709962
1.17790619224799
0.8880024543982078
0.629623776498623
0.5019778489166085
0.6489877142588489
1.255489141023849
1.50864523094091
1.438829642029166
1.452291657202763
1.437217352895549
1.409789016032193
1.367163824748487
1.290301569412399
1.211156064490408
1.150835704723182
1.092678009223532
1.034312575119053
0.9786075477762537
0.9252227867298202
0.8734036563585988
0.8224746217992878
0.7720495437810772
0.7219175733444377
0.6719583639374324
0.6220998448609854
0.5722992851328557
0.5225323076869614
0.4727854454620208
0.4230512522452101
0.3733250598896521
0.3236007800815769
0.2738661127349357
0.2240958107447825
0.1743268263930617
0.1246055904333345
0.075791708821277
0.02636547604677082
4.931401011249339
4.596675322409244
4.481495265009957
4.426237658079409
4.386640618922664
4.371570190312597
4.27397832322497
4.577535043291672
5.226762799811603
5.470247809240464
5.459360435358206
5.274333496172401
4.973898395291168
4.610149379033689
4.225720530396843
3.850078171707481
3.500052994377852
3.183016160409615
2.900309715609483
2.649846997044857
2.427830064423838
2.229849136616154
2.051493397680773
1.888304889450477
1.735017263666735
1.585281063887133
1.430625176713115
1.263561165707023
1.085351395450181
0.9152406610316289
0.8048841252140335
0.8676279324370135
1.308023316637514
1.501254801792523
1.446492504363707
1.456888011335891
1.444726684114847
1.42112652792368
1.378858689641312
1.257476571610271
1.150295082377714
1.109512389325221
1.069652881384422
1.020469031943601
0.9708169980536825
0.921324219909993
0.8716851970751194
0.8218486575501319
0.7719367607695465
0.7220377104667168
0.672182913445132
0.622375120989043
0.5726075388653261
0.5228708828358639
0.4731558385535886
0.4234546710683183
0.3737632398564514
0.3240813664353811
0.2744049208645942
0.2246866007199259
0.1748651115262156
0.1248866561224297
0.07680392487375871
0.02648689539066707
5.217837216756681
4.1785548069543
3.882830442884027
3.898900004070846
3.924305747668999
3.909157718844376
3.893745822302053
4.186023407005659
4.74203882019662
4.993636486529559
5.063759295295028
4.98645108701264
4.791540342457966
4.514050158678124
4.18901749933497
3.845938291420029
3.506036183716119
3.182395570503942
2.881707541399843
2.606422298196917
2.356716553308236
2.132214152044595
1.933615541244239
1.764080115197757
1.628765698753184
1.529699945830053
1.456882314393111
1.39283207329138
1.32653822257698
1.252057663113362
1.174809938825714
1.15243144134991
1.367859664190022
1.490854262183032
1.460932831042113
1.472270633061188
1.471026972760191
1.470389164105848
1.469641558140079
1.384202741100657
1.267170632118557
1.213652318569719
1.148051094902561
1.05923568362488
0.9849828242589128
0.9256242661705273
0.8725738339811279
0.8214065688622118
0.7709438999711757
0.7209020360057883
0.6710997580661049
0.6213941065929164
0.5717054170680083
0.5220042860743168
0.4722869203943748
0.422561819920224
0.3728507668618793
0.3231777724438167
0.2734631079351403
0.22326535213712
0.1719683064329356
0.1210718932797725
0.07896017249774183
0.03072610704344076
3.081041241411415
2.652236118705775
2.405817797599584
2.41071206553886
2.522421140230582
2.674253884579444
2.914598072880438
3.341689997673689
3.933177080665024
4.339928859111782
4.547752388511784
4.594546942216694
4.513052262312251
4.33279229927912
4.082879340601625
3.79042962593468
3.478089699400131
3.162794297220417
2.856055245083255
2.565248942797095
2.295322236111277
2.050616898224444
1.83684597918516
1.663739905865369
1.549915830015031
1.498201936507442
1.485621116970611
1.481588897869356
1.478545102808954
1.468750404979142
1.439075870612539
1.40466568621298
1.46208097656863
1.496547917473123
1.482304929401009
1.493241846335108
1.50414617742122
1.532204221375007
1.548568650330325
1.858323121324433
1.992944694355077
1.670811623048178
1.388963101283379
1.189282048302897
1.053601748400683
0.9596207719405715
0.8884423471459388
0.8283380778832125
0.7734887673549076
0.7211891508294642
0.6700848423942468
0.6194610648165387
0.5689762678218944
0.5185138003673583
0.4680731548543301
0.4176967797317079
0.3674213091828276
0.3172105563403847
0.2668278295353967
0.2157906219673887
0.1640038501957307
0.1135018784282301
0.06916000395880471
0.03627060580451791
1.358632118475041
1.276475421416295
1.206911312750697
1.25634639368367
1.435656406082243
1.725897971507262
2.129399962385249
2.635536022576354
3.186444915007241
3.657581055985009
3.979046082187658
4.145299642749062
4.17541069897125
4.093573647248694
3.924604774240009
3.692704397939752
3.420031968904682
3.125450439272609
2.824106110969003
2.527949533853276
2.246943575208257
1.99068939986606
1.770411037514377
1.601544796316462
1.507214914268709
1.48772662438902
1.494455065899922
1.495911078627114
1.498343467611546
1.499688097025824
1.497360347679338
1.489975965755411
1.506940669985317
1.499779953128087
1.494716827443007
1.502922601262265
1.514071501436924
1.541455213363345
1.545106066002553
1.774575318253433
1.989404317220163
1.833977563832654
1.569182136511424
1.332290931021247
1.153619963539957
1.024528200021233
0.9289079450124702
0.8532863788198234
0.788769882711249
0.7301444534373155
0.6745231062028164
0.6203786432042767
0.5669779645058869
0.5140423513709573
0.4615226355008164
0.4094466634258139
0.3578169979921273
0.3065462262564863
0.2554719469480386
0.2046076848614243
0.1547987883054016
0.1085943352451683
0.0707772601115933
0.04846176072482505
0.05796504202428095
0.1111103197550029
0.1957026444939966
0.3493480760961094
0.6123712580240228
0.9940734099591102
1.475516131573035
2.013070570136538
2.552391810260983
3.042285485921284
3.429800145151381
3.687768228375881
3.81499926342484
3.824416911197418
3.734661195351192
3.566256927731579
3.339740964231312
3.074458917104015
2.787921323013896
2.495845062973762
2.212852217099432
1.95366116677577
1.734525533735294
1.574419602879458
1.494689925635089
1.486080509783689
1.490396175095046
1.488115148372143
1.486705634850764
1.484464052302414
1.481621419544487
1.479207381655178
1.490454880182604
1.494682294867285
1.49731318040184
1.504565763091301
1.512731979820344
1.52919106589632
1.522483864999056
1.598133398153589
1.753993927749496
1.757763001184041
1.618791436978981
1.428790194509049
1.249541119256988
1.102196848306398
0.986088520309736
0.8933617357146919
0.8158978981359795
0.7475839932400989
0.6844904838842907
0.6243713922542089
0.5660947882484708
0.509184171836918
0.4534910777802751
0.3989825870734208
0.3456292944272602
0.2933998223588213
0.2424005419092544
0.1931971406891724
0.1472503429008966
0.1072460090290335
0.07702734896515639
0.06048920958619863
-0.9099223230951465
-0.8045084439145409
-0.623506722888452
-0.3678935755947197
-0.02137467623904577
0.4207376782869299
0.9367153086642934
1.485892956016872
2.026514303600175
2.525050374782214
2.947203270918399
3.265401506696803
3.466923364970163
3.553125306742216
3.534569700346132
3.426793100092778
3.247698961943972
3.016046958589481
2.75060768240158
2.469857936692014
2.19216072773541
1.936258142695693
1.721669254549535
1.568239736503863
1.493939736324026
1.485687527927599
1.490727318436735
1.48942483719459
1.489213349002712
1.488623575170598
1.488121824800742
1.487993165172826
1.493654274320805
1.496816606772267
1.499780480837297
1.504985991211842
1.510315640486279
1.51866985800526
1.51479590085121
1.51819426230241
1.579190320554773
1.620381219102185
1.574828520640927
1.458265329406875
1.313337216822599
1.171845030291953
1.047527210057032
0.9420010915713746
0.8516648942073326
0.7719749081823106
0.6992823334579632
0.6312257829092337
0.5665005831737089
0.5044783217164079
0.4448838423647699
0.3875921784786857
0.332552858230283
0.279839658215114
0.2298161394683025
0.1833639601628972
0.1420471657656884
0.1080426435702027
0.08368462686461124
0.07062076042271692
-1.615724345064314
-1.485081991038709
-1.249336309370473
-0.9222094809680246
-0.5115084087596273
-0.02761660376503275
0.507440530233648
1.062537448648996
1.606238799534767
2.111287623187271
2.55258640610537
2.907513599439115
3.160367124692344
3.305216407532835
3.345262987954251
3.290504490103586
3.155452034483582
2.957469485442276
2.715675417342196
2.45025680538393
2.182065878679532
1.932304041277907
1.721965343887525
1.570706098990394
1.495229733523281
1.485127493871866
1.490434416937856
1.489158856305509
1.489126882585349
1.488990472363482
1.489300411887625
1.490210046059588
1.493954771994352
1.497058379716062
1.500321052900095
1.504493746189569
1.508375719491056
1.512534630930389
1.513112149707434
1.500917284879785
1.500281187533412
1.517679852562964
1.504259063144132
1.440832116242497
1.338804996934229
1.219881712766643
1.101038267495302
0.9906445467111007
0.8906899487522176
0.8001128256828433
0.7170933442044707
0.640087240048664
0.5680561608443184
0.5003635119358817
0.4366177413397636
0.3765793636737743
0.3201579155099689
0.2674866886522823
0.2190364794677408
0.1756961144289258
0.1387260344868173
0.1095203529033356
0.0892229020739051
0.0784402783015842
-2.108431371847301
-1.963175334629598
-1.697232595900713
-1.32830213786647
-0.876933554614619
-0.3648628451705584
0.1840052643742726
0.7441479332977492
1.290607548354627
1.80047905782025
2.253113060826057
2.629853879217217
2.915617517404666
3.101327457133215
3.185201844412747
3.172461433586325
3.074165309889823
2.905863221500882
2.686357372621183
2.436615730735596
2.178788105452225
1.93523360813146
1.727484203419901
1.575288110535555
1.496340826589094
1.484775205891155
1.49042418457979
1.489202491029507
1.48933341438192
1.489507033372306
1.490220920571605
1.491572647653656
1.494493535198734
1.49746152970488
1.500674665658205
1.50424059257615
1.507456420031451
1.509832033089844
1.512895070212356
1.500664015970567
1.474250367922235
1.462833393120285
1.447136361295598
1.407453531200394
1.337808288719954
1.244843904245273
1.139663977797985
1.031684644343236
0.9267088606192523
0.8275180927373735
0.7350734019158003
0.6494358236503593
0.5702781544035236
0.497134777179335
0.4295384239133406
0.3671235491999653
0.3097208535782161
0.2574360151946246
0.2106857896682088
0.1701547841067743
0.1366502954464932
0.1108843713287205
0.09329094100544738
0.0840173327778516
-2.422714546106864
-2.269222385147173
-1.987522529274708
-1.597071712020051
-1.123537066691951
-0.5942916358160668
-0.0354214853860605
0.5292477668447645
1.078016399885752
1.591041127281855
2.050282690443836
2.439458139830462
2.744663155846359
2.955902070945466
3.068718109149663
3.085079782230538
3.013306486564463
2.867265511172407
2.665155267771222
2.42810629927432
2.178750179371838
1.9398816656477
1.733377839522801
1.579617385129851
1.497691257527396
1.484507661749566
1.490218448520526
1.489033050197795
1.489121868635327
1.489366370494074
1.490210157923088
1.491775241351453
1.494476681460175
1.497524416879952
1.500845440951338
1.504299735901249
1.507394633365641
1.509282421986059
1.513276614308274
1.502609914680511
1.46848497331699
1.439348593865204
1.412922193417294
1.37879800758085
1.326944827623195
1.253882854722262
1.162837093888623
1.060576155150338
0.9542271451311216
0.8494463512323339
0.7498755362098607
0.6573558934040842
0.5724400646606663
0.4949318504299605
0.4243333948281851
0.3601649953837691
0.3021589489244592
0.2503374236616913
0.2049847445054556
0.1665323747753407
0.1353972095549424
0.1118418085196831
0.09593006905286199
0.08759686713411848
-2.581499303578116
-2.424778579564956
-2.136176944123762
-1.736442390949102
-1.253046646281813
-0.7154600810867598
-0.151067326468829
0.4164615982700103
0.9666812612282029
1.481338045172085
1.943784405202336
2.338902283800331
2.653512193256606
2.877457542875939
3.005154257882393
3.036930384421583
2.979567432885864
2.845895875017725
2.653649727119789
2.423902084295899
2.179393323405122
1.943055658932616
1.737040790358395
1.582444864163955
1.499533825971272
1.484933449810898
1.490125633523742
1.488733522869063
1.488615237952486
1.488739960632544
1.489543286791467
1.491224752327455
1.494040425488682
1.497368837157358
1.501011004997738
1.504750356355204
1.508128747909903
1.510139031690984
1.514648777248203
1.505482397889851
1.468696275402238
1.431161299933917
1.39735116076048
1.362918203041984
1.318358405205315
1.255845669227512
1.173613363055278
1.07580575549373
0.9695806315686135
0.862061378616568
0.7585459066528136
0.6620704456821362
0.5738112439034211
0.4937797887416946
0.4214730338968321
0.356339892889278
0.29804139080142
0.2465288648199243
0.2019819914373961
0.1646641356492504
0.1347696058776564
0.1123372273446286
0.0972671560652637
0.08941467239466525
)
;

boundaryField
{
    inletLower
    {
        type            zeroGradient;
    }
    inletUpper
    {
        type            zeroGradient;
    }
    outletLower
    {
        type            fixedValue;
        value           uniform 0;
    }
    outletUpper
    {
        type            fixedValue;
        value           uniform 0;
    }
    sideWalls
    {
        type            zeroGradient;
    }
    topBottomWalls
    {
        type            zeroGradient;
    }
    frontAndBack
    {
        type            symmetry;
    }
}


// ************************************************************************* //
