/*--------------------------------*- C++ -*----------------------------------*\
| =========                 |                                                 |
| \\      /  F ield         | OpenFOAM: The Open Source CFD Toolbox           |
|  \\    /   O peration     | Version:  2506                                  |
|   \\  /    A nd           | Website:  www.openfoam.com                      |
|    \\/     M anipulation  |                                                 |
\*---------------------------------------------------------------------------*/
FoamFile
{
    version     2.0;
    format      ascii;
    arch        "LSB;label=32;scalar=64";
    class       volScalarField;
    location    "5000";
    object      p;
}
// * * * * * * * * * * * * * * * * * * * * * * * * * * * * * * * * * * * * * //

dimensions      [0 2 -2 0 0 0 0];

internalField   nonuniform List<scalar> 
4096
(
3.479261386264958
3.482874829786923
3.489526163504324
3.496834396597477
3.502497986255748
3.50552107512111
3.50575806914343
3.503689652195649
3.5001309172587
3.496006911562355
3.492118966707808
3.489147493376146
3.48672543932614
3.48744393019912
3.473691832910891
3.498772596903706
3.581144915464125
3.631092224868982
3.643516225879992
3.621014074884119
3.570868728730078
3.503433171881365
3.430892765458197
3.36597989202602
3.320527904557014
3.303942694853216
3.321827627499088
3.375101934500611
3.459907648934755
3.568327558154061
3.689557963674807
3.811057932956739
3.919522741856595
4.001845573083513
4.046045495836189
4.041986300917674
3.981967847217759
3.86148108107841
3.680126480649025
3.442261718970522
3.156943756888066
2.837084893593536
2.498033184355235
2.155861021223342
1.825623333531635
1.519838640334982
1.247433185965966
1.013308982063294
0.8185485466842723
0.6611160318494611
0.5368248987775516
0.4403403700045253
0.3660472972829654
0.3086979458707326
0.263824247971624
0.2279396005463625
0.1985686188578615
0.1741424524415437
0.1537976794884397
0.1371271232456863
0.1239452711608827
0.1141291131849248
0.1075602143195966
0.1041404247448359
3.476411515990626
3.48029955984281
3.48629620103011
3.492961329228121
3.498367066602464
3.501722283132356
3.502851852138418
3.502079052627599
3.500003934138103
3.497342049924491
3.494715408630777
3.492782729740243
3.491012473822587
3.493261783171723
3.478717100623109
3.516646895557912
3.620336723047011
3.679119031487527
3.693844948864734
3.668333779571213
3.61017173627888
3.530058595957973
3.440829866251884
3.356277861027968
3.289751629280472
3.252593701570081
3.252581850690088
3.292661668161918
3.370343923461594
3.478071361650121
3.6044784369539
3.735921922711884
3.857613848394039
3.954452463402193
4.012026565502754
4.017689272663017
3.961879153763032
3.839652305268695
3.651805494095988
3.404991663379562
3.110830175432382
2.784400913518701
2.442469141083714
2.101646749512147
1.77668055784673
1.479109763561287
1.216511132741569
0.9924135614490399
0.8067883182293615
0.6569015383440637
0.5382904094420339
0.4456738187877042
0.3736876781142394
0.3174079517017362
0.2726729226834465
0.2362386021272984
0.2058037706340005
0.1799331136381951
0.1578984992105818
0.1394598996189384
0.1246241142594654
0.1134423548018463
0.1059084094626586
0.1019679107099362
3.46881256280954
3.475171640705646
3.48248717716491
3.489971588344514
3.49592426861492
3.499828849397442
3.501625273601818
3.501648613847391
3.500442544844955
3.498651374232846
3.496818335422891
3.495664557899785
3.494385126681208
3.498702314802953
3.480122642709325
3.535400884947562
3.682678473334265
3.763147086147254
3.784744579723745
3.75474870740052
3.682240613338256
3.578967265880978
3.4591062923292
3.33839827826293
3.232864229911128
3.157223689781686
3.123122763439414
3.137338694931816
3.200305054190952
3.305581018524786
3.440873379572237
3.590299882551898
3.736276454446767
3.860070193352045
3.942579377469285
3.966124244859479
3.917604828550448
3.791637511241868
3.591677656816324
3.328805699178608
3.019314787499745
2.682143038159454
2.336508874227491
1.99981750810011
1.686010608478336
1.404618602427475
1.160639614853008
0.9551169998265178
0.7861149600518572
0.6497799854575729
0.5412754615176655
0.4554987262865227
0.3875770837266868
0.3331803504487115
0.2886965236978996
0.2513116206264285
0.2190244708566044
0.1906135451881027
0.1655549058203802
0.1438746657243182
0.1259246063684104
0.1121139956282105
0.1026991591729916
0.09774617774393772
3.456385259623305
3.467815961452705
3.47849417495305
3.488215701755798
3.495428476799892
3.500015235715612
3.50219511621157
3.502480130401838
3.501505584885311
3.499969940821491
3.498432920929965
3.497731027336153
3.496766232449719
3.503148913998861
3.478832119475394
3.553815885669946
3.758940312811557
3.8729770019019
3.90747981295429
3.873147893313174
3.781549901664703
3.646454499680738
3.484209300439881
3.313276667669747
3.153138039602095
3.022749459728537
2.938688616231625
2.913051364987502
2.951149739441644
3.049471386752099
3.195237440959412
3.368947795972012
3.548453262381345
3.710012452735078
3.827316696290901
3.874899392681912
3.83505755173727
3.702944622952261
3.486518315115577
3.203095645637678
2.875213220637987
2.526891565317868
2.180406156598037
1.853732251422675
1.559066522816106
1.302666211941152
1.085795184078175
0.9062304663138997
0.759771954432483
0.641417631243053
0.5461187738449029
0.4691891324296554
0.4064915919334964
0.3545070150984119
0.3103506295779508
0.2717700614629332
0.2371431745523114
0.2054852016732633
0.1764583704300205
0.1503452121013393
0.1279163194019089
0.1101419548104702
0.09780940425320432
0.09128131946747491
3.438089021342843
3.458934760781397
3.475384318438643
3.488548032308591
3.497353004745571
3.502446848348118
3.504556235258351
3.504511615565858
3.50313776630367
3.501265667536047
3.499536430261218
3.498936568191687
3.498056809880739
3.50657412426627
3.475625818537929
3.573003735356089
3.843802080624052
3.999203462789426
4.05140211617637
4.013374295806537
3.899478157644418
3.726298851168529
3.513110660559303
3.281650775959303
3.055181454848076
2.857014969715526
2.708755239956386
2.628365868088683
2.627787472667222
2.709613976109287
2.863444577781806
3.065493271526282
3.285252866102298
3.492063843283361
3.649274380863428
3.722027936419646
3.689556010886205
3.549829262584153
3.316395709036383
3.013253496742562
2.669853268751524
2.315987265532218
1.976985942948273
1.670431512126185
1.405264935439023
1.183094460205178
1.000663688365199
0.8523423940133514
0.7319568151786293
0.6338086493199665
0.553060116924712
0.4857547045394162
0.4286932132667555
0.3792926013106522
0.3354789062503724
0.2956234046270061
0.258519684746802
0.2234058775682751
0.1900404791465937
0.1588143549783127
0.1308132427839815
0.1076773346054513
0.09113171813488302
0.08229473882117574
3.411866001836558
3.449214788144082
3.474221673179211
3.491918940048792
3.502374589889053
3.507521820891675
3.508893538316927
3.507774133916908
3.505249536687262
3.502351045499879
3.499864185737057
3.4989449976346
3.497858924728908
3.508465405340887
3.470234590504759
3.591968226354943
3.933417386258212
4.133541155398802
4.205024590602784
4.162839899645112
4.024317304302619
3.809377744783742
3.540707884737397
3.243480711532128
2.944461424753435
2.670649570388509
2.447756831282207
2.298771056389593
2.242470787750279
2.290708409542903
2.442200146222942
2.673448200081267
2.938774259974178
3.191728264961538
3.382418272658154
3.471478862541661
3.442530703076223
3.298196889799005
3.055256175036944
2.742375137929628
2.395591219509133
2.050456952881217
1.7343456388341
1.462500233577835
1.238731596694473
1.059054457224724
0.915829382677764
0.8008521804211842
0.7069968099636647
0.6287260773639648
0.5619730075959871
0.5037946834084567
0.4520257246342424
0.4050195567766294
0.3614867400984493
0.3204079055234942
0.2809965484844191
0.2427048716680286
0.2052980624530469
0.1690421498446764
0.1349972244516725
0.1052548726295808
0.082795118469753
0.0705045990799571
3.36256252886837
3.447672811434935
3.485026115862371
3.504803864579584
3.514136490564052
3.517104327253147
3.516065212445347
3.512566941285015
3.507808932966238
3.502984847337322
3.499052827367698
3.497310929324493
3.495691621095844
3.508240750727626
3.462416515860613
3.609546777809813
4.023563792579873
4.267283243980136
4.355627668154374
4.30664053902577
4.14132934041002
3.883513203672361
3.559541500866042
3.197629070982596
2.826924634479075
2.476557506195933
2.174701306383607
1.947629102690279
1.819012479487586
1.809505062831313
1.933748277810005
2.185481605060126
2.506313175867306
2.792105805698248
2.986167975536041
3.06812973217282
3.039550391622595
2.903261332920759
2.671382912691865
2.373033285468282
2.049096351465335
1.738965366729751
1.469157150990559
1.249836311440608
1.078485167599028
0.9461458913240783
0.8425372943024192
0.7588373224296269
0.6885406445705868
0.6272629169628712
0.5721843956528563
0.5215026508950548
0.4740248907047649
0.4289086298425338
0.3855166255240109
0.3433457776438727
0.301994674724662
0.2611451722134922
0.2205674285843827
0.1802394452728862
0.1407453434307765
0.1039760978741091
0.07375376479637906
0.05582569111295829
3.167608444938146
3.406886679604258
3.484799059587659
3.516125169234482
3.527313408631398
3.52860308587101
3.524751740546897
3.518120952054578
3.510212045070092
3.502555401566799
3.496469298323822
3.49337050141645
3.490897588712849
3.505144293156675
3.451899443642745
3.624356734365734
4.108558583975055
4.389861589550224
4.488380461743998
4.427324495889847
4.232839316900165
3.933657410499414
3.559978229938483
3.14196995922179
2.70891485152624
2.289385267712451
1.911788617159114
1.604238743571792
1.393469034054841
1.304243517140228
1.36201990391706
1.594814875024947
1.988670187836703
2.266077387781414
2.397421195572561
2.438392099538937
2.412577550778469
2.308878340034432
2.126184991400375
1.88874697104028
1.635645817041938
1.402707556124649
1.209899765300706
1.060487695123949
0.9475332792910532
0.8608501017063557
0.7912535007169177
0.7320673396486667
0.6790280513499588
0.6296280363050196
0.5824604398116205
0.5367451849769717
0.4920347519780042
0.448048572706198
0.4045886273335966
0.361503736491963
0.3186791157699698
0.2760218013917229
0.233401868357117
0.1905777018109625
0.1474226524389039
0.1050000984329923
0.06691984525034446
0.0391008805939639
3.915636355269547
3.691602499432103
3.619511522176196
3.585451883098306
3.565844846821187
3.551456597307973
3.538596693450939
3.525712306864128
3.512621952073346
3.500627093034017
3.491432219736561
3.486327834523052
3.482678997575221
3.498254636721886
3.438412425664005
3.634463216929196
4.180561144591409
4.488053954740642
4.585813459713082
4.504791991893097
4.278636016238067
3.942725698458772
3.531129654352233
3.073951618728113
2.59719755863127
2.125101611762596
1.683251037435006
1.30041901187066
1.007553844110446
0.8339300510827621
0.8032399313692088
0.9409402958580807
1.340112574467946
1.551437719256065
1.532514777289415
1.508778622946165
1.485598190788168
1.443132119896273
1.370438503383001
1.275564548607582
1.174339338636618
1.080086377575818
0.9985027091576221
0.9296250387032615
0.8708076255588625
0.8187119516128564
0.7705761938786289
0.724570480122888
0.6796499026858256
0.6352702783328683
0.5911623052515153
0.5471965385313264
0.5033114513768177
0.4594766407493246
0.4156747844295443
0.3718952756188212
0.3281379455375159
0.2844188735462866
0.2407347887694443
0.196900078790771
0.1524363466495646
0.1075303290791122
0.06709109051082582
0.02539215841500973
3.734795955863798
3.660688319441666
3.626905300116993
3.60239844995295
3.583288664794621
3.56611328248886
3.54935840169207
3.531777221594774
3.513113178654909
3.495681329847398
3.482657478114662
3.475003802697434
3.469990319872431
3.486450105118029
3.421693676592596
3.637100057495208
4.229284279963865
4.546031675220926
4.627907577058254
4.516625984597025
4.257189078449525
3.893696815900852
3.462925659280868
2.991589582814158
2.498518256208053
1.999781701401573
1.514559642363607
1.069918084371551
0.7024130500788734
0.4553809703179758
0.3763102866652676
0.5280308383407509
1.027184000141551
1.265732739647224
1.193031188461046
1.190492655267429
1.171484541827474
1.147429887631316
1.115204096798482
1.075340164816337
1.032051978513855
0.9884696453930917
0.9448582329979418
0.9010776271606414
0.8572106558027143
0.8132746789226262
0.769306264298389
0.7253228590642656
0.6813405823397805
0.6373679940023022
0.5934061842844809
0.5494524213094785
0.5055028873831429
0.4615544327146004
0.417605175445686
0.3736544931644364
0.3297032286744529
0.2857538658580582
0.2418082932316669
0.197844072963649
0.1538100847648147
0.1095553910712773
0.06623810281795219
0.02223306299787093
3.709759421886567
3.678058316278943
3.652675375835714
3.626469817146552
3.60361666086971
3.582300220099239
3.561272418063483
3.538270442699635
3.512033521842914
3.486819150024105
3.468955028749995
3.458127447488863
3.451688103642596
3.468547317182081
3.401529757951891
3.628186354123739
4.242651510895247
4.546379340574976
4.592381547576423
4.439034567959011
4.148563627615194
3.773730674314591
3.349557885349997
2.894805357258649
2.418401729179313
1.926478786110572
1.429244376970474
0.9485059502426714
0.5252882064160248
0.2243881610624314
0.1335565418196111
0.3617668506305075
1.036280688070922
1.35077955569085
1.279934373988244
1.292138246936157
1.27335417341726
1.24256745186319
1.197679609365796
1.139658526093422
1.077908483822306
1.019418342202083
0.9647734809744761
0.9132211640627353
0.8642058300632062
0.8170037181149967
0.7710431601890578
0.7258787082918966
0.6812088915110626
0.636841692157767
0.5926596872054428
0.5485927152633518
0.5045989008866061
0.4606528715505357
0.4167387780345717
0.3728463960537161
0.3289690660028995
0.2851015791974034
0.2412374193716937
0.1973597537122261
0.1534763961534578
0.1095719328361385
0.06617026109901408
0.02262657753608294
3.724545460848498
3.697027674598612
3.672709287155118
3.645048818573181
3.620351059639338
3.596987844858707
3.573595180592337
3.545469310578963
3.508617839058183
3.471775689328853
3.448200741629219
3.433811541734848
3.426324198626227
3.443395993453454
3.37774331595992
3.602908844844516
4.210349364057779
4.47101993236567
4.454127925863767
4.249557445404575
3.940545150552421
3.580421650556415
3.19346328783577
2.786648818660379
2.359661726922178
1.910813191430797
1.441879640968486
0.9658155232867488
0.5200501170854943
0.1823516280064305
0.07464559025815137
0.3354109278774774
1.068242152385663
1.34887099292445
1.266017212063045
1.279103339626602
1.26040836936733
1.229883001651709
1.185301029930393
1.123078772940642
1.058988606504478
1.003513494076117
0.9536494423176113
0.9060947849367995
0.8599734530302952
0.8146404875020055
0.7698214664600053
0.7253193290850101
0.6810195208154364
0.6368524026047787
0.5927743300912506
0.5487576214535452
0.5047839770826833
0.4608409348674316
0.416919810182263
0.3730144560400516
0.3291205517902412
0.2852346417055505
0.2413537164365772
0.1974696889424036
0.1535951948518921
0.1097142341559612
0.06608621240418462
0.02249840663369401
3.778977519773933
3.73233736283799
3.699905614506013
3.666857198045902
3.639511742083684
3.61507592913831
3.591795658121103
3.558978653679316
3.505178311583963
3.448937195986019
3.41871218214402
3.400421570642827
3.392798772312244
3.410699894533839
3.351320158926078
3.564554683221481
4.130575308932284
4.2969827215187
4.184668540479335
3.935677296417617
3.639141815739529
3.328119301366794
3.00742466890931
2.673516430784828
2.321636545704033
1.947472434910983
1.54856897304877
1.128542912087951
0.7085431746238068
0.3504588925551065
0.1820218593426216
0.3819585705289864
1.093681697336048
1.36223440643051
1.284341959624012
1.300652716029985
1.283580590943917
1.251478793905258
1.203080327066892
1.124140199487526
1.046635773429094
0.9906069909803076
0.9448174513365009
0.9004189808798032
0.8564248317822998
0.812405221646322
0.7684114773855
0.7244236788869465
0.6804434273749791
0.6364747931251654
0.5925215923613977
0.5485847690691523
0.5046629759346712
0.460753944380925
0.4168553028567323
0.3729649352793248
0.329081168016753
0.2852023359870778
0.2413267132602274
0.1974472345060797
0.1535774175669156
0.1097015968147443
0.06608061010139356
0.02249513962663246
3.872533981750583
3.764040192611177
3.706991885543855
3.666989969667893
3.641105318752581
3.622539722598938
3.608627740821
3.574675728718414
3.493194019445914
3.404241515971375
3.371727090194997
3.352658448541949
3.348295793781723
3.369897432757925
3.326929173159157
3.548767414365274
4.001402996927259
3.981069021609063
3.762653400557407
3.515292642852805
3.279956848054953
3.049047128947755
2.812139615812264
2.563848607418461
2.300931433914345
2.020764737147678
1.721807282661859
1.403971889187889
1.069421549706884
0.7343124078335055
0.4739186912241667
0.4926766373003598
1.091625713978822
1.371679217326951
1.310831380785591
1.332420335082596
1.320432193475994
1.289860115469986
1.241941575071143
1.131643634918658
1.028449853893462
0.9727013065688851
0.9358215670985484
0.8968840787582448
0.8557208606383467
0.8128909567246683
0.7693019071617273
0.7253512760986009
0.6812478975430849
0.6371067526957974
0.5929866100626562
0.5489105267216622
0.5048820431352915
0.4608962190807044
0.4169455477996651
0.3730226289161536
0.3291212497142172
0.2852357189496137
0.2413587908625933
0.1974728353881764
0.1535849817309711
0.1096771918122328
0.06627374911282101
0.02268126549386501
4.229462591542394
3.921388071673393
3.81725697390983
3.760669107673042
3.718164280445948
3.6878257206504
3.682751290362832
3.661423658385699
3.554293903715256
3.360193580886122
3.316178009699956
3.293752361754919
3.29358199874823
3.321823655055655
3.320974690664473
3.617839321852165
3.745385772529773
3.459349269950756
3.220115425170667
3.062899157624349
2.927406503649761
2.784407169393852
2.630199267017341
2.466375639668047
2.293089495810404
2.109779350643822
1.917458545921195
1.719576180331735
1.516422051224143
1.28938989027411
1.004625974039039
0.7446024941232442
1.015870854489029
1.365696989048298
1.348787889490786
1.378250055155855
1.372391768227732
1.34067330113187
1.283785420290414
1.064859748794317
0.9388426831686151
0.9124676200032623
0.903090328828616
0.8732077327646141
0.8367030754636232
0.797883888453955
0.7578876993686093
0.716920580382288
0.6751753444325148
0.6328397389753031
0.5900652381584758
0.5469650574056035
0.5036241648648266
0.4601069563085428
0.4164619800427014
0.3727254876545509
0.3289249658424297
0.2850822988704042
0.2412138367111869
0.1973087420511298
0.1533272930498932
0.1091299923893407
0.06589469390667173
0.02195739797518119
4.674423680375196
3.700518382817485
3.450435835075929
3.483796816601171
3.530005529145693
3.595961648675275
3.747211993948335
3.81206952507727
3.308103495898786
3.158281004559574
3.192209007440108
3.199829729505786
3.213662071582989
3.246525947966408
3.303063575074217
3.613099672302312
3.126871377072045
2.774029824766699
2.71770828221262
2.702078114543648
2.649308281561146
2.570998149970016
2.482744383890419
2.389957112045661
2.293371832676853
2.192994199129881
2.090005894734054
1.98970680544588
1.904997945252132
1.842756383404738
1.732445765753373
1.369964167208902
1.017863958134339
1.370791753201023
1.416008534096037
1.451953593372893
1.463353659716257
1.466483648995769
1.495140990004925
1.320203136174439
0.802954757045289
0.8222926094111397
0.9145274931578482
0.916907467428862
0.8767909639507274
0.828777879747516
0.7811522847128183
0.7341437678273512
0.6875477661108766
0.6414422714705099
0.5958692607404893
0.5507677864416627
0.5060370861331771
0.461582942263045
0.4173304761332904
0.373224060524276
0.3292298053477049
0.2853387456120522
0.2415288773614329
0.1976011437672957
0.1530706907346832
0.10812430631184
0.06767278564748068
0.02580386968479851
3.15085855656355
2.813879034991619
2.673353148780361
2.753693694197989
2.913444207685349
3.096621847978697
3.229585372323219
3.071873375934191
2.712787062097953
3.015158918624897
3.05948169498227
3.092595143896935
3.103380160988219
3.104214114631758
3.141459832555487
2.941127745458304
2.354693525702985
2.392843445931178
2.51202825377694
2.525845726181716
2.488514325647451
2.44094721069766
2.393033327427349
2.344893342852207
2.296229431269428
2.247241481560371
2.197888132150217
2.148387834649393
2.106574518974812
2.105783498055836
2.192109083201086
2.20525469439798
1.689122603045453
1.519490309492046
1.553047778407711
1.558849527937359
1.570700363665733
1.605369116550625
1.647283843364963
1.997292663674971
1.644275957364757
1.291897287928734
1.194781479311637
1.145368275066969
1.0737147009288
0.98826502951867
0.9029487367469445
0.8234747987219115
0.751036704002253
0.6852518288100283
0.6251823481639179
0.5697247121461141
0.5178307181085983
0.4686150481914509
0.421376988313819
0.3755813771406658
0.3308296423831172
0.2868192849058394
0.2432628130116493
0.199797328506621
0.1561994338918749
0.1134425836561466
0.07502594029837527
0.04678589690632887
2.060335953450722
2.034001512407168
2.03334687337696
2.118953668525916
2.264374715535328
2.398991925723311
2.441757673454444
2.40700874341173
2.70060268705637
3.00912312980343
2.989895470099843
3.015589945807641
3.008106345836338
2.973468429001513
2.916580398024602
2.687108994484572
2.548608330379638
2.525371791387696
2.519506067932794
2.490568804729982
2.454243554822314
2.415734081818376
2.37648403470819
2.336816474816094
2.297050528190493
2.25752251436707
2.218520490814917
2.180288770336932
2.143928254781084
2.113494991433167
2.102372480072779
2.073689189623997
1.946990078722944
1.732919916230758
1.680364490640799
1.651529543691841
1.646687581701444
1.676194204945885
1.657151141399945
2.008597467980899
2.287124165047552
2.039978308540061
1.775594468970517
1.575213551710191
1.40442419052774
1.24501411980277
1.097961378067785
0.9672695815804515
0.8540998930591314
0.7571135069432116
0.6738520115422963
0.6016509055303684
0.5380769080540367
0.4810855390583589
0.4290353666299061
0.3806401180391708
0.3349019467077676
0.2910451970851738
0.2484799263144838
0.2068916192862737
0.1666196628509085
0.1293487724092899
0.09875181638566838
0.08055737722138154
1.341654507723012
1.400042762679487
1.473670353913602
1.562038539528294
1.661498545844284
1.750144469396116
1.844148483558822
2.086709237310998
2.740668243027949
3.00771931194789
2.94498387043765
2.964950259547387
2.952077824618952
2.91958210778849
2.869854916302182
2.751450097106437
2.637942310428762
2.581979185566863
2.547220629169408
2.509970760667019
2.469834121382396
2.427572331018431
2.384285035448475
2.340448520783044
2.296350699086026
2.252229287654368
2.208354456152516
2.16512420992374
2.12338686019925
2.083594433111063
2.045512339437374
1.988885789559462
1.886305204824661
1.779071415700957
1.734369648025985
1.706204225315355
1.695282859744601
1.717534186048503
1.654888733659811
1.939912748548048
2.554542376170827
2.594538683759521
2.366751521244926
2.076807594364168
1.799279229960202
1.549726066128379
1.330376598499533
1.141585745973041
0.9820764067697559
0.8488456329125474
0.737940659135673
0.6452750538226986
0.5671129124456875
0.5002586592049748
0.4420781175807293
0.3904459072510967
0.3436768569999173
0.3004834676173912
0.2600086891263015
0.2219874196683746
0.1870299059279749
0.1568668694464284
0.1342288304234384
0.1218738403090095
0.8789236726635047
0.9399878572530277
1.024548538500957
1.109440048766935
1.193738280242063
1.301510666936871
1.505377868864184
1.9348862997567
2.71848723977786
2.990290161283379
2.910556804164039
2.927473985612046
2.910971603991353
2.8787701234893
2.829635350051435
2.745088268159761
2.66128795336544
2.604820487312867
2.559552107869744
2.515475913962377
2.47170191887483
2.427853043374068
2.384009498848767
2.340129995750635
2.296207804854308
2.252246276145804
2.208248353010119
2.164195637982093
2.120128507721263
2.075612720647438
2.029708068799906
1.973986084517951
1.897906482917227
1.821550733520047
1.77566665807944
1.745541173051313
1.729393368476127
1.74653997837753
1.666641060788554
1.941242433704611
2.675806866062566
2.910497896044125
2.793277677268263
2.503790569440148
2.168845568286779
1.849424521873445
1.566549886694577
1.324307244510507
1.120767402510872
0.9518432310718187
0.8126862658077944
0.6983844865367658
0.6043623283633707
0.5265734502904953
0.4615564745757639
0.4064220255156005
0.358826711706717
0.31697795133489
0.2796987266059549
0.2465421205486901
0.2178697553777313
0.1947350693467704
0.1784316790659347
0.1697976151733204
0.5980425066355526
0.6452544255299666
0.7194454342481176
0.805879742336762
0.9118009495055037
1.077263101352725
1.374121876645947
1.887879875827124
2.695483348602278
2.97226763228849
2.888362099389687
2.904274757334898
2.887974844700873
2.859332958990327
2.81523641995804
2.746164633711102
2.675542163531568
2.619837754511583
2.569947213591837
2.521870792522194
2.475442546508777
2.42998852615418
2.385109766664107
2.340489371396873
2.295935665210271
2.25130588872358
2.206451559569815
2.161172926162013
2.115207949773784
2.067948938400243
2.018600584211926
1.964082053175755
1.901629262025342
1.841609751613056
1.799084077116109
1.770217682841474
1.752339588910289
1.766386382447919
1.681317567996229
1.967627900460596
2.730310169411212
3.043622945396794
3.010691240717604
2.768105287518296
2.436207549527855
2.092134726784261
1.773575718108373
1.49416288987384
1.256082473134525
1.056854932936531
0.8922730606436559
0.7576088510746446
0.6481583917180328
0.5595160828203238
0.4877137276027241
0.4292905626001627
0.3813402067209861
0.3415640030217217
0.3083328347732475
0.2807184332934303
0.2584193546787869
0.2415222230775728
0.2301506923180091
0.2242347800479087
0.4603660170046925
0.4993826023018994
0.5698339518761469
0.671189358298679
0.8177852332488564
1.044445419333184
1.399822993019756
1.934411854776702
2.699378227932636
2.957778337402306
2.877915366539727
2.893317219630073
2.879559822764844
2.856264694284808
2.81939539731736
2.755798719823348
2.689715963119275
2.63634662062966
2.583213606301008
2.530283694360188
2.480261244802751
2.432656321271204
2.386562009868574
2.341201823811283
2.296062818515147
2.250748660117626
2.204859798515522
2.157918395262331
2.109364856310731
2.058514804030092
2.004869032156299
1.947757504261235
1.887775148185787
1.831725826529401
1.78856216316861
1.759106794760865
1.740970963985822
1.754175345604895
1.680692269056201
2.000478470013039
2.715240774129172
3.017503840419552
3.026628016948599
2.84663862760249
2.563412422571028
2.241757980996828
1.923483757218656
1.630983078627094
1.373696900160515
1.153789270203193
0.9697605449467972
0.8183898631166971
0.6957245793470854
0.5976046326680631
0.5199662775537263
0.4590373074620073
0.4114770071316249
0.374481316019506
0.3458455407316829
0.3239556498537822
0.3076834946108015
0.2962091353805634
0.2888682728623602
0.2851417826346242
0.445151223105481
0.4857197341441782
0.5656228239926246
0.6926247254494815
0.8820187317766995
1.156281524573123
1.540130692287394
2.056291881770334
2.727498583812396
2.947077116674215
2.877273733203859
2.891805483642573
2.881170645835895
2.862267360468108
2.82612194732072
2.729162976297268
2.638328752639355
2.60026873877019
2.561855482710922
2.516841242581465
2.472156664785386
2.427858592196531
2.383506133375853
2.339030556539587
2.294549195862517
2.250164022680121
2.205945819562664
2.161959886170142
2.11829159436888
2.075016150055298
2.032277622197961
1.989984641251219
1.94837116290196
1.91040554735908
1.880005999890004
1.857551101922454
1.839609236858015
1.838277768161799
1.762941876331772
2.015978904711504
2.573590439972651
2.82161992405126
2.864122878106336
2.758481282258563
2.550845742092476
2.285079533202874
1.998559824260338
1.718103304910142
1.459927231026732
1.232103096579072
1.037356562000551
0.8752079246568771
0.7433554178439047
0.6385237158390222
0.5569982399970477
0.4949842306045543
0.4488610926994495
0.4153588779888041
0.3916591047575009
0.375416858921549
0.3647187342535693
0.3580229806950642
0.3541419794485336
0.3522848364990529
0.5365682326548096
0.5852052447538979
0.6824234512183526
0.8373137176879569
1.061110868816748
1.364011984258656
1.751653149619056
2.22292628678277
2.769626670797174
2.940087902922585
2.88470285693304
2.900215845151201
2.89853186044633
2.898885971489011
2.893667390432269
2.830879886182989
2.774251998175691
2.716895111051528
2.641202997743108
2.554212338872671
2.486513782037408
2.434127407601628
2.387650128376172
2.342645981348424
2.297743302696261
2.252136111681444
2.204646228109373
2.153400755514482
2.095694529861396
2.028306196909648
1.948673257257776
1.856779691028714
1.758046680519878
1.665327291501587
1.593957264775082
1.551716406236367
1.527576264681025
1.503142176754558
1.489822354225098
1.735205725840812
2.211125724607321
2.459997153338651
2.56344824053061
2.542771795640926
2.420782990856635
2.227129305905799
1.992851067968193
1.744971380615589
1.503665002112089
1.282007814671205
1.087193801786348
0.9221288209525283
0.7868222377235103
0.6794294566636482
0.596995803133499
0.5359899872826835
0.492692042271833
0.4634704793031466
0.4449660380725687
0.4341987296786
0.4286254664207758
0.4261825349631047
0.425333088349216
0.4251052760908313
0.7166106012341977
0.7747231935268906
0.8890226374621183
1.065668797404572
1.309611291722231
1.620751844719845
1.99060188274847
2.399523312843493
2.814299668746303
2.935300217729006
2.895445025401229
2.912512999202213
2.921993193280535
2.947464519836295
2.95584738537514
3.233844663063295
3.423445350814153
3.14693054219355
2.880010754315735
2.68974032399197
2.565443138632428
2.483524020419143
2.423310365033168
2.371826631622732
2.321697320327905
2.267615340715962
2.203911412000506
2.123214020995063
2.01607838420393
1.872272366795335
1.684764331296896
1.456435601221409
1.206502211097368
0.9698998212005545
0.7851668621477369
0.6769178405529629
0.6460895389394726
0.6870861944669759
0.8344436271214183
1.158699170632237
1.636983383542621
1.982488874481518
2.175259475331232
2.240036440669228
2.201017121161806
2.082467777165138
1.909941917213364
1.708130152683104
1.498159051890009
1.296044260876879
1.112506858235508
0.9536580386281922
0.8220025515344892
0.7174231351905253
0.6380150609311122
0.5807535019274779
0.5420143934256313
0.5179727168102992
0.5048986264475506
0.4993718528584014
0.4984361065384177
0.499710327717431
0.5014597971442695
0.5026161044949647
0.9629993242568223
1.027881734179554
1.152875372847728
1.339693944035461
1.586865691169493
1.886259753774277
2.219876368562544
2.556936398584325
2.851610687024506
2.929994597962077
2.902650949632151
2.916832565180295
2.926609528100575
2.951692235698267
2.950845975951271
3.159374134009996
3.390787171879996
3.282394406090707
3.055497951968947
2.845442603475591
2.688757874210849
2.579174487754742
2.499728733652264
2.434680487056953
2.371786759549134
2.300924473115774
2.212158109561988
2.094589469044807
1.936669586096104
1.728624860259148
1.467290234883173
1.162163789531805
0.8390879422695926
0.5370590972073394
0.2973724380601971
0.1510703231845551
0.1145697128170856
0.1980416364049602
0.4126205117803597
0.7459690294829621
1.143845438035951
1.498589690838545
1.74808545163013
1.883357002047943
1.917277743210348
1.868930737081764
1.75946800430573
1.610406146618564
1.441756150554163
1.270340999709501
1.108857259597797
0.9657519339038474
0.8456669603001111
0.7501534862567093
0.6784438282589945
0.6281701596490854
0.5959864894622988
0.578083737273221
0.5706009911146581
0.5699407877006517
0.5729970335133336
0.5773019350974122
0.5810952332515308
0.5833188834236419
1.250288417902351
1.317111170131149
1.443534556160505
1.627053359741592
1.860879720227856
2.131350657178964
2.415526464980155
2.679418911967593
2.877619744426493
2.924385405870738
2.906315037531479
2.916180824440346
2.92236210424353
2.937376713426236
2.928274972978341
3.001858983301775
3.167405418760177
3.205370273213878
3.109907446749945
2.96086865943621
2.817093594389212
2.699558293589172
2.606302799210659
2.526374481292627
2.44683184032042
2.354928517310877
2.238266751438726
2.084889657887416
1.884468393200232
1.631057781377518
1.327034767504104
0.9866713287342076
0.63694024134574
0.3138536877359919
0.05520567129039471
-0.1068044522149689
-0.1498284549958991
-0.06412003771771591
0.1409588367336001
0.4307406390894848
0.7570056060263057
1.07282368257354
1.330842410870821
1.505593387340915
1.593788815386279
1.604903246029767
1.554223668373603
1.459268774086196
1.337612242202098
1.205185873317238
1.075047170944153
0.9567483177479087
0.8562839155226757
0.7764589230088228
0.7174886381185093
0.6776809852295066
0.6541051321585979
0.6431916255401025
0.6412336624357801
0.6447733100065166
0.6508668889172773
0.657233201691782
0.6622971667628771
0.6651483207902169
1.552325371521491
1.615994379848042
1.73466757246311
1.90271244246461
2.109812446802173
2.339524030234942
2.568206403968039
2.764916945637617
2.892800177957025
2.918776021171625
2.907223059805077
2.913434887421267
2.916787784798958
2.924344194136755
2.917662597914704
2.927523709395459
3.009339812158887
3.08406581100959
3.084450738938827
3.018489742803832
2.921862713763858
2.821967499238565
2.728919941236355
2.639892041526219
2.545351107763498
2.433291496973281
2.291556907292775
2.109444009387221
1.879564352806963
1.600257096874834
1.278050632541021
0.9290833600718214
0.5784274557926539
0.2570743539290372
-0.002627300069962921
-0.1720234972036268
-0.2315090388884868
-0.1766049803311329
-0.02243232693867862
0.2000432569324289
0.4563899187007316
0.7169562119694519
0.9510701363414262
1.13385338587024
1.253070665954177
1.308637152531463
1.308598333898584
1.2653430331339
1.1928951303955
1.104969782948433
1.013556929606589
0.9280135262445888
0.8546756603437106
0.7969269179072227
0.7555969890868998
0.7295512746417858
0.7163507245409889
0.7128875029611851
0.7159275262321131
0.7225167161927148
0.7302345906566119
0.737303437745761
0.7425795402117404
0.7454618174821946
1.844780859542745
1.901243974312449
2.005161664475951
2.149156103313412
2.321380375121283
2.505223230220796
2.679529536370572
2.819706824186809
2.899699189126505
2.91328780242379
2.906121125057698
2.909777351161531
2.911494512033012
2.915053046634061
2.91192215400361
2.908961562909596
2.941033530016544
3.001124722132946
3.041406188104989
3.038596904799282
2.997262939920335
2.932429075903727
2.855099376119448
2.767579747625536
2.665008037169114
2.538689067061632
2.379157595850579
2.178647233220556
1.933210717150442
1.644559287568104
1.321313984842982
0.9792028345908266
0.6399554131314211
0.3290329109979977
0.07246725696067445
-0.1071495271993776
-0.1954841935337599
-0.1908706746264469
-0.105250642641702
0.0404845000083647
0.2234154942076075
0.4220688738711542
0.6153651607818081
0.7836606798686471
0.9128723664778372
0.9970074431929128
1.037577205266643
1.041353438780145
1.017944540718625
0.9777735540278056
0.9305481978283401
0.8842157867363585
0.8443950624620923
0.8142488680536736
0.7947189550304161
0.7850128819110163
0.7832172630208563
0.7869130493551426
0.7936912077109541
0.8015077765614117
0.8088628622736755
0.8148249593242272
0.8189430659913574
0.8210946230277418
2.107096986459587
2.154052001286317
2.239503817399774
2.355618679550085
2.490758148455184
2.630072751105622
2.756549516819136
2.852522662080478
2.901254016135879
2.907953907512435
2.903649436589774
2.905709579687924
2.90659508441581
2.908349420797475
2.907021481369137
2.905230146421149
2.91997986242995
2.96403948516208
3.015316501786025
3.049544131410946
3.054378165111736
3.029347593451786
2.978347818640069
2.90342020364609
2.802700852767324
2.671396588369274
2.50395572184944
2.29631158944435
2.047739197006548
1.762126184043121
1.448507997660766
1.12078834796255
0.7967008195980306
0.4961268642405245
0.2387884075026836
0.04130127107938716
-0.08598617070997489
-0.1410974886333274
-0.1300573844944884
-0.06423215194342838
0.04254361293037686
0.1755406904590834
0.319747635343551
0.4603388872609884
0.5845686722042163
0.6840530191918393
0.7557431096618394
0.8012936239846921
0.8255395924008774
0.8348219484512224
0.8355633160446935
0.8332379663847032
0.8317616242004175
0.8332820238578297
0.8383248011109825
0.8462080487516929
0.8555914345076763
0.8650097348349404
0.8732738295623541
0.8796851691632037
0.884069666730621
0.8866741709741088
0.8879816448339801
0.8884976994825812
2.323640549473922
2.360722464230667
2.427519881455765
2.516679850540941
2.61789321437872
2.718993938584965
2.807303817601946
2.87096566227151
2.899796214838737
2.902757650251842
2.900269125499767
2.901387720418619
2.901841301505989
2.902804585623264
2.901906649296864
2.901892217349995
2.915425068709778
2.955809760914249
3.012725463689687
3.068840103832047
3.107683814020615
3.118965930064799
3.098280228476752
3.04401630732724
2.95479262710614
2.828662968116316
2.663744692156235
2.45944646898481
2.217630902711563
1.943341759229371
1.64496909590172
1.333890049691607
1.023689355854012
0.729023354485881
0.4641332982547808
0.2411155062620596
0.06836646067389709
-0.05017951429962605
-0.1147735686701159
-0.1290318395848085
-0.09922342007759015
-0.03372952354031855
0.05755323757313583
0.1638231925346006
0.2744768641835109
0.3806841737546517
0.4766263255943258
0.5597730352262451
0.6302705519274771
0.6898998859268779
0.7410283349812564
0.7857865674151097
0.8255526550891199
0.8607736768741916
0.8911208542180775
0.9158871588664117
0.9344554035652304
0.9466666155476336
0.9529946984470192
0.9545218648876896
0.9527647962068102
0.9494180692414631
0.9460743066977801
0.9439652126478991
2.48409850313164
2.512656670929453
2.563646308375653
2.630656331360171
2.705085754094616
2.777399594923907
2.838420878313136
2.880300627427657
2.896792636132418
2.897674419888576
2.896307011379571
2.896903856263907
2.89713876099311
2.89777265290263
2.89671496761478
2.89762210184559
2.915448444823929
2.961629944005216
3.028015858753572
3.101590361831937
3.166459820412591
3.208269762953234
3.217063453406199
3.187365238474552
3.116765424529565
3.004597230214075
2.851402151796338
2.65905286833379
2.431095294481223
2.172954384301661
1.8918642705582
1.596553033462294
1.296767111669183
1.002690265528958
0.7242902518829821
0.4706795633750325
0.2496431208106514
0.06741179525793717
-0.07145959568812785
-0.1643395215428409
-0.2108912654425444
-0.2133285619300413
-0.1763828881409904
-0.106957181319003
-0.01337535711097122
0.09577733425341424
0.2128300426916764
0.3317184624957401
0.4480511561774315
0.558761515420454
0.6616146723719488
0.7547491610325009
0.8363708863216515
0.9047340927777474
0.9584344787663709
0.996840303813624
1.020415411552076
1.030788523576579
1.030570129320143
1.023004795563788
1.011559409723328
0.999522607575257
0.9896596094744945
0.9839431660686202
2.583296767067862
2.605893319214857
2.646006826042796
2.698185216073943
2.755294528630006
2.809700731979768
2.854377813989323
2.883607249220081
2.893005946813302
2.892674091081645
2.891958495357478
2.892308798630761
2.892462283483314
2.893015984060635
2.891624447607433
2.893201778656893
2.916770909268069
2.973701010152317
3.054406000628634
3.146085553408521
3.233125015325518
3.300151779553276
3.335064611616542
3.330254485562634
3.282149060012812
3.19011720791797
3.055551780515838
2.881363257469353
2.671729189697085
2.431878095545031
2.167807506276873
1.88597056479155
1.593021169570263
1.295689086347124
1.000810216614116
0.7154848165313853
0.447262885616491
0.2041742563583456
-0.005578989140155369
-0.1742994694782099
-0.2956807150239494
-0.3656938172030419
-0.3833260879447402
-0.3510059342473573
-0.2744823608070894
-0.1620144087821655
-0.02312597584041814
0.1325214690012064
0.2958195281960083
0.4585479516047807
0.613484470060259
0.7543325054822936
0.8757035282725083
0.9734532741618793
1.045266662448322
1.091086183710694
1.113105438422869
1.115343877676716
1.102988817275415
1.081694762490453
1.056960474606265
1.033636556954721
1.015572950503177
1.005392424851213
2.62069394658643
2.640464594581009
2.675566932062559
2.721236869003403
2.771224888985726
2.818783863633683
2.857581628996286
2.882300796828255
2.8887306390391
2.887724936478477
2.887308695061197
2.887622229048582
2.88780754414982
2.888458615375458
2.886699803203967
2.888779134603776
2.918474857406613
2.989070931641131
3.087654971860201
3.198383488366112
3.30464252724158
3.391623515583973
3.447892964230138
3.465820134735309
3.441235614306257
3.372769628980879
3.261212761469058
3.109029579953409
2.919964974658258
2.698629526489681
2.450031900117682
2.179145097332234
1.890653768679803
1.589005115204762
1.27879837405679
0.9654222578385073
0.655719694330908
0.3583918510024124
0.08391807741667748
-0.1560536501465103
-0.3497400165457316
-0.4865654211587925
-0.5587509761027352
-0.5629679119943207
-0.5015276409132019
-0.3823708892025359
-0.2176283206522077
-0.02152123011265601
0.1913725838897193
0.407200337614734
0.6134334402845359
0.7989858701992805
0.9546517486692776
1.074149527878689
1.1550503432269
1.19890896481475
1.210577357841972
1.197089342204801
1.166499937128096
1.126895275448862
1.085649252292658
1.048928333671849
1.021409992272301
1.006162082569351
2.599798340463214
2.619799625462758
2.655548078871844
2.702619901443642
2.755041381009014
2.806021131883073
2.848652481564739
2.876496453849404
2.883921010533552
2.88279121082256
2.882347058527417
2.882834961182178
2.883178262480925
2.884119780620326
2.881936255104943
2.883882955373731
2.92060648252815
3.00798338177848
3.125996902033989
3.253601854435009
3.37363927346167
3.473794627506982
3.54541671345986
3.582333153606231
3.580245504230722
3.536522888085406
3.450183018854419
3.321926818237388
3.154085370608807
2.950340690435788
2.715182229730976
2.45322565201963
2.168637095487792
1.864905347760251
1.545114099657066
1.212724765290094
0.8727085023541929
0.5326890076759035
0.2036630432630149
-0.1000415298907138
-0.3616702930550925
-0.5637356831394922
-0.6904552171371009
-0.7308886735771626
-0.6822101158589152
-0.5515680096317076
-0.3548653902301718
-0.1128020284072765
0.1531449051286293
0.4228211279875982
0.6779265807675204
0.9020417664100056
1.08224113707717
1.211249580247628
1.28823619065474
1.317927134624128
1.308847320181238
1.271486203025671
1.21677066473829
1.1549421349925
1.094825171116064
1.043437389627979
1.005865739225054
0.9853164780395772
2.5276862132218
2.550311918895665
2.591159147843917
2.645924289890363
2.708530206612522
2.771558908799934
2.826673781767089
2.865100772283468
2.878188272698161
2.87782690680631
2.876971695244162
2.877908232883603
2.878601353594514
2.88017789075719
2.877326984967197
2.878287148385555
2.925841937702046
3.033607253311043
3.168127900087764
3.304405019919475
3.428371249150016
3.53264803728591
3.612436985967163
3.663447404220046
3.681299157240363
3.661713427818993
3.601116085254476
3.497408503339261
3.350637861671929
3.163260919526315
2.939776806133366
2.68575210050395
2.406554111484414
2.106254974723429
1.787163929282994
1.450344885563309
1.097239327318716
0.7320481017320286
0.3640131556271106
0.008590133593556214
-0.3130849610508757
-0.5763698139566246
-0.756550966182137
-0.8333814568342607
-0.7965774307716295
-0.6507557007774345
-0.416125473287977
-0.1224306110633709
0.1996985173823383
0.522970904309046
0.8219288970414296
1.07382167015456
1.263164348550611
1.38441053998575
1.44098224835814
1.442470355097163
1.401784164224637
1.332899465322507
1.24923830857076
1.162599841187067
1.082578379480788
1.0163900789853
0.9689917610072407
0.9433552580753622
2.414688290256882
2.441193139366907
2.489597303915378
2.555795752236167
2.633606837092408
2.714867222549316
2.789517848576653
2.845797923217593
2.870744565566961
2.872769106656133
2.87098890425723
2.872769162635811
2.874169632699819
2.877141438035859
2.873266008298749
2.875819351255188
2.943215926800082
3.070158778838033
3.208610625951313
3.338065520286247
3.452574579897038
3.550538072850867
3.630477411983574
3.68955216513536
3.723155553879443
3.725256113802744
3.689369292941794
3.609983463150603
3.484137486551249
3.31264489171016
3.100345939358595
2.854991964346432
2.584967441961327
2.296654385993608
1.992487036414229
1.670723237071153
1.327536248653409
0.9610847057094082
0.5761570507754107
0.1874193892294405
-0.1803342284486136
-0.4952346221684665
-0.7235828889168658
-0.8358317477647986
-0.8129588294609412
-0.6536921306823876
-0.3797595218108968
-0.03116470206933334
0.3489007283234697
0.7239666685608469
1.057043867555111
1.318667566242883
1.494945339586515
1.586697722768318
1.60440143351473
1.563550091071694
1.48146000361723
1.375104909673992
1.259638513102105
1.147524974247541
1.048239786988909
0.9684245986357208
0.9123169060213877
0.8822734678048305
2.27418609257563
2.30434123024591
2.360217436575379
2.43842250321531
2.533104656612967
2.635653140998784
2.734559920356173
2.815309363020466
2.860433985524049
2.867520960688263
2.864091116117197
2.86722274583363
2.869911476952195
2.875643209711563
2.871477480780047
2.891653932886357
2.986914397835311
3.11345154041038
3.230915192429466
3.334761596997381
3.426745934120415
3.508409096311297
3.580035846719605
3.639654217298628
3.682482869353073
3.701170695176907
3.686778786425082
3.63049932727434
3.526006035466974
3.371899918671522
3.173169904295418
2.940435136182751
2.686536057333373
2.421701156113234
2.149409428964552
1.86509477117135
1.55868609133888
1.22040195793013
0.8480381530998732
0.4531156668516899
0.06284490373857983
-0.2839371864728976
-0.545507667774909
-0.6862431640165283
-0.6818258723711493
-0.5226190539788389
-0.2215957510807968
0.1781351153001517
0.6175803377291752
1.039748470972677
1.387474592605965
1.630411310473089
1.765184988456362
1.803748714601479
1.764823133117182
1.669548253233681
1.538948064470825
1.392057143119755
1.244654950708837
1.108735610924409
0.9926471198640078
0.9016718244839446
0.838790600778761
0.8054299894106169
2.122330937505878
2.154293296267705
2.21479001841452
2.302148093489008
2.411744256612152
2.535138051259263
2.66003460157115
2.770372959751706
2.845974580200377
2.861920745774451
2.855838388240444
2.860793600182137
2.865400581115835
2.875509887677463
2.876239430554695
2.944260737679653
3.049190538429398
3.131862802186972
3.203896530080705
3.270086777980374
3.330838349438356
3.387963105670905
3.44260956873973
3.493286676172653
3.535414004526128
3.561474555834315
3.561613272206031
3.525079782660196
3.442810538579228
3.310864510165273
3.133450363082895
2.923373361979659
2.697932572570214
2.471511250322892
2.248957226339984
2.023583843814754
1.780255015769564
1.502034894811237
1.178940990887905
0.8168559379555707
0.4425334482825134
0.09973066234047853
-0.1641260361449124
-0.3133174587215891
-0.329225342041266
-0.2002520078537795
0.08675070154695276
0.5166307473366069
1.02349109923529
1.476754422167909
1.801467801406368
1.987387031867545
2.050681225439976
2.014745853165874
1.9051196112075
1.747469047400417
1.565448407476837
1.378837618854008
1.202611281036282
1.047005165152781
0.9182591332873857
0.8196506985844184
0.7525341722927371
0.7172260676997343
1.97737964226163
2.008000881487953
2.067846047741997
2.158227229906008
2.277132243819661
2.417379663172055
2.566818664048798
2.709576779226225
2.82642514011197
2.855719795941556
2.845694756710509
2.852378074921548
2.858113749235396
2.870432057915205
2.878465635047499
2.979681176177039
3.040383118790289
3.058102170383049
3.090161788555728
3.1197945272558
3.14589191172473
3.172874535463853
3.202113350786987
3.232067719831903
3.25911274616029
3.277449880758902
3.27903641284345
3.25430729507606
3.194154278592329
3.093235613656256
2.95374371405351
2.78739202382867
2.612379139872202
2.444170757295412
2.287712147020774
2.136196043585601
1.974512620161796
1.784669031356852
1.552913474487721
1.278700801407938
0.9824734164064536
0.7046408715651501
0.4906304302853923
0.3694723248294594
0.3419228881697919
0.401297814763075
0.5899399917259591
0.9937435561073956
1.584611005729521
2.014368247964636
2.259716806787152
2.351660581739287
2.320184055088031
2.194895334994417
2.006538760486657
1.784492947700039
1.553645398464101
1.33269069080056
1.134088918828269
0.9650756990289038
0.8290554243690864
0.7269636254975936
0.6584218998053211
0.6226350054862975
1.85831306608904
1.884252803481062
1.937134480032804
2.021866504271395
2.140718410068616
2.290047963052591
2.459629738090523
2.6352501299388
2.801991638884373
2.848486160113455
2.832896425693744
2.839810256982669
2.84235162232018
2.846376186641214
2.847239068679519
2.835245441519554
2.805886201740171
2.831882286566378
2.856863393396082
2.85835046289567
2.853684935039487
2.849482430049301
2.845523484025417
2.840470471925183
2.832946248048656
2.821088426649682
2.802291246959974
2.773363551916165
2.731172346323994
2.673759326985806
2.601726865156335
2.518579409220822
2.432197032339678
2.34884415650943
2.270232570069464
2.194250167674862
2.116277521618702
2.03061899638717
1.932622018545487
1.821196567907431
1.702231728826489
1.590879126347138
1.505460480941853
1.455240842530126
1.42677407502247
1.39792854749728
1.383181640337009
1.683440005594857
2.263090737859879
2.566864190593485
2.695810259459838
2.677048765380204
2.538958604702639
2.317672619038145
2.050567648743867
1.769841489484816
1.499250091083884
1.253981217219915
1.042292313627308
0.8675805151421109
0.7301929302161762
0.6288214725001934
0.5615531226796719
0.5266571056929088
1.782670812926661
1.802542291093018
1.843965025564182
1.913560255532329
2.018911169889455
2.164397809058291
2.346296830321459
2.553384025132267
2.77508559245573
2.841168004459808
2.819697210208915
2.827788431662973
2.828733934681197
2.828200893992679
2.821599926536043
2.794070640518038
2.771794903505442
2.768998277139531
2.767811867511175
2.760183423072748
2.749897136878149
2.737432463247799
2.722553486858283
2.704893499102546
2.68408911618142
2.659739395773594
2.631410049990032
2.598659412581523
2.561154263353727
2.518581336008634
2.471418164160642
2.419207915393059
2.365244763807947
2.311153570140198
2.257115391422876
2.203200821459956
2.149643994205232
2.096583811304306
2.044209407623685
1.992430988251665
1.941536099518841
1.89511054083794
1.857878615190638
1.830272015738301
1.80811693076203
1.806099118190838
1.714571328928612
2.02135738162598
2.695919028815336
2.993778943853673
3.043653081387872
2.916724478220759
2.669809028420921
2.35634774321971
2.02145671432751
1.697152501699029
1.402494086241406
1.146749564087429
0.9329548756369581
0.7606195034539499
0.6274611522470348
0.5304806102352854
0.4667057436884572
0.4337891098334861
1.764351393145269
1.78135581529261
1.812491063649709
1.859815813704332
1.934690190819452
2.055550518042641
2.235137357750165
2.469903280922204
2.748568489676202
2.834103761112692
2.807005128187232
2.817732639332336
2.819580726405248
2.82037905611491
2.817810199721866
2.808540039602553
2.799536349989186
2.79722399282584
2.79523083605577
2.790060065226389
2.782733530440307
2.773459808596289
2.762148101943002
2.748392093411489
2.731571543515044
2.710850052306356
2.68519355253219
2.653425418524009
2.614481590973273
2.567314677172862
2.512652525293069
2.4494394445572
2.384613390127502
2.321359367653002
2.259423437587897
2.197928563727253
2.136026686015865
2.072516398304951
2.006458488657899
1.936783500140458
1.864016158808834
1.796253279145291
1.744217112314195
1.708800795461703
1.687057562767443
1.70325474062454
1.614431066325407
2.001974402235877
2.866230679121226
3.228249033633237
3.23526978456798
3.015168065365824
2.6730640446433
2.28790739501758
1.910293291086601
1.566987609319121
1.268960837947536
1.018479424010194
0.8136801826714496
0.6510534119408841
0.5266632347055072
0.436714118764165
0.3778690278146781
0.3475900762114946
1.813482824818468
1.836482654989788
1.866074796453539
1.890424715710241
1.919122436604383
1.986018600609644
2.133629576565766
2.383909969345289
2.723012472207849
2.827047458269678
2.79450109302472
2.808806882797143
2.811916822891036
2.813650683001252
2.811737793230209
2.805598088059883
2.798605454513007
2.79391017328612
2.789021732062948
2.782359984522101
2.774073992643844
2.764058741145552
2.752120444358408
2.73789153312913
2.720848141783771
2.700282892874053
2.675286497889449
2.64472138779607
2.607412354864784
2.561580362611372
2.508044805618444
2.441762646011497
2.375889388754608
2.315057847028708
2.25683223293993
2.199316814978931
2.141962029395176
2.083668480088482
2.023274533048275
1.95693270382709
1.881212175386765
1.808618187231294
1.757314857371143
1.722532668516368
1.700995032808676
1.718096287512256
1.615072133194161
1.962132890330765
2.884983976888585
3.260817093619124
3.216581585106208
2.91944195682245
2.516305608522329
2.101153534912218
1.719710869891188
1.388256328411114
1.109087044275193
0.8789518704127697
0.6928513691068258
0.5457064498483195
0.4330941963595076
0.3514475638652264
0.2979394044931311
0.2704037458690129
1.941751513694521
1.980689374793215
2.018910804556267
2.028159484271327
2.008946575390972
1.994501590117508
2.056819097092426
2.280836815566207
2.687152882306658
2.818763144551715
2.781862493426428
2.80172184060938
2.80730096156921
2.81087269365975
2.81047468784692
2.806734092376281
2.801497426326783
2.796432428858453
2.790713702156423
2.78372285030024
2.775436682497697
2.765718753762382
2.75437703493585
2.741086947293898
2.725369249394255
2.70654014331219
2.683649910204793
2.655359218564183
2.620036542684609
2.574481066459013
2.519896453000805
2.44181935904226
2.368579993619891
2.308495447988991
2.253531488541523
2.199127453350692
2.145290957015511
2.091137927955818
2.03542167653293
1.96792375957828
1.875883560927932
1.783672055120922
1.728492150715903
1.692293052813236
1.672915470693041
1.693809434410309
1.597002186157919
1.930079586493985
2.819670127913505
3.101433878700699
2.95596365163745
2.60217095877925
2.194607604094232
1.807667385961442
1.466978972359303
1.177387806673315
0.9363123053729743
0.7385985082558019
0.5784687567421259
0.4506746816692795
0.3512334487934381
0.2776660718000346
0.2286510889880114
0.2032740230153307
2.176725108363215
2.224634654877712
2.263863231566072
2.271562425544985
2.232200041855621
2.140164994485938
2.055409383945662
2.14731690637822
2.601580767607217
2.804247058970766
2.768852216717787
2.796881465734393
2.805946141752608
2.811208269662879
2.811669459376873
2.808841710650813
2.804104647993913
2.798605334527878
2.792273977781205
2.784965637126374
2.776677983606217
2.767324596313898
2.756764247436341
2.744759576955079
2.73094629227342
2.714777128295005
2.695417992024941
2.671552664334594
2.641248300847456
2.599730963385016
2.549363972209675
2.44904557848567
2.361814144537215
2.302469652504322
2.251297624482202
2.199243281314338
2.148874747557065
2.100676350997781
2.054397282052915
1.985645245711937
1.861306682460808
1.731657882877907
1.67807205965182
1.644304057218888
1.631288605501449
1.658368228724165
1.582409564616988
1.928166595194386
2.672936295255545
2.719996723191892
2.441907357784192
2.088499644848926
1.750677980773595
1.447699368107676
1.182482538822501
0.9554740390989451
0.7649867135345803
0.6071985291605925
0.477294000424227
0.370791026783974
0.2845938608789754
0.2176328901669802
0.1708552982030959
0.146077875506704
2.585863715534772
2.571600285379424
2.565081453730106
2.586458829735795
2.578106717333207
2.469138346135145
2.24431833445405
2.063318357356307
2.429137588834191
2.772837798415419
2.759212852719315
2.796915019023895
2.809795790752806
2.815844634638354
2.816151379723724
2.813082514247849
2.808007487535958
2.801912427327602
2.795054256050381
2.787513201422309
2.779347969619858
2.770542712417441
2.761033536267015
2.750701707731674
2.739339185729065
2.726581768455002
2.711728609937925
2.693422157959021
2.668643384210639
2.629548505441099
2.574875500694651
2.381530517413085
2.280356221475893
2.255027563607747
2.234250730599763
2.198556482147337
2.160924704775014
2.128528033694956
2.118012315178995
2.085233840142158
1.9329502533946
1.674624438286076
1.612085402649793
1.577642942263871
1.572046464075711
1.607885218616376
1.584687197868186
2.010807702351289
2.34823934635109
2.048315126773635
1.727261382663189
1.483525676152574
1.275620126276843
1.081795850995614
0.903480228871907
0.7456123721236676
0.6095523824580162
0.493547102931039
0.3944759532230406
0.3091615258205857
0.235433524490997
0.1732190653388076
0.1254046077951701
0.09794516224398209
3.294295270864994
2.996003096471677
2.879410863474408
2.92872529739206
2.970264777465185
2.918030579242655
2.722049015769405
2.345567217079905
2.344182536304506
2.750947016154033
2.773962084680383
2.810500775031991
2.822415808661587
2.826061831609042
2.824197334072032
2.819453463643121
2.813121271365385
2.806021793549101
2.798481441538412
2.790649633050513
2.782608054554883
2.774412361417555
2.766101545721623
2.757726827990358
2.749374700724756
2.741209754304832
2.73347566608357
2.726733221907196
2.721037883359953
2.719328434269289
2.743453601402389
2.599778810560242
2.270236943131202
2.249779677088254
2.246970417297471
2.193213562968831
2.138043868328312
2.134035508449293
2.23599296928148
2.249472206530225
1.62155053381077
1.415658450329778
1.457825531029485
1.465168696025802
1.479731633985346
1.521662613861342
1.572142836251728
1.996143180314239
1.567783660904887
1.141176804047973
1.023913160957764
0.9639723909757001
0.8767471660892099
0.7727714851020868
0.6691191213096029
0.5727818693658917
0.4852141380701196
0.4059223967631567
0.3336577547759458
0.2668190411477966
0.2040170837819513
0.1455076149325273
0.09480393310693382
0.05845640756744618
4.404342129081021
3.47269339189078
3.241450284919582
3.267445715670011
3.276544057709204
3.248454371195961
3.243696309399674
3.221591414149485
2.951398919419005
2.833366993900559
2.853195106833866
2.854334620463292
2.849685106750683
2.843654413807873
2.836124944426666
2.827865938547632
2.819290134073539
2.810714334506909
2.802270284273086
2.794030961062237
2.78605668618395
2.77841676837671
2.771225934903171
2.764683770735817
2.75914096136376
2.755247147162462
2.754128073498614
2.758356355083371
2.771212933375048
2.808006637176002
2.840614403547516
3.257193932021625
3.158626078641801
2.676089940899955
2.36622436489226
2.156936855648337
1.999479214839365
1.882888440485625
1.716668813499758
1.253057149891563
0.8115074407272714
1.23592752328852
1.292415537309459
1.335828103530286
1.34965748365162
1.353102627389244
1.387268274247335
1.174395588477035
0.5471226202406045
0.5714060816295635
0.683881065333499
0.6869545172816084
0.6382772034922196
0.5799776429091996
0.5221572355645365
0.4651052454702392
0.4085852704481344
0.3527198006922655
0.2975598103507473
0.2428074497232287
0.1877773608283448
0.1326491828888885
0.08330206647078955
0.03212687585251322
3.852420329631767
3.563928324554986
3.466236910013504
3.406451303195263
3.355382524081955
3.309065342487295
3.278772338617627
3.247389481732038
3.155783887346765
2.983238523918585
2.934160974882465
2.900798304008196
2.878984128392311
2.862583779666528
2.848800306279034
2.836599265692843
2.825494340693237
2.815280089299153
2.805838181237154
2.797114774329196
2.789109609403638
2.781870162362931
2.775529948183255
2.770328942063863
2.7666700140214
2.765243369244527
2.767094837885772
2.774509185509853
2.789115077808598
2.827063934974868
2.824481155677165
3.165458391709195
3.418223154326844
3.029609578527606
2.532389028487768
2.088606611804902
1.696717710131094
1.3126831996391
0.8851380833797935
0.5122970593647856
0.8106871716512865
1.229625014494787
1.211640931899662
1.246842971388712
1.239659214255511
1.200805841874147
1.131286931661431
0.8651951851265196
0.71248122634517
0.6808695868588287
0.6697833429650355
0.6336851545297614
0.5894846551447845
0.5424451677119924
0.4939523075735209
0.444260275162156
0.3936086699241362
0.3422322943655476
0.290320726757769
0.2379878367701997
0.185283536455466
0.1321201934043029
0.07998469436804552
0.02693835464810423
3.550944369678994
3.457223756707652
3.405310207929204
3.3571884433619
3.313283160283044
3.267210444537619
3.220841451289699
3.167274639635496
3.091962808180273
3.004474098468037
2.960662378265633
2.924897521103507
2.898215929224159
2.876868935144789
2.859126975958462
2.843964468021197
2.830747064330005
2.819086263874832
2.808729882831493
2.799531562675649
2.791425306704276
2.784429041157092
2.778656852814006
2.774325963184817
2.771782473522536
2.771567092341914
2.774346788347812
2.78153031710469
2.79259590714169
2.819729931097627
2.797045048208302
2.976748183118477
3.27671719655425
3.070962236679542
2.566255133915501
1.957931394250609
1.33877889715882
0.7538144490257807
0.2993505874196637
0.2261689252466605
0.9039667522055169
1.236508167441081
1.166299767734357
1.191705748013811
1.177100932240876
1.139676097264632
1.081146619969187
0.9469663887856747
0.8217348757455515
0.7542454177933363
0.7096524819879377
0.6624995202262084
0.6126008596881898
0.5606572607895299
0.5077827974656007
0.4544657947676806
0.4009640268278871
0.3474190088060567
0.2938996995596354
0.2404178075776274
0.1869929318998154
0.1336024554544372
0.08086817406631547
0.02799069290719
3.475012760776333
3.435212050288647
3.403144737816116
3.359351349948672
3.314935793112767
3.267585672281947
3.218567816975209
3.164783530202971
3.100663779654897
3.032088136888569
2.984121129050725
2.944180911316845
2.912807030999257
2.887371700382344
2.866422729073097
2.848868056857884
2.833941374669197
2.821111561688536
2.810011545013968
2.800408529123463
2.792179704405942
2.785304563809869
2.779862838383136
2.776026246019643
2.774053949753101
2.774309743254189
2.777125511925861
2.783230938295409
2.791173750191896
2.809368127309839
2.787965689581496
2.884680008415264
3.089082499913469
2.9317969941227
2.452580687219148
1.777527968272576
1.042415289214104
0.3874559396122476
-0.0007752747059774698
0.1109493388609555
0.9081570771637049
1.22462887002341
1.134764948956244
1.153564798156963
1.132818427173967
1.093571734744624
1.034532897044041
0.938433477236702
0.8442352966684262
0.7762434965369056
0.7207137987262094
0.666863984112109
0.6134950997971694
0.5600902169033615
0.5067148210331494
0.4533449385696764
0.3999842214238346
0.3466377053138684
0.2933096849947698
0.2399945713841527
0.186715639556017
0.1334577347678974
0.08055614241690781
0.02773024738364394
3.473317918747379
3.433708255504702
3.401481088943861
3.357192203853793
3.311944692944095
3.263463968592269
3.212835476436725
3.159324760453918
3.101688252516832
3.043482839911019
2.996338801902143
2.955879523333021
2.922593467929266
2.895021815949592
2.872143501548878
2.853020106655339
2.836902823129098
2.823216732595384
2.811541559563844
2.801595586830973
2.793217244073742
2.786352586335891
2.781045296278058
2.777419785526192
2.775656133566542
2.775976017945735
2.778489705326333
2.783489043699997
2.789373539254419
2.801598135034966
2.786467387861111
2.85328883715308
2.954772018712167
2.755610153839719
2.279161327645148
1.608321705176195
0.8736223160177891
0.2407959690445891
-0.09385775897311019
0.06923002189851683
0.8787658582485056
1.208125952392345
1.112979424557636
1.127706499210574
1.10498831636179
1.067669136967811
1.013298765943831
0.9375172129946308
0.8595540455058945
0.7921359440189885
0.7315754816477407
0.6738397510278784
0.617856017810643
0.5628382785112421
0.5084501156518414
0.4544502178934708
0.4006985079709108
0.34710877613568
0.2936250002492348
0.2402034366350655
0.1868517219867028
0.1335537185860468
0.0807071712398572
0.02779042499035135
3.54693440003976
3.453958718403989
3.401908788461597
3.352644036270808
3.306624421502963
3.257416693114249
3.20534928509601
3.150876081085508
3.094628213891051
3.039353283318714
2.991255006302618
2.949487015313528
2.91462734392527
2.885833293965765
2.8622024359426
2.842748714912754
2.826597183892988
2.813039359663119
2.801548961066521
2.791775085299593
2.783524765486443
2.776743891747715
2.771499129649533
2.767951076346814
2.766313342041524
2.766808941353877
2.769501312497286
2.77443128968106
2.780081834479815
2.789653905458046
2.782902194774934
2.842241298876868
2.859435328515972
2.600076015158577
2.124710684684194
1.507452516092933
0.8526956988052042
0.2949865442483878
-0.01032082453377382
0.1089450947256177
0.8414087315904747
1.210529411681431
1.13020367420185
1.143798788972815
1.120949711883126
1.083337170498692
1.028620689333316
0.957948694098209
0.8827889723360635
0.8116375520706151
0.7451994587445939
0.6825503813135551
0.6230080221171597
0.5656879842423853
0.5098889008319992
0.4550654020092296
0.4008473710925649
0.3469957499840312
0.2933557373227628
0.239816203695444
0.1863678303136969
0.1330351868309825
0.0807288063622926
0.02786028483097302
3.843165693869983
3.555506302104824
3.456562529806644
3.393583359737928
3.337260700464241
3.281811059937461
3.228660409849384
3.177601587818569
3.128094337345828
3.080802617965601
3.038298850568338
3.000031861263913
2.966273444771464
2.936717463160212
2.911054760814642
2.888914491896482
2.869936729159531
2.8537938574019
2.840202656087393
2.828929385798486
2.8197887935795
2.81263733959422
2.80736231814143
2.803864476703718
2.802035628957269
2.801752079065179
2.802807548829509
2.805004976865348
2.806999173888258
2.810295637861064
2.804417310236076
2.824610743596918
2.759314744896255
2.463939052985259
2.020984176219231
1.497585563997703
0.9701186806860245
0.5286482212547118
0.270929796059397
0.3125081513716582
0.8342509815531755
1.107433290835385
1.024519162910919
1.020454955203104
0.997175731356176
0.9676815005654843
0.9283290941479624
0.8797336736578273
0.827034904582622
0.7740356755441756
0.7210516897666525
0.6679014241542702
0.6146734456776817
0.5613806830608518
0.5080611736086067
0.4547311812372045
0.4014102004536884
0.3481114203450893
0.2948328517054576
0.2415184959236521
0.1880894772915843
0.1344643475799512
0.08280791241551541
0.02875895157976943
4.402877507051667
3.474499819237292
3.243991453902473
3.268557047272437
3.275617700067381
3.235391476138136
3.173863117739766
3.104334668712565
3.031306618625529
2.960022282687325
2.897316138123841
2.846500025230597
2.808319857110467
2.781246359642695
2.762653162634007
2.749807274544651
2.74042425648479
2.732836023622263
2.725959218911644
2.719202576564271
2.71238157345553
2.705660911818805
2.699519271589003
2.694720870100547
2.692287976094837
2.693464180096903
2.699458261535509
2.710429506057078
2.722806647720764
2.730066025227208
2.722816045497209
2.70306204529036
2.604043410988426
2.333048038288064
1.970155240677336
1.571972826106439
1.196350398030119
0.9044037559788675
0.7553643176108674
0.8130260536314902
1.225881444424916
1.4584868093146
1.434704000885702
1.406551443539128
1.37863984639721
1.327032049160794
1.238641483404201
1.12323185687437
1.000072432596665
0.8853866928196067
0.7861223309848447
0.7023354680274214
0.6308109470133229
0.5674845571629175
0.5089908824592986
0.4530989112849896
0.3985478075276365
0.3446938639790794
0.2911239658368239
0.2372114383183206
0.182208954485842
0.1276368046882564
0.08246569582363802
0.03143060257442577
3.315982044200576
3.024443768135556
2.916986589292852
2.97696230789657
3.035915203805557
3.027191070597909
2.95826120779487
2.849831342281355
2.720483619961595
2.589551399926238
2.475635831256096
2.390737806897089
2.338032151724139
2.313664065670944
2.310100783824591
2.319101669415121
2.333517059809265
2.348008801181308
2.359116953488812
2.365057792914704
2.365485649816092
2.361313262994264
2.354593258672294
2.348409018778699
2.346679357295239
2.353685849421301
2.372923176137089
2.404795512398372
2.443609343352988
2.477128980876039
2.491252708260868
2.469660240111443
2.389637973921345
2.209282843088275
1.96580181005545
1.710841509947175
1.494880116733071
1.367900635675466
1.384075722255486
1.602655575508673
2.029311651433026
2.338930468497464
2.489967221798075
2.538925228614916
2.50828419739956
2.382718714832883
2.160634002153762
1.871548900458712
1.5630750576173
1.278892163024706
1.043403484438096
0.8606826239477685
0.7223577832069124
0.6160668430974892
0.5306358314942492
0.4579243940133553
0.3927142212475748
0.3318674994252765
0.2734025189462309
0.2158639451214266
0.1586336175184206
0.1036179243285421
0.05599349674009638
0.02142501053465936
2.618607461581083
2.615796068652486
2.631177525323024
2.688865005860729
2.744250975057196
2.749493451249827
2.691036856949407
2.580360591720663
2.438974466822207
2.290952016382957
2.158158352029229
2.055780978884043
1.989926763326541
1.958539856413867
1.954324463395412
1.967940568294846
1.990402871601924
2.014423932045399
2.034924611799336
2.049065284267135
2.056082075474154
2.057082017631241
2.054829583822819
2.053460091075171
2.057970098810366
2.073257625075856
2.10249939386987
2.144994090059344
2.194437177399392
2.239186477226462
2.265066621244135
2.258054728926566
2.210118977376498
2.118542136490764
2.000756344100219
1.891645299262698
1.831628868182657
1.860898972784247
2.014359277531582
2.301967924582918
2.667936729588445
2.99628607439793
3.221858408891046
3.317840718884336
3.282213859196648
3.115912337563297
2.832729755974465
2.46793512957459
2.071399515959637
1.691266394815043
1.360021677157206
1.090222288683906
0.8789350473307165
0.7153227379268596
0.5868756638869194
0.482807049113104
0.3950964137465475
0.3182396113337835
0.248609452315786
0.1840613747862694
0.1241397422510711
0.07069325975638061
0.02820695649441885
0.003635701977157339
2.207039531729932
2.272138802945183
2.346281483041787
2.411444982606425
2.456156075652374
2.461038279764158
2.41359956452532
2.317369119322055
2.188469579788918
2.048275214656234
1.917227860607507
1.810635385596949
1.736480814932449
1.695469209845728
1.682808808959717
1.690706683008992
1.710666574496063
1.735119506730439
1.758334835797263
1.776785703832636
1.78918548718772
1.796346766041738
1.800911844335497
1.806905575245755
1.818994744273892
1.841349108431364
1.876162767277773
1.922234498441382
1.974318705799604
2.023853987203766
2.061294778204462
2.080020301713853
2.080838720251211
2.072630115382725
2.069284956725649
2.092562047181401
2.168588261018219
2.320462035366427
2.557706668428612
2.863303040648729
3.19237875249841
3.497559109412787
3.724849106846862
3.82942763788088
3.791359180325647
3.612813120252309
3.313495433617731
2.928136386043243
2.500785483780481
2.075032451216812
1.684513865911467
1.348040918825022
1.07042218142461
0.8468837423704882
0.6681189884143612
0.5240651941052884
0.4059308851056805
0.3068870711734724
0.2221021137837088
0.1486713079860597
0.08565689356670476
0.03410528636077174
-0.00326130688857195
-0.023317368627311
1.954340286620711
2.013375482751727
2.09036353636101
2.15467737413467
2.192383520585765
2.19499584911946
2.156757594789156
2.07913681429358
1.972235508649445
1.85159078686014
1.733586002976846
1.63176481888426
1.554687987965726
1.505353445128124
1.481934752714934
1.479330515805695
1.490931085926921
1.510148170340784
1.531494430537996
1.551203802384882
1.567483615861438
1.580494012558762
1.592100343844465
1.605387867183481
1.623911310349685
1.650716283714242
1.687323439888036
1.733031994350314
1.784928132794381
1.838838963549831
1.891311371819518
1.942329184123485
1.997220752354659
2.065994686651316
2.160092369585629
2.291889890647863
2.472914737547632
2.708549918898909
2.991486642717784
3.299604513614962
3.603201740169058
3.872512470661433
4.069909848382665
4.158228371835166
4.115160215539222
3.939479788438539
3.648174419983278
3.270836875410349
2.843763916158027
2.403691657477793
1.981866700749367
1.599995162084512
1.269141830178796
0.9913336989586076
0.7625896767963064
0.5759923482233757
0.4239843228685992
0.2997344535472095
0.1978119788951011
0.1144642565288981
0.04764331047625314
-0.003234945865694279
-0.03787573779389233
-0.05599943654661418
1.788441817978648
1.82772194743713
1.88469730696741
1.936176546999177
1.966524364388029
1.968229523850726
1.938434658409908
1.878396253751643
1.794170562632238
1.695796051003171
1.594986193282697
1.502591049824874
1.426712363858493
1.371763658859202
1.338452834690801
1.324482989829783
1.325654941434232
1.337044765508631
1.354014641927662
1.372935837072549
1.391599054088405
1.409334321995165
1.426870288016542
1.445961416870073
1.46883392130943
1.497561979074892
1.533560873840452
1.577411982215142
1.62917245312749
1.689195645331208
1.759305479397884
1.843832472760879
1.949682220722023
2.085043721843143
2.257169359478111
2.470467590521008
2.724769808207401
3.013092480084084
3.320433522584219
3.625993360479125
3.90747682268041
4.141838007710078
4.303393600052108
4.367050864947027
4.315943616884712
4.147391874966636
3.873141607469803
3.515629817436746
3.103263483483125
2.66600863042168
2.231498660886687
1.821942248642224
1.452353340795395
1.13039923762084
0.8576065889422095
0.6312626373421598
0.4463441075603136
0.2970716541226944
0.1779707332953336
0.08447096035413146
0.01310722653065135
-0.03860641086246591
-0.07249209695803041
-0.08992780319035101
1.676206620076496
1.69877167830476
1.733777128363729
1.768051873980714
1.789412753194235
1.790380434529273
1.76795142446707
1.722500773455193
1.657403314947353
1.578720642701778
1.494269237381943
1.412211579510006
1.339661511758032
1.28167035157227
1.240752212298838
1.216951955579538
1.208345118814746
1.211787490411921
1.223717862379489
1.240854563195044
1.260687823820426
1.281730116911837
1.303534813329054
1.32653344721996
1.351779484262288
1.380716437936046
1.415089996675122
1.457078216932108
1.509625407303478
1.576854931992214
1.664313711199713
1.778720678082304
1.92701354264599
2.114820027877831
2.344689549293241
2.614403651916793
2.915972427308618
3.235702831360984
3.555712022220148
3.856546355049334
4.119119571842701
4.324867939083866
4.456015240852038
4.496942594077096
4.437229365761702
4.274902055032533
4.017613734350825
3.681283255193238
3.287388515356904
2.860050134875229
2.423308186033576
1.998691710863642
1.60331070025898
1.248795645875209
0.9412385898878373
0.6819824674034213
0.4688945941617522
0.2977372243871209
0.1633529512004815
0.06051921167411271
-0.01555351517836205
-0.06900113327244897
-0.1031957152859642
-0.1205621415274221
1.603999427631736
1.615675740605309
1.634620680243761
1.654445230277416
1.667458035152784
1.667271851997954
1.650185048887561
1.615230380245116
1.563840698033429
1.499547393314946
1.427543048534117
1.353953603342815
1.284907987999894
1.225622921638731
1.179711682625417
1.148850687953315
1.132837808826839
1.129977491435323
1.137658127341791
1.152965465943463
1.173201232675606
1.196232791768173
1.220667467705634
1.245905817600334
1.272165596457877
1.30056809817655
1.333333490534933
1.374050359028655
1.427892969582091
1.501591007229341
1.602948619853738
1.739809906570477
1.918575103261123
2.142549559271971
2.410449104250727
2.715393738824256
3.044897983915484
3.382147553712514
3.708216027718064
4.004261866376098
4.252845446181597
4.438541982787589
4.548527549484595
4.573115092835829
4.506560396676271
4.348230038384834
4.103515453803483
3.783815461000453
3.405527645429963
2.988410460612601
2.553647118715022
2.121814478365472
1.710974896784222
1.335186850048145
1.003704907374604
0.7209698923346959
0.4872701422068723
0.2998023563904001
0.1538295779989236
0.04370769427311482
-0.03632171509162344
-0.09155323591808115
-0.1263721309220049
-0.1438871625638678
1.566867500720129
1.573008559481523
1.583495201787884
1.595150636062148
1.603057117002802
1.601908633679212
1.587658857194986
1.558398908399067
1.514418777276575
1.457949837586301
1.392843742745884
1.324120768083537
1.25730296526002
1.197603828353784
1.149162177625747
1.114512129082756
1.094402444355205
1.087968735761797
1.09316569016217
1.107314416498815
1.127623799783444
1.15159549471906
1.177296335311375
1.203549666141431
1.230130908984298
1.258035318679844
1.289818109423772
1.329910589694759
1.384729170004595
1.462364407794197
1.571706875779355
1.721036446866718
1.916294955252541
2.159379149461189
2.446831692815233
2.769330743759852
3.112313379291051
3.457715110565228
3.786223160362995
4.079222905274831
4.320103273571732
4.495132525874059
4.593994211368789
4.609904280615557
4.539523524838979
4.383129982646615
4.145168499362878
3.834736287803208
3.465480694296355
3.05473515369997
2.622043776917768
2.187337044592971
1.769035467366001
1.382379814438914
1.038283167269581
0.7429008744686166
0.4979262345217272
0.3014304428407054
0.1489674490048251
0.03468866695929292
-0.04768166946331672
-0.1040491467235585
-0.1393159630489124
-0.1569112614167342
)
;

boundaryField
{
    inletLower
    {
        type            zeroGradient;
    }
    inletUpper
    {
        type            zeroGradient;
    }
    outletLower
    {
        type            fixedValue;
        value           uniform 0;
    }
    outletUpper
    {
        type            fixedValue;
        value           uniform 0;
    }
    sideWalls
    {
        type            zeroGradient;
    }
    topBottomWalls
    {
        type            zeroGradient;
    }
    frontAndBack
    {
        type            symmetry;
    }
}


// ************************************************************************* //
